2520.066667	-18.537964	-12.127362
2520.133333	-18.537964	-12.127362
2520.200000	-18.537964	-12.127362
2520.266667	-18.537964	-12.127362
2520.333333	-18.537964	-12.127362
2520.400000	-6.773487	-12.538589
2520.466667	-6.773487	-12.538589
2520.533333	-5.947593	-9.371973
2520.600000	-5.926116	-9.356736
2520.666667	-5.936097	-9.327973
2520.733333	-6.074205	-9.282693
2520.800000	-5.920651	-9.339670
2520.866667	-4.614650	-9.542413
2520.933333	-0.967696	-11.110445
2521.000000	-0.574454	-10.965175
2521.066667	-0.257084	-11.535824
2521.133333	0.021222	-11.245722
2521.200000	0.142035	-11.344247
2521.266667	0.069348	-11.398126
2521.333333	0.243575	-11.515689
2521.400000	0.624810	-11.857392
2521.466667	1.239025	-11.366897
2521.533333	1.971976	-12.021986
2521.600000	2.791670	-11.689122
2521.666667	3.431245	-12.279792
2521.733333	4.195943	-12.276463
2521.800000	4.845741	-12.688964
2521.866667	5.586457	-12.831110
2521.933333	6.346121	-12.998840
2522.000000	6.934166	-13.345188
2522.066667	7.641238	-13.360138
2522.133333	8.314849	-14.061809
2522.200000	8.995022	-13.729706
2522.266667	9.636369	-14.246346
2522.333333	10.285661	-13.959824
2522.400000	10.873009	-14.235803
2522.466667	11.545884	-14.062831
2522.533333	12.186426	-14.023100
2522.600000	12.836636	-14.144247
2522.666667	13.537783	-13.712248
2522.733333	14.044496	-13.816504
2522.800000	14.748764	-13.168386
2522.866667	15.313884	-13.340587
2522.933333	16.069773	-12.873335
2523.000000	16.670027	-12.913425
2523.066667	17.359766	-12.420394
2523.133333	18.665791	-12.328028
2523.200000	18.665791	-12.328028
2523.266667	19.257406	-12.027665
2523.333333	19.927980	-12.081113
2523.400000	20.544098	-11.851473
2523.466667	21.236828	-12.279170
2523.533333	22.641674	-12.312305
2523.600000	22.641674	-12.312305
2523.666667	23.304424	-12.218049
2523.733333	24.036192	-12.615782
2523.800000	24.755356	-12.763988
2523.866667	25.464487	-12.953543
2523.933333	26.944040	-13.470276
2524.000000	26.944040	-13.470276
2524.066667	27.609568	-14.192859
2524.133333	28.342266	-14.021573
2524.200000	29.001558	-14.619483
2524.266667	29.672041	-14.579581
2524.333333	30.970976	-14.846667
2524.400000	30.970976	-14.846667
2524.466667	31.648745	-14.986205
2524.533333	32.326736	-15.123363
2524.600000	32.963333	-14.813919
2524.666667	33.568851	-15.124203
2524.733333	34.615700	-14.891514
2524.800000	35.240498	-14.184934
2524.866667	35.240498	-14.184934
2524.933333	35.817513	-14.257085
2525.000000	36.396702	-13.882037
2525.066667	37.019787	-13.673132
2525.133333	38.212379	-13.260465
2525.200000	38.759480	-13.198962
2525.266667	38.759480	-13.198962
2525.333333	39.400082	-12.779692
2525.400000	40.027763	-12.999117
2525.466667	40.746479	-12.470275
2525.533333	42.069233	-12.441437
2525.600000	42.820644	-12.571198
2525.666667	42.820644	-12.571198
2525.733333	43.495262	-12.723165
2525.800000	44.174263	-12.801754
2525.866667	44.879009	-13.208390
2525.933333	46.414436	-13.527110
2526.000000	47.192009	-13.501187
2526.066667	47.864601	-14.156889
2526.133333	47.864601	-14.156889
2526.200000	48.572575	-14.065850
2526.266667	49.243519	-14.434510
2526.333333	50.549843	-14.717782
2526.400000	51.161221	-15.012270
2526.466667	51.842140	-14.782167
2526.533333	51.842140	-14.782167
2526.600000	52.339172	-15.067719
2526.666667	53.074642	-14.732646
2526.733333	54.265194	-14.597593
2526.800000	54.902760	-14.685890
2526.866667	55.453045	-14.340495
2526.933333	55.453045	-14.340495
2527.000000	56.137524	-14.151462
2527.066667	56.630821	-14.071012
2527.133333	57.826797	-13.796726
2527.200000	58.499931	-13.250964
2527.266667	59.009182	-13.356991
2527.333333	59.549202	-12.865628
2527.400000	59.549202	-12.865628
2527.466667	60.143650	-13.023505
2527.533333	61.478840	-12.963203
2527.600000	62.067844	-12.916287
2527.666667	62.691868	-12.775925
2527.733333	63.385624	-13.108068
2527.800000	63.385624	-13.108068
2527.866667	64.000961	-12.963183
2527.933333	65.429817	-13.437429
2528.000000	66.179794	-14.036530
2528.066667	66.896896	-14.059545
2528.133333	67.569504	-14.380981
2528.200000	67.569504	-14.380981
2528.266667	68.234047	-14.506107
2528.333333	69.591293	-15.079127
2528.400000	70.394516	-15.003407
2528.466667	71.047089	-15.441390
2528.533333	71.702347	-15.284906
2528.600000	71.702347	-15.284906
2528.666667	72.424454	-15.656803
2528.733333	73.650223	-15.575700
2528.800000	74.318054	-15.508847
2528.866667	74.945671	-15.303910
2528.933333	75.555534	-15.234986
2529.000000	76.062675	-14.779797
2529.066667	76.062675	-14.779797
2529.133333	77.095505	-14.449188
2529.200000	77.621094	-14.567348
2529.266667	78.213806	-14.047042
2529.333333	78.747696	-14.038629
2529.400000	79.246651	-13.713673
2529.466667	79.246651	-13.713673
2529.533333	80.516167	-13.621027
2529.600000	81.117233	-13.391127
2529.666667	81.775948	-13.606140
2529.733333	82.425468	-13.319080
2529.800000	83.069473	-13.778879
2529.866667	83.069473	-13.778879
2529.933333	84.340324	-14.144849
2530.000000	85.078674	-14.249216
2530.066667	85.731895	-14.519266
2530.133333	86.389946	-14.716331
2530.200000	87.201805	-14.954979
2530.266667	87.803139	-15.298908
2530.333333	88.583328	-15.297767
2530.400000	89.270988	-15.832479
2530.466667	89.954323	-15.699424
2530.533333	90.599510	-16.139652
2530.600000	91.250786	-16.060371
2530.666667	91.931335	-16.171465
2530.733333	92.633163	-16.209610
2530.800000	93.323921	-16.205851
2530.866667	93.940895	-16.249212
2530.933333	94.516891	-16.014820
2531.000000	94.990005	-16.059496
2531.066667	95.641319	-15.589880
2531.133333	96.301422	-15.708987
2531.200000	96.947823	-15.263525
2531.266667	97.518410	-15.232780
2531.333333	98.200905	-15.030492
2531.400000	98.660965	-14.885068
2531.466667	99.215004	-14.768889
2531.533333	99.781998	-14.503759
2531.600000	100.360046	-14.484300
2531.666667	101.043320	-14.226512
2531.733333	101.543587	-14.524661
2531.800000	102.188438	-14.264778
2531.866667	102.868225	-14.601272
2531.933333	103.437241	-14.512720
2532.000000	103.999565	-14.707727
2532.066667	104.625717	-14.803513
2532.133333	105.321030	-14.927629
2532.200000	105.962135	-15.232413
2532.266667	106.610352	-15.293375
2532.333333	107.288773	-15.815947
2532.400000	108.016457	-15.673222
2532.466667	108.648239	-16.302111
2532.533333	109.410782	-16.358473
2532.600000	110.060997	-16.603434
2532.666667	110.809998	-16.643631
2532.733333	111.671669	-16.699366
2532.800000	112.326683	-16.997883
2532.866667	112.945984	-16.804218
2532.933333	113.590141	-16.881365
2533.000000	114.258850	-16.553333
2533.066667	114.933846	-16.777102
2533.133333	115.568939	-16.338011
2533.200000	116.125038	-16.318890
2533.266667	116.732887	-16.054192
2533.333333	117.246948	-15.904163
2533.400000	117.777657	-15.705435
2533.466667	118.341888	-15.342038
2533.533333	118.939003	-15.459156
2533.600000	119.488274	-14.975213
2533.666667	119.989944	-15.200212
2533.733333	120.538826	-14.758869
2533.800000	121.094887	-14.914570
2533.866667	121.616043	-14.707354
2533.933333	122.271637	-14.820142
2534.000000	122.917130	-15.002308
2534.066667	123.654945	-15.023810
2534.133333	124.254074	-15.294926
2534.200000	124.859421	-15.288544
2534.266667	125.479576	-15.745152
2534.333333	126.153900	-15.752813
2534.400000	126.779556	-16.236622
2534.466667	127.476753	-16.292074
2534.533333	128.170456	-16.703726
2534.600000	128.912796	-16.814062
2534.666667	129.524017	-16.912306
2534.733333	130.206787	-17.310444
2534.800000	130.870865	-17.199610
2534.866667	131.438980	-17.561150
2534.933333	132.087311	-17.256411
2535.000000	132.707733	-17.453081
2535.066667	133.340088	-17.285334
2535.133333	134.009964	-17.338455
2535.200000	134.507736	-17.170658
2535.266667	135.232239	-16.985956
2535.333333	135.699997	-16.830673
2535.400000	136.305420	-16.501303
2535.466667	136.925018	-16.564535
2535.533333	137.553131	-16.110184
2535.600000	138.180328	-16.193159
2535.666667	138.657028	-15.885477
2535.733333	139.207748	-15.889609
2535.800000	139.770691	-15.705386
2535.866667	140.479019	-15.736620
2535.933333	141.029541	-15.741741
2536.000000	141.685730	-15.530112
2536.066667	142.175217	-15.849874
2536.133333	142.766449	-15.826303
2536.200000	143.358597	-16.254482
2536.266667	144.013702	-16.142914
2536.333333	144.533081	-16.640591
2536.400000	145.151245	-16.724657
2536.466667	145.707016	-17.051315
2536.533333	146.348770	-17.358912
2536.600000	146.994339	-17.450342
2536.666667	147.689911	-17.810965
2536.733333	148.346695	-17.770245
2536.800000	148.889267	-18.226595
2536.866667	149.582428	-18.126949
2536.933333	150.158707	-18.453886
2537.000000	150.835358	-18.348223
2537.066667	151.382370	-18.512928
2537.133333	152.086090	-18.502329
2537.200000	152.675583	-18.385859
2537.266667	153.273880	-18.431322
2537.333333	153.912064	-18.195482
2537.400000	154.430939	-18.286379
2537.466667	155.071625	-17.908403
2537.533333	155.697372	-18.031630
2537.600000	156.284317	-17.550625
2537.666667	156.856506	-17.559658
2537.733333	157.333481	-17.200912
2537.800000	157.916122	-17.097382
2537.866667	158.482758	-17.129280
2537.933333	159.107162	-16.967100
2538.000000	159.539307	-17.141848
2538.066667	160.197311	-16.976307
2538.133333	160.808823	-17.339018
2538.200000	161.382568	-17.111769
2538.266667	161.950882	-17.596518
2538.333333	162.571289	-17.620733
2538.400000	163.088074	-17.957756
2538.466667	163.765106	-18.245039
2538.533333	164.326035	-18.383154
2538.600000	164.970078	-18.801626
2538.666667	165.655258	-18.735149
2538.733333	166.287552	-19.385630
2538.800000	166.885300	-19.308300
2538.866667	167.561935	-19.877193
2538.933333	168.101044	-19.686825
2539.000000	168.686966	-19.939190
2539.066667	169.237122	-20.042332
2539.133333	169.859390	-20.058867
2539.200000	170.367798	-20.120825
2539.266667	170.938095	-19.880260
2539.333333	171.410980	-19.922943
2539.400000	172.081467	-19.467896
2539.466667	172.779282	-19.694601
2539.533333	173.242264	-19.339426
2539.600000	173.763306	-19.292305
2539.666667	174.394714	-19.086784
2539.733333	174.929688	-18.808056
2539.800000	175.598969	-18.786633
2539.866667	176.288879	-18.547523
2539.933333	176.768509	-18.696478
2540.000000	177.374985	-18.294111
2540.066667	177.941467	-18.446686
2540.133333	178.586487	-18.249464
2540.200000	179.229675	-18.590073
2540.266667	179.910950	-18.489645
2540.333333	180.487930	-18.569298
2540.400000	181.078171	-18.867542
2540.466667	181.639969	-18.971193
2540.533333	182.191223	-19.373268
2540.600000	182.916428	-19.590267
2540.666667	183.439987	-20.043289
2540.733333	184.019043	-20.133259
2540.800000	184.694931	-20.791027
2540.866667	185.156479	-20.809690
2540.933333	185.729996	-21.197977
2541.000000	186.337845	-21.366859
2541.066667	186.941422	-21.533554
2541.133333	187.517929	-21.779257
2541.200000	188.193665	-21.689877
2541.266667	188.666519	-21.913729
2541.333333	189.261475	-21.582268
2541.400000	189.747681	-21.748453
2541.466667	190.355408	-21.478374
2541.533333	190.953125	-21.417377
2541.600000	191.492096	-21.229166
2541.666667	192.110596	-21.020075
2541.733333	192.689758	-21.000345
2541.800000	193.211288	-20.607311
2541.866667	193.745087	-20.708805
2541.933333	194.345215	-20.341883
2542.000000	194.769958	-20.526121
2542.066667	194.769958	-20.526121
2542.133333	194.769958	-20.526121
2542.200000	194.769958	-20.526121
2542.266667	194.769958	-20.526121
2542.333333	194.769958	-20.526121
2542.400000	194.769958	-20.526121
2542.466667	199.001007	-20.891085
2542.533333	199.601715	-20.732872
2542.600000	200.186096	-21.285879
2542.666667	200.922653	-21.303802
2542.733333	201.475952	-21.689713
2542.800000	202.113785	-21.871952
2542.866667	202.728317	-22.270300
2542.933333	203.418991	-22.661026
2543.000000	204.009750	-22.709295
2543.066667	204.571381	-23.115477
2543.133333	205.146606	-23.144796
2543.200000	205.741837	-23.491215
2543.266667	206.339081	-23.386652
2543.333333	206.758118	-23.538677
2543.400000	207.263824	-23.351299
2543.466667	207.768280	-23.438454
2543.533333	208.358109	-23.333221
2543.600000	208.793274	-23.096045
2543.666667	209.176025	-23.139946
2543.733333	209.610825	-23.054245
2543.800000	210.032532	-22.992180
2543.866667	210.650803	-22.599607
2543.933333	211.189423	-22.578192
2544.000000	211.795639	-22.179428
2544.066667	212.404907	-22.220045
2544.133333	212.969391	-22.061750
2544.200000	213.527206	-21.991573
2544.266667	214.099991	-22.003729
2544.333333	214.826080	-21.998938
2544.400000	215.438431	-22.241659
2544.466667	216.049423	-22.239754
2544.533333	216.575867	-22.529329
2544.600000	217.266251	-22.520290
2544.666667	217.897659	-22.943649
2544.733333	218.510605	-23.062960
2544.800000	219.144379	-23.370842
2544.866667	219.655838	-23.673763
2544.933333	220.369003	-23.922121
2545.000000	220.916779	-24.331621
2545.066667	221.547165	-24.474405
2545.133333	222.095245	-24.903366
2545.200000	222.700500	-24.891333
2545.266667	223.239700	-25.185560
2545.333333	223.745880	-25.213020
2545.400000	224.230240	-25.363626
2545.466667	224.759872	-25.536486
2545.533333	225.307709	-25.347919
2545.600000	225.878448	-25.390034
2545.666667	226.391388	-25.098314
2545.733333	226.819122	-25.174616
2545.800000	227.410278	-24.758867
2545.866667	227.898392	-24.730436
2545.933333	228.381516	-24.327785
2546.000000	228.825821	-23.977568
2546.066667	229.363739	-23.735014
2546.133333	229.971176	-23.562260
2546.200000	230.342300	-23.401592
2546.266667	230.900711	-23.427074
2546.333333	231.380051	-23.460978
2546.400000	232.044022	-23.407595
2546.466667	232.500946	-23.636152
2546.533333	233.087921	-23.435585
2546.600000	233.720505	-23.986958
2546.666667	234.343750	-24.054640
2546.733333	235.029312	-24.424711
2546.800000	235.665466	-24.741098
2546.866667	236.359222	-24.870083
2546.933333	236.991928	-25.418768
2547.000000	237.550720	-25.481112
2547.066667	238.101501	-25.970119
2547.133333	238.798355	-26.043686
2547.200000	239.357315	-26.507326
2547.266667	240.022247	-26.673912
2547.333333	240.622467	-26.875631
2547.400000	241.701645	-27.037615
2547.466667	241.701645	-27.037615
2547.533333	242.279083	-27.155249
2547.600000	242.776352	-27.060736
2547.666667	243.183426	-27.238100
2547.733333	243.766235	-27.026537
2547.800000	244.146378	-27.023630
2547.866667	244.644485	-26.720249
2547.933333	245.055740	-26.661816
2548.000000	245.579681	-26.395771
2548.066667	246.050323	-26.164890
2548.133333	246.468719	-26.165562
2548.200000	246.981064	-25.877533
2548.266667	247.414352	-25.794151
2548.333333	247.913055	-25.502722
2548.400000	248.495865	-25.726053
2548.466667	249.099701	-25.536350
2548.533333	249.757828	-25.673050
2548.600000	250.274460	-25.731590
2548.666667	250.845490	-25.765310
2548.733333	251.427521	-25.964231
2548.800000	252.180908	-26.164162
2548.866667	252.751709	-26.559105
2548.933333	253.449036	-26.735958
2549.000000	254.025024	-27.247288
2549.066667	254.653305	-27.290192
2549.133333	255.345490	-27.897671
2549.200000	255.880814	-28.031776
2549.266667	256.461151	-28.326769
2549.333333	257.117188	-28.621094
2549.400000	257.780396	-28.772675
2549.466667	258.250732	-29.007942
2549.533333	258.792603	-28.978367
2549.600000	259.296814	-29.269018
2549.666667	259.919312	-29.085003
2549.733333	260.396881	-29.295481
2549.800000	260.909454	-29.018978
2549.866667	261.352844	-29.009598
2549.933333	261.968933	-28.874382
2550.000000	262.354156	-28.637976
2550.066667	262.801453	-28.582834
2550.133333	263.407257	-28.291208
2550.200000	263.880096	-28.354239
2550.266667	264.234314	-27.887487
2550.333333	264.719452	-27.909185
2550.400000	265.183838	-27.687483
2550.466667	265.791504	-27.742821
2550.533333	266.319214	-27.764162
2550.600000	266.717529	-27.738239
2550.666667	267.278198	-27.746546
2550.733333	267.736450	-27.729280
2550.800000	268.446289	-28.129930
2550.866667	269.005096	-28.205156
2550.933333	269.551605	-28.525131
2551.000000	270.303070	-28.616379
2551.066667	270.818268	-29.099535
2551.133333	271.466705	-29.336737
2551.200000	272.122650	-29.661068
2551.266667	272.910675	-30.031940
2551.333333	273.625305	-30.196249
2551.400000	274.235046	-30.634890
2551.466667	274.867950	-30.743311
2551.533333	275.501251	-31.121424
2551.600000	276.138184	-31.183321
2551.666667	276.641327	-31.416237
2551.733333	277.244965	-31.264366
2551.800000	277.812378	-31.400667
2551.866667	278.373016	-31.423878
2551.933333	278.812958	-31.323376
2552.000000	279.297394	-31.428082
2552.066667	279.787262	-31.018961
2552.133333	280.194794	-30.922644
2552.200000	280.623962	-30.607040
2552.266667	281.203918	-30.604864
2552.333333	281.586548	-30.244085
2552.400000	282.054138	-30.228497
2552.466667	282.505096	-30.022694
2552.533333	282.961395	-29.865480
2552.600000	283.471008	-29.966990
2552.666667	283.920074	-29.743189
2552.733333	284.524902	-29.950254
2552.800000	285.045929	-29.841415
2552.866667	285.633728	-30.251669
2552.933333	286.271545	-30.194374
2553.000000	286.941376	-30.669519
2553.066667	287.588684	-30.773094
2553.133333	288.126801	-31.103550
2553.200000	288.855438	-31.465141
2553.266667	289.338867	-31.564459
2553.333333	290.023956	-31.845934
2553.400000	290.704620	-32.075886
2553.466667	291.393890	-32.423706
2553.533333	291.956665	-32.590195
2553.600000	292.566223	-32.952641
2553.666667	293.194153	-33.038013
2553.733333	293.816315	-33.268589
2553.800000	294.307373	-33.136768
2553.866667	294.784149	-33.228382
2553.933333	295.461365	-33.191013
2554.000000	296.009888	-33.036461
2554.066667	296.448120	-32.846531
2554.133333	297.076569	-32.663452
2554.200000	297.560028	-32.555099
2554.266667	298.126495	-32.322002
2554.333333	298.564331	-32.194469
2554.400000	299.099762	-32.020828
2554.466667	299.591675	-31.964819
2554.533333	299.982788	-31.699892
2554.600000	300.534241	-31.721098
2554.666667	300.940765	-31.515652
2554.733333	301.281677	-31.340391
2554.800000	301.902130	-31.761511
2554.866667	302.408020	-31.550344
2554.933333	302.901337	-31.881884
2555.000000	303.452606	-31.925491
2555.066667	304.020630	-32.102303
2555.133333	304.671875	-32.438267
2555.200000	305.087463	-32.554672
2555.266667	305.654572	-32.976765
2555.333333	306.281281	-33.217148
2555.400000	306.901031	-33.674591
2555.466667	307.379242	-33.822929
2555.533333	308.088684	-34.234783
2555.600000	308.903748	-34.521732
2555.666667	309.399536	-34.872295
2555.733333	310.069489	-35.003956
2555.800000	310.677673	-35.178822
2555.866667	311.257263	-35.334988
2555.933333	311.827271	-35.435646
2556.000000	312.452393	-35.565113
2556.066667	312.927460	-35.278431
2556.133333	313.429047	-35.552727
2556.200000	314.100403	-35.214336
2556.266667	314.417786	-35.178467
2556.333333	314.945526	-34.856701
2556.400000	315.485748	-34.832726
2556.466667	315.772675	-34.561295
2556.533333	316.239105	-34.447044
2556.600000	316.862183	-34.476284
2556.666667	317.152802	-34.274307
2556.733333	317.658875	-34.230648
2556.800000	318.051575	-34.078228
2556.866667	318.573425	-34.147640
2556.933333	319.125732	-34.051708
2557.000000	319.720276	-34.322018
2557.066667	320.856445	-34.753925
2557.133333	320.856445	-34.753925
2557.200000	321.354004	-34.975063
2557.266667	321.934479	-35.141277
2557.333333	322.623352	-35.629982
2557.400000	323.137970	-35.702030
2557.466667	323.628113	-36.174038
2557.533333	324.186798	-36.332806
2557.600000	324.867340	-36.841530
2557.666667	325.415802	-37.040123
2557.733333	325.992279	-37.534634
2557.800000	326.488129	-37.670097
2557.866667	327.153748	-37.849098
2557.933333	327.778229	-37.986149
2558.000000	328.358215	-37.935757
2558.066667	328.787811	-38.074444
2558.133333	329.388092	-37.910389
2558.200000	329.847992	-37.935940
2558.266667	330.409729	-37.719193
2558.333333	330.919006	-37.794212
2558.400000	331.422546	-37.626766
2558.466667	332.008209	-37.533566
2558.533333	332.573547	-37.509563
2558.600000	333.033936	-37.235634
2558.666667	333.534332	-37.162060
2558.733333	333.957520	-36.839520
2558.800000	334.421387	-36.931255
2558.866667	334.886871	-36.729546
2558.933333	335.370514	-36.842178
2559.000000	335.859955	-36.840939
2559.066667	336.300079	-36.910381
2559.133333	337.416138	-37.269646
2559.200000	337.416138	-37.269646
2559.266667	338.002747	-37.721573
2559.333333	338.482666	-37.805191
2559.400000	338.977081	-38.124805
2559.466667	339.624695	-38.255550
2559.533333	340.853088	-38.878201
2559.600000	341.337463	-39.227581
2559.666667	341.337463	-39.227581
2559.733333	341.895386	-39.619694
2559.800000	342.393311	-39.758083
2559.866667	343.024445	-40.161034
2559.933333	344.048126	-40.421581
2560.000000	344.662262	-40.417725
2560.066667	344.662262	-40.417725
2560.133333	345.266479	-40.710400
2560.200000	345.844635	-40.753830
2560.266667	346.304382	-40.661224
2560.333333	347.478729	-40.558437
2560.400000	347.882812	-40.456692
2560.466667	347.882812	-40.456692
2560.533333	348.319458	-40.195427
2560.600000	348.748199	-40.039753
2560.666667	349.217194	-39.864120
2560.733333	350.260986	-39.591873
2560.800000	350.714447	-39.529240
2560.866667	350.714447	-39.529240
2560.933333	351.124664	-39.443642
2561.000000	351.552673	-39.469036
2561.066667	352.059387	-39.683071
2561.133333	352.664978	-39.763397
2561.200000	352.957397	-39.681545
2561.266667	353.205811	-39.912342
2561.333333	353.205811	-39.912342
2561.400000	353.450623	-39.808945
2561.466667	353.647308	-39.688755
2561.533333	353.647308	-39.688755
2561.600000	353.647308	-39.688755
2561.666667	353.647308	-39.688755
2561.733333	353.647308	-39.688755
2561.800000	353.647308	-39.688755
2561.866667	353.647308	-39.688755
2561.933333	353.647308	-39.688755
2562.000000	353.647308	-39.688755
2562.066667	353.647308	-39.688755
2562.133333	353.647308	-39.688755
2562.200000	353.647308	-39.688755
2562.266667	353.647308	-39.688755
2562.333333	353.647308	-39.688755
2562.400000	353.647308	-39.688755
2562.466667	353.647308	-39.688755
2562.533333	353.647308	-39.688755
2562.600000	353.647308	-39.688755
2562.666667	353.647308	-39.688755
2562.733333	353.647308	-39.688755
2562.800000	353.647308	-39.688755
2562.866667	353.647308	-39.688755
2562.933333	353.647308	-39.688755
2563.000000	353.647308	-39.688755
2563.066667	353.647308	-39.688755
2563.133333	353.647308	-39.688755
2563.200000	353.647308	-39.688755
2563.266667	353.647308	-39.688755
2563.333333	353.647308	-39.688755
2563.400000	353.647308	-39.688755
2563.466667	353.647308	-39.688755
2563.533333	353.647308	-39.688755
2563.600000	353.647308	-39.688755
2563.666667	353.647308	-39.688755
2563.733333	353.647308	-39.688755
2563.800000	353.647308	-39.688755
2563.866667	353.647308	-39.688755
2563.933333	353.647308	-39.688755
2564.000000	353.647308	-39.688755
2564.066667	353.647308	-39.688755
2564.133333	353.647308	-39.688755
2564.200000	353.647308	-39.688755
2564.266667	353.647308	-39.688755
2564.333333	353.647308	-39.688755
2564.400000	353.647308	-39.688755
2564.466667	353.647308	-39.688755
2564.533333	353.647308	-39.688755
2564.600000	353.647308	-39.688755
2564.666667	353.647308	-39.688755
2564.733333	353.647308	-39.688755
2564.800000	353.647308	-39.688755
2564.866667	353.647308	-39.688755
2564.933333	353.647308	-39.688755
2565.000000	353.647308	-39.688755
2565.066667	353.647308	-39.688755
2565.133333	353.647308	-39.688755
2565.200000	353.647308	-39.688755
2565.266667	353.647308	-39.688755
2565.333333	353.647308	-39.688755
2565.400000	353.647308	-39.688755
2565.466667	353.647308	-39.688755
2565.533333	353.647308	-39.688755
2565.600000	353.647308	-39.688755
2565.666667	353.647308	-39.688755
2565.733333	353.647308	-39.688755
2565.800000	353.647308	-39.688755
2565.866667	353.647308	-39.688755
2565.933333	353.647308	-39.688755
2566.000000	353.647308	-39.688755
2566.066667	353.647308	-39.688755
2566.133333	353.647308	-39.688755
2566.200000	353.647308	-39.688755
2566.266667	353.647308	-39.688755
2566.333333	353.647308	-39.688755
2566.400000	353.647308	-39.688755
2566.466667	353.647308	-39.688755
2566.533333	353.647308	-39.688755
2566.600000	353.647308	-39.688755
2566.666667	353.647308	-39.688755
2566.733333	353.647308	-39.688755
2566.800000	353.647308	-39.688755
2566.866667	353.647308	-39.688755
2566.933333	353.647308	-39.688755
2567.000000	353.647308	-39.688755
2567.066667	353.647308	-39.688755
2567.133333	353.647308	-39.688755
2567.200000	353.647308	-39.688755
2567.266667	353.647308	-39.688755
2567.333333	353.647308	-39.688755
2567.400000	353.647308	-39.688755
2567.466667	353.647308	-39.688755
2567.533333	353.647308	-39.688755
2567.600000	353.647308	-39.688755
2567.666667	353.647308	-39.688755
2567.733333	353.647308	-39.688755
2567.800000	353.647308	-39.688755
2567.866667	353.647308	-39.688755
2567.933333	353.647308	-39.688755
2568.000000	353.647308	-39.688755
2568.066667	353.647308	-39.688755
2568.133333	353.647308	-39.688755
2568.200000	353.647308	-39.688755
2568.266667	353.647308	-39.688755
2568.333333	353.647308	-39.688755
2568.400000	353.647308	-39.688755
2568.466667	353.647308	-39.688755
2568.533333	353.647308	-39.688755
2568.600000	353.647308	-39.688755
2568.666667	353.647308	-39.688755
2568.733333	353.647308	-39.688755
2568.800000	353.647308	-39.688755
2568.866667	353.647308	-39.688755
2568.933333	353.647308	-39.688755
2569.000000	353.647308	-39.688755
2569.066667	353.647308	-39.688755
2569.133333	353.647308	-39.688755
2569.200000	353.647308	-39.688755
2569.266667	353.647308	-39.688755
2569.333333	353.647308	-39.688755
2569.400000	353.647308	-39.688755
2569.466667	353.647308	-39.688755
2569.533333	353.647308	-39.688755
2569.600000	353.647308	-39.688755
2569.666667	353.647308	-39.688755
2569.733333	353.647308	-39.688755
2569.800000	353.647308	-39.688755
2569.866667	353.647308	-39.688755
2569.933333	353.647308	-39.688755
2570.000000	353.647308	-39.688755
2570.066667	353.647308	-39.688755
2570.133333	353.647308	-39.688755
2570.200000	353.647308	-39.688755
2570.266667	353.647308	-39.688755
2570.333333	353.647308	-39.688755
2570.400000	353.647308	-39.688755
2570.466667	353.647308	-39.688755
2570.533333	353.647308	-39.688755
2570.600000	353.647308	-39.688755
2570.666667	353.647308	-39.688755
2570.733333	353.647308	-39.688755
2570.800000	353.647308	-39.688755
2570.866667	353.647308	-39.688755
2570.933333	353.647308	-39.688755
2571.000000	353.647308	-39.688755
2571.066667	353.647308	-39.688755
2571.133333	353.647308	-39.688755
2571.200000	353.647308	-39.688755
2571.266667	353.647308	-39.688755
2571.333333	353.647308	-39.688755
2571.400000	353.647308	-39.688755
2571.466667	353.647308	-39.688755
2571.533333	353.647308	-39.688755
2571.600000	353.647308	-39.688755
2571.666667	353.647308	-39.688755
2571.733333	353.647308	-39.688755
2571.800000	353.647308	-39.688755
2571.866667	353.647308	-39.688755
2571.933333	353.647308	-39.688755
2572.000000	353.647308	-39.688755
2572.066667	353.647308	-39.688755
2572.133333	353.647308	-39.688755
2572.200000	353.647308	-39.688755
2572.266667	353.647308	-39.688755
2572.333333	353.647308	-39.688755
2572.400000	353.647308	-39.688755
2572.466667	353.647308	-39.688755
2572.533333	353.647308	-39.688755
2572.600000	353.647308	-39.688755
2572.666667	353.647308	-39.688755
2572.733333	353.647308	-39.688755
2572.800000	353.647308	-39.688755
2572.866667	353.647308	-39.688755
2572.933333	353.647308	-39.688755
2573.000000	353.647308	-39.688755
2573.066667	353.647308	-39.688755
2573.133333	353.647308	-39.688755
2573.200000	353.647308	-39.688755
2573.266667	353.647308	-39.688755
2573.333333	353.647308	-39.688755
2573.400000	353.647308	-39.688755
2573.466667	353.647308	-39.688755
2573.533333	353.647308	-39.688755
2573.600000	353.647308	-39.688755
2573.666667	353.647308	-39.688755
2573.733333	353.647308	-39.688755
2573.800000	353.647308	-39.688755
2573.866667	353.647308	-39.688755
2573.933333	353.647308	-39.688755
2574.000000	353.647308	-39.688755
2574.066667	353.647308	-39.688755
2574.133333	353.647308	-39.688755
2574.200000	353.647308	-39.688755
2574.266667	353.647308	-39.688755
2574.333333	353.647308	-39.688755
2574.400000	353.647308	-39.688755
2574.466667	353.647308	-39.688755
2574.533333	353.647308	-39.688755
2574.600000	353.647308	-39.688755
2574.666667	353.647308	-39.688755
2574.733333	353.647308	-39.688755
2574.800000	353.647308	-39.688755
2574.866667	353.647308	-39.688755
2574.933333	353.647308	-39.688755
2575.000000	353.647308	-39.688755
2575.066667	353.647308	-39.688755
2575.133333	353.647308	-39.688755
2575.200000	353.647308	-39.688755
2575.266667	353.647308	-39.688755
2575.333333	353.647308	-39.688755
2575.400000	353.647308	-39.688755
2575.466667	353.647308	-39.688755
2575.533333	353.647308	-39.688755
2575.600000	353.647308	-39.688755
2575.666667	353.647308	-39.688755
2575.733333	353.647308	-39.688755
2575.800000	353.647308	-39.688755
2575.866667	353.647308	-39.688755
2575.933333	353.647308	-39.688755
2576.000000	353.647308	-39.688755
2576.066667	353.647308	-39.688755
2576.133333	353.647308	-39.688755
2576.200000	353.647308	-39.688755
2576.266667	353.647308	-39.688755
2576.333333	353.647308	-39.688755
2576.400000	353.647308	-39.688755
2576.466667	353.647308	-39.688755
2576.533333	353.647308	-39.688755
2576.600000	353.647308	-39.688755
2576.666667	353.647308	-39.688755
2576.733333	353.647308	-39.688755
2576.800000	353.647308	-39.688755
2576.866667	353.647308	-39.688755
2576.933333	353.647308	-39.688755
2577.000000	353.647308	-39.688755
2577.066667	353.647308	-39.688755
2577.133333	353.647308	-39.688755
2577.200000	353.647308	-39.688755
2577.266667	353.647308	-39.688755
2577.333333	353.647308	-39.688755
2577.400000	353.647308	-39.688755
2577.466667	353.647308	-39.688755
2577.533333	353.647308	-39.688755
2577.600000	353.647308	-39.688755
2577.666667	353.647308	-39.688755
2577.733333	353.647308	-39.688755
2577.800000	353.647308	-39.688755
2577.866667	353.647308	-39.688755
2577.933333	353.647308	-39.688755
2578.000000	353.647308	-39.688755
2578.066667	353.647308	-39.688755
2578.133333	353.647308	-39.688755
2578.200000	353.647308	-39.688755
2578.266667	353.647308	-39.688755
2578.333333	353.647308	-39.688755
2578.400000	353.647308	-39.688755
2578.466667	353.647308	-39.688755
2578.533333	353.647308	-39.688755
2578.600000	353.647308	-39.688755
2578.666667	353.647308	-39.688755
2578.733333	353.647308	-39.688755
2578.800000	353.647308	-39.688755
2578.866667	353.647308	-39.688755
2578.933333	353.647308	-39.688755
2579.000000	353.647308	-39.688755
2579.066667	353.647308	-39.688755
2579.133333	353.647308	-39.688755
2579.200000	353.647308	-39.688755
2579.266667	353.647308	-39.688755
2579.333333	353.647308	-39.688755
2579.400000	353.647308	-39.688755
2579.466667	353.647308	-39.688755
2579.533333	353.647308	-39.688755
2579.600000	353.647308	-39.688755
2579.666667	353.647308	-39.688755
2579.733333	353.647308	-39.688755
2579.800000	353.647308	-39.688755
2579.866667	353.647308	-39.688755
2579.933333	353.647308	-39.688755
2580.000000	353.647308	-39.688755
