1020.066667	7.277598	10.391734
1020.133333	7.263878	10.439394
1020.200000	7.266687	10.420094
1020.266667	7.342350	10.425894
1020.333333	7.377097	10.377510
1020.400000	7.468810	10.232238
1020.466667	7.564852	10.014965
1020.533333	7.777096	9.761856
1020.600000	7.989163	9.543759
1020.666667	8.126286	9.283547
1020.733333	8.230733	9.048220
1020.800000	8.317451	8.787605
1020.866667	8.397423	8.447146
1020.933333	8.445121	8.165459
1021.000000	8.489628	7.982892
1021.066667	8.452308	7.896708
1021.133333	8.383664	7.857923
1021.200000	8.313400	7.768607
1021.266667	8.208805	7.784978
1021.333333	8.095254	7.945642
1021.400000	7.988370	8.048873
1021.466667	7.849396	8.202433
1021.533333	7.700956	8.530997
1021.600000	7.629246	8.725205
1021.666667	7.628099	8.974953
1021.733333	7.500573	9.153430
1021.800000	7.498096	9.344931
1021.866667	7.501362	9.667270
1021.933333	7.556948	9.935907
1022.000000	7.641169	10.065397
1022.066667	7.743495	10.197833
1022.133333	7.892302	10.286579
1022.200000	7.966447	10.314502
1022.266667	8.026645	10.405560
1022.333333	8.084332	10.330200
1022.400000	8.171826	10.235467
1022.466667	8.222069	10.095542
1022.533333	8.266882	10.049982
1022.600000	8.301796	9.815273
1022.666667	8.326966	9.648590
1022.733333	8.341970	9.466202
1022.800000	8.300003	9.245052
1022.866667	8.342091	8.992083
1022.933333	8.321376	8.709832
1023.000000	8.318811	8.442926
1023.066667	8.323278	8.119667
1023.133333	8.345549	8.031462
1023.200000	8.390822	7.938364
1023.266667	8.458077	7.824807
1023.333333	8.523474	7.806972
1023.400000	8.590226	7.802931
1023.466667	8.643374	7.866128
1023.533333	8.667155	7.936539
1023.600000	8.702590	8.089002
1023.666667	8.671037	8.234792
1023.733333	8.733715	8.638664
1023.800000	8.668759	8.955338
1023.866667	8.655526	9.176443
1023.933333	8.590851	9.458067
1024.000000	8.528296	9.653350
1024.066667	8.362884	9.851506
1024.133333	8.200820	10.033719
1024.200000	8.164860	10.293643
1024.266667	7.981720	10.411648
1024.333333	7.864347	10.565051
1024.400000	7.776694	10.545403
1024.466667	7.790079	10.549872
1024.533333	7.841307	10.374544
1024.600000	7.849705	10.223670
1024.666667	8.014945	10.028082
1024.733333	8.163280	9.878912
1024.800000	8.329420	9.553890
1024.866667	8.472772	9.340712
1024.933333	8.616632	9.117109
1025.000000	8.777762	8.673455
1025.066667	8.919007	8.329826
1025.133333	9.065353	8.035542
1025.200000	9.273667	7.938831
1025.266667	9.321746	7.820762
1025.333333	9.348111	7.729495
1025.400000	9.298391	7.681860
1025.466667	9.192966	7.664324
1025.533333	9.147554	7.718298
1025.600000	9.101258	7.843374
1025.666667	9.051976	7.952876
1025.733333	8.909257	8.186257
1025.800000	8.779533	8.593436
1025.866667	8.649219	8.802760
1025.933333	8.562304	9.071819
1026.000000	8.543960	9.375127
1026.066667	8.495000	9.577326
1026.133333	8.452030	9.758928
1026.200000	8.407786	9.946081
1026.266667	8.382254	10.024825
1026.333333	8.459978	10.253463
1026.400000	8.575259	10.292355
1026.466667	8.666887	10.298867
1026.533333	8.695573	10.283450
1026.600000	8.743234	10.164646
1026.666667	8.847277	10.027757
1026.733333	8.869274	9.943509
1026.800000	8.881315	9.769134
1026.866667	8.884337	9.551896
1026.933333	8.931414	9.284058
1027.000000	8.935334	9.088435
1027.066667	8.876744	8.789025
1027.133333	8.836600	8.588948
1027.200000	8.855661	8.269418
1027.266667	8.902597	8.075611
1027.333333	8.924530	7.946158
1027.400000	8.934647	7.834880
1027.466667	8.989118	7.745234
1027.533333	9.069066	7.699094
1027.600000	9.143931	7.663982
1027.666667	9.292029	7.782170
1027.733333	9.538389	8.107688
1027.800000	9.538389	8.107688
1027.866667	9.575247	8.281341
1027.933333	9.611259	8.502078
1028.000000	9.625058	8.647108
1028.066667	9.646200	8.998278
1028.133333	9.532439	9.437114
1028.200000	9.532439	9.437114
1028.266667	9.411272	9.708729
1028.333333	9.355285	9.955783
1028.400000	9.279009	10.071465
1028.466667	9.073742	10.133604
1028.533333	8.861181	10.287838
1028.600000	8.861181	10.287838
1028.666667	8.779373	10.284861
1028.733333	8.694460	10.204332
1028.800000	8.632319	10.026224
1028.866667	8.590605	9.905480
1028.933333	8.614676	9.723641
1029.000000	8.739094	9.254028
1029.066667	8.739094	9.254028
1029.133333	8.925570	9.002719
1029.200000	8.985017	8.651536
1029.266667	9.142266	8.334127
1029.333333	9.519381	8.069192
1029.400000	9.567566	7.952415
1029.466667	9.567566	7.952415
1029.533333	9.620254	7.840665
1029.600000	9.699817	7.690603
1029.666667	9.755220	7.682189
1029.733333	9.720907	7.830411
1029.800000	9.721570	8.036361
1029.866667	9.721570	8.036361
1029.933333	9.706923	8.213239
1030.000000	9.689139	8.342025
1030.066667	9.590220	8.584290
1030.133333	9.538581	8.899199
1030.200000	9.385923	9.416486
1030.266667	9.385923	9.416486
1030.333333	9.322281	9.677608
1030.400000	9.234109	9.814591
1030.466667	9.391879	10.043532
1030.533333	9.401555	10.209977
1030.600000	9.431774	10.227976
1030.666667	9.427365	10.177703
1030.733333	9.427365	10.177703
1030.800000	9.460598	10.102704
1030.866667	9.520175	10.033779
1030.933333	9.610610	9.469296
1031.000000	9.577616	9.280523
1031.066667	9.546898	9.086447
1031.133333	9.546898	9.086447
1031.200000	9.519071	8.884288
1031.266667	9.506950	8.705307
1031.333333	9.484299	8.398493
1031.400000	9.402862	8.024438
1031.466667	9.356836	7.988547
1031.533333	9.356836	7.988547
1031.600000	9.355630	7.844989
1031.666667	9.281075	7.797468
1031.733333	9.346968	7.723487
1031.800000	9.499738	7.934803
1031.866667	9.596568	7.982499
1031.933333	9.694860	8.102030
1032.000000	9.694860	8.102030
1032.066667	9.812969	8.296827
1032.133333	9.919637	8.453473
1032.200000	10.119908	8.888080
1032.266667	10.177549	9.171070
1032.333333	10.211187	9.338865
1032.400000	10.211187	9.338865
1032.466667	10.214452	9.507776
1032.533333	10.157903	9.752205
1032.600000	9.959559	9.993288
1032.666667	9.850983	10.134755
1032.733333	9.715271	10.164101
1032.800000	9.715271	10.164101
1032.866667	9.620788	10.128436
1032.933333	9.510155	10.052485
1033.000000	9.378657	9.691403
1033.066667	9.300601	9.535223
1033.133333	9.280630	9.388339
1033.200000	9.259722	9.134825
1033.266667	9.259722	9.134825
1033.333333	9.328666	8.938091
1033.400000	9.496896	8.317089
1033.466667	9.599578	8.087322
1033.533333	9.644449	7.975710
1033.600000	9.692332	7.843460
1033.666667	9.692332	7.843460
1033.733333	9.802258	7.769384
1033.800000	9.977639	7.707021
1033.866667	10.012689	7.758450
1033.933333	10.062201	7.883283
1034.000000	10.032463	8.042458
1034.066667	10.032463	8.042458
1034.133333	9.962204	8.377051
1034.200000	9.924677	8.588843
1034.266667	9.860579	8.843658
1034.333333	9.799963	9.112528
1034.400000	9.742701	9.381585
1034.466667	9.742701	9.381585
1034.533333	9.671390	9.588474
1034.600000	9.703615	9.972289
1034.666667	9.754090	10.104606
1034.733333	9.799751	10.142541
1034.800000	9.831931	10.108035
1034.866667	9.848506	10.128233
1034.933333	9.848506	10.128233
1035.000000	10.062480	9.883575
1035.066667	10.135551	9.733400
1035.133333	10.128322	9.497459
1035.200000	10.143863	9.244029
1035.266667	10.082911	8.981544
1035.333333	10.082911	8.981544
1035.400000	10.004933	8.570989
1035.466667	9.975020	8.415145
1035.533333	9.898667	8.128096
1035.600000	9.814737	8.075442
1035.666667	9.723362	7.907282
1035.733333	9.723362	7.907282
1035.800000	9.585161	7.788823
1035.866667	9.545206	7.755141
1035.933333	9.532562	7.755291
1036.000000	9.527967	7.897008
1036.066667	9.528978	8.045192
1036.133333	9.576398	8.067659
1036.200000	9.693126	8.328230
1036.266667	9.747202	8.507641
1036.333333	9.845312	8.687325
1036.400000	9.943139	8.895658
1036.466667	10.039866	9.123390
1036.533333	10.167566	9.332276
1036.600000	10.258334	9.559282
1036.666667	10.330276	9.726760
1036.733333	10.357266	9.810837
1036.800000	10.323203	9.954113
1036.866667	10.302415	9.995102
1036.933333	10.241805	10.057241
1037.000000	10.212156	9.989803
1037.066667	10.066999	9.938114
1037.133333	9.933257	9.798375
1037.200000	9.867691	9.568006
1037.266667	9.806991	9.376398
1037.333333	9.755861	9.100107
1037.400000	9.707703	8.918320
1037.466667	9.690336	8.754656
1037.533333	9.700921	8.474848
1037.600000	9.714789	8.253016
1037.666667	9.751985	8.066041
1037.733333	9.777540	7.957890
1037.800000	9.784541	7.845437
1037.866667	9.925265	7.734215
1037.933333	9.945499	7.533909
1038.000000	9.948007	7.658963
1038.066667	9.946599	7.703273
1038.133333	9.946643	7.902133
1038.200000	9.933824	8.053730
1038.266667	9.946387	8.141738
1038.333333	9.890237	8.328774
1038.400000	9.885783	8.584854
1038.466667	9.724771	8.870308
1038.533333	9.697481	9.118992
1038.600000	9.686490	9.412362
1038.666667	9.620991	9.553837
1038.733333	9.575815	9.843963
1038.800000	9.590982	10.002326
1038.866667	9.609018	10.093425
1038.933333	9.603076	10.176442
1039.000000	9.677529	10.182109
1039.066667	9.731296	10.146763
1039.133333	9.849387	9.955531
1039.200000	9.964236	9.816635
1039.266667	10.144452	9.496828
1039.333333	10.209856	9.333550
1039.400000	10.245772	9.102202
1039.466667	10.269574	8.772969
1039.533333	10.367638	8.482421
1039.600000	10.348632	8.318055
1039.666667	10.313916	8.157681
1039.733333	10.259936	7.969721
1039.800000	10.135141	7.848998
1039.866667	10.036828	7.759040
1039.933333	9.890877	7.681444
1040.000000	9.755196	7.602776
1040.066667	9.655880	7.695636
1040.133333	9.586987	7.709448
1040.200000	9.530795	7.848204
1040.266667	9.506595	7.995269
1040.333333	9.466932	8.081103
1040.400000	9.419649	8.314787
1040.466667	9.447762	8.538268
1040.533333	9.505610	8.809907
1040.600000	9.582740	9.036474
1040.666667	9.652490	9.227698
1040.733333	9.720799	9.426716
1040.800000	9.747119	9.476684
1040.866667	9.783225	9.744366
1040.933333	9.855549	9.845075
1041.000000	9.885588	9.922216
1041.066667	9.940250	9.940218
1041.133333	9.950174	10.001245
1041.200000	9.975746	9.887708
1041.266667	9.972517	9.793054
1041.333333	9.941747	9.618024
1041.400000	9.863721	9.412811
1041.466667	9.803782	9.254755
1041.533333	9.774921	8.963673
1041.600000	9.777051	8.801042
1041.666667	9.761756	8.599091
1041.733333	9.766261	8.343777
1041.800000	9.773219	8.049648
1041.866667	9.793450	7.983002
1041.933333	9.776851	7.833827
1042.000000	9.806137	7.695098
1042.066667	9.864419	7.571891
1042.133333	9.894000	7.506447
1042.200000	9.881677	7.514966
1042.266667	9.907303	7.651258
1042.333333	9.926507	7.781198
1042.400000	9.950884	7.924361
1042.466667	9.828906	8.126093
1042.533333	9.790942	8.284383
1042.600000	9.726336	8.515257
1042.666667	9.650411	8.757579
1042.733333	9.578663	9.128109
1042.800000	9.484157	9.335145
1042.866667	9.330598	9.560325
1042.933333	9.111394	9.753454
1043.000000	9.049056	9.927248
1043.066667	9.068155	10.048768
1043.133333	9.030272	10.050323
1043.200000	9.138739	10.123868
1043.266667	9.231194	10.041142
1043.333333	9.285072	9.909582
1043.400000	9.405725	9.790829
1043.466667	9.546214	9.542231
1043.533333	9.667351	9.306566
1043.600000	9.772065	9.041874
1043.666667	9.921719	8.780268
1043.733333	10.148146	8.513033
1043.800000	10.166945	8.334328
1043.866667	10.212804	8.077498
1043.933333	10.266576	7.851121
1044.000000	10.278858	7.676816
1044.066667	10.217431	7.467563
1044.133333	10.116671	7.447464
1044.200000	9.988768	7.408610
1044.266667	9.769661	7.534072
1044.333333	9.674637	7.630754
1044.400000	9.577332	7.728299
1044.466667	9.559459	7.843620
1044.533333	9.480066	8.004563
1044.600000	9.233417	8.207304
1044.666667	9.165278	8.503188
1044.733333	9.071096	8.783705
1044.800000	9.098935	9.055393
1044.866667	9.060372	9.298562
1044.933333	9.097048	9.515200
1045.000000	9.257913	9.625398
1045.066667	9.264216	9.788610
1045.133333	9.345805	9.909332
1045.200000	9.376291	9.980742
1045.266667	9.444036	10.033512
1045.333333	9.477472	9.949901
1045.400000	9.493744	9.918831
1045.466667	9.463616	9.757640
1045.533333	9.485596	9.572520
1045.600000	9.416031	9.458314
1045.666667	9.456053	9.256109
1045.733333	9.467198	9.060049
1045.800000	9.466252	8.681005
1045.866667	9.488245	8.469307
1045.933333	9.495867	8.176335
1046.000000	9.481111	7.996701
1046.066667	9.477482	7.881778
1046.133333	9.496329	7.735514
1046.200000	9.546835	7.642331
1046.266667	9.597482	7.467177
1046.333333	9.646715	7.455943
1046.400000	9.699298	7.448503
1046.466667	9.731556	7.545753
1046.533333	9.746760	7.610241
1046.600000	9.758643	7.874670
1046.666667	9.747369	8.045327
1046.733333	9.742925	8.171597
1046.800000	9.690898	8.501496
1046.866667	9.618069	8.703737
1046.933333	9.536075	9.087758
1047.000000	9.412390	9.343345
1047.066667	9.130162	9.630632
1047.133333	9.011120	9.779036
1047.200000	8.880120	9.907626
1047.266667	8.795450	9.971601
1047.333333	8.736603	10.014493
1047.400000	8.687166	10.019834
1047.466667	8.693670	10.005930
1047.533333	8.715192	9.941385
1047.600000	8.768944	9.852606
1047.666667	8.805168	9.701653
1047.733333	8.864557	9.370802
1047.800000	9.009620	9.153055
1047.866667	9.163096	8.929590
1047.933333	9.299862	8.573311
1048.000000	9.562234	8.280652
1048.066667	9.615122	8.044922
1048.133333	9.687470	7.864806
1048.200000	9.714022	7.651583
1048.266667	9.723702	7.531352
1048.333333	9.708899	7.373544
1048.400000	9.718180	7.374109
1048.466667	9.680887	7.359154
1048.533333	9.622304	7.468721
1048.600000	9.563375	7.596435
1048.666667	9.537347	7.787043
1048.733333	9.429763	7.921479
1048.800000	9.196068	8.076952
1048.866667	9.121429	8.382084
1048.933333	9.037695	8.670682
1049.000000	8.934397	8.997894
1049.066667	8.926188	9.218729
1049.133333	8.933533	9.459765
1049.200000	8.921219	9.676692
1049.266667	8.921398	9.803994
1049.333333	8.907627	9.835349
1049.400000	8.922605	9.951182
1049.466667	8.977457	9.924434
1049.533333	8.997005	9.931490
1049.600000	8.973809	9.863503
1049.666667	8.967463	9.775137
1049.733333	8.944723	9.702098
1049.800000	8.937847	9.465902
1049.866667	8.936898	9.141357
1049.933333	8.934273	8.921175
1050.000000	8.852339	8.738900
1050.066667	8.750621	8.405093
1050.133333	8.787395	8.123444
1050.200000	8.821756	7.986366
1050.266667	8.848939	7.758224
1050.333333	8.896275	7.648189
1050.400000	8.918278	7.548767
1050.466667	8.950979	7.520404
1050.533333	8.987786	7.484229
1050.600000	9.078592	7.478170
1050.666667	9.186280	7.566895
1050.733333	9.325655	7.671742
1050.800000	9.449919	7.815884
1050.866667	9.576751	8.019335
1050.933333	9.594489	8.156540
1051.000000	9.630830	8.344934
1051.066667	9.554417	8.631321
1051.133333	9.409612	8.934884
1051.200000	9.395857	9.249666
1051.266667	9.242587	9.488530
1051.333333	9.022628	9.624997
1051.400000	8.863319	9.777621
1051.466667	8.764029	9.891939
1051.533333	8.578425	9.941277
1051.600000	8.423258	9.965898
1051.666667	8.310390	9.947412
1051.733333	8.248905	9.818583
1051.800000	8.235591	9.694736
1051.866667	8.253816	9.581483
1051.933333	8.280745	9.421153
1052.000000	8.286390	9.131581
1052.066667	8.353791	8.844211
1052.133333	8.528955	8.569901
1052.200000	8.693855	8.220548
1052.266667	8.774399	8.042335
1052.333333	8.826925	7.813174
1052.400000	8.894999	7.720244
1052.466667	8.948512	7.532531
1052.533333	8.991289	7.428900
1052.600000	8.994230	7.430655
1052.666667	9.012408	7.389589
1052.733333	9.022550	7.466844
1052.800000	9.014953	7.507493
1052.866667	9.023276	7.679948
1052.933333	8.962883	7.784827
1053.000000	8.883704	8.048283
1053.066667	8.765872	8.342541
1053.133333	8.711176	8.723296
1053.200000	8.697518	8.957482
1053.266667	8.667744	9.182347
1053.333333	8.640693	9.406304
1053.400000	8.586308	9.541866
1053.466667	8.600393	9.706527
1053.533333	8.614982	9.776292
1053.600000	8.650149	9.868162
1053.666667	8.687066	9.864790
1053.733333	8.671330	9.851898
1053.800000	8.714440	9.742393
1053.866667	8.664469	9.563581
1053.933333	8.701492	9.422616
1054.000000	8.673595	9.271111
1054.066667	8.621918	9.066276
1054.133333	8.504199	8.819583
1054.200000	8.420646	8.595329
1054.266667	8.350611	8.329350
1054.333333	8.288116	8.116070
1054.400000	8.202343	7.980800
1054.466667	8.154563	7.794261
1054.533333	8.083582	7.618680
1054.600000	8.103958	7.546210
1054.666667	8.153995	7.477960
1054.733333	8.156669	7.470391
1054.800000	8.244639	7.467781
1054.866667	8.285807	7.474557
1054.933333	8.403824	7.645452
1055.000000	8.497022	7.815314
1055.066667	8.574084	7.949759
1055.133333	8.714005	8.102715
1055.200000	8.797867	8.410530
1055.266667	8.869990	8.747025
1055.333333	8.901373	8.921185
1055.400000	8.887734	9.178476
1055.466667	8.838482	9.343825
1055.533333	8.760606	9.540203
1055.600000	8.661790	9.619246
1055.666667	8.531081	9.753730
1055.733333	8.378691	9.858132
1055.800000	8.287164	9.825878
1055.866667	8.188614	9.774484
1055.933333	8.143495	9.726443
1056.000000	8.052578	9.602743
1056.066667	7.939249	9.399066
1056.133333	7.859715	9.280131
1056.200000	7.797874	9.080735
1056.266667	7.815126	8.767353
1056.333333	7.925121	8.448534
1056.400000	7.923166	8.236838
1056.466667	8.050790	8.096581
1056.533333	8.044570	7.762326
1056.600000	8.171311	7.560158
1056.666667	8.239041	7.454983
1056.733333	8.259375	7.427754
1056.800000	8.270329	7.401583
1056.866667	8.283616	7.373123
1056.933333	8.256763	7.403573
1057.000000	8.254075	7.484442
1057.066667	8.218566	7.687492
1057.133333	8.065766	7.938680
1057.200000	8.039053	8.125241
1057.266667	7.947340	8.443997
1057.333333	7.907898	8.729984
1057.400000	7.849822	8.939867
1057.466667	7.879084	9.232932
1057.533333	7.846173	9.379200
1057.600000	7.859800	9.584035
1057.666667	7.862689	9.626988
1057.733333	7.874553	9.709566
1057.800000	8.010201	9.769359
1057.866667	8.117770	9.770042
1057.933333	8.179197	9.757152
1058.000000	8.216009	9.614052
1058.066667	8.256742	9.545480
1058.133333	8.246009	9.427838
1058.200000	8.201880	9.196541
1058.266667	8.106436	8.981907
1058.333333	8.111278	8.713723
1058.400000	8.056673	8.424752
1058.466667	7.905951	8.188230
1058.533333	7.802408	8.095856
1058.600000	7.730487	7.834529
1058.666667	7.588752	7.783133
1058.733333	7.538774	7.527363
1058.800000	7.423413	7.474781
1058.866667	7.346145	7.398210
1058.933333	7.235401	7.479357
1059.000000	7.202942	7.527723
1059.066667	7.265244	7.680199
1059.133333	7.304463	7.840615
1059.200000	7.375668	7.949111
1059.266667	7.429539	8.239223
1059.333333	7.493047	8.467258
1059.400000	7.547984	8.652765
1059.466667	7.687582	8.801840
1059.533333	7.762433	9.037827
1059.600000	7.822083	9.141433
1059.666667	7.879832	9.363457
1059.733333	7.835588	9.559870
1059.800000	7.909898	9.601480
1059.866667	7.794360	9.670576
1059.933333	7.718310	9.682842
1060.000000	7.683386	9.712287
1060.066667	7.603190	9.661944
1060.133333	7.505004	9.585429
1060.200000	7.453712	9.464263
1060.266667	7.398269	9.301242
1060.333333	7.391746	9.146826
1060.400000	7.406950	8.886516
1060.466667	7.424579	8.680494
1060.533333	7.414908	8.457768
1060.600000	7.393484	8.281093
1060.666667	7.305055	7.961307
1060.733333	7.328867	7.758178
1060.800000	7.297938	7.564312
1060.866667	7.365368	7.382755
1060.933333	7.401000	7.231171
1061.000000	7.406279	7.236965
1061.066667	7.416533	7.234075
1061.133333	7.375548	7.323125
1061.200000	7.282917	7.580076
1061.266667	7.216817	7.727810
1061.333333	7.142972	8.011769
1061.400000	7.016817	8.228889
1061.466667	6.929064	8.529803
1061.533333	6.840413	8.783669
1061.600000	6.695979	9.004470
1061.666667	6.612686	9.277540
1061.733333	6.600624	9.560752
1061.800000	6.550120	9.658741
1061.866667	6.603316	9.760652
1061.933333	6.632595	9.855415
1062.000000	6.729920	9.880302
1062.066667	6.787775	9.880504
1062.133333	6.842783	9.773298
1062.200000	7.005929	9.611287
1062.266667	7.099529	9.493945
1062.333333	7.195818	9.289614
1062.400000	7.317974	9.092392
1062.466667	7.440291	8.803004
1062.533333	7.467697	8.561784
1062.600000	7.438510	8.401662
1062.666667	7.409766	8.209358
1062.733333	7.326830	7.997090
1062.800000	7.161775	7.789940
1062.866667	7.012464	7.635990
1062.933333	6.915430	7.432524
1063.000000	6.764198	7.453904
1063.066667	6.606686	7.432978
1063.133333	6.516233	7.477117
1063.200000	6.371043	7.501782
1063.266667	6.330430	7.685543
1063.333333	6.201494	7.794691
1063.400000	6.116848	7.957195
1063.466667	6.134230	8.064019
1063.533333	6.197680	8.250440
1063.600000	6.204085	8.575243
1063.666667	6.206108	8.817762
1063.733333	6.247538	9.087381
1063.800000	6.309787	9.281045
1063.866667	6.358501	9.519240
1063.933333	6.406673	9.536882
1064.000000	6.426533	9.622617
1064.066667	6.426741	9.692958
1064.133333	6.385288	9.749659
1064.200000	6.298159	9.700854
1064.266667	6.298159	9.700854
1064.333333	6.272334	9.602658
1064.400000	6.238434	9.489371
1064.466667	6.176672	9.366797
1064.533333	6.127796	9.125623
1064.600000	6.117352	8.540193
1064.666667	6.117352	8.540193
1064.733333	6.157403	8.202040
1064.800000	6.173291	7.999295
1064.866667	6.227358	7.783048
1064.933333	6.260664	7.633672
1065.000000	6.344498	7.404243
1065.066667	6.344498	7.404243
1065.133333	6.382071	7.279859
1065.200000	6.430335	7.249268
1065.266667	6.457683	7.290165
1065.333333	6.340148	7.351463
1065.400000	6.214133	7.686745
1065.466667	6.107980	7.895310
1065.533333	6.107980	7.895310
1065.600000	5.962601	8.142620
1065.666667	5.773272	8.434945
1065.733333	5.612881	8.656546
1065.800000	5.457798	9.182892
1065.866667	5.379976	9.312555
1065.933333	5.379976	9.312555
1066.000000	5.285302	9.566051
1066.066667	5.132501	9.891813
1066.133333	5.106491	9.994346
1066.200000	5.136475	10.033922
1066.266667	5.232666	9.853894
1066.333333	5.232666	9.853894
1066.400000	5.350073	9.711888
1066.466667	5.463013	9.469577
1066.533333	5.633890	9.309900
1066.600000	5.765749	8.841258
1066.666667	5.888138	8.567962
1066.733333	5.888138	8.567962
1066.800000	6.003241	8.302749
1066.866667	6.097014	8.001806
1066.933333	6.133969	7.766871
1067.000000	6.091042	7.419124
1067.066667	6.010575	7.293546
1067.133333	5.850684	7.205870
1067.200000	5.850684	7.205870
1067.266667	5.662015	7.262910
1067.333333	5.537271	7.250405
1067.400000	5.277730	7.541331
1067.466667	5.175018	7.686217
1067.533333	5.122864	8.005182
1067.600000	5.122864	8.005182
1067.666667	5.071821	8.170723
1067.733333	5.062728	8.495982
1067.800000	5.069552	8.913970
1067.866667	5.057877	9.092628
1067.933333	5.076498	9.298043
1068.000000	5.076498	9.298043
1068.066667	4.994492	9.369197
1068.133333	4.972312	9.599883
1068.200000	4.897877	9.811640
1068.266667	4.984181	9.852912
1068.333333	4.993568	9.780944
1068.400000	4.994755	9.681231
1068.466667	4.994755	9.681231
1068.533333	4.888928	9.507800
1068.600000	4.809267	9.233292
1068.666667	4.800261	9.048070
1068.733333	4.775370	8.783657
1068.800000	4.736120	8.514962
1068.866667	4.736120	8.514962
1068.933333	4.697161	8.339936
1069.000000	4.759704	7.879531
1069.066667	4.856175	7.645280
1069.133333	4.971271	7.441336
1069.200000	5.072313	7.297433
1069.266667	5.072313	7.297433
1069.333333	5.116656	7.167191
1069.400000	5.218151	7.159030
1069.466667	5.236947	7.311958
1069.533333	5.247993	7.405350
1069.600000	5.230724	7.688838
1069.666667	5.141120	7.878226
1069.733333	5.141120	7.878226
1069.800000	4.914085	8.458496
1069.866667	4.738331	8.667593
1069.933333	4.608936	8.929798
1070.000000	4.470212	9.185956
1070.066667	4.268422	9.488204
1070.133333	4.268422	9.488204
1070.200000	4.018312	9.831749
1070.266667	3.943084	9.948849
1070.333333	3.863422	10.022424
1070.400000	3.833016	9.983061
1070.466667	3.817357	9.982088
1070.533333	3.817357	9.982088
1070.600000	3.970275	9.610860
1070.666667	3.999314	9.382175
1070.733333	4.058709	9.121659
1070.800000	4.183063	8.805750
1070.866667	4.274420	8.565480
1070.933333	4.274420	8.565480
1071.000000	4.460128	8.069841
1071.066667	4.592475	7.895371
1071.133333	4.671767	7.690609
1071.200000	4.672589	7.487253
1071.266667	4.702243	7.319348
1071.333333	4.660848	7.344434
1071.400000	4.602959	7.280089
1071.466667	4.513302	7.281001
1071.533333	4.405131	7.417685
1071.600000	4.323039	7.523366
1071.666667	4.188445	7.728183
1071.733333	4.094357	7.821209
1071.800000	4.019736	8.045348
1071.866667	3.959404	8.255558
1071.933333	3.891603	8.434913
1072.000000	3.866785	8.784566
1072.066667	3.791013	8.953021
1072.133333	3.846306	9.245076
1072.200000	3.872680	9.537129
1072.266667	3.933513	9.722140
1072.333333	3.930552	9.754097
1072.400000	3.923142	9.790907
1072.466667	3.915463	9.768925
1072.533333	3.888466	9.748879
1072.600000	3.825534	9.734383
1072.666667	3.668988	9.572481
1072.733333	3.589502	9.340288
1072.800000	3.514849	9.187390
1072.866667	3.487221	9.018240
1072.933333	3.439428	8.777925
1073.000000	3.357802	8.597054
1073.066667	3.324923	8.360608
1073.133333	3.310514	8.031614
1073.200000	3.312266	7.878139
1073.266667	3.365549	7.653405
1073.333333	3.389532	7.510194
1073.400000	3.449193	7.443065
1073.466667	3.512661	7.358709
1073.533333	3.604444	7.307615
1073.600000	3.780165	7.333135
1073.666667	3.836820	7.407383
1073.733333	3.910222	7.529915
1073.800000	3.939790	7.667257
1073.866667	3.941301	7.839227
1073.933333	3.915564	8.079534
1074.000000	3.891796	8.237490
1074.066667	3.778748	8.471294
1074.133333	3.691958	8.800474
1074.200000	3.611887	9.111818
1074.266667	3.524906	9.297808
1074.333333	3.311181	9.428622
1074.400000	3.125288	9.670938
1074.466667	3.009518	9.739295
1074.533333	2.803504	9.897261
1074.600000	2.672671	9.937752
1074.666667	2.568646	9.835141
1074.733333	2.489567	9.698032
1074.800000	2.475115	9.516016
1074.866667	2.470739	9.368219
1074.933333	2.531559	9.177887
1075.000000	2.605982	8.841470
1075.066667	2.686642	8.617291
1075.133333	2.831277	8.396992
1075.200000	2.875289	8.174232
1075.266667	2.980766	7.915986
1075.333333	2.995724	7.632576
1075.400000	3.064983	7.486871
1075.466667	3.087115	7.410283
1075.533333	3.144546	7.264380
1075.600000	3.118532	7.291210
1075.666667	3.063711	7.344787
1075.733333	3.025074	7.399114
1075.800000	2.995673	7.505486
1075.866667	2.898169	7.706275
1075.933333	2.802480	7.882472
1076.000000	2.678744	8.219464
1076.066667	2.648506	8.407855
1076.133333	2.628000	8.601991
1076.200000	2.561375	8.842439
1076.266667	2.550647	9.056944
1076.333333	2.579768	9.220117
1076.400000	2.572182	9.356540
1076.466667	2.606544	9.517382
1076.533333	2.606178	9.574612
1076.600000	2.619787	9.671238
1076.666667	2.641820	9.638391
1076.733333	2.618003	9.635280
1076.800000	2.585327	9.533871
1076.866667	2.551755	9.436003
1076.933333	2.534467	9.259044
1077.000000	2.442265	9.083783
1077.066667	2.358267	8.894263
1077.133333	2.262477	8.646685
1077.200000	2.241194	8.506663
1077.266667	2.124248	8.219340
1077.333333	2.009654	8.029507
1077.400000	1.920904	7.990978
1077.466667	1.819850	7.824933
1077.533333	1.761258	7.620576
1077.600000	1.726166	7.503462
1077.666667	1.808537	7.445904
1077.733333	1.885485	7.404479
1077.800000	1.954920	7.471677
1077.866667	2.030868	7.560179
1077.933333	2.121111	7.669460
1078.000000	2.203437	7.815096
1078.066667	2.353692	8.023064
1078.133333	2.457157	8.171133
1078.200000	2.485115	8.383888
1078.266667	2.498875	8.553762
1078.333333	2.464655	8.778717
1078.400000	2.363834	9.061915
1078.466667	2.282085	9.280349
1078.533333	2.211696	9.410244
1078.600000	2.086698	9.517705
1078.666667	1.962938	9.722804
1078.733333	1.861248	9.754210
1078.800000	1.798879	9.818422
1078.866667	1.683647	9.730040
1078.933333	1.535798	9.613374
1079.000000	1.445796	9.387619
1079.066667	1.375837	9.256256
1079.133333	1.359874	9.058466
1079.200000	1.391098	8.796236
1079.266667	1.383602	8.511276
1079.333333	1.424968	8.279416
1079.400000	1.550826	8.070696
1079.466667	1.606792	7.867038
1079.533333	1.598636	7.710764
1079.600000	1.646479	7.572171
1079.666667	1.669640	7.466401
1079.733333	1.666634	7.402437
1079.800000	1.627891	7.340651
1079.866667	1.510511	7.454094
1079.933333	1.420165	7.552224
1080.000000	1.354640	7.686089
