1800.066667	-55.644276	118.306625
1800.133333	-55.985752	118.920090
1800.200000	-55.985752	118.920090
1800.266667	-55.772621	118.493828
1800.333333	-55.772621	118.493828
1800.400000	-56.804691	117.778534
1800.466667	-55.324642	118.765236
1800.533333	-55.306400	118.256248
1800.600000	-55.125450	118.280373
1800.666667	-55.472878	118.164566
1800.733333	-55.472878	118.164566
1800.800000	-54.907192	118.807457
1800.866667	-54.732525	118.535431
1800.933333	-53.460686	119.211678
1801.000000	-55.687954	118.671921
1801.066667	-54.582973	118.656250
1801.133333	-54.466225	118.820824
1801.200000	-54.466225	118.820824
1801.266667	-54.739418	118.511993
1801.333333	-54.893829	118.125961
1801.400000	-53.330399	118.885963
1801.466667	-54.305874	118.767372
1801.533333	-53.864906	118.954445
1801.600000	-53.864906	118.954445
1801.666667	-54.607712	118.371208
1801.733333	-54.607712	118.371208
1801.800000	-53.735733	118.733963
1801.866667	-53.392937	118.918098
1801.933333	-54.343735	118.357582
1802.000000	-54.343735	118.357582
1802.066667	-53.719189	118.473389
1802.133333	-53.305580	118.705009
1802.200000	-53.020733	118.745293
1802.266667	-54.141068	118.241776
1802.333333	-52.230206	118.936630
1802.400000	-52.548683	118.629738
1802.466667	-52.548683	118.629738
1802.533333	-52.558334	118.878723
1802.600000	-53.706779	118.183868
1802.666667	-51.909096	118.552353
1802.733333	-52.905762	118.782219
1802.800000	-52.747211	118.647110
1802.866667	-52.747211	118.647110
1802.933333	-52.387375	118.920090
1803.000000	-52.490776	118.270721
1803.066667	-52.540276	118.843239
1803.133333	-52.982967	119.341965
1803.200000	-51.521721	118.943443
1803.266667	-51.521721	118.943443
1803.333333	-52.664494	118.502342
1803.400000	-51.844173	119.091042
1803.466667	-51.118431	118.936630
1803.533333	-51.573948	118.743614
1803.600000	-52.044910	118.264931
1803.666667	-52.044910	118.264931
1803.733333	-51.558510	118.542877
1803.800000	-51.618069	118.374130
1803.866667	-51.526440	119.061348
1803.933333	-51.535347	119.399872
1804.000000	-51.337788	118.698196
1804.066667	-51.728363	118.994537
1804.133333	-50.947033	119.223839
1804.200000	-51.226521	118.743614
1804.266667	-51.226521	118.743614
1804.333333	-51.125557	118.794098
1804.400000	-51.119057	118.698753
1804.466667	-50.673206	118.705009
1804.533333	-50.633251	118.747681
1804.600000	-51.030746	118.622292
1804.666667	-50.435154	118.719490
1804.733333	-50.914185	118.673424
1804.800000	-50.797821	118.528252
1804.866667	-50.537601	118.678284
1804.933333	-51.535347	117.894341
1805.000000	-50.385521	118.820824
1805.066667	-51.245823	118.125961
1805.133333	-51.152283	118.393219
1805.200000	-50.354836	118.753578
1805.266667	-49.161247	119.341965
1805.333333	-49.890846	118.794762
1805.400000	-49.654594	119.209946
1805.466667	-49.682388	118.916664
1805.533333	-49.730312	118.892700
1805.600000	-49.807850	118.676056
1805.666667	-49.794792	118.974098
1805.733333	-49.665020	118.812134
1805.800000	-48.861195	118.820824
1805.866667	-49.887283	118.589203
1805.933333	-49.301872	118.986267
1806.000000	-49.377331	118.880142
1806.066667	-49.368584	118.832031
1806.133333	-49.503071	118.832031
1806.200000	-49.541542	118.689362
1806.266667	-49.219151	118.589203
1806.333333	-48.918045	118.577621
1806.400000	-49.389816	118.921394
1806.466667	-49.624485	118.579552
1806.533333	-48.967678	118.791039
1806.600000	-48.792633	118.863190
1806.666667	-48.799339	118.878723
1806.733333	-48.856071	118.604851
1806.800000	-49.069817	118.555679
1806.866667	-49.091759	118.797661
1806.933333	-48.841244	118.473389
1807.000000	-48.466389	118.707909
1807.066667	-48.941208	118.496552
1807.133333	-48.918045	118.716591
1807.200000	-48.474659	118.862183
1807.266667	-48.281467	118.675125
1807.333333	-48.431644	119.006119
1807.400000	-48.937901	118.754646
1807.466667	-48.908569	118.568146
1807.533333	-48.903667	118.677055
1807.600000	-48.223186	118.806923
1807.666667	-47.728100	119.124825
1807.733333	-48.185135	118.911812
1807.800000	-48.084217	119.017700
1807.866667	-48.466389	118.972824
1807.933333	-47.905155	118.914360
1808.000000	-45.976479	119.399872
1808.066667	-47.445812	118.951111
1808.133333	-42.791710	113.985764
1808.200000	-47.537014	118.907677
1808.266667	-47.570019	118.723541
1808.333333	-47.345139	118.899780
1808.400000	-47.637901	118.713921
1808.466667	-47.312428	119.093803
1808.533333	-47.349651	118.572655
1808.600000	-46.490383	119.103111
1808.666667	-46.682919	118.843987
1808.733333	-46.646160	118.881241
1808.800000	-46.514652	118.841255
1808.866667	-46.518955	118.875679
1808.933333	-45.838955	119.276825
1809.000000	-46.721687	118.564026
1809.066667	-46.555527	119.081390
1809.133333	-46.720970	118.887001
1809.200000	-45.815350	119.168251
1809.266667	-45.943390	118.721558
1809.333333	-45.673592	119.034622
1809.400000	-46.433456	118.510948
1809.466667	-45.837505	119.075600
1809.533333	-46.084816	118.742371
1809.600000	-46.009567	118.994537
1809.666667	-44.592552	119.064018
1809.733333	-46.110817	118.681847
1809.800000	-45.035522	119.472252
1809.866667	-45.608780	118.942421
1809.933333	-44.644665	118.994537
1810.000000	-45.299435	119.275154
1810.066667	-45.250549	118.727608
1810.133333	-45.818554	118.905045
1810.200000	-45.353607	118.924110
1810.266667	-45.078953	119.110344
1810.333333	-45.179707	118.862511
1810.400000	-45.116177	119.068985
1810.466667	-44.586761	119.399872
1810.533333	-45.107903	118.994537
1810.600000	-45.438789	118.647110
1810.666667	-46.208096	118.125961
1810.733333	-44.804482	119.168251
1810.800000	-44.855606	118.659515
1810.866667	-44.082649	118.841255
1810.933333	-44.782440	119.012505
1811.000000	-45.671162	118.852409
1811.066667	-44.518871	118.964584
1811.133333	-44.218273	118.441811
1811.200000	-43.602379	119.689392
1811.266667	-43.872601	118.994537
1811.333333	-44.457054	119.029282
1811.400000	-44.162125	119.103912
1811.466667	-44.439365	118.883987
1811.533333	-44.123520	118.810898
1811.600000	-43.119835	119.322662
1811.666667	-43.521309	119.399872
1811.733333	-44.007713	119.486725
1811.800000	-44.034184	118.939941
1811.866667	-43.671864	119.446198
1811.933333	-43.961926	119.152092
1812.000000	-44.619850	118.969719
1812.066667	-43.472092	119.139297
1812.133333	-43.403847	119.193069
1812.200000	-43.544472	119.240631
1812.266667	-43.318115	119.041916
1812.333333	-42.828556	119.420929
1812.400000	-43.177074	119.012505
1812.466667	-43.397079	118.978745
1812.533333	-43.590797	119.156670
1812.600000	-42.961803	119.385391
1812.666667	-43.264091	119.168251
1812.733333	-43.390060	118.685707
1812.800000	-42.953842	118.982956
1812.866667	-43.040359	119.004753
1812.933333	-42.060661	119.157394
1813.000000	-42.386375	119.019356
1813.066667	-42.768547	118.438652
1813.133333	-42.710644	118.681847
1813.200000	-42.270565	118.728172
1813.266667	-41.923138	118.907677
1813.333333	-41.871220	119.252113
1813.400000	-41.540459	119.273987
1813.466667	-41.502010	118.978745
1813.533333	-41.738892	119.326172
1813.600000	-41.563515	119.277962
1813.666667	-42.250423	118.805717
1813.733333	-41.757694	119.102074
1813.800000	-41.600086	118.948822
1813.866667	-41.635929	119.223839
1813.933333	-40.919453	119.129646
1814.000000	-42.078651	118.989571
1814.066667	-40.788200	119.237740
1814.133333	-40.897392	119.168251
1814.200000	-42.125801	119.515678
1814.266667	-41.257229	119.399872
1814.333333	-40.912796	119.300034
1814.400000	-40.128086	119.168251
1814.466667	-41.081169	118.877159
1814.533333	-40.432083	119.407104
1814.600000	-40.765038	119.064018
1814.666667	-40.586060	119.120872
1814.733333	-40.883541	118.982414
1814.800000	-40.621059	119.168251
1814.866667	-40.401066	119.052444
1814.933333	-40.277840	119.060425
1815.000000	-40.165848	118.956772
1815.066667	-40.268177	118.809616
1815.133333	-40.398308	118.753265
1815.200000	-40.100655	118.473389
1815.266667	-39.926201	118.811432
1815.333333	-40.028820	119.242699
1815.400000	-40.091236	118.883987
1815.466667	-39.954369	118.549393
1815.533333	-40.718716	118.334419
1815.600000	-39.853035	118.849777
1815.666667	-39.676426	118.751335
1815.733333	-39.856377	118.687195
1815.800000	-40.450699	118.671921
1815.866667	-40.014271	118.677055
1815.933333	-39.413925	118.859421
1816.000000	-39.954369	118.743614
1816.066667	-40.020546	118.705009
1816.133333	-39.557308	118.957314
1816.200000	-39.441498	119.019356
1816.266667	-40.060108	118.684868
1816.333333	-39.378632	119.039207
1816.400000	-40.082371	118.345390
1816.466667	-39.641682	118.820824
1816.533333	-39.183510	119.016251
1816.600000	-39.002155	119.271194
1816.666667	-39.270718	119.033760
1816.733333	-39.484318	118.565361
1816.800000	-38.110321	119.328606
1816.866667	-39.566067	118.718636
1816.933333	-39.491131	118.343109
1817.000000	-38.696114	118.989838
1817.066667	-38.604134	118.852409
1817.133333	-39.007626	118.864250
1817.200000	-38.785744	118.615524
1817.266667	-38.763184	118.830750
1817.333333	-38.333035	119.006119
1817.400000	-38.134937	118.683678
1817.466667	-38.587814	118.913467
1817.533333	-38.564651	118.622292
1817.600000	-38.185638	119.189308
1817.666667	-38.137810	118.870453
1817.733333	-37.198097	119.284058
1817.800000	-37.946999	118.944351
1817.866667	-38.254784	118.914719
1817.933333	-37.953655	118.844780
1818.000000	-37.946999	119.039574
1818.066667	-37.779720	118.923767
1818.133333	-36.827507	119.614944
1818.200000	-37.567680	118.896347
1818.266667	-36.772648	119.387680
1818.333333	-36.769600	119.631493
1818.400000	-37.711872	118.957687
1818.466667	-36.772648	119.223106
1818.533333	-37.492584	119.078911
1818.600000	-37.437439	119.091042
1818.666667	-37.621632	119.002808
1818.733333	-37.811890	118.690536
1818.800000	-36.566933	119.307220
1818.866667	-36.695152	119.267517
1818.933333	-37.224567	118.907677
1819.000000	-35.785217	119.298538
1819.066667	-36.863445	118.856766
1819.133333	-36.682743	118.878723
1819.200000	-35.185112	118.273354
1819.266667	-36.549564	119.179832
1819.333333	-36.343212	119.178780
1819.400000	-36.446987	118.671921
1819.466667	-36.645519	119.060715
1819.533333	-36.022102	119.105080
1819.600000	-35.866283	119.110344
1819.666667	-36.055443	118.589203
1819.733333	-35.944458	119.066917
1819.800000	-35.785217	119.060425
1819.866667	-35.785217	118.589203
1819.933333	-35.553600	119.217880
1820.000000	-35.692570	119.168251
1820.066667	-36.132648	118.492691
1820.133333	-35.958931	118.676056
1820.200000	-35.415375	119.179459
1820.266667	-35.481216	119.095871
1820.333333	-35.839504	118.777390
1820.400000	-35.174221	119.096367
1820.466667	-35.924191	118.959793
1820.533333	-35.437790	119.061348
1820.600000	-35.215435	119.279427
1820.666667	-35.203476	119.394485
1820.733333	-34.558998	119.025192
1820.800000	-34.981167	119.188103
1820.866667	-35.593533	119.156273
1820.933333	-35.328075	119.076820
1821.000000	-35.063633	119.034622
1821.066667	-34.772709	119.098763
1821.133333	-34.742931	119.209122
1821.200000	-34.666931	118.853394
1821.266667	-34.319973	119.455261
1821.333333	-34.858742	119.002808
1821.400000	-34.482357	119.226158
1821.466667	-35.069302	118.789238
1821.533333	-34.284954	119.034019
1821.600000	-34.097706	119.317146
1821.666667	-33.801510	119.157043
1821.733333	-34.632385	118.426018
1821.800000	-33.832104	119.177643
1821.866667	-34.436375	118.994537
1821.933333	-34.246601	118.845634
1822.000000	-33.544899	119.024490
1822.066667	-33.590481	119.049614
1822.133333	-34.195465	118.905045
1822.200000	-33.950790	119.043175
1822.266667	-33.200344	119.098763
1822.333333	-33.422699	118.931999
1822.400000	-33.144756	119.006119
1822.466667	-33.741039	119.014732
1822.533333	-33.626194	119.106209
1822.600000	-33.179497	119.565315
1822.666667	-33.067825	119.155846
1822.733333	-33.033577	118.931999
1822.800000	-33.263874	119.158325
1822.866667	-33.179497	119.168251
1822.933333	-33.095444	119.257912
1823.000000	-32.509457	119.168251
1823.066667	-33.402847	118.895271
1823.133333	-32.799206	119.055573
1823.200000	-32.703182	118.865654
1823.266667	-32.782436	119.056580
1823.333333	-33.077312	118.963882
1823.400000	-31.934544	119.327492
1823.466667	-31.978601	119.319305
1823.533333	-32.768070	119.031105
1823.600000	-32.535072	119.134628
1823.666667	-32.762585	118.670265
1823.733333	-32.512070	118.692818
1823.800000	-32.086117	118.810600
1823.866667	-31.963495	118.872932
1823.933333	-31.380310	119.081390
1824.000000	-32.264156	118.720604
1824.066667	-31.819439	118.990295
1824.133333	-31.746353	119.064018
1824.200000	-31.764965	118.994537
1824.266667	-31.932840	118.810600
1824.333333	-31.563951	119.341965
1824.400000	-31.352020	119.335014
1824.466667	-31.719557	118.835602
1824.533333	-31.037018	119.284058
1824.600000	-31.369503	119.022552
1824.666667	-31.454760	119.217880
1824.733333	-31.018488	119.098763
1824.800000	-31.011282	119.193985
1824.866667	-31.048317	119.202148
1824.933333	-31.251690	119.083511
1825.000000	-31.635368	118.762917
1825.066667	-31.243820	119.031761
1825.133333	-31.402264	119.016808
1825.200000	-30.735912	118.959793
1825.266667	-30.801405	119.180229
1825.333333	-30.998415	119.187553
1825.400000	-31.142300	118.552353
1825.466667	-30.869093	118.812134
1825.533333	-31.157755	118.717331
1825.600000	-30.829779	118.811676
1825.666667	-31.074486	118.912788
1825.733333	-30.420502	118.933228
1825.800000	-30.899937	118.912994
1825.866667	-30.342159	118.982956
1825.933333	-30.938580	119.150879
1826.000000	-30.429016	119.139297
1826.066667	-30.739941	118.911453
1826.133333	-31.169373	118.986267
1826.200000	-30.119448	119.088074
1826.266667	-30.032198	118.974098
1826.333333	-30.552065	119.179108
1826.400000	-30.552065	118.574722
1826.466667	-30.278463	118.942421
1826.533333	-29.974463	118.881622
1826.600000	-30.057899	119.010330
1826.666667	-29.997362	119.144562
1826.733333	-30.386702	118.874275
1826.800000	-30.030920	119.059677
1826.866667	-29.692797	118.957314
1826.933333	-29.531490	119.348396
1827.000000	-29.633677	118.974098
1827.066667	-29.642036	118.836617
1827.133333	-29.641205	119.040253
1827.200000	-29.550793	119.013840
1827.266667	-30.075796	118.658691
1827.333333	-29.308144	118.969719
1827.400000	-29.746567	119.118614
1827.466667	-29.241966	118.982956
1827.533333	-28.906118	119.168251
1827.600000	-29.238348	118.766533
1827.666667	-28.811815	119.056580
1827.733333	-29.684361	118.473389
1827.800000	-29.073515	119.136665
1827.866667	-28.019152	119.372620
1827.933333	-27.794344	119.143433
1828.000000	-29.614874	118.515083
1828.066667	-28.042507	119.168251
1828.133333	-28.416059	119.113396
1828.200000	-28.793203	118.712250
1828.266667	-27.977201	118.976250
1828.333333	-27.972513	118.945541
1828.400000	-28.402346	118.777390
1828.466667	-28.808838	118.959793
1828.533333	-28.489202	118.677765
1828.600000	-27.919062	118.749557
1828.666667	-28.079733	118.845634
1828.733333	-28.118612	119.237740
1828.800000	-28.045265	119.592888
1828.866667	-27.751974	118.778450
1828.933333	-28.275400	119.408775
1829.000000	-28.033201	119.027107
1829.066667	-27.633991	119.141525
1829.133333	-28.113604	118.942894
1829.200000	-27.138088	119.129646
1829.266667	-27.718344	119.179108
1829.333333	-27.468185	118.941360
1829.400000	-26.752056	119.052444
1829.466667	-27.313288	118.794098
1829.533333	-27.794344	118.999229
1829.600000	-27.839661	119.032303
1829.666667	-27.585886	118.860527
1829.733333	-25.263073	116.897552
1829.800000	-26.404627	119.515678
1829.866667	-27.731174	118.852409
1829.933333	-26.636246	118.722832
1830.000000	-26.789280	118.969719
1830.066667	-26.906469	119.065308
1830.133333	-26.250214	119.322662
1830.200000	-26.801689	119.201340
1830.266667	-26.201960	119.313011
1830.333333	-26.495260	118.820824
1830.400000	-26.718967	118.754646
1830.466667	-26.368687	118.712997
1830.533333	-26.888922	118.589203
1830.600000	-26.497274	119.110344
1830.666667	-26.444334	118.602440
1830.733333	-26.814096	118.907677
1830.800000	-25.644625	119.103111
1830.866667	-26.285770	119.021965
1830.933333	-25.984055	119.296249
1831.000000	-26.043835	119.355331
1831.066667	-25.877880	119.157043
1831.133333	-25.636625	119.424248
1831.200000	-25.709768	119.139297
1831.266667	-25.733728	119.072411
1831.333333	-25.466568	119.150879
1831.400000	-25.651863	118.994537
1831.466667	-25.938080	118.999496
1831.533333	-25.989954	119.089798
1831.600000	-25.995886	118.953659
1831.666667	-25.411972	118.949867
1831.733333	-24.778658	118.973694
1831.800000	-25.135174	118.914360
1831.866667	-25.353865	118.880142
1831.933333	-25.465630	118.698753
1832.000000	-25.617802	118.851479
1832.066667	-25.819483	118.509964
1832.133333	-25.095085	118.687195
1832.200000	-24.718952	118.872292
1832.266667	-24.401800	119.290871
1832.333333	-24.568214	118.903542
1832.400000	-24.189766	118.972824
1832.466667	-25.036625	118.712250
1832.533333	-24.413952	118.933502
1832.600000	-25.501310	118.612366
1832.666667	-25.101767	118.771187
1832.733333	-24.233194	119.037964
1832.800000	-24.998365	118.407211
1832.866667	-24.744686	119.226158
1832.933333	-23.674826	119.035896
1833.000000	-24.725386	118.878723
1833.066667	-23.785545	119.502319
1833.133333	-23.052956	119.106941
1833.200000	-24.574833	118.681847
1833.266667	-23.736370	119.140457
1833.333333	-23.646908	119.472252
1833.400000	-24.207977	118.876862
1833.466667	-23.769955	118.980057
1833.533333	-24.597994	118.681847
1833.600000	-23.942411	119.077614
1833.666667	-23.651918	119.034622
1833.733333	-23.590450	119.046654
1833.800000	-23.804171	118.957687
1833.866667	-23.321192	119.313011
1833.933333	-22.930334	119.197205
1834.000000	-23.670509	118.790611
1834.066667	-23.798906	118.790169
1834.133333	-23.088257	119.152458
1834.200000	-23.370411	118.890305
1834.266667	-23.370411	118.890305
1834.333333	-22.369102	119.141525
1834.400000	-23.128864	118.820824
1834.466667	-22.539476	119.016251
1834.533333	-22.930334	118.473389
1834.600000	-22.930334	118.473389
1834.666667	-22.930334	118.473389
1834.733333	-21.347601	118.898026
1834.800000	-22.976658	119.052444
1834.866667	-22.540792	118.578674
1834.933333	-23.009295	118.820824
1835.000000	-22.731802	119.118614
1835.066667	-22.731802	119.118614
1835.133333	-23.538336	118.068054
1835.200000	-24.146336	118.473389
1835.266667	-21.970768	119.184792
1835.333333	-22.068708	119.321121
1835.400000	-22.113874	119.081390
1835.466667	-22.409189	119.017700
1835.533333	-22.409189	119.017700
1835.600000	-21.123701	119.168251
1835.666667	-21.530689	119.267517
1835.733333	-22.582905	118.043243
1835.800000	-21.373337	118.936630
1835.866667	-21.888046	118.519714
1835.933333	-21.888046	118.519714
1836.000000	-21.158445	119.145088
1836.066667	-21.637125	118.733963
1836.133333	-22.144047	118.473389
1836.200000	-22.023996	118.654663
1836.266667	-21.297417	119.237740
1836.333333	-21.297417	119.237740
1836.400000	-20.466743	118.852409
1836.466667	-21.287941	118.781342
1836.533333	-20.405682	118.728172
1836.600000	-21.459549	118.762917
1836.666667	-20.411472	119.133507
1836.733333	-20.084723	118.936630
1836.800000	-20.084723	118.936630
1836.866667	-20.382519	119.013840
1836.933333	-20.740019	119.228676
1837.000000	-19.750019	119.114799
1837.066667	-20.917288	118.953659
1837.133333	-20.523146	119.081390
1837.200000	-20.523146	119.081390
1837.266667	-20.087730	119.168251
1837.333333	-20.333757	119.003677
1837.400000	-20.637300	118.959793
1837.466667	-20.945024	119.279922
1837.533333	-20.482170	119.071297
1837.600000	-20.482170	119.071297
1837.666667	-19.926092	118.984314
1837.733333	-20.498329	118.595459
1837.800000	-20.349430	119.135162
1837.866667	-20.389757	119.016251
1837.933333	-20.620951	118.636887
1838.000000	-19.931471	118.848251
1838.066667	-19.931471	118.848251
1838.133333	-19.420099	119.096367
1838.200000	-19.443172	118.820824
1838.266667	-19.971920	118.757652
1838.333333	-20.516615	118.820824
1838.400000	-19.849184	118.930534
1838.466667	-19.849184	118.930534
1838.533333	-20.184795	118.947929
1838.600000	-20.116158	118.473389
1838.666667	-20.637300	117.917503
1838.733333	-19.861376	118.762917
1838.800000	-19.265514	118.921684
1838.866667	-19.265514	118.921684
1838.933333	-19.590530	118.899277
1839.000000	-19.166517	118.913467
1839.066667	-19.503418	118.568146
1839.133333	-18.934896	118.925049
1839.200000	-19.371815	118.789238
1839.266667	-19.371815	118.789238
1839.333333	-19.344864	118.765236
1839.400000	-19.131773	118.762917
1839.466667	-19.226738	119.147408
1839.533333	-19.119141	118.978745
1839.600000	-19.039125	119.029282
1839.666667	-19.009346	118.738098
1839.733333	-19.009346	118.738098
1839.800000	-18.475794	118.957314
1839.866667	-19.738327	118.581963
1839.933333	-19.483835	118.779129
1840.000000	-18.964848	118.928642
1840.066667	-18.891468	118.842537
1840.133333	-18.891468	118.842537
1840.200000	-18.645372	118.953178
1840.266667	-19.121975	118.927719
1840.333333	-19.268963	118.687195
1840.400000	-18.887520	118.852409
1840.466667	-19.386555	118.820824
1840.533333	-19.386555	118.820824
1840.600000	-18.778553	118.733963
1840.666667	-18.157753	118.976250
1840.733333	-18.360302	119.061348
1840.800000	-17.892609	118.915573
1840.866667	-17.682953	119.048447
1840.933333	-18.500610	119.066917
1841.000000	-18.544039	118.820824
1841.066667	-18.605438	118.461411
1841.133333	-19.234949	118.694481
1841.200000	-18.258009	118.724976
1841.266667	-17.762323	118.820824
1841.333333	-18.052961	118.994537
1841.400000	-17.522522	119.258881
1841.466667	-17.938932	118.959793
1841.533333	-18.314487	118.853912
1841.600000	-17.875238	118.525505
1841.666667	-17.332861	119.187553
1841.733333	-17.454185	118.820824
1841.800000	-17.545179	119.064018
1841.866667	-17.624142	118.947159
1841.933333	-16.649881	119.382050
1842.000000	-17.603085	118.907677
1842.066667	-17.927353	118.125961
1842.133333	-17.467974	119.091042
1842.200000	-17.699593	118.917328
1842.266667	-17.892609	118.647110
1842.333333	-17.892609	118.241776
1842.400000	-17.737181	118.400246
1842.466667	-17.603085	118.511993
1842.533333	-17.184387	118.807457
1842.600000	-17.765219	118.357582
1842.666667	-15.808033	119.341965
1842.733333	-17.857866	118.496552
1842.800000	-17.592556	118.789238
1842.866667	-15.147918	118.681847
1842.933333	-17.545179	118.647110
1843.000000	-17.087204	119.105080
1843.066667	-16.537634	118.566040
1843.133333	-16.980608	118.516823
1843.200000	-15.248286	118.975235
1843.266667	-17.414894	118.560249
1843.333333	-16.553984	118.473389
1843.400000	-15.348201	118.861694
1843.466667	-15.348201	118.861694
1843.533333	-14.731003	119.168251
1843.600000	-16.589748	118.647110
1843.666667	-17.024036	118.299675
1843.733333	-15.364096	119.361267
1843.800000	-15.171080	119.670090
1843.866667	-15.733584	119.217880
1843.933333	-15.773291	119.932594
1844.000000	-15.773291	119.932594
1844.066667	-15.113174	119.124825
1844.133333	-15.038726	118.671921
1844.200000	-15.217403	118.658691
1844.266667	-15.877519	118.925049
1844.333333	-15.877519	118.925049
1844.400000	-15.350059	118.820824
1844.466667	-14.505174	119.110344
1844.533333	-15.113174	119.863106
1844.600000	-13.694505	119.139297
1844.666667	-15.518509	118.531296
1844.733333	-13.872355	119.217880
1844.800000	-14.592031	118.671921
1844.866667	-15.886994	118.694481
1844.933333	-14.592031	118.491676
1845.000000	-14.088258	119.064018
1845.066667	-13.260219	119.052444
1845.133333	-16.444986	118.357582
1845.200000	-14.307771	118.631317
1845.266667	-13.847539	118.920090
1845.333333	-13.676081	119.199837
1845.400000	-13.158885	119.211678
1845.466667	-13.549743	119.168251
1845.533333	-13.704156	119.245461
1845.600000	-13.704156	119.245461
1845.666667	-13.404981	119.197205
1845.733333	-13.578695	119.081390
1845.800000	-13.868219	118.705009
1845.866667	-13.491838	119.399872
1845.933333	-13.597119	118.805031
1846.000000	-13.570180	119.250000
1846.066667	-13.293742	119.204819
1846.133333	-14.030799	118.580292
1846.200000	-13.229039	119.355331
1846.266667	-13.237057	119.202995
1846.333333	-12.936632	118.943443
1846.400000	-13.120565	119.127380
1846.466667	-13.173361	119.255112
1846.533333	-13.739249	118.583939
1846.600000	-13.739249	118.583939
1846.666667	-13.655482	118.941666
1846.733333	-14.070887	118.647110
1846.800000	-14.012981	118.473389
1846.866667	-13.433933	118.688469
1846.933333	-13.584486	118.490761
1847.000000	-13.341285	119.029282
1847.066667	-13.341285	119.029282
1847.133333	-12.811456	119.211678
1847.200000	-13.588346	118.396187
1847.266667	-13.665552	118.994537
1847.333333	-12.910921	118.764786
1847.400000	-12.507455	118.994537
1847.466667	-14.592031	118.299675
1847.533333	-11.117738	119.168251
1847.600000	-13.202313	119.341965
1847.666667	-12.823299	118.252304
1847.733333	-12.777678	119.091042
1847.800000	-12.433005	119.118614
1847.866667	-12.606720	118.969719
1847.933333	-12.656353	119.267517
1848.000000	-13.086504	118.936630
1848.066667	-12.936632	119.086502
1848.133333	-12.681170	119.168251
1848.200000	-11.787174	119.176727
1848.266667	-13.607648	119.052444
1848.333333	-12.970694	118.647110
1848.400000	-12.700471	118.898026
1848.466667	-12.286364	119.041916
1848.533333	-12.457822	119.093803
1848.600000	-13.044391	118.852409
1848.666667	-13.341285	118.681847
1848.733333	-12.160026	118.898026
1848.800000	-11.856025	118.885963
1848.866667	-10.749871	118.943443
1848.933333	-11.452759	118.709145
1849.000000	-12.160026	118.473389
1849.066667	-11.506041	118.841255
1849.133333	-12.259291	117.778534
1849.200000	-12.264255	118.925049
1849.266667	-11.172595	118.985390
1849.333333	-11.692793	118.557251
1849.400000	-10.422879	119.416412
1849.466667	-11.465167	119.149963
1849.533333	-10.364974	119.139297
1849.600000	-10.307069	118.010155
1849.666667	-10.040707	118.612366
1849.733333	-9.728021	119.168251
1849.800000	-10.596594	119.341965
1849.866667	-10.788594	119.058533
1849.933333	-11.196699	118.773445
1850.000000	-10.756412	118.695747
1850.066667	-10.839794	118.501183
1850.133333	-11.607297	118.378639
1850.200000	-11.269738	118.256248
1850.266667	-10.240892	119.366783
1850.333333	-10.307069	119.226158
1850.400000	-10.155625	119.221703
1850.466667	-11.117738	118.415489
1850.533333	-10.690132	119.034622
1850.600000	-12.333740	118.473389
1850.666667	-10.422879	118.756485
1850.733333	-11.152480	118.786079
1850.800000	-9.728021	119.631493
1850.866667	-9.641163	119.023491
1850.933333	-10.871642	118.878723
1851.000000	-9.901735	118.710274
1851.066667	-10.162307	119.081390
1851.133333	-9.965735	118.839104
1851.200000	-9.674570	119.061348
1851.266667	-10.375503	118.504974
1851.333333	-10.307069	118.589203
1851.400000	-11.378309	118.212822
1851.466667	-9.206877	118.994537
1851.533333	-10.533424	118.978745
1851.600000	-9.869164	118.864250
1851.666667	-10.114930	118.733963
1851.733333	-9.658535	118.925049
1851.800000	-8.894190	119.029282
1851.866667	-10.422879	118.125961
1851.933333	-10.075450	118.104248
1852.000000	-9.752837	118.920090
1852.066667	-9.861647	118.553566
1852.133333	-9.300415	118.673836
1852.200000	-10.625546	118.154915
1852.266667	-9.936478	118.487289
1852.333333	-9.430223	119.242699
1852.400000	-9.353866	118.566933
1852.466667	-9.047059	119.057076
1852.533333	-9.143707	118.678688
1852.600000	-10.238946	118.616447
1852.666667	-9.284083	118.618156
1852.733333	-9.199928	118.904205
1852.800000	-9.353866	118.446663
1852.866667	-9.752837	118.746368
1852.933333	-8.425160	119.211678
1853.000000	-9.005367	118.779129
1853.066667	-9.409544	118.965584
1853.133333	-9.093584	118.609344
1853.200000	-9.496401	118.125961
1853.266667	-7.990874	118.878723
1853.333333	-10.125083	118.324493
1853.400000	-9.882434	118.010155
1853.466667	-8.121160	119.124825
1853.533333	-9.264781	118.618156
1853.600000	-7.469730	118.820824
1853.666667	-8.859447	118.200409
1853.733333	-9.482777	118.289459
1853.800000	-9.148972	118.299675
1853.866667	-9.430223	118.225227
1853.933333	-8.872809	118.232864
1854.000000	-10.017545	118.068054
1854.066667	-9.235829	118.183868
1854.133333	-9.653571	118.026695
1854.200000	-9.226178	118.936630
1854.266667	-9.189505	118.299675
1854.333333	-8.824704	118.681847
1854.400000	-8.060360	118.751335
1854.466667	-8.963676	118.473389
1854.533333	-7.817159	119.307220
1854.600000	-8.214221	118.721558
1854.666667	-7.527635	118.936630
1854.733333	-9.102648	118.577621
1854.800000	-9.206877	118.473389
1854.866667	-8.685733	118.705009
1854.933333	-7.320832	118.796005
1855.000000	-8.801542	118.878723
1855.066667	-7.357327	118.861694
1855.133333	-9.206877	118.647110
1855.200000	-7.527635	118.878723
1855.266667	-7.527635	118.612366
1855.333333	-7.623008	119.045631
1855.400000	-7.000700	118.716591
1855.466667	-8.303560	118.577621
1855.533333	-6.725239	118.796005
1855.600000	-6.080013	119.341965
1855.666667	-6.913843	119.064018
1855.733333	-6.601157	119.168251
1855.800000	-6.601157	119.168251
1855.866667	-6.080013	118.994537
1855.933333	-6.080013	118.994537
1856.000000	-7.203368	118.473389
1856.066667	-5.993155	119.255112
1856.133333	-6.253727	119.515678
1856.200000	-6.055196	118.473389
1856.266667	-6.055196	118.473389
1856.333333	-8.060360	118.438652
1856.400000	-7.296015	118.473389
1856.466667	-6.678363	119.284058
1856.533333	-6.253727	119.515678
1856.600000	-8.037198	118.450233
1856.666667	-5.176697	119.168251
1856.733333	-5.176697	119.168251
1856.800000	-7.643445	118.820824
1856.866667	-5.456684	119.127380
1856.933333	-7.047852	118.920090
1857.000000	-5.986474	119.248428
1857.066667	-4.690296	119.081390
1857.133333	-5.153534	119.139297
1857.200000	-6.195823	118.444443
1857.266667	-4.843573	118.943443
1857.333333	-4.843573	118.943443
1857.400000	-6.176521	118.627808
1857.466667	-4.979820	118.705009
1857.533333	-4.888826	118.969719
1857.600000	-5.822915	118.626259
1857.666667	-5.833917	118.835297
1857.733333	-5.819441	118.777390
1857.800000	-5.134233	119.129646
1857.866667	-4.169152	118.820824
1857.933333	-5.745946	118.687195
1858.000000	-5.703631	118.212822
1858.066667	-3.821722	118.820824
1858.133333	-4.099666	118.820824
1858.200000	-3.995437	118.299675
1858.266667	-5.170566	118.739075
1858.333333	-4.412352	119.307220
1858.400000	-4.268417	119.019356
1858.466667	-4.091945	118.782219
1858.533333	-5.658134	118.374130
1858.600000	-4.848218	118.504974
1858.666667	-4.417315	118.820824
1858.733333	-4.516581	118.762917
1858.800000	-4.551324	118.716591
1858.866667	-5.732584	119.168251
1858.933333	-4.099666	118.959793
1859.000000	-4.516581	118.765961
1859.066667	-4.145990	119.052444
1859.133333	-3.648008	118.618156
1859.200000	-3.648008	118.618156
1859.266667	-4.489856	118.740646
1859.333333	-4.814377	118.423759
1859.400000	-6.137918	117.952248
1859.466667	-3.790138	119.105080
1859.533333	-4.958764	118.694481
1859.600000	-3.821722	118.959793
1859.666667	-4.541397	118.498207
1859.733333	-3.748579	118.711105
1859.800000	-3.445341	118.762917
1859.866667	-4.047551	118.456024
1859.933333	-4.020253	118.820824
1860.000000	-3.682751	118.994537
