6240.066667	-116.359161	119.418228
6240.133333	-116.524399	119.333488
6240.200000	-116.624725	119.344109
6240.266667	-116.591049	119.271957
6240.333333	-116.532417	119.432297
6240.400000	-116.808624	119.235809
6240.466667	-116.685402	119.329254
6240.533333	-116.909958	119.378159
6240.600000	-116.842171	119.299599
6240.666667	-116.818222	119.519585
6240.733333	-117.115257	119.365654
6240.800000	-117.175644	119.341965
6240.866667	-117.198021	119.221024
6240.933333	-117.351944	119.414528
6241.000000	-117.431107	119.321663
6241.066667	-117.196358	119.280930
6241.133333	-117.426865	119.481781
6241.200000	-117.689194	119.446198
6241.266667	-117.692749	119.481369
6241.333333	-117.448692	119.374947
6241.400000	-117.826302	119.502655
6241.466667	-117.842148	119.447174
6241.533333	-117.877800	119.294586
6241.600000	-118.014442	119.515678
6241.666667	-118.040176	119.434181
6241.733333	-118.046150	119.393608
6241.800000	-118.244598	119.413994
6241.866667	-118.228149	119.479912
6241.933333	-117.972931	119.250969
6242.000000	-117.915161	119.300980
6242.066667	-118.173553	119.192047
6242.133333	-118.136185	119.122269
6242.200000	-118.302269	119.235664
6242.266667	-118.758949	119.410973
6242.333333	-118.640335	119.272026
6242.400000	-118.784462	119.232887
6242.466667	-118.810898	119.202995
6242.533333	-118.752312	119.408028
6242.600000	-118.992020	119.243782
6242.666667	-118.675278	119.365440
6242.733333	-118.837364	119.147568
6242.800000	-118.977989	119.131027
6242.866667	-118.936630	119.284058
6242.933333	-119.409134	119.372078
6243.000000	-119.085281	119.246033
6243.066667	-119.087341	119.263435
6243.133333	-119.543846	119.304405
6243.200000	-119.871384	119.250969
6243.266667	-119.396561	119.252625
6243.333333	-119.783295	119.266846
6243.400000	-119.538536	119.332825
6243.466667	-119.735573	119.212227
6243.533333	-120.073524	119.354202
6243.600000	-120.036827	119.430939
6243.666667	-119.981644	119.274521
6243.733333	-119.965019	119.242371
6243.800000	-120.153427	119.306267
6243.866667	-120.057671	119.395241
6243.933333	-120.059479	119.273987
6244.000000	-120.079620	119.183357
6244.066667	-120.521606	119.232887
6244.133333	-120.318520	119.299713
6244.200000	-120.288254	119.085968
6244.266667	-120.388824	119.186539
6244.333333	-120.410309	119.211678
6244.400000	-120.548042	119.237740
6244.466667	-120.714737	119.274178
6244.533333	-120.406525	119.172707
6244.600000	-120.767319	119.333054
6244.666667	-120.820656	119.134354
6244.733333	-120.743011	119.141815
6244.800000	-121.149536	119.154167
6244.866667	-120.826813	119.131027
6244.933333	-120.941757	119.127853
6245.000000	-121.275482	119.206017
6245.066667	-121.141151	119.250969
6245.133333	-121.019844	119.139641
6245.200000	-121.221947	119.148949
6245.266667	-121.280624	119.223839
6245.333333	-121.424446	119.109650
6245.400000	-121.565071	119.260605
6245.466667	-121.712662	119.178467
6245.533333	-121.641129	119.321526
6245.600000	-121.679558	119.262657
6245.666667	-121.786377	119.234428
6245.733333	-121.646866	119.155540
6245.800000	-122.034546	119.361267
6245.866667	-122.144424	119.239410
6245.933333	-121.790512	119.184792
6246.000000	-122.145088	119.405136
6246.066667	-121.882545	119.208061
6246.133333	-122.345955	119.405518
6246.200000	-122.309746	119.270653
6246.266667	-122.436661	119.249748
6246.333333	-122.358727	119.315048
6246.400000	-122.480408	119.179832
6246.466667	-122.405663	119.148514
6246.533333	-122.730499	119.322174
6246.600000	-122.816261	119.221703
6246.666667	-122.475922	119.146980
6246.733333	-122.858627	119.155540
6246.800000	-122.858627	119.155540
6246.866667	-122.659912	119.185623
6246.933333	-122.958389	119.145691
6247.000000	-122.855637	119.284058
6247.066667	-123.112846	119.159775
6247.133333	-123.248322	119.061348
6247.200000	-123.289627	119.211678
6247.266667	-123.278084	119.159775
6247.333333	-123.308449	119.158600
6247.400000	-123.487785	119.318634
6247.466667	-123.297470	119.144287
6247.533333	-123.618019	119.177162
6247.600000	-123.618019	119.177162
6247.666667	-123.771690	119.388290
6247.733333	-123.599167	119.263435
6247.800000	-123.762039	119.256485
6247.866667	-123.890717	119.133934
6247.933333	-123.824654	119.236038
6248.000000	-123.824654	119.236038
6248.066667	-123.822968	119.339874
6248.133333	-123.984489	119.237740
6248.200000	-123.969475	119.214294
6248.266667	-124.068359	119.055450
6248.333333	-124.151382	119.024315
6248.400000	-124.406075	119.190239
6248.466667	-124.406075	119.190239
6248.533333	-124.417763	119.039749
6248.600000	-124.434288	119.163284
6248.666667	-124.405426	119.159676
6248.733333	-124.428551	119.113968
6248.800000	-124.659325	119.104698
6248.866667	-124.659325	119.104698
6248.933333	-124.731514	119.137466
6249.000000	-124.960327	119.149216
6249.066667	-124.838791	119.172386
6249.133333	-124.853455	119.073494
6249.200000	-124.972862	119.058090
6249.266667	-124.972862	119.058090
6249.333333	-125.079735	119.147507
6249.400000	-125.154724	119.047989
6249.466667	-125.160072	119.205666
6249.533333	-125.365021	119.333420
6249.600000	-125.134972	119.188393
6249.666667	-125.177841	119.135384
6249.733333	-125.177841	119.135384
6249.800000	-125.502480	119.121643
6249.866667	-125.600517	119.076569
6249.933333	-125.569519	119.101624
6250.000000	-125.759621	119.173141
6250.066667	-125.645668	119.006432
6250.133333	-125.645668	119.006432
6250.200000	-125.779625	118.994537
6250.266667	-125.974060	119.101624
6250.333333	-126.179626	119.122208
6250.400000	-126.018738	119.053802
6250.466667	-126.217545	118.971878
6250.533333	-126.217545	118.971878
6250.600000	-126.108040	119.133064
6250.666667	-126.306763	118.982956
6250.733333	-126.406364	119.123711
6250.800000	-126.464264	118.970406
6250.866667	-126.341644	119.066063
6250.933333	-126.603241	118.890305
6251.000000	-126.603241	118.890305
6251.066667	-126.715187	119.139297
6251.133333	-126.699150	119.055702
6251.200000	-126.685814	119.163216
6251.266667	-126.797012	119.060600
6251.333333	-126.825233	119.068985
6251.400000	-126.825233	119.068985
6251.466667	-127.109489	119.068985
6251.533333	-127.172485	118.998993
6251.600000	-127.095955	118.984009
6251.666667	-127.549980	119.124825
6251.733333	-127.330078	119.140678
6251.800000	-127.330078	119.140678
6251.866667	-127.243179	119.134628
6251.933333	-127.282410	119.196266
6252.000000	-127.723068	119.133003
6252.066667	-127.690193	119.059059
6252.133333	-127.928429	119.039207
6252.200000	-127.928429	119.039207
6252.266667	-127.539124	119.086823
6252.333333	-128.106155	119.044968
6252.400000	-127.886414	119.057076
6252.466667	-127.958214	119.153358
6252.533333	-128.077332	118.959793
6252.600000	-128.025101	119.064537
6252.666667	-128.025101	119.064537
6252.733333	-128.196381	119.012161
6252.800000	-128.142532	119.009254
6252.866667	-128.267838	118.938332
6252.933333	-128.334259	119.147812
6253.000000	-128.425095	119.068306
6253.066667	-128.425095	119.068306
6253.133333	-128.639709	118.970482
6253.200000	-128.468658	119.050659
6253.266667	-128.753738	118.985626
6253.333333	-128.680450	118.968216
6253.400000	-128.853439	119.125420
6253.466667	-128.853439	119.125420
6253.533333	-128.881165	119.102791
6253.600000	-129.020355	119.173210
6253.666667	-129.057404	119.158180
6253.733333	-128.970306	119.191032
6253.800000	-129.273911	119.052444
6253.866667	-129.400757	119.011192
6253.933333	-129.253098	118.985146
6254.000000	-129.112442	119.129646
6254.066667	-129.489212	118.982956
6254.133333	-129.507080	119.173851
6254.200000	-129.498489	119.140457
6254.266667	-129.559540	119.162987
6254.333333	-129.608505	119.260895
6254.400000	-129.893250	118.981949
6254.466667	-129.629211	119.149216
6254.533333	-129.796844	119.035683
6254.600000	-129.869080	118.944901
6254.666667	-130.009125	118.940247
6254.733333	-129.997284	119.138893
6254.800000	-129.983673	118.956184
6254.866667	-130.141220	118.982124
6254.933333	-130.352173	118.881485
6255.000000	-130.070023	118.797348
6255.066667	-130.129395	118.918686
6255.133333	-130.281235	118.777985
6255.200000	-130.547821	118.901382
6255.266667	-130.390213	119.024315
6255.333333	-130.561218	118.996796
6255.400000	-130.483658	118.850769
6255.466667	-130.704086	118.932709
6255.533333	-130.725098	119.033142
6255.600000	-130.889648	118.881622
6255.666667	-130.993713	118.915184
6255.733333	-130.985962	118.923004
6255.800000	-131.512207	118.970695
6255.866667	-131.112961	118.996986
6255.933333	-131.035126	118.913109
6256.000000	-130.929581	119.008774
6256.066667	-131.294495	118.946281
6256.133333	-131.633591	118.920837
6256.200000	-131.211075	118.833382
6256.266667	-131.510529	118.820824
6256.333333	-131.789612	118.929039
6256.400000	-131.566513	118.895271
6256.466667	-131.658890	118.927292
6256.533333	-131.578430	118.969055
6256.600000	-131.947601	118.851036
6256.666667	-131.814682	118.858238
6256.733333	-132.030090	118.848618
6256.800000	-132.177551	118.925598
6256.866667	-132.182373	118.864250
6256.933333	-132.133148	118.693428
6257.000000	-132.157623	118.753578
6257.066667	-132.283707	118.912247
6257.133333	-132.476105	118.987938
6257.200000	-132.433731	118.739601
6257.266667	-132.434708	118.868927
6257.333333	-132.554108	118.552055
6257.400000	-132.580856	118.848251
6257.466667	-132.769257	118.860687
6257.533333	-132.586533	118.825516
6257.600000	-132.746017	118.736763
6257.666667	-132.769852	118.670441
6257.733333	-132.966156	118.693985
6257.800000	-132.997177	118.504410
6257.866667	-133.143204	118.914162
6257.933333	-133.089554	118.907677
6258.000000	-133.040604	118.776154
6258.066667	-133.229996	118.692818
6258.133333	-133.381271	118.678688
6258.200000	-133.449707	118.826088
6258.266667	-133.576035	118.857674
6258.333333	-133.318100	118.952423
6258.400000	-133.418121	118.883987
6258.466667	-133.657837	118.896545
6258.533333	-133.718430	118.933838
6258.600000	-133.340469	118.912506
6258.666667	-133.718430	118.904541
6258.733333	-133.795029	118.764366
6258.800000	-133.778336	118.631317
6258.866667	-133.825134	118.885674
6258.933333	-133.907669	118.899780
6259.000000	-134.036179	118.820824
6259.066667	-133.979431	118.842201
6259.133333	-134.034866	118.759178
6259.200000	-134.102524	118.810448
6259.266667	-134.016281	118.788818
6259.333333	-134.285995	118.647110
6259.400000	-134.416534	118.811172
6259.466667	-134.394333	118.790421
6259.533333	-134.269852	118.528984
6259.600000	-134.540573	118.763863
6259.666667	-134.784760	118.834183
6259.733333	-134.649704	118.769867
6259.800000	-134.764572	118.685104
6259.866667	-134.675034	118.829620
6259.933333	-134.868195	118.828545
6260.000000	-134.822769	118.756180
6260.066667	-134.930359	118.924652
6260.133333	-135.030563	118.820824
6260.200000	-135.016739	118.768471
6260.266667	-135.041168	118.783150
6260.333333	-135.100372	118.750511
6260.400000	-135.307053	118.916008
6260.466667	-135.375595	118.960693
6260.533333	-135.218628	118.795082
6260.600000	-135.606003	118.851219
6260.666667	-135.515015	118.983543
6260.733333	-135.483887	118.883987
6260.800000	-135.502182	118.839859
6260.866667	-135.754425	118.873177
6260.933333	-135.749664	118.868416
6261.000000	-135.671143	118.933739
6261.066667	-135.820038	118.796005
6261.133333	-135.651352	118.693283
6261.200000	-135.682144	118.763649
6261.266667	-135.821381	118.769173
6261.333333	-136.003922	118.820824
6261.400000	-135.938400	118.696106
6261.466667	-136.037872	118.748444
6261.533333	-136.140427	118.618584
6261.600000	-136.100601	118.820824
6261.666667	-136.060822	118.722229
6261.733333	-136.399628	118.658318
6261.800000	-136.286652	118.713593
6261.866667	-136.526352	118.727280
6261.933333	-136.603271	118.702187
6262.000000	-136.470993	118.649017
6262.066667	-136.677795	118.660469
6262.133333	-136.757965	118.745102
6262.200000	-136.682495	118.701836
6262.266667	-136.721512	118.752144
6262.333333	-136.838211	118.766991
6262.400000	-136.905670	118.797661
6262.466667	-137.142227	118.741661
6262.533333	-136.801422	118.757652
6262.600000	-137.134293	118.853058
6262.666667	-137.099258	118.776932
6262.733333	-137.354370	118.796860
6262.800000	-137.519958	118.887001
6262.866667	-137.218414	118.796585
6262.933333	-137.287750	118.856270
6263.000000	-137.354843	118.602562
6263.066667	-137.404160	118.779457
6263.133333	-137.582001	118.542068
6263.200000	-137.560562	118.756485
6263.266667	-137.676758	118.548409
6263.333333	-137.637085	118.617447
6263.400000	-137.812180	118.699219
6263.466667	-137.666931	118.755196
6263.533333	-137.858459	118.615349
6263.600000	-138.101105	118.604187
6263.666667	-138.025528	118.587967
6263.733333	-138.085587	118.590500
6263.800000	-138.103149	118.516823
6263.866667	-138.127335	118.627319
6263.933333	-138.070984	118.640671
6264.000000	-138.239105	118.533813
6264.066667	-138.332306	118.595360
6264.133333	-138.466370	118.560249
6264.200000	-138.395309	118.828720
6264.266667	-138.478943	118.586838
6264.333333	-138.690826	118.539925
6264.400000	-138.500458	118.724503
6264.466667	-138.756866	118.564819
6264.533333	-138.960968	118.623825
6264.600000	-138.736359	118.596672
6264.666667	-138.912064	118.603241
6264.733333	-139.013718	118.633743
6264.800000	-139.061157	118.593788
6264.866667	-139.314758	118.605324
6264.933333	-139.222839	118.700424
6265.000000	-139.147385	118.613922
6265.066667	-139.312134	118.638336
6265.133333	-139.069168	118.638634
6265.200000	-139.319153	118.539223
6265.266667	-139.474899	118.637123
6265.333333	-139.374237	118.477631
6265.400000	-139.216965	118.568764
6265.466667	-139.502625	118.528046
6265.533333	-139.700317	118.544228
6265.600000	-139.780029	118.455666
6265.666667	-139.753433	118.499825
6265.733333	-139.834442	118.598312
6265.800000	-139.898193	118.717880
6265.866667	-139.840302	118.473389
6265.933333	-139.962677	118.544456
6266.000000	-139.994919	118.484848
6266.066667	-139.847687	118.417953
6266.133333	-140.014008	118.537590
6266.200000	-140.179245	118.647110
6266.266667	-140.084381	118.627319
6266.333333	-139.980606	118.610359
6266.400000	-140.306000	118.628624
6266.466667	-140.608978	118.399567
6266.533333	-140.426071	118.562271
6266.600000	-140.494400	118.507706
6266.666667	-140.632996	118.545273
6266.733333	-140.767471	118.707802
6266.800000	-140.708862	118.613846
6266.866667	-140.682724	118.551842
6266.933333	-140.910217	118.690536
6267.000000	-140.832397	118.620087
6267.066667	-140.856705	118.661888
6267.133333	-141.015686	118.446320
6267.200000	-141.031479	118.527161
6267.266667	-140.971466	118.546112
6267.333333	-141.212036	118.589203
6267.400000	-141.006668	118.688469
6267.466667	-141.447617	118.520935
6267.533333	-141.575577	118.555580
6267.600000	-141.453964	118.590599
6267.666667	-141.525894	118.561203
6267.733333	-141.376404	118.574890
6267.800000	-141.516022	118.519012
6267.866667	-141.581482	118.550148
6267.933333	-141.604645	118.452461
6268.000000	-141.693893	118.461937
6268.066667	-141.678009	118.488022
6268.133333	-141.645233	118.329338
6268.200000	-141.952667	118.456024
6268.266667	-142.055695	118.537727
6268.333333	-141.946335	118.504623
6268.400000	-142.094498	118.514267
6268.466667	-142.170471	118.545273
6268.533333	-142.301254	118.556114
6268.600000	-142.261841	118.531998
6268.666667	-142.205490	118.698647
6268.733333	-142.205490	118.557388
6268.800000	-142.409653	118.473389
6268.866667	-142.449554	118.533661
6268.933333	-142.395782	118.661758
6269.000000	-142.606064	118.613922
6269.066667	-142.450256	118.583549
6269.133333	-142.855804	118.411034
6269.200000	-142.884247	118.579987
6269.266667	-142.967163	118.393578
6269.333333	-143.040924	118.468636
6269.400000	-142.909256	118.528984
6269.466667	-143.256683	118.666405
6269.533333	-143.049438	118.451447
6269.600000	-143.059372	118.469101
6269.666667	-143.194321	118.455574
6269.733333	-143.026215	118.483818
6269.800000	-143.396866	118.531906
6269.866667	-143.192520	118.360710
6269.933333	-143.683197	118.447968
6270.000000	-143.345978	118.389671
6270.066667	-143.408768	118.385490
6270.133333	-143.430389	118.369164
6270.200000	-143.615845	118.389832
6270.266667	-143.719925	118.503418
6270.333333	-143.942917	118.462303
6270.400000	-143.571854	118.389832
6270.466667	-143.848923	118.468994
6270.533333	-143.952942	118.645012
6270.600000	-143.884109	118.539360
6270.666667	-144.072617	118.536560
6270.733333	-144.066055	118.426544
6270.800000	-143.938385	118.457603
6270.866667	-144.191635	118.490341
6270.933333	-144.246323	118.489182
6271.000000	-144.503860	118.612366
6271.066667	-144.200317	118.572044
6271.133333	-144.242477	118.524239
6271.200000	-144.602615	118.469154
6271.266667	-144.606857	118.647110
6271.333333	-144.647903	118.617775
6271.400000	-144.601852	118.473389
6271.466667	-144.506119	118.532112
6271.533333	-144.942871	118.538246
6271.600000	-144.670471	118.581680
6271.666667	-144.862747	118.362671
6271.733333	-144.906967	118.502342
6271.800000	-145.106323	118.413834
6271.866667	-144.975891	118.355949
6271.933333	-145.198425	118.403908
6272.000000	-145.036346	118.433815
6272.066667	-145.263626	118.442848
6272.133333	-145.254745	118.402229
6272.200000	-145.519424	118.593658
6272.266667	-145.377441	118.413681
6272.333333	-145.288620	118.366791
6272.400000	-145.387833	118.352547
6272.466667	-145.544922	118.505341
6272.533333	-145.850815	118.442993
6272.600000	-145.724319	118.339767
6272.666667	-145.948105	118.464127
6272.733333	-145.823227	118.360985
6272.800000	-145.924942	118.371483
6272.866667	-145.848419	118.393524
6272.933333	-146.094025	118.452713
6273.000000	-146.020187	118.529846
6273.066667	-146.222244	118.415489
6273.133333	-146.109818	118.576042
6273.200000	-145.873123	118.572044
6273.266667	-146.287033	118.484970
6273.333333	-146.349228	118.589203
6273.400000	-146.345444	118.509964
6273.466667	-146.604080	118.502960
6273.533333	-146.409134	118.457230
6273.600000	-146.576126	118.563179
6273.666667	-146.507706	118.502045
6273.733333	-146.450363	118.509026
6273.800000	-146.566681	118.505714
6273.866667	-146.635605	118.510178
6273.933333	-146.733444	118.270111
6274.000000	-146.825150	118.248138
6274.066667	-146.779343	118.397034
6274.133333	-146.887070	118.277016
6274.200000	-147.003952	118.303810
6274.266667	-147.044342	118.318069
6274.333333	-146.935867	118.366493
6274.400000	-147.130325	118.229790
6274.466667	-147.195450	118.406860
6274.533333	-147.225281	118.253075
6274.600000	-147.459457	118.256714
6274.666667	-147.373199	118.244408
6274.733333	-147.302551	118.279129
6274.800000	-147.356064	118.280838
6274.866667	-147.443970	118.314331
6274.933333	-147.401993	118.296272
6275.000000	-147.499893	118.336037
6275.066667	-147.550903	118.288094
6275.133333	-147.625458	118.285965
6275.200000	-147.653000	118.272949
6275.266667	-147.681580	118.357582
6275.333333	-147.900650	118.273621
6275.400000	-147.833374	118.306274
6275.466667	-147.831161	118.299675
6275.533333	-147.792572	118.342140
6275.600000	-147.995865	118.356079
6275.666667	-148.023972	118.515388
6275.733333	-148.220139	118.412971
6275.800000	-148.082550	118.264931
6275.866667	-147.983429	118.340424
6275.933333	-148.385406	118.307953
6276.000000	-148.457855	118.447006
6276.066667	-148.348358	118.240456
6276.133333	-148.604980	118.240456
6276.200000	-148.286682	118.322838
6276.266667	-148.732834	118.179733
6276.333333	-148.707733	118.241776
6276.400000	-148.758804	118.205872
6276.466667	-148.858353	118.227928
6276.533333	-148.750488	118.235268
6276.600000	-148.727066	118.282112
6276.666667	-149.116653	118.352951
6276.733333	-148.893204	118.240456
6276.800000	-148.879059	118.155846
6276.866667	-149.126587	118.329460
6276.933333	-149.097458	118.331680
6277.000000	-149.198410	118.285370
6277.066667	-149.514145	118.155846
6277.133333	-149.493301	118.161499
6277.200000	-149.496094	118.137672
6277.266667	-149.667313	118.320221
6277.333333	-149.731277	118.204758
6277.400000	-149.626221	118.330856
6277.466667	-149.738037	118.221802
6277.533333	-149.791122	118.397865
6277.600000	-149.756210	118.235863
6277.666667	-149.774033	118.217392
6277.733333	-149.998657	118.260201
6277.800000	-149.964218	118.117882
6277.866667	-149.880997	118.204132
6277.933333	-150.135269	118.133598
6278.000000	-150.172180	118.142509
6278.066667	-150.225403	118.186386
6278.133333	-150.367401	118.264931
6278.200000	-150.257797	118.136711
6278.266667	-150.256897	118.205498
6278.333333	-150.212601	118.200729
6278.400000	-150.537354	118.159447
6278.466667	-150.387253	118.171463
6278.533333	-150.345261	118.022881
6278.600000	-150.429337	118.288345
6278.666667	-150.740387	118.265732
6278.733333	-150.828857	118.188324
6278.800000	-150.897766	118.207504
6278.866667	-150.821106	118.052391
6278.933333	-150.845627	118.252670
6279.000000	-150.811035	118.166054
6279.066667	-151.131744	118.321388
6279.133333	-151.291382	118.346626
6279.200000	-150.859436	118.276199
6279.266667	-150.890915	118.240456
6279.333333	-151.098663	118.274864
6279.400000	-151.261017	118.340073
6279.466667	-151.415176	118.194534
6279.533333	-151.456314	118.176247
6279.600000	-151.440994	118.164139
6279.666667	-151.609924	118.267921
6279.733333	-151.519791	118.116936
6279.800000	-151.866699	118.139328
6279.866667	-151.714783	118.161903
6279.933333	-152.046921	118.185280
6280.000000	-151.763809	118.243164
6280.066667	-151.907410	118.170403
6280.133333	-152.036896	118.098534
6280.200000	-151.732239	118.125961
6280.266667	-151.943863	118.108589
6280.333333	-152.207932	118.011566
6280.400000	-152.350067	118.107430
6280.466667	-152.504913	118.084602
6280.533333	-152.215393	117.960518
6280.600000	-152.594376	118.117386
6280.666667	-152.566422	118.027863
6280.733333	-152.477585	118.191788
6280.800000	-152.583389	118.053726
6280.866667	-152.544373	118.072510
6280.933333	-152.841263	118.066742
6281.000000	-152.763748	118.075676
6281.066667	-152.939117	118.085304
6281.133333	-152.861252	118.064873
6281.200000	-152.929321	118.076866
6281.266667	-153.102951	118.114990
6281.333333	-153.025421	118.198502
6281.400000	-153.021606	118.103058
6281.466667	-153.024643	118.050087
6281.533333	-153.137863	118.114754
6281.600000	-153.149078	118.181999
6281.666667	-153.065887	118.133125
6281.733333	-153.220276	118.161499
6281.800000	-153.384186	118.161095
6281.866667	-153.583267	118.129868
6281.933333	-153.473557	118.075851
6282.000000	-153.473557	118.075851
6282.066667	-153.533859	118.043777
6282.133333	-153.451553	118.097008
6282.200000	-153.607178	118.039108
6282.266667	-153.721008	118.144249
6282.333333	-153.730225	118.093391
6282.400000	-153.730225	118.093391
6282.466667	-153.907318	117.971550
6282.533333	-153.659302	118.030418
6282.600000	-153.714188	118.068657
6282.666667	-153.824326	117.974907
6282.733333	-153.645737	118.051796
6282.800000	-154.109131	117.996689
6282.866667	-154.323074	118.108055
6282.933333	-154.079742	117.964287
6283.000000	-154.289841	118.024467
6283.066667	-154.156647	117.967354
6283.133333	-154.315262	117.906929
6283.200000	-154.251221	118.037254
6283.266667	-154.251221	118.037254
6283.333333	-154.567856	118.145050
6283.400000	-154.546143	118.102005
6283.466667	-154.566635	118.061493
6283.533333	-154.465103	117.880142
6283.600000	-154.830841	118.125961
6283.666667	-154.830841	118.125961
6283.733333	-154.797485	118.203957
6283.800000	-154.849915	118.172729
6283.866667	-155.055435	118.114632
6283.933333	-155.105469	118.086151
6284.000000	-155.099762	118.199104
6284.066667	-155.099762	118.199104
6284.133333	-155.171539	118.155533
6284.200000	-155.218521	118.065071
6284.266667	-155.159637	118.061058
6284.333333	-155.331436	118.129784
6284.400000	-155.371124	117.882027
6284.466667	-155.371124	117.882027
6284.533333	-155.524796	118.017876
6284.600000	-155.465698	117.961159
6284.666667	-155.505051	117.875244
6284.733333	-155.687317	117.927429
6284.800000	-155.752151	117.914307
6284.866667	-155.853134	117.939445
6284.933333	-155.853134	117.939445
6285.000000	-155.591766	117.887611
6285.066667	-155.953766	118.030518
6285.133333	-155.919403	117.946518
6285.200000	-155.961761	117.869164
6285.266667	-155.999451	117.874634
6285.333333	-155.999451	117.874634
6285.400000	-156.195694	118.057129
6285.466667	-156.224747	117.971985
6285.533333	-156.209869	117.972450
6285.600000	-156.315857	117.942490
6285.666667	-156.177368	117.932510
6285.733333	-156.177368	117.932510
6285.800000	-156.502930	118.129959
6285.866667	-156.612442	118.112938
6285.933333	-156.563339	117.854210
6286.000000	-156.516907	117.778534
6286.066667	-156.574799	118.064842
6286.133333	-156.827972	118.061325
6286.200000	-156.827972	118.061325
6286.266667	-156.840561	118.023560
6286.333333	-156.724106	117.878998
6286.400000	-156.833878	117.903893
6286.466667	-157.127014	117.909882
6286.533333	-156.949066	117.994621
6286.600000	-156.949066	117.994621
6286.666667	-156.996689	117.852982
6286.733333	-157.074799	117.892113
6286.800000	-157.192871	117.918259
6286.866667	-157.247345	117.954338
6286.933333	-157.472336	117.853546
6287.000000	-157.472336	117.853546
6287.066667	-157.200180	117.755371
6287.133333	-157.430786	117.827629
6287.200000	-157.482437	117.827011
6287.266667	-157.385468	117.742714
6287.333333	-157.592270	117.890205
6287.400000	-157.695068	117.892052
6287.466667	-157.695068	117.892052
6287.533333	-157.707825	117.950455
6287.600000	-157.757141	117.806816
6287.666667	-157.964523	117.843674
6287.733333	-158.048752	117.904869
6287.800000	-158.037796	117.845894
6287.866667	-158.037796	117.845894
6287.933333	-158.031235	117.906929
6288.000000	-158.018417	117.885170
6288.066667	-158.147797	117.926949
6288.133333	-158.387833	117.854408
6288.200000	-158.396500	117.948776
6288.266667	-158.396500	117.948776
6288.333333	-158.275040	117.831985
6288.400000	-158.417831	117.834785
6288.466667	-158.547073	117.876793
6288.533333	-158.549942	117.946518
6288.600000	-158.589188	117.929436
6288.666667	-158.589188	117.929436
6288.733333	-158.660660	117.870163
6288.800000	-158.661896	117.808746
6288.866667	-158.623840	117.806053
6288.933333	-158.775192	117.763260
6289.000000	-158.806778	117.841705
6289.066667	-158.711288	117.866386
6289.133333	-158.711288	117.866386
6289.200000	-158.923111	117.764771
6289.266667	-159.107681	117.722496
6289.333333	-159.182281	117.845215
6289.400000	-158.947220	117.829132
6289.466667	-159.194855	117.867973
6289.533333	-159.194855	117.867973
6289.600000	-159.359161	117.981819
6289.666667	-159.285248	117.811798
6289.733333	-159.251022	117.850288
6289.800000	-159.386337	117.795280
6289.866667	-159.435303	117.770813
6289.933333	-159.435303	117.770813
6290.000000	-159.737946	117.916672
6290.066667	-159.602402	118.001884
6290.133333	-159.813339	117.844711
6290.200000	-159.722733	117.849602
6290.266667	-159.759567	117.879868
6290.333333	-160.045685	117.771721
6290.400000	-159.961533	117.812431
6290.466667	-160.012039	117.757690
6290.533333	-160.115280	117.851326
6290.600000	-160.208893	117.835709
6290.666667	-160.099503	117.782623
6290.733333	-160.190079	117.995049
6290.800000	-160.295700	117.615036
6290.866667	-160.404510	117.762558
6290.933333	-160.443573	117.832817
6291.000000	-160.448822	117.759857
6291.066667	-160.410370	117.767204
6291.133333	-160.591644	117.884270
6291.200000	-160.501007	117.770981
6291.266667	-160.491150	117.875984
6291.333333	-160.653732	117.742172
6291.400000	-161.002090	117.690628
6291.466667	-160.673248	117.712708
6291.533333	-160.758896	117.640312
6291.600000	-160.831482	117.802773
6291.666667	-160.816345	117.648247
6291.733333	-160.852524	117.666344
6291.800000	-161.004532	117.738724
6291.866667	-161.105865	117.774918
6291.933333	-161.203644	117.803352
6292.000000	-161.352280	117.789986
6292.066667	-161.236862	117.850563
6292.133333	-161.374481	117.842873
6292.200000	-161.354340	117.741745
6292.266667	-161.469696	117.658867
6292.333333	-161.398087	117.702179
6292.400000	-161.489227	117.843933
6292.466667	-161.463547	117.835876
6292.533333	-161.488800	117.639565
6292.600000	-161.547150	117.849510
6292.666667	-161.611893	117.614365
6292.733333	-161.671829	117.699005
6292.800000	-161.735580	117.774918
6292.866667	-162.043457	117.633095
6292.933333	-161.945480	117.771294
6293.000000	-161.919434	117.787216
6293.066667	-161.835876	117.604820
6293.133333	-161.955185	117.680435
6293.200000	-162.011353	117.719978
6293.266667	-162.079468	117.708305
6293.333333	-162.101105	117.695297
6293.400000	-162.160858	117.516190
6293.466667	-162.157852	117.602913
6293.533333	-162.370026	117.668633
6293.600000	-162.358795	117.727783
6293.666667	-162.240906	117.606964
6293.733333	-162.603653	117.589638
6293.800000	-162.657333	117.657692
6293.866667	-162.638733	117.608032
6293.933333	-162.654175	117.637268
6294.000000	-162.799866	117.716614
6294.066667	-162.748108	117.617683
6294.133333	-162.711487	117.619606
6294.200000	-162.725464	117.681252
6294.266667	-162.711487	117.560463
6294.333333	-162.827347	117.760811
6294.400000	-162.940964	117.660477
6294.466667	-162.979080	117.604820
6294.533333	-162.845596	117.562759
6294.600000	-163.095703	117.788857
6294.666667	-162.990158	117.675453
6294.733333	-163.099503	117.555908
6294.800000	-163.302521	117.671082
6294.866667	-163.294983	117.656288
6294.933333	-163.383942	117.611908
6295.000000	-163.435913	117.590034
6295.066667	-163.559021	117.524643
6295.133333	-163.392532	117.556175
6295.200000	-163.533325	117.626328
6295.266667	-163.531265	117.566025
6295.333333	-163.467529	117.721313
6295.400000	-163.505844	117.501289
6295.466667	-163.660049	117.604820
6295.533333	-163.852478	117.658134
6295.600000	-163.622330	117.572777
6295.666667	-163.649414	117.543510
6295.733333	-163.889221	117.554489
6295.800000	-163.911407	117.603027
6295.866667	-164.001114	117.528816
6295.933333	-163.850006	117.661423
6296.000000	-164.028625	117.625816
6296.066667	-164.137680	117.604820
6296.133333	-164.071777	117.642288
6296.200000	-164.084351	117.698914
6296.266667	-163.952576	117.638878
6296.333333	-164.380829	117.477875
6296.400000	-164.205887	117.673965
6296.466667	-164.264572	117.524910
6296.533333	-164.500381	117.575249
6296.600000	-164.465851	117.614799
6296.666667	-164.581650	117.694672
6296.733333	-164.482956	117.744171
6296.800000	-164.715118	117.513290
6296.866667	-164.630295	117.548134
6296.933333	-164.626831	117.559929
6297.000000	-164.741257	117.632835
6297.066667	-164.456024	117.456978
6297.133333	-164.793793	117.557442
6297.200000	-164.826538	117.512062
6297.266667	-164.832550	117.397118
6297.333333	-164.824753	117.520645
6297.400000	-164.893143	117.598831
6297.466667	-165.084366	117.549377
6297.533333	-165.094055	117.452820
6297.600000	-164.935226	117.509178
6297.666667	-165.306870	117.519890
6297.733333	-165.253067	117.509560
6297.800000	-165.459076	117.517136
6297.866667	-165.263840	117.427795
6297.933333	-165.288574	117.431107
6298.000000	-165.523743	117.452164
6298.066667	-165.503738	117.566216
6298.133333	-165.577484	117.584702
6298.200000	-165.601349	117.556839
6298.266667	-165.932983	117.655251
6298.333333	-165.685593	117.610542
6298.400000	-165.720123	117.515221
6298.466667	-165.593964	117.572365
6298.533333	-165.763184	117.470505
6298.600000	-165.776291	117.511902
6298.666667	-165.850449	117.438339
6298.733333	-165.979782	117.445732
6298.800000	-166.296463	117.480736
6298.866667	-166.124344	117.615036
6298.933333	-166.195587	117.581230
6299.000000	-166.071213	117.546913
6299.066667	-166.320374	117.567970
6299.133333	-166.207962	117.471764
6299.200000	-166.146225	117.616661
6299.266667	-166.285004	117.546913
6299.333333	-166.354172	117.563629
6299.400000	-166.331772	117.528816
6299.466667	-166.477158	117.507904
6299.533333	-166.434616	117.491005
6299.600000	-166.524231	117.475388
6299.666667	-166.709335	117.526825
6299.733333	-166.561462	117.512169
6299.800000	-166.836334	117.435005
6299.866667	-166.856705	117.483971
6299.933333	-166.958267	117.541985
6300.000000	-166.946732	117.486694
