7020.066667	-77.341621	120.857140
7020.133333	-77.272362	120.925835
7020.200000	-77.396080	120.601395
7020.266667	-77.620499	120.857475
7020.333333	-77.503456	121.092476
7020.400000	-77.615707	120.488480
7020.466667	-77.898613	120.210541
7020.533333	-77.824165	120.210541
7020.600000	-77.490631	120.724731
7020.666667	-77.389877	120.760635
7020.733333	-77.407249	120.789589
7020.800000	-77.407249	120.592712
7020.866667	-77.129303	120.731682
7020.933333	-77.205307	120.481964
7021.000000	-76.608162	120.384254
7021.066667	-77.079674	120.855766
7021.133333	-77.129303	120.710495
7021.200000	-76.960289	121.046249
7021.266667	-77.108871	120.445564
7021.333333	-77.404350	121.021210
7021.400000	-77.195038	120.511017
7021.466667	-76.871948	120.615875
7021.533333	-77.574013	120.599663
7021.600000	-76.781876	120.849808
7021.666667	-77.087616	120.724731
7021.733333	-77.425262	120.287743
7021.800000	-77.650452	120.384254
7021.866667	-77.016624	120.661255
7021.933333	-77.314598	120.418999
7022.000000	-76.280037	120.712379
7022.066667	-76.614151	120.366280
7022.133333	-76.881142	120.669640
7022.200000	-77.184891	120.474586
7022.266667	-76.541351	120.544601
7022.333333	-77.515335	120.596573
7022.400000	-75.891586	120.503685
7022.466667	-76.893547	120.359436
7022.533333	-76.632980	120.566238
7022.600000	-76.594795	120.544601
7022.666667	-76.716148	120.661255
7022.733333	-76.469902	120.657234
7022.800000	-76.546524	120.625214
7022.866667	-76.928864	121.212738
7022.933333	-76.046616	120.864998
7023.000000	-77.142174	120.725250
7023.066667	-76.410484	121.037178
7023.133333	-76.302666	120.809555
7023.200000	-77.030037	120.309807
7023.266667	-76.468071	120.703667
7023.333333	-76.055435	120.439529
7023.400000	-76.404663	120.498405
7023.466667	-76.045654	120.739952
7023.533333	-75.992264	120.400047
7023.600000	-75.791702	120.679565
7023.666667	-75.809074	120.141052
7023.733333	-75.268074	120.557968
7023.800000	-76.781876	120.210541
7023.866667	-76.886101	120.280022
7023.933333	-76.380997	120.290718
7024.000000	-76.117226	120.391808
7024.066667	-76.117226	120.391808
7024.133333	-76.025703	120.455780
7024.200000	-75.253189	120.210541
7024.266667	-75.818550	120.455315
7024.333333	-75.438484	120.280022
7024.400000	-75.436989	120.311401
7024.466667	-75.694267	120.875183
7024.533333	-75.694267	120.875183
7024.600000	-75.840157	120.786537
7024.666667	-75.547585	120.631111
7024.733333	-76.292900	120.635178
7024.800000	-75.432243	120.544601
7024.866667	-74.639397	120.808891
7024.933333	-76.087021	120.508331
7025.000000	-76.330215	120.384254
7025.066667	-75.504837	120.623695
7025.133333	-75.516243	120.508331
7025.200000	-74.829086	120.809555
7025.266667	-76.253784	120.655251
7025.333333	-75.609299	120.653511
7025.400000	-74.955070	120.423477
7025.466667	-76.434448	120.384254
7025.533333	-74.877449	120.480759
7025.600000	-75.688118	120.313484
7025.666667	-75.001297	121.165970
7025.733333	-75.301521	120.104797
7025.800000	-74.892731	120.123680
7025.866667	-74.848747	120.477791
7025.933333	-74.788292	120.276718
7026.000000	-74.886810	120.178955
7026.066667	-74.823639	120.178955
7026.133333	-74.851715	120.345650
7026.200000	-74.830139	120.466003
7026.266667	-75.224434	120.605888
7026.333333	-74.600792	120.403557
7026.400000	-74.949974	120.505325
7026.466667	-74.523582	120.557968
7026.533333	-74.510223	120.406525
7026.600000	-74.627815	120.245285
7026.666667	-74.657211	120.263992
7026.733333	-75.116257	120.506874
7026.800000	-74.697296	120.619278
7026.866667	-75.092987	120.384254
7026.933333	-74.686440	120.449394
7027.000000	-75.160538	120.596573
7027.066667	-74.454102	120.384254
7027.133333	-75.416977	119.937561
7027.200000	-74.570961	120.536911
7027.266667	-74.711777	120.427681
7027.333333	-74.905754	120.410309
7027.400000	-74.231010	120.466537
7027.466667	-74.545853	120.263992
7027.533333	-74.509499	120.379555
7027.600000	-74.559944	120.711487
7027.666667	-74.373558	120.305290
7027.733333	-74.390747	120.619278
7027.800000	-74.871017	120.336876
7027.866667	-74.263016	120.543495
7027.933333	-74.221870	120.311111
7028.000000	-74.335976	120.210541
7028.066667	-74.394409	120.593605
7028.133333	-74.634132	120.052620
7028.200000	-74.133904	120.304436
7028.266667	-74.399506	120.322212
7028.333333	-74.280388	119.960388
7028.400000	-74.581490	120.181587
7028.466667	-74.899963	120.094727
7028.533333	-74.176155	120.696938
7028.600000	-74.918388	120.178955
7028.666667	-74.349869	120.078186
7028.733333	-74.523582	120.442162
7028.800000	-74.405457	120.585762
7028.866667	-74.213921	120.346489
7028.933333	-73.911011	120.521393
7029.000000	-74.097198	120.336876
7029.066667	-74.220596	120.452934
7029.133333	-73.965218	120.682053
7029.200000	-73.991234	120.670044
7029.266667	-74.423012	120.539680
7029.333333	-74.349869	120.260170
7029.400000	-72.960152	121.600258
7029.466667	-73.867950	120.625214
7029.533333	-74.050362	120.474106
7029.600000	-73.838379	120.673775
7029.666667	-73.220726	121.035683
7029.733333	-73.834328	120.389854
7029.800000	-73.941132	120.333160
7029.866667	-73.636230	120.604919
7029.933333	-73.867722	120.572151
7030.000000	-73.122284	120.565689
7030.066667	-73.931175	120.468880
7030.133333	-73.655014	120.488480
7030.200000	-74.118248	120.273705
7030.266667	-73.539200	120.536911
7030.333333	-73.724495	120.428925
7030.400000	-73.052803	120.557968
7030.466667	-73.088150	120.585396
7030.533333	-74.162796	120.130363
7030.600000	-73.317802	120.660156
7030.666667	-73.126923	120.405098
7030.733333	-73.504776	120.689430
7030.800000	-73.168610	120.673775
7030.866667	-73.394440	120.818542
7030.933333	-73.394440	120.818542
7031.000000	-72.736008	120.664436
7031.066667	-73.932953	120.418999
7031.133333	-73.196404	120.745583
7031.200000	-73.162819	120.673775
7031.266667	-73.346184	120.654472
7031.333333	-73.346184	120.654472
7031.400000	-73.377068	120.749054
7031.466667	-73.411812	120.523224
7031.533333	-73.220726	121.013969
7031.600000	-72.443703	121.046249
7031.666667	-72.795578	120.338539
7031.733333	-72.795578	120.338539
7031.800000	-72.910522	120.632416
7031.866667	-72.752914	120.692062
7031.933333	-73.185982	120.557968
7032.000000	-72.621201	120.625755
7032.066667	-72.600319	120.756500
7032.133333	-72.822495	120.708740
7032.200000	-72.822495	120.708740
7032.266667	-72.364563	120.597672
7032.333333	-72.250191	120.709023
7032.400000	-72.075790	120.621140
7032.466667	-73.439369	120.605888
7032.533333	-72.584557	120.520409
7032.600000	-72.584557	120.520409
7032.666667	-72.149483	120.538666
7032.733333	-72.860886	120.227081
7032.800000	-72.711990	120.719276
7032.866667	-72.504898	120.989258
7032.933333	-72.345474	121.039024
7033.000000	-72.345474	121.039024
7033.066667	-71.709412	120.870651
7033.133333	-72.647469	121.044373
7033.200000	-71.338814	121.186653
7033.266667	-71.851051	121.039024
7033.333333	-71.827789	121.149887
7033.400000	-71.620071	121.302460
7033.466667	-71.620071	121.302460
7033.533333	-71.444099	121.284409
7033.600000	-72.007942	121.059807
7033.666667	-72.175636	121.028679
7033.733333	-71.688881	120.889603
7033.800000	-71.917862	120.812187
7033.866667	-71.917862	120.812187
7033.933333	-72.496918	120.519363
7034.000000	-71.223007	120.660156
7034.066667	-72.428154	120.492828
7034.133333	-71.704926	120.826942
7034.200000	-71.559227	120.591591
7034.266667	-71.559227	120.591591
7034.333333	-71.153519	120.557968
7034.400000	-71.041740	120.920502
7034.466667	-70.833466	120.831703
7034.533333	-71.853867	120.594536
7034.600000	-71.351006	120.338539
7034.666667	-71.351006	120.338539
7034.733333	-71.041740	120.648605
7034.800000	-71.042862	120.969734
7034.866667	-70.788719	120.890923
7034.933333	-71.375008	120.644829
7035.000000	-71.206848	120.970032
7035.066667	-71.410088	120.664871
7035.133333	-71.410088	120.664871
7035.200000	-70.907166	121.379166
7035.266667	-71.405556	120.811180
7035.333333	-71.314438	121.033394
7035.400000	-71.066322	121.082520
7035.466667	-71.391762	120.776352
7035.533333	-71.391762	120.776352
7035.600000	-70.617485	121.014587
7035.666667	-70.730812	120.905396
7035.733333	-70.931168	120.717789
7035.800000	-70.791069	120.999298
7035.866667	-71.177971	120.763855
7035.933333	-71.177971	120.763855
7036.000000	-70.638695	120.952774
7036.066667	-70.782928	120.534805
7036.133333	-70.618782	120.814766
7036.200000	-70.723579	120.981400
7036.266667	-70.619576	120.804825
7036.333333	-70.662636	120.546761
7036.400000	-70.662636	120.546761
7036.466667	-70.767006	120.963303
7036.533333	-70.981316	120.422020
7036.600000	-70.513672	120.861969
7036.666667	-70.875580	120.667679
7036.733333	-70.458664	120.673775
7036.800000	-70.458664	120.673775
7036.866667	-70.562042	120.651184
7036.933333	-70.145973	121.287567
7037.000000	-70.617485	120.855766
7037.066667	-70.597633	120.877602
7037.133333	-71.325195	120.251411
7037.200000	-71.325195	120.251411
7037.266667	-70.203880	120.974884
7037.333333	-70.299355	120.846077
7037.400000	-70.180717	120.965302
7037.466667	-70.677048	120.706863
7037.533333	-70.564720	121.033394
7037.600000	-70.539726	120.859070
7037.666667	-70.358673	120.710495
7037.733333	-69.953552	120.838585
7037.800000	-70.209671	120.775108
7037.866667	-70.131088	120.905396
7037.933333	-70.202431	120.785965
7038.000000	-70.221596	120.772560
7038.066667	-70.155899	120.739952
7038.133333	-69.497841	120.761635
7038.200000	-69.929794	120.847496
7038.266667	-69.795731	120.689430
7038.333333	-70.595940	120.625755
7038.400000	-70.231812	120.813431
7038.466667	-70.630333	120.312721
7038.533333	-69.846649	120.731682
7038.600000	-70.059120	120.644829
7038.666667	-69.511284	120.727448
7038.733333	-69.882919	120.528191
7038.800000	-69.797348	120.713715
7038.866667	-69.892853	120.855766
7038.933333	-69.444496	120.673775
7039.000000	-69.715164	120.773376
7039.066667	-69.563065	120.654472
7039.133333	-69.601669	120.878670
7039.200000	-69.355576	120.695496
7039.266667	-69.630623	120.659302
7039.333333	-69.807236	120.670883
7039.400000	-70.018585	120.824333
7039.466667	-69.410927	120.775963
7039.533333	-69.604301	120.913292
7039.600000	-69.302498	120.972954
7039.666667	-69.399002	120.843353
7039.733333	-69.564034	120.827225
7039.800000	-69.560310	121.004662
7039.866667	-69.066048	121.151489
7039.933333	-69.237694	120.814407
7040.000000	-69.456291	120.831474
7040.066667	-69.387672	120.799660
7040.133333	-69.225288	120.934349
7040.200000	-69.358231	120.756500
7040.266667	-69.485863	120.831703
7040.333333	-68.955063	120.818542
7040.400000	-69.237694	120.776352
7040.466667	-69.357857	120.795685
7040.533333	-69.167381	120.866791
7040.600000	-69.204605	120.640686
7040.666667	-69.260033	120.523224
7040.733333	-69.102242	120.666542
7040.800000	-68.708885	120.539017
7040.866667	-68.937691	120.712379
7040.933333	-68.775558	120.735542
7041.000000	-68.759415	120.858017
7041.066667	-68.644310	120.596573
7041.133333	-69.404793	120.847496
7041.200000	-69.242661	120.754845
7041.266667	-68.433647	120.726723
7041.333333	-68.809784	120.830276
7041.400000	-68.568649	120.828964
7041.466667	-68.829605	120.722031
7041.533333	-68.937691	120.696938
7041.600000	-69.014351	120.843353
7041.666667	-68.282570	120.718971
7041.733333	-68.297287	120.941971
7041.800000	-68.695457	121.087799
7041.866667	-68.575928	120.541420
7041.933333	-68.021690	120.744087
7042.000000	-68.868210	120.982605
7042.066667	-68.235115	120.888023
7042.133333	-68.893188	120.792992
7042.200000	-68.036240	120.917374
7042.266667	-68.524887	120.720596
7042.333333	-68.327766	120.967163
7042.400000	-68.142464	120.781868
7042.466667	-68.106674	120.905396
7042.533333	-68.236992	120.595528
7042.600000	-68.197006	120.815735
7042.666667	-67.894997	120.375107
7042.733333	-67.773529	120.557968
7042.800000	-68.592468	120.682053
7042.866667	-68.120956	120.508331
7042.933333	-67.775436	120.664871
7043.000000	-67.682533	120.640686
7043.066667	-67.375549	121.021210
7043.133333	-68.173347	120.429291
7043.200000	-68.055748	120.768044
7043.266667	-68.118805	120.625946
7043.333333	-67.780296	120.694832
7043.400000	-67.796967	120.509712
7043.466667	-68.096146	120.717598
7043.533333	-67.982330	120.731682
7043.600000	-67.422997	120.688255
7043.666667	-67.792145	120.632416
7043.733333	-67.806618	120.599327
7043.800000	-67.823166	120.446297
7043.866667	-67.880501	120.534004
7043.933333	-67.618431	120.766426
7044.000000	-67.706169	120.735229
7044.066667	-67.857285	120.720825
7044.133333	-67.640892	120.617867
7044.200000	-67.463051	120.696938
7044.266667	-67.705284	120.523224
7044.333333	-67.488144	120.731682
7044.400000	-67.941727	120.722031
7044.466667	-66.966995	120.666542
7044.533333	-67.004219	120.591057
7044.600000	-67.401283	120.641350
7044.666667	-67.381981	120.683426
7044.733333	-67.436028	120.749054
7044.800000	-67.210762	120.479515
7044.866667	-67.586578	120.696938
7044.933333	-67.372330	120.635178
7045.000000	-66.745026	121.021210
7045.066667	-66.643257	120.779060
7045.133333	-67.737129	120.500061
7045.200000	-67.419098	120.673775
7045.266667	-67.436028	120.662193
7045.333333	-67.697624	120.578407
7045.400000	-67.258224	120.517097
7045.466667	-66.916710	120.768257
7045.533333	-67.034004	120.597672
7045.600000	-67.176476	120.854301
7045.666667	-67.245857	120.823112
7045.733333	-66.993431	120.542862
7045.800000	-66.318123	121.007584
7045.866667	-67.255585	120.513138
7045.933333	-67.444710	120.514542
7046.000000	-67.302017	120.632416
7046.066667	-67.272606	120.738113
7046.133333	-67.202751	120.657234
7046.200000	-66.929771	120.657234
7046.266667	-67.030693	120.581131
7046.333333	-66.410469	120.686646
7046.400000	-67.338112	120.794853
7046.466667	-67.121101	120.681252
7046.533333	-66.677475	120.789589
7046.600000	-67.169662	120.461456
7046.666667	-67.133270	120.538116
7046.733333	-66.350914	120.614525
7046.800000	-66.753372	120.586136
7046.866667	-66.586624	120.581932
7046.933333	-66.468376	120.596573
7047.000000	-66.818497	120.826942
7047.066667	-66.272141	120.557968
7047.133333	-66.689056	120.384254
7047.200000	-66.632729	120.589554
7047.266667	-66.483078	120.648964
7047.333333	-66.425529	120.713203
7047.400000	-66.091743	120.771774
7047.466667	-66.602196	120.384254
7047.533333	-67.227570	120.750984
7047.600000	-66.374435	120.743263
7047.666667	-66.646004	120.905396
7047.733333	-67.149696	120.486084
7047.800000	-67.227570	120.488480
7047.866667	-66.298195	120.879341
7047.933333	-66.598602	120.737671
7048.000000	-66.195503	120.629494
7048.066667	-66.411110	120.809853
7048.133333	-66.340714	120.813965
7048.200000	-66.033279	120.601395
7048.266667	-66.201073	120.834335
7048.333333	-66.793282	120.557968
7048.400000	-65.832588	120.958038
7048.466667	-66.276711	120.749969
7048.533333	-66.745026	120.828194
7048.600000	-65.942085	120.893814
7048.666667	-66.331566	120.768257
7048.733333	-66.066422	120.795685
7048.800000	-65.917671	120.877228
7048.866667	-65.845406	120.875183
7048.933333	-66.775909	120.696938
7049.000000	-67.036484	120.696938
7049.066667	-66.053680	120.442162
7049.133333	-65.899490	120.636421
7049.200000	-65.738060	120.691025
7049.266667	-65.891304	120.798492
7049.333333	-65.528191	120.663704
7049.400000	-66.440742	120.680588
7049.466667	-66.358994	120.544067
7049.533333	-65.800087	120.648605
7049.600000	-65.645355	120.792717
7049.666667	-65.938423	120.576256
7049.733333	-64.969276	121.252823
7049.800000	-65.561951	120.966705
7049.866667	-66.984367	120.488480
7049.933333	-66.325905	120.665504
7050.000000	-65.910233	120.934349
7050.066667	-65.577278	120.905396
7050.133333	-65.979980	120.905396
7050.200000	-65.403564	121.155113
7050.266667	-65.518700	120.654922
7050.333333	-65.801285	120.832253
7050.400000	-66.084709	120.631111
7050.466667	-66.706429	120.731682
7050.533333	-66.193558	120.541420
7050.600000	-65.818550	120.461456
7050.666667	-65.851219	120.851944
7050.733333	-65.408676	120.690811
7050.800000	-65.142998	120.753395
7050.866667	-65.474632	120.936981
7050.933333	-65.069855	120.722542
7051.000000	-65.265236	120.731682
7051.066667	-66.185280	120.557968
7051.133333	-65.649658	120.861969
7051.200000	-64.999062	120.845840
7051.266667	-64.698112	121.032509
7051.333333	-65.121811	120.693550
7051.400000	-65.400093	120.405098
7051.466667	-65.273277	120.688255
7051.533333	-64.621849	120.548042
7051.600000	-64.762474	120.673775
7051.666667	-64.949615	120.689072
7051.733333	-63.347942	120.673775
7051.800000	-65.907341	120.714310
7051.866667	-65.142998	120.731682
7051.933333	-65.567627	120.615875
7052.000000	-65.530510	120.905396
7052.066667	-65.061928	121.137016
7052.133333	-65.289284	120.676826
7052.200000	-64.472954	120.930214
7052.266667	-64.659073	120.905396
7052.333333	-65.232201	120.717598
7052.400000	-64.237198	121.066704
7052.466667	-64.769508	120.670883
7052.533333	-64.803116	120.769447
7052.600000	-64.538467	121.280624
7052.666667	-64.867592	120.888451
7052.733333	-64.390228	121.137016
7052.800000	-64.670326	120.824600
7052.866667	-64.740486	120.956238
7052.933333	-63.788021	121.009628
7053.000000	-64.603073	120.952347
7053.066667	-64.726082	120.523224
7053.133333	-64.227043	121.015945
7053.200000	-64.512138	120.631111
7053.266667	-64.575523	121.021210
7053.333333	-64.419182	120.818542
7053.400000	-64.482880	120.947090
7053.466667	-64.489494	120.905396
7053.533333	-64.238480	120.522026
7053.600000	-64.822289	120.491158
7053.666667	-64.488220	120.477791
7053.733333	-64.802002	120.725250
7053.800000	-64.369171	120.557968
7053.866667	-64.534996	120.785965
7053.933333	-64.795563	120.451065
7054.000000	-63.701164	121.009628
7054.066667	-63.306583	120.979843
7054.133333	-63.579563	121.098412
7054.200000	-64.234940	120.660614
7054.266667	-64.006401	120.647308
7054.333333	-64.699059	120.480759
7054.400000	-63.818420	120.992256
7054.466667	-63.472660	121.119202
7054.533333	-63.869087	120.859070
7054.600000	-63.492706	121.122543
7054.666667	-63.996479	121.099960
7054.733333	-64.621849	120.731682
7054.800000	-63.881676	120.875183
7054.866667	-63.896336	120.731682
7054.933333	-63.663788	120.831703
7055.000000	-64.708710	120.523224
7055.066667	-64.042801	121.484444
7055.133333	-63.014988	120.992256
7055.200000	-63.469017	120.905396
7055.266667	-63.417427	121.160179
7055.333333	-63.440590	120.905396
7055.400000	-63.761173	120.676407
7055.466667	-63.558506	120.768532
7055.533333	-63.232132	120.925835
7055.600000	-63.093163	120.905396
7055.666667	-63.011040	120.873810
7055.733333	-63.612652	120.591057
7055.800000	-63.658524	120.542175
7055.866667	-63.523525	120.770912
7055.933333	-63.191257	120.987144
7056.000000	-63.709846	120.601395
7056.066667	-63.579563	120.670372
7056.133333	-62.826797	121.035683
7056.200000	-63.232132	120.839218
7056.266667	-63.268074	120.893417
7056.333333	-63.077721	120.944000
7056.400000	-63.384132	120.992256
7056.466667	-63.077721	120.828194
7056.533333	-63.826126	121.006264
7056.600000	-62.936176	121.008339
7056.666667	-63.631035	120.725250
7056.733333	-63.071781	121.039024
7056.800000	-63.139484	121.275986
7056.866667	-63.162647	120.673775
7056.933333	-63.528469	120.701027
7057.000000	-63.023674	121.339684
7057.066667	-63.510075	121.113853
7057.133333	-62.988934	120.835915
7057.200000	-63.410812	120.756500
7057.266667	-63.101849	120.557968
7057.333333	-63.000515	120.789589
7057.400000	-63.177277	120.841400
7057.466667	-62.502533	120.766426
7057.533333	-63.288471	120.633087
7057.600000	-62.742573	120.826439
7057.666667	-62.901249	120.905396
7057.733333	-62.986038	120.369774
7057.800000	-63.376190	120.600334
7057.866667	-62.964878	120.638145
7057.933333	-62.316181	121.189659
7058.000000	-62.653084	120.746162
7058.066667	-63.521656	120.268440
7058.133333	-63.521656	120.268440
7058.200000	-63.381031	120.508331
7058.266667	-63.232132	120.756500
7058.333333	-62.957848	120.722542
7058.400000	-63.505112	120.706863
7058.466667	-62.971561	121.079109
7058.533333	-62.670902	121.199379
7058.600000	-62.659897	120.966705
7058.666667	-63.045055	120.771774
7058.733333	-62.884705	120.935608
7058.800000	-63.284248	121.079109
7058.866667	-62.659897	121.079109
7058.933333	-62.932957	121.108063
7059.000000	-63.223225	120.843040
7059.066667	-62.793274	121.234543
7059.133333	-63.544819	120.557968
7059.200000	-62.797848	120.731682
7059.266667	-62.667561	121.079109
7059.333333	-62.957085	120.746162
7059.400000	-62.807499	120.596573
7059.466667	-62.568859	120.873810
7059.533333	-62.398304	120.604294
7059.600000	-62.815216	120.696938
7059.666667	-62.460068	120.712379
7059.733333	-63.014988	120.644829
7059.800000	-62.428703	120.818542
7059.866667	-62.688332	120.633499
7059.933333	-62.644176	120.860855
7060.000000	-62.665951	120.905396
7060.066667	-62.846100	120.763855
7060.133333	-62.385830	121.021210
7060.200000	-62.617451	120.731682
7060.266667	-62.788197	120.866791
7060.333333	-62.788197	120.866791
7060.400000	-62.340397	120.731682
7060.466667	-61.494987	120.936981
7060.533333	-62.612801	120.814766
7060.600000	-62.710991	120.905396
7060.666667	-62.773029	120.955032
7060.733333	-62.158260	120.873810
7060.800000	-62.131939	120.944000
7060.866667	-62.383602	120.945488
7060.933333	-62.691689	120.905396
7061.000000	-62.606762	120.893814
7061.066667	-62.421463	120.760635
7061.133333	-62.537273	120.605347
7061.200000	-62.745731	120.662193
7061.266667	-62.817890	120.905396
7061.333333	-62.720131	120.759109
7061.400000	-62.686172	120.706863
7061.466667	-62.562092	120.855766
7061.533333	-62.226418	121.069969
7061.600000	-62.479370	120.866791
7061.666667	-61.770535	121.061142
7061.733333	-62.106461	120.794220
7061.800000	-62.321629	120.773613
7061.866667	-62.151241	120.924698
7061.933333	-61.483780	120.770912
7062.000000	-62.646988	120.960251
7062.066667	-62.636539	120.706863
7062.133333	-62.126675	120.621140
7062.200000	-62.323471	120.825218
7062.266667	-61.942986	120.685966
7062.333333	-63.093163	120.696938
7062.400000	-61.909229	120.945488
7062.466667	-61.958225	120.934349
7062.533333	-62.052700	120.786537
7062.600000	-61.668701	120.690811
7062.666667	-62.460068	120.770287
7062.733333	-62.363560	120.644829
7062.800000	-61.628613	121.065750
7062.866667	-61.991314	120.731682
7062.933333	-61.856892	120.847496
7063.000000	-62.289112	120.756500
7063.066667	-61.949318	120.771774
7063.133333	-61.945358	120.815323
7063.200000	-62.363560	120.828194
7063.266667	-60.730640	121.113853
7063.333333	-61.536678	120.752525
7063.400000	-61.443893	121.028023
7063.466667	-61.792782	120.855766
7063.533333	-62.710991	120.731682
7063.600000	-61.892048	120.880577
7063.666667	-61.289101	120.789589
7063.733333	-61.697655	120.557968
7063.800000	-62.155102	120.696938
7063.866667	-61.374722	120.704956
7063.933333	-61.597172	120.813431
7064.000000	-61.101841	120.585396
7064.066667	-61.104130	120.557968
7064.133333	-61.348701	120.667679
7064.200000	-61.463402	120.810646
7064.266667	-60.877335	120.789589
7064.333333	-61.238552	120.516609
7064.400000	-61.510094	120.497543
7064.466667	-61.095444	120.540596
7064.533333	-61.404354	120.784554
7064.600000	-60.954540	120.532234
7064.666667	-60.858032	120.746162
7064.733333	-62.016129	120.731682
7064.800000	-61.276604	120.885544
7064.866667	-61.526569	120.573761
7064.933333	-61.385273	120.905396
7065.000000	-61.494987	120.593910
7065.066667	-60.529903	121.040512
7065.133333	-61.296455	120.677086
7065.200000	-60.899395	121.128746
7065.266667	-61.217045	120.696938
7065.333333	-61.075676	120.689751
7065.400000	-61.321270	120.731682
7065.466667	-60.702412	120.829399
7065.533333	-61.234413	120.775108
7065.600000	-61.224762	120.924698
7065.666667	-60.673790	120.779060
7065.733333	-60.673790	120.779060
7065.800000	-60.738087	121.165970
7065.866667	-60.800129	120.855766
7065.933333	-60.816673	120.690323
7066.000000	-60.553268	120.905396
7066.066667	-59.792583	121.183342
7066.133333	-60.693226	120.811859
7066.200000	-60.409271	120.615875
7066.266667	-60.003082	120.701027
7066.333333	-61.046223	120.702728
7066.400000	-59.960506	121.021210
7066.466667	-59.757839	121.426544
7066.533333	-61.180645	120.624146
7066.600000	-60.278984	120.627457
7066.666667	-60.821186	120.736946
7066.733333	-60.800129	120.607597
7066.800000	-60.565613	120.775108
7066.866667	-60.336887	120.839218
7066.933333	-60.840218	120.584694
7067.000000	-59.062981	121.600258
7067.066667	-60.385887	120.838585
7067.133333	-60.114178	120.798492
7067.200000	-60.493572	121.068893
7067.266667	-59.906738	120.921944
7067.333333	-61.104130	120.644829
7067.400000	-61.104130	120.644829
7067.466667	-59.650017	120.893417
7067.533333	-59.884178	120.873810
7067.600000	-60.466595	120.960983
7067.666667	-60.519943	120.826942
7067.733333	-60.053799	120.828194
7067.800000	-60.053799	120.828194
7067.866667	-60.250965	120.770912
7067.933333	-60.558857	120.722031
7068.000000	-59.663086	121.021210
7068.066667	-60.915939	120.731682
7068.133333	-60.718380	120.557968
7068.200000	-60.718380	120.557968
7068.266667	-60.718380	120.557968
7068.333333	-60.179718	120.591057
7068.400000	-60.544128	120.576256
7068.466667	-60.095051	120.731682
7068.533333	-60.149811	120.709412
7068.600000	-59.562943	120.735916
7068.666667	-59.562943	120.735916
7068.733333	-60.508736	120.647629
7068.800000	-60.021046	120.694832
7068.866667	-59.815746	120.919876
7068.933333	-59.966297	120.905396
7069.000000	-59.726257	120.884338
7069.066667	-59.726257	120.884338
7069.133333	-59.544037	121.252823
7069.200000	-59.873650	121.059807
7069.266667	-59.647293	120.929085
7069.333333	-59.471722	120.915619
7069.400000	-60.130085	120.607597
7069.466667	-60.130085	120.607597
7069.533333	-59.614075	121.037178
7069.600000	-59.236694	121.064636
7069.666667	-59.891468	120.918762
7069.733333	-60.105270	120.557968
7069.800000	-58.680809	121.322311
7069.866667	-59.939827	120.756500
7069.933333	-59.939827	120.756500
7070.000000	-59.254665	120.833519
7070.066667	-59.608940	121.004662
7070.133333	-59.214039	120.905396
7070.200000	-59.100540	120.914787
7070.266667	-58.957699	120.705360
7070.333333	-58.957699	120.705360
7070.400000	-59.743942	120.544067
7070.466667	-59.132465	120.963303
7070.533333	-59.346409	120.795685
7070.600000	-59.100540	120.689430
7070.666667	-58.952435	121.221245
7070.733333	-58.952435	121.221245
7070.800000	-59.368721	120.988777
7070.866667	-59.526222	120.905396
7070.933333	-60.105270	120.557968
7071.000000	-58.676949	121.137016
7071.066667	-58.993496	120.650612
7071.133333	-58.993496	120.650612
7071.200000	-59.046436	120.880577
7071.266667	-59.742733	120.844978
7071.333333	-59.505165	120.858017
7071.400000	-58.765186	121.041885
7071.466667	-59.449013	120.538666
7071.533333	-58.831364	121.001907
7071.600000	-58.831364	121.001907
7071.666667	-58.999813	121.410751
7071.733333	-59.974983	121.122543
7071.800000	-59.394619	120.889603
7071.866667	-59.629841	120.539680
7071.933333	-58.333382	121.183342
7072.000000	-58.333382	121.183342
7072.066667	-58.924011	121.252823
7072.133333	-58.938900	121.153564
7072.200000	-59.013348	120.905396
7072.266667	-58.967140	120.821533
7072.333333	-58.822453	120.825218
7072.400000	-58.822453	120.825218
7072.466667	-59.584126	120.384254
7072.533333	-58.595749	120.833519
7072.600000	-58.423710	120.571861
7072.666667	-58.055435	121.148598
7072.733333	-58.622013	120.691597
7072.800000	-58.020695	121.194923
7072.866667	-58.020695	121.194923
7072.933333	-58.686600	120.779938
7073.000000	-58.797298	120.762337
7073.066667	-58.596123	120.796829
7073.133333	-57.731171	121.021210
7073.200000	-58.962116	120.826942
7073.266667	-58.962116	120.826942
7073.333333	-58.687759	121.086060
7073.400000	-58.683968	120.852753
7073.466667	-58.541836	121.065750
7073.533333	-58.397076	120.963303
7073.600000	-58.511181	120.782776
7073.666667	-58.007824	121.227089
7073.733333	-58.345707	120.882980
7073.800000	-58.479797	120.892990
7073.866667	-58.449188	121.252823
7073.933333	-58.020695	121.089333
7074.000000	-58.642410	121.344254
7074.066667	-59.062981	120.326347
7074.133333	-57.846977	120.557968
7074.200000	-58.320747	120.794853
7074.266667	-58.533154	120.740372
7074.333333	-59.549381	120.627457
7074.400000	-58.850662	120.654472
7074.466667	-58.541836	120.861969
7074.533333	-58.380989	120.699516
7074.600000	-57.929264	120.393394
7074.666667	-57.894356	120.810646
7074.733333	-58.275475	121.113853
7074.800000	-58.281265	120.731682
7074.866667	-58.296593	120.884956
7074.933333	-58.654240	120.496658
7075.000000	-58.078598	120.422859
7075.066667	-58.020695	120.950714
7075.133333	-58.730659	120.467331
7075.200000	-58.335552	120.948822
7075.266667	-57.806892	121.039024
7075.333333	-57.806892	121.039024
7075.400000	-57.636692	120.777397
7075.466667	-57.673264	120.731682
7075.533333	-58.020695	120.453735
7075.600000	-57.746407	120.978539
7075.666667	-58.329521	120.995468
7075.733333	-58.020695	120.731682
7075.800000	-57.375469	121.798790
7075.866667	-57.598816	121.376907
7075.933333	-57.901264	121.187683
7076.000000	-57.452171	121.173866
7076.066667	-58.129265	120.449394
7076.133333	-57.618408	120.539680
7076.200000	-57.673264	120.557968
7076.266667	-58.078598	120.529015
7076.333333	-57.912121	120.416824
7076.400000	-57.650101	120.720100
7076.466667	-57.662056	120.961433
7076.533333	-57.694977	120.666542
7076.600000	-57.706352	120.756500
7076.666667	-57.612843	120.663704
7076.733333	-57.634663	120.480759
7076.800000	-57.499550	120.384254
7076.866667	-57.846977	120.438538
7076.933333	-57.673264	120.557968
7077.000000	-57.557453	120.760635
7077.066667	-57.742748	120.696938
7077.133333	-57.974369	120.882233
7077.200000	-58.020695	120.557968
7077.266667	-58.715553	120.557968
7077.333333	-57.325836	120.557968
7077.400000	-57.603779	120.557968
7077.466667	-57.795887	120.905396
7077.533333	-57.634663	120.480759
7077.600000	-57.325836	120.384254
7077.666667	-57.846977	120.557968
7077.733333	-57.650101	120.974884
7077.800000	-57.596058	120.673775
7077.866667	-57.542976	120.818542
7077.933333	-57.673264	120.731682
7078.000000	-57.673264	120.731682
7078.066667	-57.573997	120.557968
7078.133333	-57.308464	121.079109
7078.200000	-57.441643	120.442162
7078.266667	-57.573997	120.458702
7078.333333	-57.199497	120.463211
7078.400000	-57.181072	121.021210
7078.466667	-57.507103	120.844978
7078.533333	-57.362408	120.850540
7078.600000	-57.760120	120.818542
7078.666667	-57.603779	120.835915
7078.733333	-57.267929	120.500061
7078.800000	-57.276203	120.359436
7078.866667	-57.276203	120.359436
7078.933333	-56.862595	120.731682
7079.000000	-55.762402	120.557968
7079.066667	-57.499550	120.557968
7079.133333	-57.673264	120.750984
7079.200000	-57.325836	120.384254
7079.266667	-57.569035	120.488480
7079.333333	-57.325836	120.508331
7079.400000	-57.846977	120.731682
7079.466667	-57.441643	120.442162
7079.533333	-56.862595	120.615875
7079.600000	-56.370403	120.036827
7079.666667	-57.167912	120.526382
7079.733333	-57.176937	120.458702
7079.800000	-57.673264	120.557968
7079.866667	-56.109833	120.210541
7079.933333	-57.623631	120.657234
7080.000000	-56.928772	120.359436
