1320.066667	-1.621337	118.357582
1320.133333	-1.621337	118.357582
1320.200000	-1.876118	118.056480
1320.266667	-1.876118	118.056480
1320.333333	-2.084576	117.778534
1320.400000	-1.910861	117.546913
1320.466667	-1.158098	118.241776
1320.533333	-1.737146	118.068054
1320.600000	-1.910861	117.952248
1320.666667	-1.910861	117.952248
1320.733333	-1.273907	117.894341
1320.800000	-1.985310	117.778534
1320.866667	-2.293033	118.125961
1320.933333	-1.910861	117.778534
1321.000000	-0.651430	118.451675
1321.066667	-0.496328	118.250046
1321.133333	-2.084576	117.778534
1321.200000	-2.084576	116.736244
1321.266667	-2.918406	117.639565
1321.333333	-1.488983	118.523026
1321.400000	-1.042288	118.820824
1321.466667	-1.042288	118.820824
1321.533333	-1.389717	118.647110
1321.600000	-1.667661	118.334419
1321.666667	-1.563432	117.952248
1321.733333	-2.015090	117.986992
1321.800000	-2.432005	116.852058
1321.866667	-2.547815	118.241776
1321.933333	-1.320231	118.959793
1322.000000	-2.996578	117.908821
1322.066667	-2.605720	118.299675
1322.133333	-2.779434	117.778534
1322.200000	-2.779434	117.778534
1322.266667	-2.316195	118.357582
1322.333333	-2.316195	118.357582
1322.400000	-2.316195	118.357582
1322.466667	-1.621337	118.820824
1322.533333	-1.621337	118.820824
1322.600000	-1.945604	118.334419
1322.666667	-2.680169	118.324493
1322.733333	-2.200386	118.125961
1322.800000	-3.648008	117.431107
1322.866667	-3.509036	118.125961
1322.933333	-4.169152	117.778534
1323.000000	-2.142481	118.010155
1323.066667	-3.196350	118.542877
1323.133333	-3.566941	117.685883
1323.200000	-3.027598	117.778534
1323.266667	-2.562291	118.169388
1323.333333	-1.989822	118.568146
1323.400000	-1.989822	118.568146
1323.466667	-2.709949	117.813278
1323.533333	-1.389717	118.820824
1323.600000	-2.866292	117.908821
1323.666667	-2.866292	117.908821
1323.733333	-3.995437	117.778534
1323.800000	-2.332740	118.175598
1323.866667	-2.362519	118.264931
1323.933333	-2.663625	118.473389
1324.000000	-3.561150	117.908821
1324.066667	-3.242673	118.473389
1324.133333	-2.518862	118.560249
1324.200000	-2.886336	118.500114
1324.266667	-3.358483	118.820824
1324.333333	-3.682751	118.334419
1324.400000	-3.068959	118.502342
1324.466667	-2.675206	118.195450
1324.533333	-3.590103	118.241776
1324.600000	-3.590103	118.241776
1324.666667	-2.866292	118.907677
1324.733333	-3.126864	118.705009
1324.800000	-4.562905	118.149124
1324.866667	-4.562905	118.149124
1324.933333	-3.165467	118.125961
1325.000000	-3.561150	118.299675
1325.066667	-4.062250	118.446663
1325.133333	-3.868046	118.496552
1325.200000	-3.821722	118.125961
1325.266667	-3.474293	118.125961
1325.333333	-3.543779	118.334419
1325.400000	-3.543779	118.334419
1325.466667	-3.543779	118.334419
1325.533333	-5.500964	117.431107
1325.600000	-4.256009	118.603676
1325.666667	-3.744516	118.666405
1325.733333	-4.342866	118.820824
1325.800000	-4.342866	118.820824
1325.866667	-4.892962	117.952248
1325.933333	-3.573559	118.125961
1326.000000	-5.906298	117.604820
1326.066667	-4.516581	118.733963
1326.133333	-4.516581	118.733963
1326.200000	-4.342866	118.994537
1326.266667	-4.284961	118.936630
1326.333333	-4.053342	118.705009
1326.400000	-4.268417	118.820824
1326.466667	-4.169152	118.820824
1326.533333	-4.284961	118.936630
1326.600000	-5.211440	118.820824
1326.666667	-5.211440	118.820824
1326.733333	-6.601157	118.125961
1326.800000	-4.516581	118.820824
1326.866667	-4.777153	118.560249
1326.933333	-4.447095	118.681847
1327.000000	-4.447095	118.681847
1327.066667	-4.586067	118.681847
1327.133333	-4.284961	118.705009
1327.200000	-4.284961	118.705009
1327.266667	-6.601157	118.125961
1327.333333	-6.601157	118.125961
1327.400000	-4.516581	118.647110
1327.466667	-4.516581	118.647110
1327.533333	-5.211440	118.241776
1327.600000	-4.342866	118.647110
1327.666667	-6.688014	117.431107
1327.733333	-6.688014	117.431107
1327.800000	-6.688014	117.431107
1327.866667	-4.748200	118.705009
1327.933333	-4.748200	118.705009
1328.000000	-6.601157	117.083672
1328.066667	-6.601157	117.083672
1328.133333	-6.948586	117.083672
1328.200000	-7.087558	117.361618
1328.266667	-7.087558	117.361618
1328.333333	-7.087558	117.361618
1328.400000	-7.087558	117.361618
1328.466667	-7.087558	117.361618
1328.533333	-7.087558	117.361618
1328.600000	-7.087558	117.361618
1328.666667	-7.087558	117.361618
1328.733333	-7.087558	117.361618
1328.800000	-7.087558	117.361618
1328.866667	-7.087558	117.361618
1328.933333	-7.087558	117.361618
1329.000000	-7.087558	117.361618
1329.066667	-7.087558	117.361618
1329.133333	-7.087558	117.361618
1329.200000	-8.685733	117.778534
1329.266667	-8.685733	117.778534
1329.333333	-8.685733	117.778534
1329.400000	-7.064396	118.820824
1329.466667	-7.064396	118.820824
1329.533333	-9.033162	117.778534
1329.600000	-6.369537	118.010155
1329.666667	-6.369537	118.010155
1329.733333	-9.554306	117.952248
1329.800000	-7.643445	118.820824
1329.866667	-7.643445	118.820824
1329.933333	-7.643445	118.820824
1330.000000	-7.643445	118.820824
1330.066667	-7.226530	118.681847
1330.133333	-7.226530	118.681847
1330.200000	-8.222493	118.820824
1330.266667	-8.222493	118.820824
1330.333333	-9.728021	117.604820
1330.400000	-9.728021	117.604820
1330.466667	-8.164589	118.820824
1330.533333	-8.164589	118.820824
1330.600000	-9.033162	118.820824
1330.666667	-8.859447	118.125961
1330.733333	-10.422879	118.125961
1330.800000	-7.817159	118.994537
1330.866667	-9.554306	118.125961
1330.933333	-9.866992	118.195450
1331.000000	-9.728021	118.125961
1331.066667	-9.901735	117.778534
1331.133333	-9.728021	117.778534
1331.200000	-9.623792	117.848022
1331.266667	-9.623792	117.848022
1331.333333	-9.623792	117.848022
1331.400000	-9.901735	117.257393
1331.466667	-9.728021	117.821960
1331.533333	-9.926552	118.473389
1331.600000	-9.206877	118.473389
1331.666667	-9.254253	118.315468
1331.733333	-9.033162	118.820824
1331.800000	-10.249165	117.778534
1331.866667	-10.249165	117.778534
1331.933333	-9.728021	117.014191
1332.000000	-9.843830	118.241776
1332.066667	-10.944023	117.778534
1332.133333	-10.480784	117.836441
1332.200000	-9.926552	117.828163
1332.266667	-9.926552	117.828163
1332.333333	-10.422879	117.604820
1332.400000	-10.422879	117.604820
1332.466667	-9.475345	118.536560
1332.533333	-11.465167	117.778534
1332.600000	-10.944023	117.917503
1332.666667	-10.944023	117.917503
1332.733333	-9.554306	118.473389
1332.800000	-10.770308	117.778534
1332.866667	-9.554306	119.341965
1332.933333	-9.554306	119.341965
1333.000000	-10.361568	118.044212
1333.066667	-10.361568	118.044212
1333.133333	-9.206877	118.820824
1333.200000	-8.894190	118.542877
1333.266667	-9.959640	118.496552
1333.333333	-9.380591	118.820824
1333.400000	-9.612210	118.936630
1333.466667	-10.075450	117.778534
1333.533333	-10.075450	117.778534
1333.600000	-9.519563	118.890305
1333.666667	-9.641163	118.560249
1333.733333	-10.249165	117.894341
1333.800000	-10.075450	117.952248
1333.866667	-12.229511	117.570076
1333.933333	-12.229511	117.570076
1334.000000	-11.465167	117.778534
1334.066667	-10.249165	118.039108
1334.133333	-11.986311	118.125961
1334.200000	-11.117738	118.994537
1334.266667	-11.117738	118.994537
1334.333333	-11.117738	118.994537
1334.400000	-10.847515	118.589203
1334.466667	-9.976184	118.523026
1334.533333	-9.976184	118.523026
1334.600000	-10.712403	118.125961
1334.666667	-11.378309	118.299675
1334.733333	-10.886118	118.820824
1334.800000	-10.886118	118.820824
1334.866667	-10.353394	118.264931
1334.933333	-10.353394	118.264931
1335.000000	-12.993855	118.403908
1335.066667	-12.993855	118.403908
1335.133333	-12.993855	118.403908
1335.200000	-12.993855	118.403908
1335.266667	-13.245742	118.516823
1335.333333	-11.725739	118.386536
1335.400000	-12.941742	118.125961
1335.466667	-12.941742	118.125961
1335.533333	-12.785398	118.264931
1335.600000	-12.785398	118.264931
1335.666667	-12.785398	118.264931
1335.733333	-12.785398	118.264931
1335.800000	-11.928406	118.589203
1335.866667	-11.812596	118.560249
1335.933333	-11.812596	118.560249
1336.000000	-11.812596	118.560249
1336.066667	-11.812596	118.560249
1336.133333	-11.812596	118.560249
1336.200000	-13.202313	118.820824
1336.266667	-11.951568	118.542877
1336.333333	-11.951568	118.542877
1336.400000	-11.951568	118.542877
1336.466667	-11.951568	118.542877
1336.533333	-11.951568	118.542877
1336.600000	-11.951568	118.542877
1336.666667	-12.259291	118.671921
1336.733333	-11.465167	118.125961
1336.800000	-12.796979	118.878723
1336.866667	-12.796979	118.878723
1336.933333	-12.796979	118.878723
1337.000000	-12.796979	118.878723
1337.066667	-12.796979	118.878723
1337.133333	-12.796979	118.878723
1337.200000	-12.796979	118.878723
1337.266667	-12.796979	118.878723
1337.333333	-12.796979	118.878723
1337.400000	-12.796979	118.878723
1337.466667	-13.376028	119.168251
1337.533333	-13.376028	119.168251
1337.600000	-13.376028	119.168251
1337.666667	-13.376028	119.168251
1337.733333	-13.376028	119.168251
1337.800000	-13.433933	118.936630
1337.866667	-13.433933	118.936630
1337.933333	-13.433933	118.936630
1338.000000	-13.433933	118.936630
1338.066667	-13.376028	119.168251
1338.133333	-13.376028	119.168251
1338.200000	-13.376028	119.168251
1338.266667	-13.549743	118.994537
1338.333333	-13.549743	118.994537
1338.400000	-13.549743	118.994537
1338.466667	-13.766886	118.907677
1338.533333	-13.766886	118.907677
1338.600000	-13.766886	118.907677
1338.666667	-13.766886	118.907677
1338.733333	-15.981748	117.083672
1338.800000	-16.676607	117.604820
1338.866667	-16.676607	117.604820
1338.933333	-15.827334	118.164566
1339.000000	-15.827334	118.164566
1339.066667	-15.827334	118.164566
1339.133333	-15.827334	118.164566
1339.200000	-15.827334	118.164566
1339.266667	-15.827334	118.164566
1339.333333	-15.827334	118.164566
1339.400000	-15.827334	118.164566
1339.466667	-15.827334	118.164566
1339.533333	-15.827334	118.164566
1339.600000	-15.827334	118.164566
1339.666667	-15.827334	118.164566
1339.733333	-16.908226	117.894341
1339.800000	-16.908226	117.894341
1339.866667	-16.908226	117.894341
1339.933333	-16.908226	117.894341
1340.000000	-16.908226	117.894341
1340.066667	-16.908226	117.894341
1340.133333	-16.908226	117.894341
1340.200000	-17.429371	118.183868
1340.266667	-17.892609	118.820824
1340.333333	-17.892609	118.820824
1340.400000	-17.892609	118.820824
1340.466667	-17.892609	118.820824
1340.533333	-17.892609	118.820824
1340.600000	-18.240038	118.647110
1340.666667	-18.240038	118.647110
1340.733333	-18.240038	118.647110
1340.800000	-17.776800	118.183868
1340.866667	-17.776800	118.183868
1340.933333	-17.776800	118.183868
1341.000000	-17.776800	118.183868
1341.066667	-18.205296	118.195450
1341.133333	-18.205296	118.195450
1341.200000	-18.205296	118.195450
1341.266667	-18.205296	118.195450
1341.333333	-18.205296	118.195450
1341.400000	-16.980608	118.603676
1341.466667	-16.980608	118.603676
1341.533333	-17.545179	118.647110
1341.600000	-18.022896	118.082535
1341.666667	-17.284607	118.907677
1341.733333	-17.284607	118.907677
1341.800000	-17.406208	118.994537
1341.866667	-18.915596	118.666405
1341.933333	-17.950514	118.705009
1342.000000	-18.513018	118.671921
1342.066667	-18.513018	118.671921
1342.133333	-19.108612	118.647110
1342.200000	-19.108612	118.647110
1342.266667	-19.108612	118.647110
1342.333333	-19.108612	118.647110
1342.400000	-18.326895	118.647110
1342.466667	-18.326895	118.647110
1342.533333	-19.733984	117.917503
1342.600000	-18.066324	118.820824
1342.666667	-19.803471	118.125961
1342.733333	-17.857866	118.542877
1342.800000	-17.857866	118.542877
1342.866667	-19.595013	118.612366
1342.933333	-19.224421	118.299675
1343.000000	-18.565754	118.668823
1343.066667	-18.565754	118.668823
1343.133333	-19.890327	118.473389
1343.200000	-19.181755	118.528252
1343.266667	-18.761183	118.647110
1343.333333	-19.390898	118.343109
1343.400000	-19.178097	118.820824
1343.466667	-18.205296	119.168251
1343.533333	-18.830667	118.473389
1343.600000	-19.595013	118.508133
1343.666667	-18.900154	118.473389
1343.733333	-18.900154	118.473389
1343.800000	-19.822771	118.338280
1343.866667	-20.289871	118.195450
1343.933333	-20.150900	117.083672
1344.000000	-18.500610	119.081390
1344.066667	-20.305313	118.434792
1344.133333	-19.091240	118.647110
1344.200000	-18.830667	118.959793
1344.266667	-19.282326	118.710274
1344.333333	-20.454901	118.429962
1344.400000	-19.992977	118.599731
1344.466667	-18.761183	118.820824
1344.533333	-20.672043	118.125961
1344.600000	-19.629755	118.560249
1344.666667	-19.687660	118.936630
1344.733333	-19.456041	118.820824
1344.800000	-19.456041	118.820824
1344.866667	-18.066324	118.473389
1344.933333	-19.716614	118.516823
1345.000000	-20.150900	118.473389
1345.066667	-20.396143	118.718636
1345.133333	-19.861376	118.762917
1345.200000	-20.035089	118.473389
1345.266667	-19.687660	118.705009
1345.333333	-19.803471	118.647110
1345.400000	-19.542898	118.733963
1345.466667	-20.187471	118.857391
1345.533333	-19.456041	118.820824
1345.600000	-19.456041	118.820824
1345.666667	-19.952368	119.068985
1345.733333	-20.150900	118.820824
1345.800000	-21.888046	118.068054
1345.866667	-20.289871	118.508133
1345.933333	-19.872955	118.647110
1346.000000	-19.872955	118.647110
1346.066667	-19.952368	118.920090
1346.133333	-19.952368	118.920090
1346.200000	-20.614138	118.589203
1346.266667	-21.424807	118.473389
1346.333333	-22.582905	118.473389
1346.400000	-22.235476	118.125961
1346.466667	-21.424807	118.473389
1346.533333	-20.706787	118.542877
1346.600000	-20.556234	118.473389
1346.666667	-21.193188	118.125961
1346.733333	-21.193188	118.125961
1346.800000	-22.756618	117.778534
1346.866667	-20.567814	118.647110
1346.933333	-20.567814	118.647110
1347.000000	-20.567814	118.647110
1347.066667	-20.567814	118.647110
1347.133333	-21.453760	118.531296
1347.200000	-21.888046	118.647110
1347.266667	-21.888046	118.647110
1347.333333	-21.888046	118.647110
1347.400000	-21.584045	119.211678
1347.466667	-21.584045	119.211678
1347.533333	-21.453760	118.560249
1347.600000	-21.453760	118.560249
1347.666667	-21.453760	118.560249
1347.733333	-21.453760	118.560249
1347.800000	-23.555706	118.091217
1347.866667	-23.625193	117.431107
1347.933333	-23.486221	118.056480
1348.000000	-23.486221	118.056480
1348.066667	-22.930334	117.778534
1348.133333	-22.042459	118.705009
1348.200000	-22.042459	118.705009
1348.266667	-22.042459	118.705009
1348.333333	-22.042459	118.705009
1348.400000	-23.798906	118.473389
1348.466667	-22.096504	118.994537
1348.533333	-22.096504	118.994537
1348.600000	-22.496048	118.820824
1348.666667	-23.625193	117.431107
1348.733333	-23.625193	117.431107
1348.800000	-22.582905	118.994537
1348.866667	-25.362339	118.125961
1348.933333	-25.362339	118.125961
1349.000000	-25.362339	118.125961
1349.066667	-25.014910	117.778534
1349.133333	-25.014910	117.778534
1349.200000	-25.014910	117.778534
1349.266667	-24.597994	117.639565
1349.333333	-25.362339	118.125961
1349.400000	-25.362339	118.125961
1349.466667	-23.625193	118.647110
1349.533333	-25.014910	117.952248
1349.600000	-24.446388	118.125961
1349.666667	-25.709768	118.820824
1349.733333	-25.709768	118.820824
1349.800000	-24.535126	118.903542
1349.866667	-25.570797	118.403908
1349.933333	-25.709768	118.039108
1350.000000	-25.362339	118.299675
1350.066667	-23.625193	118.820824
1350.133333	-26.404627	117.952248
1350.200000	-24.706083	118.743614
1350.266667	-26.057198	118.125961
1350.333333	-26.057198	118.125961
1350.400000	-24.088432	119.284058
1350.466667	-24.088432	119.284058
1350.533333	-24.667480	119.168251
1350.600000	-26.057198	117.986992
1350.666667	-24.841194	118.820824
1350.733333	-24.841194	118.820824
1350.800000	-24.667480	119.341965
1350.866667	-25.188625	118.125961
1350.933333	-25.709768	118.820824
1351.000000	-25.593958	118.183868
1351.066667	-25.858667	118.076332
1351.133333	-25.651863	118.183868
1351.200000	-25.651863	118.183868
1351.266667	-25.709768	118.820824
1351.333333	-25.709768	118.820824
1351.400000	-25.478149	118.473389
1351.466667	-25.709768	118.820824
1351.533333	-25.709768	118.820824
1351.600000	-25.709768	118.820824
1351.666667	-25.709768	118.820824
1351.733333	-25.709768	118.820824
1351.800000	-25.709768	118.820824
1351.866667	-25.362339	118.820824
1351.933333	-25.883484	118.994537
1352.000000	-26.520437	118.898026
1352.066667	-26.520437	118.898026
1352.133333	-26.520437	118.898026
1352.200000	-25.362339	118.994537
1352.266667	-25.362339	118.994537
1352.333333	-27.238457	118.125961
1352.400000	-27.238457	118.125961
1352.466667	-27.238457	118.125961
1352.533333	-26.404627	119.168251
1352.600000	-26.404627	119.034622
1352.666667	-25.709768	118.820824
1352.733333	-25.709768	118.820824
1352.800000	-26.265656	118.751335
1352.866667	-26.230913	118.994537
1352.933333	-26.230913	118.994537
1353.000000	-26.520437	119.284058
1353.066667	-28.141773	117.604820
1353.133333	-26.613085	118.890305
1353.200000	-26.613085	118.890305
1353.266667	-25.883484	118.820824
1353.333333	-28.894537	117.662727
1353.400000	-28.894537	117.662727
1353.466667	-26.867867	118.473389
1353.533333	-26.867867	118.473389
1353.600000	-26.867867	118.473389
1353.666667	-26.867867	118.473389
1353.733333	-26.795485	118.864250
1353.800000	-26.795485	118.864250
1353.866667	-26.795485	118.864250
1353.933333	-27.823298	118.791870
1354.000000	-27.099485	118.473389
1354.066667	-27.099485	118.473389
1354.133333	-28.191406	118.771187
1354.200000	-28.290672	118.820824
1354.266667	-29.134428	118.622292
1354.333333	-27.504820	119.255112
1354.400000	-28.541317	118.560249
1354.466667	-28.141773	119.168251
1354.533333	-29.184061	118.612366
1354.600000	-29.184061	118.612366
1354.666667	-30.052635	117.778534
1354.733333	-28.605013	119.052444
1354.800000	-28.605013	119.052444
1354.866667	-28.538836	118.572655
1354.933333	-28.628174	119.098763
1355.000000	-29.657829	118.441811
1355.066667	-28.141773	119.168251
1355.133333	-30.921207	118.473389
1355.200000	-28.315489	118.994537
1355.266667	-29.878920	118.241776
1355.333333	-29.878920	118.241776
1355.400000	-30.330578	118.681847
1355.466667	-29.835491	118.429962
1355.533333	-29.779654	118.572655
1355.600000	-30.424881	117.977066
1355.666667	-29.184061	118.820824
1355.733333	-31.152828	118.705009
1355.800000	-29.531490	118.762917
1355.866667	-29.531490	118.762917
1355.933333	-29.705206	118.820824
1356.000000	-29.705206	118.820824
1356.066667	-29.705206	118.820824
1356.133333	-29.705206	118.820824
1356.200000	-29.705206	118.820824
1356.266667	-29.184061	118.820824
1356.333333	-29.878920	119.110344
1356.400000	-29.878920	119.110344
1356.466667	-30.542194	118.820824
1356.533333	-30.573778	119.457771
1356.600000	-29.748634	118.994537
1356.666667	-29.748634	118.994537
1356.733333	-30.033333	119.091042
1356.800000	-30.033333	119.091042
1356.866667	-30.033333	119.091042
1356.933333	-30.033333	119.091042
1357.000000	-31.199152	118.612366
1357.066667	-31.789782	118.473389
1357.133333	-29.531490	118.733963
1357.200000	-29.531490	118.733963
1357.266667	-29.531490	118.733963
1357.333333	-30.573778	118.705009
1357.400000	-30.504293	118.959793
1357.466667	-32.137211	117.778534
1357.533333	-30.573778	118.878723
1357.600000	-30.400064	119.168251
1357.666667	-30.400064	119.168251
1357.733333	-30.617207	118.864250
1357.800000	-30.617207	118.864250
1357.866667	-31.963495	118.508133
1357.933333	-31.181780	118.907677
1358.000000	-31.110714	118.883987
1358.066667	-31.110714	118.883987
1358.133333	-30.921207	118.936630
1358.200000	-31.789782	118.647110
1358.266667	-31.789782	118.820824
1358.333333	-30.964636	119.298538
1358.400000	-30.970840	119.466049
1358.466667	-31.489729	118.852409
1358.533333	-31.489729	118.852409
1358.600000	-31.489729	118.852409
1358.666667	-31.489729	118.852409
1358.733333	-31.864231	118.920090
1358.800000	-32.058250	119.073494
1358.866667	-32.137211	119.515678
1358.933333	-31.963495	118.820824
1359.000000	-33.700642	117.952248
1359.066667	-31.963495	119.515678
1359.133333	-31.963495	119.515678
1359.200000	-31.789782	118.994537
1359.266667	-31.755037	118.612366
1359.333333	-31.755037	118.612366
1359.400000	-31.755037	118.612366
1359.466667	-32.571499	118.560249
1359.533333	-32.079304	118.705009
1359.600000	-32.079304	118.705009
1359.666667	-34.511311	118.183868
1359.733333	-32.079304	118.705009
1359.800000	-32.062763	118.969719
1359.866667	-33.136070	119.081390
1359.933333	-33.136070	119.081390
1360.000000	-33.136070	119.081390
1360.066667	-32.847862	119.010330
1360.133333	-34.016487	118.662895
1360.200000	-34.016487	118.662895
1360.266667	-34.395500	119.515678
1360.333333	-34.395500	119.515678
1360.400000	-33.787498	118.907677
1360.466667	-33.526928	118.994537
1360.533333	-33.526928	118.994537
1360.600000	-33.483498	119.385391
1360.666667	-35.437790	118.820824
1360.733333	-35.437790	118.820824
1360.800000	-35.437790	118.820824
1360.866667	-35.785217	118.820824
1360.933333	-35.785217	118.820824
1361.000000	-35.785217	118.820824
1361.066667	-35.189625	119.217880
1361.133333	-35.189625	119.217880
1361.200000	-34.812416	118.959793
1361.266667	-35.507275	117.639565
1361.333333	-34.395500	119.515678
1361.400000	-34.395500	119.515678
1361.466667	-36.306362	118.820824
1361.533333	-36.306362	118.820824
1361.600000	-36.306362	118.820824
1361.666667	-34.673443	118.751335
1361.733333	-34.673443	118.751335
1361.800000	-36.480076	117.604820
1361.866667	-35.828648	118.256248
1361.933333	-35.828648	118.256248
1362.000000	-35.828648	118.256248
1362.066667	-35.828648	118.256248
1362.133333	-36.480076	117.431107
1362.200000	-35.206169	119.052444
1362.266667	-35.206169	119.052444
1362.333333	-35.090359	118.994537
1362.400000	-35.611504	119.168251
1362.466667	-36.669582	117.968040
1362.533333	-36.669582	117.968040
1362.600000	-35.715733	118.959793
1362.666667	-35.298817	119.237740
1362.733333	-35.321980	119.284058
1362.800000	-35.814171	118.907677
1362.866667	-35.090359	118.820824
1362.933333	-35.828648	119.081390
1363.000000	-35.368301	119.029282
1363.066667	-37.174934	118.473389
1363.133333	-37.174934	118.473389
1363.200000	-37.174934	118.473389
1363.266667	-37.174934	118.473389
1363.333333	-36.422173	119.457771
1363.400000	-36.422173	119.457771
1363.466667	-36.732754	118.568146
1363.533333	-36.732754	118.568146
1363.600000	-36.628975	118.820824
1363.666667	-37.323833	118.374130
1363.733333	-36.306362	119.168251
1363.800000	-36.306362	119.168251
1363.866667	-36.306362	119.168251
1363.933333	-36.740650	119.428825
1364.000000	-37.001221	119.515678
1364.066667	-37.140194	118.855568
1364.133333	-37.140194	118.855568
1364.200000	-38.294430	118.357582
1364.266667	-37.522366	118.820824
1364.333333	-36.480076	119.168251
1364.400000	-37.174934	118.473389
1364.466667	-39.259510	118.183868
1364.533333	-37.869793	118.820824
1364.600000	-39.011349	117.977066
1364.666667	-39.011349	117.977066
1364.733333	-38.955509	118.169388
1364.800000	-38.448841	118.415489
1364.866667	-36.896992	119.446198
1364.933333	-39.398483	118.542877
1365.000000	-37.174934	119.515678
1365.066667	-37.406555	119.399872
1365.133333	-39.606941	118.473389
1365.200000	-38.868652	118.516823
1365.266667	-38.868652	118.516823
1365.333333	-38.781796	118.560249
1365.400000	-39.676426	118.195450
1365.466667	-39.954369	117.778534
1365.533333	-40.417610	118.241776
1365.600000	-39.433228	117.604820
1365.666667	-37.969059	119.019356
1365.733333	-39.664845	118.068054
1365.800000	-39.954369	118.647110
1365.866667	-39.302940	118.994537
1365.933333	-39.302940	118.994537
1366.000000	-38.854176	118.878723
1366.066667	-39.395462	118.307228
1366.133333	-38.862450	118.920090
1366.200000	-38.862450	118.920090
1366.266667	-40.045799	118.363678
1366.333333	-40.045799	118.363678
1366.400000	-39.896465	118.618156
1366.466667	-39.896465	118.618156
1366.533333	-38.333035	118.705009
1366.600000	-40.510258	118.125961
1366.666667	-40.202534	118.473389
1366.733333	-40.023857	118.542877
1366.800000	-38.738369	118.647110
1366.866667	-38.738369	118.647110
1366.933333	-39.557308	119.068985
1367.000000	-39.549034	118.878723
1367.066667	-39.549034	118.878723
1367.133333	-40.649227	118.473389
1367.200000	-40.147385	118.511993
1367.266667	-40.147385	118.511993
1367.333333	-39.896465	118.849777
1367.400000	-39.085796	119.515678
1367.466667	-39.954369	118.878723
1367.533333	-40.459721	118.883987
1367.600000	-39.954369	118.733963
1367.666667	-39.954369	118.733963
1367.733333	-39.606941	118.820824
1367.800000	-40.822945	118.299675
1367.866667	-40.185989	118.936630
1367.933333	-40.185989	118.936630
1368.000000	-40.185989	118.936630
1368.066667	-40.185989	118.936630
1368.133333	-40.004002	118.572655
1368.200000	-40.128086	118.820824
1368.266667	-40.301800	118.820824
1368.333333	-40.301800	118.820824
1368.400000	-40.301800	118.820824
1368.466667	-40.579742	118.681847
1368.533333	-40.417610	118.647110
1368.600000	-40.417610	118.647110
1368.666667	-40.417610	118.647110
1368.733333	-40.417610	118.647110
1368.800000	-40.417610	118.647110
1368.866667	-40.417610	118.647110
1368.933333	-42.473232	118.733963
1369.000000	-43.428661	118.299675
1369.066667	-43.949806	118.473389
1369.133333	-43.776093	118.647110
1369.200000	-43.776093	118.647110
1369.266667	-43.776093	118.647110
1369.333333	-43.544472	118.357582
1369.400000	-43.544472	118.357582
1369.466667	-43.544472	118.357582
1369.533333	-43.544472	118.357582
1369.600000	-43.544472	118.357582
1369.666667	-43.544472	118.357582
1369.733333	-43.544472	118.357582
1369.800000	-43.544472	118.357582
1369.866667	-43.544472	118.357582
1369.933333	-43.544472	118.357582
1370.000000	-43.544472	118.357582
1370.066667	-43.544472	118.357582
1370.133333	-42.965424	118.705009
1370.200000	-42.965424	118.705009
1370.266667	-42.965424	118.705009
1370.333333	-42.965424	118.705009
1370.400000	-42.965424	118.705009
1370.466667	-42.965424	118.705009
1370.533333	-42.108433	118.959793
1370.600000	-42.108433	118.959793
1370.666667	-42.386375	119.515678
1370.733333	-42.386375	119.515678
1370.800000	-42.386375	119.515678
1370.866667	-42.386375	119.515678
1370.933333	-42.386375	119.515678
1371.000000	-43.776093	118.820824
1371.066667	-43.776093	118.820824
1371.133333	-44.162125	118.782219
1371.200000	-43.776093	118.994537
1371.266667	-43.776093	118.994537
1371.333333	-43.776093	119.341965
1371.400000	-45.165810	117.952248
1371.466667	-43.776093	119.168251
1371.533333	-44.166950	118.864250
1371.600000	-44.774952	118.647110
1371.666667	-44.774952	118.647110
1371.733333	-44.355141	118.705009
1371.800000	-44.390774	118.526840
1371.866667	-44.073887	118.920090
1371.933333	-44.702572	118.183868
1372.000000	-46.208096	117.778534
1372.066667	-43.949806	118.820824
1372.133333	-43.949806	118.820824
1372.200000	-45.339523	118.299675
1372.266667	-45.513237	118.309898
1372.333333	-44.644665	118.907677
1372.400000	-44.470951	119.124825
1372.466667	-45.374268	118.403908
1372.533333	-45.374268	118.403908
1372.600000	-44.528854	118.994537
1372.666667	-44.401466	118.751335
1372.733333	-46.356995	118.076332
1372.800000	-45.451927	118.841255
1372.866667	-45.451927	118.841255
1372.933333	-45.451927	118.841255
1373.000000	-46.729240	117.778534
1373.066667	-46.833469	118.125961
1373.133333	-46.833469	118.125961
1373.200000	-45.976479	119.284058
1373.266667	-45.976479	119.284058
1373.333333	-45.976479	119.284058
1373.400000	-46.902954	117.952248
1373.466667	-46.902954	117.952248
1373.533333	-46.754059	118.498207
1373.600000	-46.754059	118.498207
1373.666667	-47.945244	118.820824
1373.733333	-47.945244	118.820824
1373.800000	-47.945244	118.820824
1373.866667	-45.930153	118.959793
1373.933333	-45.930153	118.959793
1374.000000	-47.389359	118.195450
1374.066667	-47.389359	118.195450
1374.133333	-47.389359	118.195450
1374.200000	-47.389359	118.195450
1374.266667	-48.987530	117.778534
1374.333333	-46.642384	118.647110
1374.400000	-46.642384	118.647110
1374.466667	-48.640102	117.778534
1374.533333	-48.640102	117.778534
1374.600000	-48.640102	117.778534
1374.666667	-48.640102	117.778534
1374.733333	-47.308289	118.878723
1374.800000	-47.308289	118.878723
1374.866667	-47.308289	118.878723
1374.933333	-47.597813	118.647110
1375.000000	-49.334961	117.778534
1375.066667	-49.392864	118.357582
1375.133333	-48.987530	118.820824
1375.200000	-47.875759	118.959793
1375.266667	-49.016483	118.473389
1375.333333	-47.945244	118.994537
1375.400000	-48.944103	118.625389
1375.466667	-48.813816	118.994537
1375.533333	-48.640102	118.820824
1375.600000	-49.508675	117.778534
1375.666667	-48.292671	118.820824
1375.733333	-47.920425	118.870453
1375.800000	-47.920425	118.870453
1375.866667	-48.813816	118.855568
1375.933333	-48.813816	118.820824
1376.000000	-49.473934	117.848022
1376.066667	-49.682388	117.865387
1376.133333	-49.682388	117.865387
1376.200000	-50.029819	117.778534
1376.266667	-48.292671	118.820824
1376.333333	-49.004902	118.421280
1376.400000	-48.813816	118.878723
1376.466667	-48.813816	118.855568
1376.533333	-49.552105	118.299675
1376.600000	-49.821362	118.403908
1376.666667	-48.755913	119.052444
1376.733333	-49.778900	118.106659
1376.800000	-49.740295	117.836441
1376.866667	-49.682388	117.977066
1376.933333	-49.450771	118.705009
1377.000000	-50.228352	118.448578
1377.066667	-50.898392	117.778534
1377.133333	-50.377251	117.778534
1377.200000	-51.419537	118.125961
1377.266667	-50.570267	118.280373
1377.333333	-50.377251	118.357582
1377.400000	-51.489021	118.125961
1377.466667	-50.216896	118.794098
1377.533333	-50.216896	118.794098
1377.600000	-50.797821	118.473389
1377.666667	-51.350052	118.125961
1377.733333	-51.766968	118.125961
1377.800000	-50.029819	119.168251
1377.866667	-50.203533	118.820824
1377.933333	-50.203533	118.820824
1378.000000	-50.228352	118.622292
1378.066667	-50.377251	118.820824
1378.133333	-51.072109	118.403908
1378.200000	-51.072109	118.403908
1378.266667	-51.905937	118.056480
1378.333333	-51.905937	118.056480
1378.400000	-51.040524	118.252304
1378.466667	-51.728363	118.396187
1378.533333	-52.461826	117.778534
1378.600000	-51.680107	118.212822
1378.666667	-51.915863	118.076332
1378.733333	-51.245823	118.647110
1378.800000	-51.245823	118.647110
1378.866667	-52.027538	118.516823
1378.933333	-51.905937	118.056480
1379.000000	-51.905937	118.056480
1379.066667	-51.882774	118.994537
1379.133333	-51.593250	118.473389
1379.200000	-51.593250	118.473389
1379.266667	-51.593250	118.473389
1379.333333	-52.886459	118.203171
1379.400000	-52.635540	118.473389
1379.466667	-51.940681	118.473389
1379.533333	-52.500427	118.627808
1379.600000	-51.419537	118.473389
1379.666667	-51.419537	118.473389
1379.733333	-51.766968	118.647110
1379.800000	-51.766968	118.647110
1379.866667	-51.965496	118.523026
1379.933333	-51.940681	118.473389
1380.000000	-53.388302	118.010155
