15660.066667	-417.522430	69.790833
15660.133333	-417.536163	69.753418
15660.200000	-417.552338	69.760818
15660.266667	-417.600220	69.710625
15660.333333	-417.621002	69.748314
15660.400000	-417.589081	69.750603
15660.466667	-417.688019	69.717140
15660.533333	-417.672211	69.794777
15660.600000	-417.684509	69.787254
15660.666667	-417.687500	69.709801
15660.733333	-417.749054	69.750656
15660.800000	-417.820526	69.707161
15660.866667	-417.863281	69.620697
15660.933333	-417.871124	69.680473
15661.000000	-417.865845	69.669640
15661.066667	-417.908661	69.703835
15661.133333	-417.896027	69.726448
15661.200000	-417.921051	69.722778
15661.266667	-418.046173	69.697975
15661.333333	-418.049347	69.652420
15661.400000	-418.072144	69.664536
15661.466667	-418.080139	69.748009
15661.533333	-418.102234	69.604836
15661.600000	-418.112396	69.653900
15661.666667	-418.215637	69.620697
15661.733333	-418.277161	69.544693
15661.800000	-418.286102	69.651344
15661.866667	-418.201599	69.663368
15661.933333	-418.290253	69.628555
15662.000000	-418.404175	69.575859
15662.066667	-418.378845	69.623169
15662.133333	-418.409637	69.626030
15662.200000	-418.458954	69.613220
15662.266667	-418.389862	69.652145
15662.333333	-418.437714	69.651611
15662.400000	-418.472778	69.601250
15662.466667	-418.518738	69.573372
15662.533333	-418.480133	69.595993
15662.600000	-418.563934	69.597511
15662.666667	-418.583496	69.565895
15662.733333	-418.514038	69.667465
15662.800000	-418.570007	69.559929
15662.866667	-418.568573	69.646675
15662.933333	-418.592590	69.595154
15663.000000	-418.714844	69.562096
15663.066667	-418.696228	69.636986
15663.133333	-418.698944	69.539238
15663.200000	-418.733063	69.561951
15663.266667	-418.810822	69.463089
15663.333333	-418.721680	69.583359
15663.400000	-418.883362	69.551147
15663.466667	-418.791382	69.605873
15663.533333	-418.769531	69.650566
15663.600000	-418.899078	69.510872
15663.666667	-418.939941	69.567062
15663.733333	-419.092224	69.473930
15663.800000	-419.026062	69.524353
15663.866667	-419.100189	69.489769
15663.933333	-418.978607	69.555534
15664.000000	-419.055084	69.548683
15664.066667	-419.087463	69.558731
15664.133333	-419.073639	69.607117
15664.200000	-419.143890	69.499084
15664.266667	-419.187286	69.508362
15664.333333	-419.190399	69.558243
15664.400000	-419.140442	69.618027
15664.466667	-419.211212	69.472847
15664.533333	-419.266113	69.515747
15664.600000	-419.205566	69.536407
15664.666667	-419.289734	69.456047
15664.733333	-419.338745	69.426949
15664.800000	-419.228394	69.582336
15664.866667	-419.297791	69.527344
15664.933333	-419.362640	69.491920
15665.000000	-419.401459	69.494896
15665.066667	-419.420776	69.571327
15665.133333	-419.416809	69.507675
15665.200000	-419.477478	69.455589
15665.266667	-419.502106	69.463089
15665.333333	-419.555267	69.538239
15665.400000	-419.557617	69.470001
15665.466667	-419.540894	69.475586
15665.533333	-419.603760	69.461784
15665.600000	-419.666443	69.433723
15665.666667	-419.753174	69.375816
15665.733333	-419.687012	69.433281
15665.800000	-419.710602	69.437126
15665.866667	-419.770996	69.403175
15665.933333	-419.796570	69.402550
15666.000000	-419.785461	69.413490
15666.066667	-419.778595	69.454796
15666.133333	-419.774750	69.471413
15666.200000	-419.865631	69.432991
15666.266667	-419.804016	69.457787
15666.333333	-419.856323	69.448830
15666.400000	-419.894165	69.405792
15666.466667	-419.909241	69.397552
15666.533333	-419.855042	69.533455
15666.600000	-419.918396	69.395363
15666.666667	-419.985901	69.445107
15666.733333	-419.959259	69.391319
15666.800000	-420.093353	69.298340
15666.866667	-419.998993	69.363861
15666.933333	-420.025940	69.391319
15667.000000	-420.105133	69.364517
15667.066667	-420.154877	69.334007
15667.133333	-420.165436	69.352188
15667.200000	-420.179108	69.324791
15667.266667	-420.255829	69.287857
15667.333333	-420.187714	69.355995
15667.400000	-420.212646	69.353981
15667.466667	-420.199524	69.344009
15667.533333	-420.266663	69.360527
15667.600000	-420.254242	69.353676
15667.666667	-420.340546	69.314110
15667.733333	-420.371704	69.306320
15667.800000	-420.395203	69.252945
15667.866667	-420.332642	69.393990
15667.933333	-420.466797	69.327530
15668.000000	-420.444458	69.368675
15668.066667	-420.475739	69.302567
15668.133333	-420.456390	69.322128
15668.200000	-420.548004	69.305733
15668.266667	-420.467377	69.361168
15668.333333	-420.504913	69.299408
15668.400000	-420.533447	69.363548
15668.466667	-420.536224	69.341431
15668.533333	-420.478607	69.411034
15668.600000	-420.595581	69.330269
15668.666667	-420.603821	69.330269
15668.733333	-420.630005	69.282349
15668.800000	-420.700043	69.256859
15668.866667	-420.632874	69.367645
15668.933333	-420.684235	69.324692
15669.000000	-420.539856	69.427917
15669.066667	-420.756561	69.274361
15669.133333	-420.676178	69.346214
15669.200000	-420.756897	69.300468
15669.266667	-420.783997	69.259033
15669.333333	-420.913422	69.242592
15669.400000	-420.825317	69.319305
15669.466667	-420.824890	69.283546
15669.533333	-420.762726	69.250809
15669.600000	-420.836700	69.379585
15669.666667	-420.930603	69.285820
15669.733333	-420.942474	69.203995
15669.800000	-420.860260	69.303017
15669.866667	-421.047516	69.235886
15669.933333	-420.974487	69.288132
15670.000000	-421.039459	69.205269
15670.066667	-421.023865	69.329704
15670.133333	-420.987030	69.390068
15670.200000	-421.073517	69.272133
15670.266667	-421.021729	69.380089
15670.333333	-421.197174	69.217903
15670.400000	-421.114105	69.247414
15670.466667	-421.110352	69.334503
15670.533333	-421.157745	69.291138
15670.600000	-421.069855	69.418846
15670.666667	-421.134338	69.333260
15670.733333	-421.160004	69.350754
15670.800000	-421.145355	69.370895
15670.866667	-421.175201	69.332886
15670.933333	-421.327728	69.214478
15671.000000	-421.230316	69.266563
15671.066667	-421.224274	69.225479
15671.133333	-421.240387	69.281990
15671.200000	-421.349060	69.204231
15671.266667	-421.304474	69.264748
15671.333333	-421.363159	69.185356
15671.400000	-421.326752	69.265793
15671.466667	-421.332306	69.282349
15671.533333	-421.426941	69.238937
15671.600000	-421.507935	69.158173
15671.666667	-421.491547	69.206970
15671.733333	-421.524292	69.148956
15671.800000	-421.426544	69.305481
15671.866667	-421.581390	69.175529
15671.933333	-421.547058	69.152748
15672.000000	-421.555389	69.178833
15672.066667	-421.586700	69.168617
15672.133333	-421.564545	69.254059
15672.200000	-421.599915	69.168617
15672.266667	-421.695251	69.157448
15672.333333	-421.661957	69.277054
15672.400000	-421.672638	69.205940
15672.466667	-421.676025	69.231987
15672.533333	-421.743652	69.249756
15672.600000	-421.765228	69.159386
15672.666667	-421.761108	69.156174
15672.733333	-421.740753	69.241066
15672.800000	-421.790009	69.148331
15672.866667	-421.759277	69.211044
15672.933333	-421.777710	69.233589
15673.000000	-421.770599	69.241173
15673.066667	-421.876312	69.193489
15673.133333	-421.802979	69.187271
15673.200000	-421.898132	69.191360
15673.266667	-421.912903	69.185356
15673.333333	-421.854980	69.248390
15673.400000	-421.791565	69.308449
15673.466667	-421.866852	69.245384
15673.533333	-421.885559	69.178291
15673.600000	-422.020325	69.157654
15673.666667	-421.865265	69.168617
15673.733333	-422.005676	69.097702
15673.800000	-422.015503	69.109169
15673.866667	-422.094299	69.090477
15673.933333	-421.997131	69.189735
15674.000000	-422.162537	69.026451
15674.066667	-422.061920	69.172836
15674.133333	-422.095734	69.129868
15674.200000	-422.097260	69.136108
15674.266667	-422.200348	69.040245
15674.333333	-422.132996	69.159279
15674.400000	-422.140564	69.164139
15674.466667	-422.154572	69.176834
15674.533333	-422.184143	69.122246
15674.600000	-422.267120	69.053864
15674.666667	-422.292450	69.054199
15674.733333	-422.209717	69.156395
15674.800000	-422.233643	69.143021
15674.866667	-422.313629	69.116394
15674.933333	-422.337311	69.061363
15675.000000	-422.272156	69.137390
15675.066667	-422.360474	69.079887
15675.133333	-422.418030	69.068153
15675.200000	-422.331940	69.099060
15675.266667	-422.361572	69.208420
15675.333333	-422.355591	69.109169
15675.400000	-422.370575	69.123962
15675.466667	-422.368927	69.116501
15675.533333	-422.391388	69.155701
15675.600000	-422.397125	69.083939
15675.666667	-422.377380	69.155937
15675.733333	-422.395691	69.113556
15675.800000	-422.484436	69.088341
15675.866667	-422.480286	69.179192
15675.933333	-422.526672	69.071434
15676.000000	-422.497070	69.094635
15676.066667	-422.471741	69.125755
15676.133333	-422.512604	69.102425
15676.200000	-422.605591	69.055595
15676.266667	-422.509491	69.168617
15676.333333	-422.574554	69.077072
15676.400000	-422.621063	69.063263
15676.466667	-422.551910	69.059395
15676.533333	-422.647766	69.050797
15676.600000	-422.650726	69.130943
15676.666667	-422.716614	69.043037
15676.733333	-422.737183	69.006859
15676.800000	-422.741394	69.065193
15676.866667	-422.761261	69.054199
15676.933333	-422.777802	69.036758
15677.000000	-422.710541	69.069046
15677.066667	-422.725525	69.077629
15677.133333	-422.811493	68.976059
15677.200000	-422.856323	68.932625
15677.266667	-422.740753	69.051720
15677.333333	-422.770416	69.079262
15677.400000	-422.800598	69.012680
15677.466667	-422.831482	68.955467
15677.533333	-422.894135	69.035309
15677.600000	-422.858948	69.045830
15677.666667	-422.767395	69.055237
15677.733333	-422.828430	69.067688
15677.800000	-422.868469	69.035652
15677.866667	-422.935181	69.014908
15677.933333	-422.895233	68.981644
15678.000000	-422.847778	69.062241
15678.066667	-422.906860	69.065193
15678.133333	-422.865875	69.084229
15678.200000	-422.914093	68.972710
15678.266667	-422.977844	68.979851
15678.333333	-422.987366	68.973503
15678.400000	-422.947266	69.061813
15678.466667	-423.002869	69.032547
15678.533333	-422.931335	69.128326
15678.600000	-423.046570	69.046776
15678.666667	-423.001373	69.009224
15678.733333	-423.081207	69.077019
15678.800000	-423.041748	69.068649
15678.866667	-423.033020	69.005363
15678.933333	-423.035736	69.121620
15679.000000	-423.140137	68.987778
15679.066667	-423.090118	69.083168
15679.133333	-423.085236	68.969208
15679.200000	-423.152313	68.958267
15679.266667	-423.250702	68.887848
15679.333333	-423.050812	69.090889
15679.400000	-423.083252	69.036758
15679.466667	-423.152435	68.965508
15679.533333	-423.120300	69.085251
15679.600000	-423.199921	69.011574
15679.666667	-423.276550	68.977524
15679.733333	-423.117767	69.077568
15679.800000	-423.274506	68.907509
15679.866667	-423.218964	69.014748
15679.933333	-423.139435	68.995232
15680.000000	-423.257660	68.915451
15680.066667	-423.231964	68.918564
15680.133333	-423.242920	68.974388
15680.200000	-423.329376	68.915382
15680.266667	-423.189148	69.036369
15680.333333	-423.203674	69.027542
15680.400000	-423.214691	69.040848
15680.466667	-423.264130	68.958885
15680.533333	-423.393158	68.934677
15680.600000	-423.347870	68.978180
15680.666667	-423.420410	68.947594
15680.733333	-423.382904	68.953339
15680.800000	-423.372070	68.948853
15680.866667	-423.430847	68.913704
15680.933333	-423.366821	69.044708
15681.000000	-423.360443	68.989952
15681.066667	-423.238586	69.183517
15681.133333	-423.340973	69.045319
15681.200000	-423.459595	68.945587
15681.266667	-423.393677	68.932625
15681.333333	-423.344910	69.017921
15681.400000	-423.411652	69.001717
15681.466667	-423.317322	69.052818
15681.533333	-423.502411	68.930420
15681.600000	-423.406982	68.974342
15681.666667	-423.367188	69.008301
15681.733333	-423.301483	68.998474
15681.800000	-423.509521	68.877052
15681.866667	-423.386627	68.996613
15681.933333	-423.390289	69.004524
15682.000000	-423.476898	68.877464
15682.066667	-423.453735	68.973503
15682.133333	-423.501862	68.912109
15682.200000	-423.553162	68.899284
15682.266667	-423.481964	68.895477
15682.333333	-423.443451	69.010826
15682.400000	-423.443451	69.010826
15682.466667	-423.516083	68.949127
15682.533333	-423.589111	68.910530
15682.600000	-423.466431	68.970329
15682.666667	-423.503937	68.973969
15682.733333	-423.511475	68.976242
15682.800000	-423.511475	68.976242
15682.866667	-423.513641	68.972359
15682.933333	-423.575043	68.945847
15683.000000	-423.375214	69.052452
15683.066667	-423.545898	68.919510
15683.133333	-423.484802	69.014496
15683.200000	-423.535553	69.041107
15683.266667	-423.535553	69.041107
15683.333333	-423.523407	68.961617
15683.400000	-423.526764	69.014458
15683.466667	-423.596039	68.938240
15683.533333	-423.537628	68.981087
15683.600000	-423.596375	68.875328
15683.666667	-423.596375	68.875328
15683.733333	-423.450562	69.045319
15683.800000	-423.481384	68.983673
15683.866667	-423.506622	69.035439
15683.933333	-423.635284	68.875328
15684.000000	-423.521088	69.021126
15684.066667	-423.521088	69.021126
15684.133333	-423.574646	68.893822
15684.200000	-423.584137	68.918602
15684.266667	-423.644775	68.904060
15684.333333	-423.587860	68.924156
15684.400000	-423.611298	68.914108
15684.466667	-423.609711	68.896011
15684.533333	-423.609711	68.896011
15684.600000	-423.653809	68.807648
15684.666667	-423.573090	68.981491
15684.733333	-423.529175	68.988434
15684.800000	-423.587219	69.003899
15684.866667	-423.618774	68.912781
15684.933333	-423.618774	68.912781
15685.000000	-423.678284	68.860527
15685.066667	-423.553223	68.928497
15685.133333	-423.633423	68.906166
15685.200000	-423.555542	69.041626
15685.266667	-423.630707	68.934776
15685.333333	-423.630707	68.934776
15685.400000	-423.650360	68.835052
15685.466667	-423.671082	68.951759
15685.533333	-423.595673	68.984428
15685.600000	-423.571838	68.977493
15685.666667	-423.502014	69.062027
15685.733333	-423.642334	68.942574
15685.800000	-423.642334	68.942574
15685.866667	-423.614960	68.949425
15685.933333	-423.647766	68.921181
15686.000000	-423.670380	68.918640
15686.066667	-423.645355	68.988518
15686.133333	-423.738098	68.862030
15686.200000	-423.738098	68.862030
15686.266667	-423.630035	68.960350
15686.333333	-423.671082	68.878250
15686.400000	-423.567566	68.986008
15686.466667	-423.687073	68.907280
15686.533333	-423.564484	69.036301
15686.600000	-423.564484	69.036301
15686.666667	-423.546295	68.968277
15686.733333	-423.601257	68.904900
15686.800000	-423.644043	68.917458
15686.866667	-423.662659	68.854202
15686.933333	-423.544098	69.028313
15687.000000	-423.502808	69.062126
15687.066667	-423.502808	69.062126
15687.133333	-423.549683	69.053612
15687.200000	-423.764160	68.838715
15687.266667	-423.649200	68.983673
15687.333333	-423.657318	68.972359
15687.400000	-423.622223	69.048439
15687.466667	-423.622223	69.048439
15687.533333	-423.672272	68.917458
15687.600000	-423.684967	68.861641
15687.666667	-423.592163	69.017921
15687.733333	-423.651489	68.964104
15687.800000	-423.595795	68.959824
15687.866667	-423.595795	68.959824
15687.933333	-423.571106	68.938805
15688.000000	-423.676605	68.831535
15688.066667	-423.619629	68.940735
15688.133333	-423.724243	68.868958
15688.200000	-423.565887	69.017921
15688.266667	-423.660736	68.839470
15688.333333	-423.697845	68.905869
15688.400000	-423.582886	68.999542
15688.466667	-423.744110	68.861351
15688.533333	-423.594238	68.951332
15688.600000	-423.704529	68.848602
15688.666667	-423.639801	68.947830
15688.733333	-423.683777	68.877991
15688.800000	-423.734222	68.879639
15688.866667	-423.636292	68.902267
15688.933333	-423.711029	68.831879
15689.000000	-423.608978	68.940643
15689.066667	-423.580261	68.960693
15689.133333	-423.662659	68.835602
15689.200000	-423.450562	69.142021
15689.266667	-423.709381	68.858360
15689.333333	-423.697479	68.941666
15689.400000	-423.709991	68.880577
15689.466667	-423.627228	68.997131
15689.533333	-423.621216	69.014290
15689.600000	-423.569611	68.980713
15689.666667	-423.620300	68.962494
15689.733333	-423.672272	68.924385
15689.800000	-423.625793	69.007408
15689.866667	-423.623291	68.937057
15689.933333	-423.601257	68.973816
15690.000000	-423.623352	68.913437
15690.066667	-423.617218	68.964737
15690.133333	-423.604767	68.979370
15690.200000	-423.699860	68.976990
15690.266667	-423.631378	68.916199
15690.333333	-423.674042	68.919716
15690.400000	-423.565887	69.062569
15690.466667	-423.510834	69.042740
15690.533333	-423.674835	68.832184
15690.600000	-423.693970	68.859497
15690.666667	-423.559814	68.938805
15690.733333	-423.552216	68.970711
15690.800000	-423.597382	68.929047
15690.866667	-423.590485	68.974861
15690.933333	-423.599335	68.945435
15691.000000	-423.484894	69.105667
15691.066667	-423.488220	69.036758
15691.133333	-423.577057	68.969551
15691.200000	-423.583740	68.965355
15691.266667	-423.702362	68.892021
15691.333333	-423.446381	69.147682
15691.400000	-423.568176	68.933388
15691.466667	-423.538300	69.025551
15691.533333	-423.404510	69.114197
15691.600000	-423.533142	69.071594
15691.666667	-423.565369	68.989220
15691.733333	-423.614258	69.014198
15691.800000	-423.655212	68.969551
15691.866667	-423.556244	68.990524
15691.933333	-423.493103	68.993103
15692.000000	-423.635162	68.916199
15692.066667	-423.610779	68.945435
15692.133333	-423.597839	68.915176
15692.200000	-423.576813	68.912025
15692.266667	-423.496918	68.975418
15692.333333	-423.566193	69.007408
15692.400000	-423.507965	69.021507
15692.466667	-423.667297	68.916328
15692.533333	-423.450562	68.987396
15692.600000	-423.584900	68.970711
15692.666667	-423.461578	68.999542
15692.733333	-423.443207	69.039970
15692.800000	-423.491486	68.950943
15692.866667	-423.391113	69.124039
15692.933333	-423.524872	68.914703
15693.000000	-423.418274	69.053802
15693.066667	-423.479950	68.959114
15693.133333	-423.425140	69.010658
15693.200000	-423.503754	68.929276
15693.266667	-423.460938	68.979813
15693.333333	-423.528839	69.010094
15693.400000	-423.487762	69.062569
15693.466667	-423.442505	68.945587
15693.533333	-423.450562	69.006615
15693.600000	-423.432190	69.069374
15693.666667	-423.517517	68.947227
15693.733333	-423.525024	68.978920
15693.800000	-423.461853	69.066895
15693.866667	-423.549866	68.884354
15693.933333	-423.515411	69.025551
15694.000000	-423.461456	68.996132
15694.066667	-423.375214	69.044289
15694.133333	-423.393341	69.090408
15694.200000	-423.497192	68.956924
15694.266667	-423.427063	69.029663
15694.333333	-423.404175	69.064285
15694.400000	-423.430725	69.061539
15694.466667	-423.394745	69.125824
15694.533333	-423.350098	69.137703
15694.600000	-423.454193	68.959824
15694.666667	-423.410614	68.985237
15694.733333	-423.395752	68.916153
15694.800000	-423.331573	69.061539
15694.866667	-423.397369	69.032104
15694.933333	-423.485321	68.987007
15695.000000	-423.496124	68.888252
15695.066667	-423.454132	68.860046
15695.133333	-423.436371	68.936371
15695.200000	-423.430206	68.920174
15695.266667	-423.406342	68.941566
15695.333333	-423.295685	69.118385
15695.400000	-423.357819	69.029510
15695.466667	-423.357544	69.062569
15695.533333	-423.469147	68.891411
15695.600000	-423.422791	68.970329
15695.666667	-423.297913	69.107948
15695.733333	-423.180878	69.172577
15695.800000	-423.388824	68.916245
15695.866667	-423.435303	68.983582
15695.933333	-423.450562	69.005699
15696.000000	-423.446594	68.946541
15696.066667	-423.307587	69.064285
15696.133333	-423.354126	69.042030
15696.200000	-423.322906	69.000191
15696.266667	-423.324036	69.066292
15696.333333	-423.294403	68.981606
15696.400000	-423.346375	69.032806
15696.466667	-423.317932	69.005867
15696.533333	-423.322693	68.981384
15696.600000	-423.325989	69.033997
15696.666667	-423.305878	69.058105
15696.733333	-423.294128	69.010292
15696.800000	-423.270508	69.053146
15696.866667	-423.350098	68.948372
15696.933333	-423.219055	69.000450
15697.000000	-423.191223	69.116043
15697.066667	-423.174286	69.075325
15697.133333	-423.254486	69.072388
15697.200000	-423.344177	68.929276
15697.266667	-423.324036	68.939781
15697.333333	-423.235291	68.998352
15697.400000	-423.319824	68.945297
15697.466667	-423.255768	69.032623
15697.533333	-423.269714	69.029221
15697.600000	-423.331573	68.950500
15697.666667	-423.301819	68.955292
15697.733333	-423.214844	69.010193
15697.800000	-423.271362	68.932388
15697.866667	-423.162872	69.120667
15697.933333	-423.270630	69.022415
15698.000000	-423.217346	69.010742
15698.066667	-423.350098	68.909416
15698.133333	-423.294128	69.017921
15698.200000	-423.235809	68.999084
15698.266667	-423.291718	68.932388
15698.333333	-423.247131	68.980247
15698.400000	-423.149170	68.998848
15698.466667	-423.225464	68.983582
15698.533333	-423.209442	69.013611
15698.600000	-423.192230	69.060974
15698.666667	-423.134277	69.099777
15698.733333	-423.149170	69.092285
15698.800000	-423.253479	68.925186
15698.866667	-423.248322	68.883087
15698.933333	-423.261719	68.927139
15699.000000	-423.130554	68.995598
15699.066667	-423.134277	68.962105
15699.133333	-423.210999	68.983147
15699.200000	-423.171234	68.948090
15699.266667	-423.082642	69.049232
15699.333333	-423.172974	68.974297
15699.400000	-423.217346	68.921043
15699.466667	-423.124054	69.093269
15699.533333	-423.057953	69.025848
15699.600000	-423.168243	68.903465
15699.666667	-423.084015	69.030136
15699.733333	-423.233704	68.922356
15699.800000	-423.239594	68.957642
15699.866667	-423.093658	69.013954
15699.933333	-423.034149	69.021889
15700.000000	-423.095062	68.990875
15700.066667	-423.172974	68.930679
15700.133333	-423.055878	69.017921
15700.200000	-423.101593	69.009987
15700.266667	-423.075745	68.994736
15700.333333	-423.171478	68.976990
15700.400000	-423.079620	68.998596
15700.466667	-423.055481	69.107521
15700.533333	-423.099579	68.968323
15700.600000	-422.875549	69.212234
15700.666667	-423.032623	69.005867
15700.733333	-422.973938	69.073990
15700.800000	-423.106110	68.917458
15700.866667	-423.014801	69.054230
15700.933333	-422.942200	69.028816
15701.000000	-422.896149	69.096054
15701.066667	-423.056732	69.029976
15701.133333	-422.945831	69.072388
15701.200000	-422.967560	69.075882
15701.266667	-422.957031	68.950104
15701.333333	-422.758636	69.196205
15701.400000	-422.966858	68.984428
15701.466667	-422.946960	68.991211
15701.533333	-422.941711	69.021835
15701.600000	-422.883240	69.064011
15701.666667	-422.926392	69.001541
15701.733333	-422.851501	69.118385
15701.800000	-422.956726	69.007027
15701.866667	-423.020538	68.885605
15701.933333	-422.900360	68.972359
15702.000000	-422.866852	69.025551
15702.066667	-422.941467	69.123810
15702.133333	-422.957703	68.975372
15702.200000	-422.894470	69.017921
15702.266667	-422.906677	69.076813
15702.333333	-422.768677	69.093269
15702.400000	-422.917053	69.049095
15702.466667	-422.680756	69.221268
15702.533333	-422.820007	69.188438
15702.600000	-422.851501	69.103500
15702.666667	-422.817627	69.119637
15702.733333	-422.922241	68.975372
15702.800000	-422.929321	68.971825
15702.866667	-422.840698	69.017921
15702.933333	-422.808624	68.970947
15703.000000	-422.809662	69.038704
15703.066667	-422.749817	69.108337
15703.133333	-422.678253	69.236427
15703.200000	-422.743713	69.132736
15703.266667	-422.604187	69.112877
15703.333333	-422.670044	69.122246
15703.400000	-422.706177	69.025185
15703.466667	-422.583588	69.125824
15703.533333	-422.642120	69.092377
15703.600000	-422.657623	69.028687
15703.666667	-422.655640	69.104568
15703.733333	-422.740692	69.025848
15703.800000	-422.759583	68.973816
15703.866667	-422.600220	69.132736
15703.933333	-422.704620	69.036758
15704.000000	-422.613770	69.149109
15704.066667	-422.573425	69.153160
15704.133333	-422.673737	69.013672
15704.200000	-422.747314	69.034660
15704.266667	-422.516663	69.255638
15704.333333	-422.570496	69.154549
15704.400000	-422.681122	68.989555
15704.466667	-422.546387	69.220116
15704.533333	-422.603790	69.125557
15704.600000	-422.562683	69.136032
15704.666667	-422.515076	69.143173
15704.733333	-422.471039	69.111206
15704.800000	-422.505463	69.122101
15704.866667	-422.563324	69.149986
15704.933333	-422.538574	69.076630
15705.000000	-422.542206	69.068153
15705.066667	-422.420807	69.086090
15705.133333	-422.471039	69.143501
15705.200000	-422.510498	69.075325
15705.266667	-422.475708	69.200241
15705.333333	-422.423615	69.058846
15705.400000	-422.500336	69.176987
15705.466667	-422.437134	69.055595
15705.533333	-422.410767	69.134705
15705.600000	-422.332733	69.155258
15705.666667	-422.416046	69.180832
15705.733333	-422.557831	69.048439
15705.800000	-422.417755	69.051003
15705.866667	-422.393799	69.052254
15705.933333	-422.375732	69.188583
15706.000000	-422.417694	69.119514
15706.066667	-422.350311	69.250313
15706.133333	-422.454498	69.102455
15706.200000	-422.340912	69.182312
15706.266667	-422.489380	69.013847
15706.333333	-422.364166	69.063477
15706.400000	-422.452209	69.021690
15706.466667	-422.425110	69.051003
15706.533333	-422.357574	69.101440
15706.600000	-422.324890	69.195847
15706.666667	-422.443481	69.028946
15706.733333	-422.275513	69.147629
15706.800000	-422.410400	69.131859
15706.866667	-422.184021	69.319305
15706.933333	-422.259521	69.188583
15707.000000	-422.312378	69.078194
15707.066667	-422.300140	69.102455
15707.133333	-422.302948	69.157021
15707.200000	-422.294586	69.086594
15707.266667	-422.178040	69.166756
15707.333333	-422.262115	69.089844
15707.400000	-422.256317	68.995316
15707.466667	-422.268707	69.055168
15707.533333	-422.208679	69.145012
15707.600000	-422.140961	69.211670
15707.666667	-422.156586	69.279121
15707.733333	-422.211090	69.029221
15707.800000	-422.214539	69.109352
15707.866667	-422.241272	69.036522
15707.933333	-422.225922	69.109482
15708.000000	-422.162445	69.063332
15708.066667	-422.094299	69.168617
15708.133333	-422.007050	69.228096
15708.200000	-422.157928	69.121735
15708.266667	-422.157379	69.137070
15708.333333	-422.107025	69.214005
15708.400000	-422.017120	69.220070
15708.466667	-422.026764	69.288132
15708.533333	-422.149994	69.089989
15708.600000	-422.004608	69.294189
15708.666667	-422.121887	69.119797
15708.733333	-422.074982	69.044968
15708.800000	-422.012299	69.193413
15708.866667	-422.140808	69.077454
15708.933333	-422.067078	69.145012
15709.000000	-422.047546	69.076813
15709.066667	-422.003143	69.166756
15709.133333	-422.047546	69.114922
15709.200000	-421.954376	69.182968
15709.266667	-421.968140	69.175621
15709.333333	-421.916229	69.162743
15709.400000	-421.951355	69.133835
15709.466667	-421.960938	69.159950
15709.533333	-421.929443	69.103020
15709.600000	-421.932861	69.104034
15709.666667	-421.983093	69.039444
15709.733333	-421.932159	69.231560
15709.800000	-421.932159	69.105667
15709.866667	-421.985565	69.040810
15709.933333	-421.926300	69.121849
15710.000000	-421.905457	69.178154
15710.066667	-421.951233	69.075142
15710.133333	-421.871857	69.143501
15710.200000	-421.776184	69.237450
15710.266667	-421.767792	69.208084
15710.333333	-421.868256	69.221359
15710.400000	-421.834015	69.104034
15710.466667	-421.785370	69.217590
15710.533333	-421.839691	69.204987
15710.600000	-421.792908	69.178658
15710.666667	-421.828796	69.139908
15710.733333	-421.789154	69.262794
15710.800000	-421.708374	69.271530
15710.866667	-421.653107	69.246681
15710.933333	-421.706818	69.211670
15711.000000	-421.630768	69.292603
15711.066667	-421.673401	69.277740
15711.133333	-421.501587	69.451920
15711.200000	-421.660614	69.260498
15711.266667	-421.523956	69.387978
15711.333333	-421.614105	69.307251
15711.400000	-421.685272	69.233200
15711.466667	-421.743866	69.161606
15711.533333	-421.664825	69.130943
15711.600000	-421.691833	69.204857
15711.666667	-421.642212	69.238449
15711.733333	-421.630768	69.143814
15711.800000	-421.591980	69.148521
15711.866667	-421.688873	69.060974
15711.933333	-421.555084	69.246681
15712.000000	-421.552917	69.211403
15712.066667	-421.549500	69.149292
15712.133333	-421.653381	69.081177
15712.200000	-421.581940	69.149780
15712.266667	-421.547821	69.163170
15712.333333	-421.556122	69.349449
15712.400000	-421.515137	69.210373
15712.466667	-421.574066	69.154259
15712.533333	-421.364319	69.284081
15712.600000	-421.562103	69.269714
15712.666667	-421.575256	69.200241
15712.733333	-421.555634	69.163414
15712.800000	-421.468933	69.262794
15712.866667	-421.374695	69.309151
15712.933333	-421.447418	69.271530
15713.000000	-421.520935	69.186989
15713.066667	-421.396637	69.244888
15713.133333	-421.355713	69.274658
15713.200000	-421.402649	69.265213
15713.266667	-421.383331	69.133835
15713.333333	-421.333923	69.291595
15713.400000	-421.434235	69.217430
15713.466667	-421.337158	69.179642
15713.533333	-421.190155	69.326660
15713.600000	-421.391083	69.155220
15713.666667	-421.275024	69.170349
15713.733333	-421.337067	69.161079
15713.800000	-421.284760	69.228188
15713.866667	-421.147339	69.300705
15713.933333	-421.195343	69.222313
15714.000000	-421.281250	69.151093
15714.066667	-421.205719	69.239632
15714.133333	-421.213196	69.177475
15714.200000	-421.136444	69.312378
15714.266667	-421.206482	69.137749
15714.333333	-420.951691	69.483353
15714.400000	-421.191925	69.259033
15714.466667	-421.130890	69.244804
15714.533333	-421.083557	69.293579
15714.600000	-421.179108	69.238449
15714.666667	-421.093018	69.292519
15714.733333	-420.990387	69.361359
15714.800000	-421.060974	69.294189
15714.866667	-421.060974	69.294189
15714.933333	-421.049835	69.305450
15715.000000	-421.050751	69.296707
15715.066667	-421.032532	69.295059
15715.133333	-420.977722	69.315674
15715.200000	-420.920380	69.430931
15715.266667	-421.058289	69.255264
15715.333333	-420.866241	69.395523
15715.400000	-420.942566	69.348015
15715.466667	-420.799042	69.480766
15715.533333	-421.076660	69.215126
15715.600000	-420.854248	69.297523
15715.666667	-420.872803	69.266121
15715.733333	-420.853394	69.323029
15715.800000	-420.773926	69.394653
15715.866667	-420.803131	69.356979
15715.933333	-420.796875	69.245796
15716.000000	-420.824677	69.347023
15716.066667	-420.768982	69.242027
15716.133333	-420.745605	69.379585
15716.200000	-420.717285	69.385132
15716.266667	-420.776154	69.340096
15716.333333	-420.705383	69.370148
15716.400000	-420.705383	69.370148
15716.466667	-420.717499	69.404930
15716.533333	-420.749359	69.262794
15716.600000	-420.731659	69.322517
15716.666667	-420.748444	69.312378
15716.733333	-420.689697	69.296982
15716.800000	-420.689697	69.296982
15716.866667	-420.596039	69.353951
15716.933333	-420.600067	69.381035
15717.000000	-420.695007	69.294189
15717.066667	-420.584015	69.396332
15717.133333	-420.625031	69.421028
15717.200000	-420.625031	69.421028
15717.266667	-420.533783	69.416420
15717.333333	-420.539490	69.376038
15717.400000	-420.492493	69.363960
15717.466667	-420.484070	69.366714
15717.533333	-420.587372	69.304955
15717.600000	-420.508759	69.358620
15717.666667	-420.508759	69.358620
15717.733333	-420.546936	69.231094
15717.800000	-420.459290	69.292938
15717.866667	-420.521210	69.341362
15717.933333	-420.526093	69.289497
15718.000000	-420.360413	69.381035
15718.066667	-420.360413	69.381035
15718.133333	-420.460632	69.240540
15718.200000	-420.393097	69.366516
15718.266667	-420.380371	69.332558
15718.333333	-420.387695	69.413490
15718.400000	-420.273560	69.340584
15718.466667	-420.273560	69.340584
15718.533333	-420.273865	69.426697
15718.600000	-420.142731	69.501633
15718.666667	-420.388458	69.287163
15718.733333	-420.282379	69.355186
15718.800000	-420.211548	69.377403
15718.866667	-420.211548	69.377403
15718.933333	-420.248749	69.429230
15719.000000	-420.142059	69.437828
15719.066667	-420.247437	69.399910
15719.133333	-420.228577	69.394653
15719.200000	-420.104370	69.454544
15719.266667	-420.152618	69.402451
15719.333333	-420.152618	69.402451
15719.400000	-420.015442	69.460922
15719.466667	-420.050629	69.444603
15719.533333	-420.152222	69.373489
15719.600000	-419.986328	69.416306
15719.666667	-420.059021	69.428246
15719.733333	-420.059021	69.428246
15719.800000	-420.003418	69.438606
15719.866667	-420.016144	69.417435
15719.933333	-420.028137	69.315956
15720.000000	-419.975525	69.384666
