12300.066667	-385.785553	73.569252
12300.133333	-385.754120	73.632774
12300.200000	-385.827057	73.613792
12300.266667	-385.865021	73.594200
12300.333333	-385.876282	73.593208
12300.400000	-385.893768	73.585205
12300.466667	-385.952148	73.538742
12300.533333	-385.999542	73.564644
12300.600000	-386.052979	73.527847
12300.666667	-386.071167	73.529099
12300.733333	-386.137238	73.497917
12300.800000	-386.121277	73.526833
12300.866667	-386.161987	73.521088
12300.933333	-386.151978	73.505524
12301.000000	-386.141785	73.512436
12301.066667	-386.199188	73.469551
12301.133333	-386.203400	73.550423
12301.200000	-386.251129	73.500626
12301.266667	-386.275757	73.494492
12301.333333	-386.305328	73.464287
12301.400000	-386.313080	73.542320
12301.466667	-386.367584	73.482613
12301.533333	-386.375000	73.476303
12301.600000	-386.422668	73.464890
12301.666667	-386.452087	73.487289
12301.733333	-386.464172	73.497757
12301.800000	-386.542694	73.464272
12301.866667	-386.532898	73.480881
12301.933333	-386.550446	73.486694
12302.000000	-386.596619	73.476799
12302.066667	-386.629547	73.481110
12302.133333	-386.695526	73.420341
12302.200000	-386.760132	73.451439
12302.266667	-386.743866	73.437477
12302.333333	-386.775299	73.441063
12302.400000	-386.799622	73.447273
12302.466667	-386.808655	73.457741
12302.533333	-386.868103	73.446457
12302.600000	-386.886078	73.467270
12302.666667	-386.908691	73.469551
12302.733333	-386.928406	73.490479
12302.800000	-386.968262	73.454163
12302.866667	-386.930756	73.473991
12302.933333	-387.041870	73.433441
12303.000000	-386.937317	73.495857
12303.066667	-387.108643	73.415070
12303.133333	-387.097839	73.415070
12303.200000	-387.127899	73.412468
12303.266667	-387.193176	73.400757
12303.333333	-387.157196	73.419144
12303.400000	-387.256897	73.373901
12303.466667	-387.280365	73.359833
12303.533333	-387.275482	73.388657
12303.600000	-387.324799	73.331017
12303.666667	-387.361389	73.350525
12303.733333	-387.310364	73.394653
12303.800000	-387.396820	73.400658
12303.866667	-387.413300	73.396355
12303.933333	-387.391754	73.393845
12304.000000	-387.455688	73.414917
12304.066667	-387.487640	73.415131
12304.133333	-387.506165	73.376823
12304.200000	-387.572235	73.399368
12304.266667	-387.635986	73.375099
12304.333333	-387.596252	73.389862
12304.400000	-387.626709	73.393372
12304.466667	-387.643250	73.418190
12304.533333	-387.701538	73.406815
12304.600000	-387.714508	73.361603
12304.666667	-387.743774	73.354095
12304.733333	-387.823547	73.354019
12304.800000	-387.778046	73.378166
12304.866667	-387.890289	73.346519
12304.933333	-387.951569	73.304596
12305.000000	-387.881866	73.337410
12305.066667	-387.942810	73.335480
12305.133333	-387.942810	73.335480
12305.200000	-387.962097	73.339012
12305.266667	-388.009216	73.319008
12305.333333	-388.095215	73.238548
12305.400000	-388.066620	73.306450
12305.466667	-388.137482	73.294014
12305.533333	-388.137482	73.294014
12305.600000	-388.145935	73.263878
12305.666667	-388.234497	73.214172
12305.733333	-388.172455	73.312103
12305.800000	-388.208221	73.277542
12305.866667	-388.253235	73.273521
12305.933333	-388.253235	73.273521
12306.000000	-388.298035	73.279907
12306.066667	-388.317474	73.333748
12306.133333	-388.385864	73.231400
12306.200000	-388.389038	73.273239
12306.266667	-388.437683	73.278343
12306.333333	-388.479736	73.275185
12306.400000	-388.479736	73.275185
12306.466667	-388.553101	73.233826
12306.533333	-388.568695	73.265724
12306.600000	-388.582794	73.243340
12306.666667	-388.630096	73.246887
12306.733333	-388.686066	73.190895
12306.800000	-388.686066	73.190895
12306.866667	-388.720978	73.196365
12306.933333	-388.662567	73.285622
12307.000000	-388.732330	73.232475
12307.066667	-388.807770	73.197571
12307.133333	-388.785004	73.239708
12307.200000	-388.785004	73.239708
12307.266667	-388.858398	73.171051
12307.333333	-388.899170	73.159859
12307.400000	-388.942810	73.179771
12307.466667	-388.989838	73.137291
12307.533333	-389.053558	73.116318
12307.600000	-388.995361	73.129799
12307.666667	-388.995361	73.129799
12307.733333	-389.068268	73.110077
12307.800000	-389.096985	73.129044
12307.866667	-389.132080	73.120415
12307.933333	-389.208771	73.116081
12308.000000	-389.223938	73.140358
12308.066667	-389.223938	73.140358
12308.133333	-389.194702	73.125511
12308.200000	-389.218079	73.162605
12308.266667	-389.283142	73.153572
12308.333333	-389.363525	73.136093
12308.400000	-389.332428	73.178520
12308.466667	-389.332428	73.178520
12308.533333	-389.335999	73.186729
12308.600000	-389.340057	73.159927
12308.666667	-389.500702	73.148781
12308.733333	-389.489746	73.166512
12308.800000	-389.541351	73.128418
12308.866667	-389.559143	73.132164
12308.933333	-389.559143	73.132164
12309.000000	-389.595825	73.124641
12309.066667	-389.618805	73.093315
12309.133333	-389.646790	73.098434
12309.200000	-389.666016	73.093315
12309.266667	-389.691467	73.045235
12309.333333	-389.691467	73.045235
12309.400000	-389.699860	73.069916
12309.466667	-389.756531	73.068344
12309.533333	-389.774872	73.070580
12309.600000	-389.820343	73.060066
12309.666667	-389.844574	73.052254
12309.733333	-389.844574	73.052254
12309.800000	-389.864380	73.051239
12309.866667	-389.923798	73.056282
12309.933333	-389.905792	73.071358
12310.000000	-389.945038	73.051979
12310.066667	-389.919891	73.098816
12310.133333	-389.919891	73.098816
12310.200000	-390.031281	73.036827
12310.266667	-390.062073	73.091522
12310.333333	-390.069702	73.048836
12310.400000	-390.139862	73.063568
12310.466667	-390.060852	73.125549
12310.533333	-390.180695	73.062866
12310.600000	-390.180695	73.062866
12310.666667	-390.230072	73.070320
12310.733333	-390.200256	73.085426
12310.800000	-390.235168	73.070992
12310.866667	-390.244934	73.030693
12310.933333	-390.290558	73.051422
12311.000000	-390.290558	73.051422
12311.066667	-390.326904	73.019485
12311.133333	-390.337311	73.056763
12311.200000	-390.362335	73.070831
12311.266667	-390.410706	73.054840
12311.333333	-390.392029	73.085487
12311.400000	-390.392029	73.085487
12311.466667	-390.433655	73.028885
12311.533333	-390.440430	73.062317
12311.600000	-390.583740	72.952644
12311.666667	-390.496765	73.022766
12311.733333	-390.541534	73.001900
12311.800000	-390.579620	72.978851
12311.866667	-390.587128	72.984383
12311.933333	-390.632599	72.953835
12312.000000	-390.645325	72.977333
12312.066667	-390.671906	72.935966
12312.133333	-390.617157	73.020882
12312.200000	-390.779114	72.903801
12312.266667	-390.672119	73.028610
12312.333333	-390.717102	72.979721
12312.400000	-390.823761	72.961594
12312.466667	-390.779572	73.003746
12312.533333	-390.810089	72.980621
12312.600000	-390.898193	72.925117
12312.666667	-390.916412	72.974854
12312.733333	-390.877625	72.991646
12312.800000	-390.900604	73.020546
12312.866667	-390.955841	72.973190
12312.933333	-390.982483	72.974419
12313.000000	-391.018494	72.966347
12313.066667	-390.998291	72.987190
12313.133333	-391.024506	72.978851
12313.200000	-391.098785	72.937157
12313.266667	-391.075439	72.944405
12313.333333	-391.042450	72.987968
12313.400000	-391.116943	72.912880
12313.466667	-391.105255	72.935966
12313.533333	-391.173309	72.920418
12313.600000	-391.175171	72.905464
12313.666667	-391.220154	72.888763
12313.733333	-391.177887	72.916679
12313.800000	-391.235626	72.873528
12313.866667	-391.254425	72.889511
12313.933333	-391.300446	72.853333
12314.000000	-391.274963	72.878563
12314.066667	-391.315460	72.874512
12314.133333	-391.393250	72.871819
12314.200000	-391.355103	72.886932
12314.266667	-391.394257	72.873955
12314.333333	-391.409302	72.897850
12314.400000	-391.494934	72.825821
12314.466667	-391.514282	72.845184
12314.533333	-391.573395	72.887321
12314.600000	-391.526581	72.840790
12314.666667	-391.546783	72.826263
12314.733333	-391.607086	72.846756
12314.800000	-391.609833	72.868996
12314.866667	-391.597504	72.907379
12314.933333	-391.618103	72.879837
12315.000000	-391.634125	72.897232
12315.066667	-391.705902	72.869255
12315.133333	-391.701935	72.892914
12315.200000	-391.651703	72.886932
12315.266667	-391.717987	72.850372
12315.333333	-391.743561	72.879456
12315.400000	-391.725647	72.906876
12315.466667	-391.769958	72.890343
12315.533333	-391.797668	72.865959
12315.600000	-391.804779	72.866699
12315.666667	-391.814423	72.822647
12315.733333	-391.895569	72.850029
12315.800000	-391.889679	72.865852
12315.866667	-391.868164	72.864212
12315.933333	-391.914276	72.821564
12316.000000	-391.876556	72.829521
12316.066667	-391.987549	72.810089
12316.133333	-391.947113	72.857033
12316.200000	-391.990051	72.793922
12316.266667	-392.044220	72.814461
12316.333333	-392.063629	72.822945
12316.400000	-392.088226	72.798431
12316.466667	-392.131805	72.790764
12316.533333	-392.103729	72.822487
12316.600000	-392.141357	72.812836
12316.666667	-392.205475	72.807472
12316.733333	-392.179688	72.790176
12316.800000	-392.227692	72.816841
12316.866667	-392.220520	72.808502
12316.933333	-392.252686	72.820419
12317.000000	-392.286041	72.806122
12317.066667	-392.276001	72.821152
12317.133333	-392.249634	72.776833
12317.200000	-392.292633	72.784683
12317.266667	-392.271637	72.833138
12317.333333	-392.324158	72.818031
12317.400000	-392.309845	72.853554
12317.466667	-392.367371	72.831963
12317.533333	-392.405182	72.775703
12317.600000	-392.445831	72.799622
12317.666667	-392.432983	72.770142
12317.733333	-392.465424	72.796120
12317.800000	-392.482910	72.787628
12317.866667	-392.508026	72.798126
12317.933333	-392.507629	72.767578
12318.000000	-392.530121	72.790901
12318.066667	-392.523285	72.767189
12318.133333	-392.638672	72.740601
12318.200000	-392.624023	72.754181
12318.266667	-392.666412	72.711143
12318.333333	-392.658325	72.729820
12318.400000	-392.654144	72.759659
12318.466667	-392.636322	72.782249
12318.533333	-392.787567	72.701286
12318.600000	-392.715942	72.750946
12318.666667	-392.776581	72.750862
12318.733333	-392.729187	72.766808
12318.800000	-392.818329	72.734657
12318.866667	-392.829041	72.752312
12318.933333	-392.885345	72.749062
12319.000000	-392.851471	72.817986
12319.066667	-392.856720	72.792892
12319.133333	-392.884857	72.809311
12319.200000	-392.869202	72.793648
12319.266667	-392.918243	72.762550
12319.333333	-392.967621	72.793579
12319.400000	-392.971039	72.735840
12319.466667	-392.998596	72.743645
12319.533333	-393.055603	72.747749
12319.600000	-393.028351	72.767860
12319.666667	-393.091156	72.735039
12319.733333	-393.098694	72.731407
12319.800000	-393.087494	72.746696
12319.866667	-393.110413	72.732292
12319.933333	-393.126617	72.725945
12320.000000	-393.174957	72.670891
12320.066667	-393.171326	72.698730
12320.133333	-393.196350	72.702866
12320.200000	-393.274506	72.650192
12320.266667	-393.226990	72.713257
12320.333333	-393.283783	72.667389
12320.400000	-393.275421	72.725357
12320.466667	-393.275696	72.685013
12320.533333	-393.297699	72.731537
12320.600000	-393.365540	72.695572
12320.666667	-393.382355	72.713455
12320.733333	-393.423584	72.656944
12320.800000	-393.426666	72.683830
12320.866667	-393.471680	72.673988
12320.933333	-393.450653	72.706398
12321.000000	-393.478363	72.717316
12321.066667	-393.511871	72.695091
12321.133333	-393.521118	72.736252
12321.200000	-393.585510	72.641785
12321.266667	-393.561920	72.704399
12321.333333	-393.589844	72.689713
12321.400000	-393.583832	72.710228
12321.466667	-393.690918	72.602463
12321.533333	-393.701111	72.610466
12321.600000	-393.615540	72.693146
12321.666667	-393.705292	72.664124
12321.733333	-393.715607	72.619934
12321.800000	-393.689667	72.634583
12321.866667	-393.744659	72.633385
12321.933333	-393.746399	72.603363
12322.000000	-393.782562	72.615211
12322.066667	-393.780426	72.646446
12322.133333	-393.828552	72.621628
12322.200000	-393.824799	72.591522
12322.266667	-393.837646	72.580544
12322.333333	-393.877136	72.579124
12322.400000	-393.896484	72.582947
12322.466667	-393.883148	72.557426
12322.533333	-393.977325	72.591522
12322.600000	-393.928528	72.579674
12322.666667	-393.984497	72.584740
12322.733333	-393.994476	72.606758
12322.800000	-394.011475	72.575005
12322.866667	-394.007782	72.616638
12322.933333	-394.071747	72.564293
12323.000000	-394.038116	72.622803
12323.066667	-394.066376	72.578812
12323.133333	-394.085876	72.594391
12323.200000	-394.124176	72.589310
12323.266667	-394.183197	72.569221
12323.333333	-394.128937	72.635773
12323.400000	-394.221954	72.580109
12323.466667	-394.219482	72.597504
12323.533333	-394.181610	72.620399
12323.600000	-394.280975	72.551399
12323.666667	-394.191681	72.643051
12323.733333	-394.297333	72.599670
12323.800000	-394.351807	72.537659
12323.866667	-394.349182	72.568535
12323.933333	-394.328186	72.577850
12324.000000	-394.361145	72.561958
12324.066667	-394.373810	72.559837
12324.133333	-394.384521	72.520958
12324.200000	-394.419159	72.543465
12324.266667	-394.445465	72.501541
12324.333333	-394.420837	72.546577
12324.400000	-394.477509	72.524872
12324.466667	-394.565735	72.471474
12324.533333	-394.551697	72.501686
12324.600000	-394.560150	72.508308
12324.666667	-394.580170	72.493378
12324.733333	-394.532532	72.552490
12324.800000	-394.605988	72.502113
12324.866667	-394.622162	72.516434
12324.933333	-394.596771	72.525414
12325.000000	-394.621338	72.516174
12325.066667	-394.679565	72.512558
12325.133333	-394.645081	72.497147
12325.200000	-394.687469	72.521118
12325.266667	-394.707428	72.526939
12325.333333	-394.701721	72.522461
12325.400000	-394.756470	72.554451
12325.466667	-394.746918	72.536507
12325.533333	-394.763000	72.574059
12325.600000	-394.818665	72.511612
12325.666667	-394.850830	72.544044
12325.733333	-394.864838	72.554375
12325.800000	-394.850525	72.559845
12325.866667	-394.859436	72.522179
12325.933333	-394.977875	72.488747
12326.000000	-394.968750	72.473427
12326.066667	-394.935150	72.492889
12326.133333	-394.944550	72.477226
12326.200000	-394.985840	72.484497
12326.266667	-395.021576	72.483887
12326.333333	-395.045624	72.455666
12326.400000	-395.005646	72.470970
12326.466667	-395.102325	72.443108
12326.533333	-395.112915	72.446358
12326.600000	-395.067383	72.502266
12326.666667	-395.129578	72.483292
12326.733333	-395.169281	72.459267
12326.800000	-395.166504	72.446358
12326.866667	-395.174316	72.445305
12326.933333	-395.213165	72.488785
12327.000000	-395.201477	72.458366
12327.066667	-395.183502	72.486938
12327.133333	-395.226501	72.455185
12327.200000	-395.287506	72.468338
12327.266667	-395.298492	72.445305
12327.333333	-395.305725	72.489914
12327.400000	-395.308289	72.479713
12327.466667	-395.345184	72.463585
12327.533333	-395.357544	72.485092
12327.600000	-395.411865	72.475510
12327.666667	-395.422638	72.462189
12327.733333	-395.409393	72.477859
12327.800000	-395.407898	72.484497
12327.866667	-395.451233	72.491631
12327.933333	-395.479309	72.470627
12328.000000	-395.468567	72.462181
12328.066667	-395.518219	72.452034
12328.133333	-395.531036	72.452316
12328.200000	-395.554199	72.465942
12328.266667	-395.576385	72.430023
12328.333333	-395.594910	72.399620
12328.400000	-395.614594	72.450058
12328.466667	-395.578796	72.465126
12328.533333	-395.638306	72.439781
12328.600000	-395.663544	72.393715
12328.666667	-395.674408	72.434868
12328.733333	-395.709351	72.367493
12328.800000	-395.699646	72.380775
12328.866667	-395.772064	72.348801
12328.933333	-395.740845	72.406433
12329.000000	-395.786285	72.402740
12329.066667	-395.733521	72.405571
12329.133333	-395.818939	72.428116
12329.200000	-395.808777	72.393707
12329.266667	-395.835999	72.415390
12329.333333	-395.877075	72.454224
12329.400000	-395.894531	72.383621
12329.466667	-395.911194	72.410965
12329.533333	-395.888550	72.402832
12329.600000	-395.893036	72.433655
12329.666667	-395.937927	72.449860
12329.733333	-395.977844	72.435684
12329.800000	-395.973785	72.428047
12329.866667	-396.078461	72.341629
12329.933333	-396.122253	72.381607
12330.000000	-396.055817	72.393951
12330.066667	-396.111389	72.354362
12330.133333	-396.167175	72.322472
12330.200000	-396.141937	72.374397
12330.266667	-396.178558	72.316177
12330.333333	-396.144775	72.354889
12330.400000	-396.232330	72.286545
12330.466667	-396.193298	72.331963
12330.533333	-396.233459	72.328209
12330.600000	-396.206268	72.339218
12330.666667	-396.355133	72.248314
12330.733333	-396.334045	72.259651
12330.800000	-396.411896	72.235092
12330.866667	-396.365082	72.274590
12330.933333	-396.331573	72.291496
12331.000000	-396.366974	72.248093
12331.066667	-396.371246	72.301971
12331.133333	-396.388489	72.269119
12331.200000	-396.421661	72.255142
12331.266667	-396.399780	72.323776
12331.333333	-396.453766	72.301155
12331.400000	-396.458496	72.309456
12331.466667	-396.518402	72.305130
12331.533333	-396.496307	72.304939
12331.600000	-396.527740	72.307770
12331.666667	-396.542938	72.295967
12331.733333	-396.604187	72.303169
12331.800000	-396.559753	72.315178
12331.866667	-396.645294	72.295364
12331.933333	-396.622131	72.294144
12332.000000	-396.621033	72.304604
12332.066667	-396.641235	72.290474
12332.133333	-396.663757	72.322166
12332.200000	-396.736908	72.232727
12332.266667	-396.702026	72.304138
12332.333333	-396.758545	72.243492
12332.400000	-396.766937	72.294922
12332.466667	-396.778931	72.237625
12332.533333	-396.803009	72.252419
12332.600000	-396.800415	72.254257
12332.666667	-396.855774	72.220627
12332.733333	-396.861694	72.187439
12332.800000	-396.837982	72.210228
12332.866667	-396.869537	72.240730
12332.933333	-396.906525	72.198296
12333.000000	-396.921234	72.198578
12333.066667	-396.976837	72.199638
12333.133333	-396.946533	72.216995
12333.200000	-396.959229	72.205040
12333.266667	-396.933289	72.236404
12333.333333	-396.987457	72.233131
12333.400000	-397.044403	72.218376
12333.466667	-397.069580	72.220467
12333.533333	-397.059570	72.231544
12333.600000	-397.091492	72.261093
12333.666667	-397.100098	72.250252
12333.733333	-397.088806	72.233536
12333.800000	-397.107788	72.263824
12333.866667	-397.143494	72.254005
12333.933333	-397.129303	72.254921
12334.000000	-397.195618	72.185547
12334.066667	-397.189423	72.214531
12334.133333	-397.167328	72.245537
12334.200000	-397.164948	72.269554
12334.266667	-397.220245	72.235504
12334.333333	-397.248230	72.221245
12334.400000	-397.257965	72.222923
12334.466667	-397.223724	72.233940
12334.533333	-397.297821	72.200729
12334.600000	-397.287598	72.228630
12334.666667	-397.336884	72.199936
12334.733333	-397.336792	72.195412
12334.800000	-397.321564	72.189316
12334.866667	-397.303253	72.222351
12334.933333	-397.414978	72.177048
12335.000000	-397.417389	72.185524
12335.066667	-397.431519	72.170807
12335.133333	-397.430695	72.184891
12335.200000	-397.419800	72.218201
12335.266667	-397.466919	72.162735
12335.333333	-397.476685	72.208519
12335.400000	-397.492401	72.159363
12335.466667	-397.480927	72.173920
12335.533333	-397.514008	72.184944
12335.600000	-397.514282	72.209023
12335.666667	-397.588104	72.213348
12335.733333	-397.608582	72.177139
12335.800000	-397.622894	72.154503
12335.866667	-397.578186	72.212639
12335.933333	-397.647430	72.225212
12336.000000	-397.617950	72.172852
12336.066667	-397.701660	72.162682
12336.133333	-397.671661	72.208313
12336.200000	-397.656250	72.155693
12336.266667	-397.725769	72.210976
12336.333333	-397.725342	72.183090
12336.400000	-397.777740	72.216446
12336.466667	-397.745575	72.192619
12336.533333	-397.790680	72.165756
12336.600000	-397.795013	72.179474
12336.666667	-397.798523	72.180069
12336.733333	-397.855377	72.127861
12336.800000	-397.813477	72.181900
12336.866667	-397.833771	72.152840
12336.933333	-397.846893	72.192062
12337.000000	-397.880951	72.127426
12337.066667	-397.894287	72.132263
12337.133333	-397.890320	72.099617
12337.200000	-397.918488	72.140152
12337.266667	-397.975189	72.147148
12337.333333	-397.917084	72.150642
12337.400000	-398.081696	72.098640
12337.466667	-397.997406	72.109299
12337.533333	-398.025146	72.135597
12337.600000	-398.061066	72.094795
12337.666667	-398.081848	72.119865
12337.733333	-398.114105	72.093819
12337.800000	-398.091736	72.148743
12337.866667	-398.166626	72.088692
12337.933333	-398.136383	72.121735
12338.000000	-398.141113	72.129875
12338.066667	-398.197083	72.152122
12338.133333	-398.188202	72.076408
12338.200000	-398.226959	72.137756
12338.266667	-398.235596	72.107445
12338.333333	-398.210175	72.106850
12338.400000	-398.264496	72.091591
12338.466667	-398.252808	72.097847
12338.533333	-398.287689	72.108673
12338.600000	-398.313293	72.097694
12338.666667	-398.328461	72.093040
12338.733333	-398.358490	72.119461
12338.800000	-398.356018	72.098915
12338.866667	-398.359375	72.089386
12338.933333	-398.359375	72.117393
12339.000000	-398.441589	72.029305
12339.066667	-398.429199	72.037926
12339.133333	-398.419708	72.055817
12339.200000	-398.464600	72.023262
12339.266667	-398.467834	72.031799
12339.333333	-398.505066	72.033051
12339.400000	-398.444031	72.067917
12339.466667	-398.534973	72.035492
12339.533333	-398.591034	72.012962
12339.600000	-398.549591	72.094589
12339.666667	-398.597260	72.002258
12339.733333	-398.568329	72.065971
12339.800000	-398.678619	71.961601
12339.866667	-398.692963	71.995346
12339.933333	-398.643219	72.060097
12340.000000	-398.723358	72.014786
12340.066667	-398.737885	72.005035
12340.133333	-398.667175	72.069626
12340.200000	-398.742676	72.048477
12340.266667	-398.761627	72.053162
12340.333333	-398.785126	71.957970
12340.400000	-398.809692	72.012962
12340.466667	-398.825073	71.974915
12340.533333	-398.795990	72.037979
12340.600000	-398.871063	72.014282
12340.666667	-398.864349	71.991615
12340.733333	-398.863617	71.968353
12340.800000	-398.856812	71.995308
12340.866667	-398.826050	72.053246
12340.933333	-398.864655	71.997360
12341.000000	-398.920166	71.992493
12341.066667	-398.969543	71.953796
12341.133333	-398.927948	71.988228
12341.200000	-398.937653	71.949715
12341.266667	-398.945465	71.974983
12341.333333	-399.053833	71.930130
12341.400000	-399.025940	71.954025
12341.466667	-399.032043	71.983383
12341.533333	-399.076996	71.922424
12341.600000	-399.076996	71.922424
12341.666667	-399.035645	71.980133
12341.733333	-399.056274	71.988228
12341.800000	-399.104156	71.962158
12341.866667	-399.079590	71.978111
12341.933333	-399.147034	71.983383
12342.000000	-399.147034	71.983383
12342.066667	-399.173859	71.978249
12342.133333	-399.121216	71.983429
12342.200000	-399.197388	71.963196
12342.266667	-399.180725	71.983429
12342.333333	-399.244904	71.956139
12342.400000	-399.244904	71.956139
12342.466667	-399.218201	71.968025
12342.533333	-399.281921	71.976669
12342.600000	-399.245239	71.966064
12342.666667	-399.305878	71.932167
12342.733333	-399.338257	71.932564
12342.800000	-399.382721	71.958557
12342.866667	-399.382721	71.958557
12342.933333	-399.341919	71.947952
12343.000000	-399.344299	71.920891
12343.066667	-399.379211	71.920830
12343.133333	-399.341980	71.942505
12343.200000	-399.351440	71.901443
12343.266667	-399.351440	71.901443
12343.333333	-399.442352	71.915794
12343.400000	-399.444733	71.954063
12343.466667	-399.430756	71.915329
12343.533333	-399.453430	71.914185
12343.600000	-399.493805	71.872673
12343.666667	-399.493805	71.872673
12343.733333	-399.493835	71.916351
12343.800000	-399.493164	71.917442
12343.866667	-399.511200	71.930939
12343.933333	-399.503998	71.927338
12344.000000	-399.609161	71.924423
12344.066667	-399.609161	71.924423
12344.133333	-399.569763	71.929329
12344.200000	-399.607788	71.893356
12344.266667	-399.606140	71.938782
12344.333333	-399.621368	71.913445
12344.400000	-399.686890	71.960388
12344.466667	-399.661621	71.903679
12344.533333	-399.661621	71.903679
12344.600000	-399.671509	71.938690
12344.666667	-399.673950	71.957069
12344.733333	-399.733521	71.897163
12344.800000	-399.700439	71.913918
12344.866667	-399.738098	71.927292
12344.933333	-399.738098	71.927292
12345.000000	-399.724060	71.904015
12345.066667	-399.763123	71.916817
12345.133333	-399.766449	71.916267
12345.200000	-399.803925	71.867523
12345.266667	-399.818024	71.859581
12345.333333	-399.818024	71.859581
12345.400000	-399.838135	71.878654
12345.466667	-399.847473	71.892044
12345.533333	-399.838165	71.893814
12345.600000	-399.837036	71.875130
12345.666667	-399.866302	71.867630
12345.733333	-399.869019	71.868500
12345.800000	-399.869019	71.868500
12345.866667	-399.924408	71.897194
12345.933333	-399.929962	71.906326
12346.000000	-399.948334	71.887184
12346.066667	-399.954712	71.847481
12346.133333	-399.988251	71.872032
12346.200000	-399.988251	71.872032
12346.266667	-400.004486	71.875618
12346.333333	-399.972534	71.886559
12346.400000	-400.058289	71.895462
12346.466667	-400.013611	71.902634
12346.533333	-400.104462	71.891396
12346.600000	-400.104462	71.891396
12346.666667	-400.070740	71.891312
12346.733333	-400.130188	71.837791
12346.800000	-400.112244	71.896782
12346.866667	-400.179260	71.811836
12346.933333	-400.080811	71.867737
12347.000000	-400.080811	71.867737
12347.066667	-400.152863	71.834511
12347.133333	-400.115173	71.875702
12347.200000	-400.194214	71.789490
12347.266667	-400.154083	71.869606
12347.333333	-400.181915	71.864769
12347.400000	-400.244843	71.827286
12347.466667	-400.244843	71.827286
12347.533333	-400.264496	71.832100
12347.600000	-400.232819	71.794312
12347.666667	-400.223175	71.831680
12347.733333	-400.276886	71.783310
12347.800000	-400.254517	71.801544
12347.866667	-400.254517	71.801544
12347.933333	-400.281342	71.799683
12348.000000	-400.271057	71.820084
12348.066667	-400.324768	71.829666
12348.133333	-400.289368	71.841583
12348.200000	-400.314056	71.819351
12348.266667	-400.314056	71.819351
12348.333333	-400.339661	71.892044
12348.400000	-400.371948	71.805138
12348.466667	-400.392548	71.830879
12348.533333	-400.364471	71.849976
12348.600000	-400.393097	71.851219
12348.666667	-400.394348	71.847908
12348.733333	-400.394348	71.847908
12348.800000	-400.472809	71.808876
12348.866667	-400.434662	71.834595
12348.933333	-400.494812	71.833389
12349.000000	-400.478058	71.817238
12349.066667	-400.478729	71.812393
12349.133333	-400.478729	71.812393
12349.200000	-400.498383	71.814903
12349.266667	-400.594086	71.797386
12349.333333	-400.534241	71.795258
12349.400000	-400.589661	71.775017
12349.466667	-400.489471	71.824287
12349.533333	-400.613098	71.707321
12349.600000	-400.524292	71.795082
12349.666667	-400.614502	71.691963
12349.733333	-400.622223	71.732864
12349.800000	-400.611084	71.752029
12349.866667	-400.624756	71.710487
12349.933333	-400.654755	71.764168
12350.000000	-400.652344	71.805161
12350.066667	-400.658661	71.726830
12350.133333	-400.648315	71.782043
12350.200000	-400.690338	71.766434
12350.266667	-400.670319	71.762665
12350.333333	-400.683136	71.782043
12350.400000	-400.675232	71.785873
12350.466667	-400.681122	71.797813
12350.533333	-400.732483	71.814949
12350.600000	-400.722961	71.757042
12350.666667	-400.724945	71.832047
12350.733333	-400.707336	71.874397
12350.800000	-400.736725	71.791901
12350.866667	-400.775665	71.795082
12350.933333	-400.764587	71.787468
12351.000000	-400.785919	71.776413
12351.066667	-400.852570	71.748863
12351.133333	-400.782532	71.800339
12351.200000	-400.840302	71.752464
12351.266667	-400.840302	71.769623
12351.333333	-400.845215	71.774162
12351.400000	-400.839020	71.716827
12351.466667	-400.846436	71.773468
12351.533333	-400.761017	71.796303
12351.600000	-400.857361	71.753502
12351.666667	-400.867340	71.750099
12351.733333	-400.817017	71.791672
12351.800000	-400.885010	71.735237
12351.866667	-400.905487	71.699661
12351.933333	-400.863312	71.705101
12352.000000	-400.923889	71.698944
12352.066667	-400.921783	71.706558
12352.133333	-400.876587	71.765373
12352.200000	-400.957458	71.736519
12352.266667	-400.912048	71.741348
12352.333333	-400.898102	71.766090
12352.400000	-400.891266	71.771515
12352.466667	-400.918732	71.727966
12352.533333	-400.879639	71.758705
12352.600000	-401.006287	71.708450
12352.666667	-400.962341	71.749939
12352.733333	-400.979156	71.781265
12352.800000	-400.968231	71.789459
12352.866667	-401.029541	71.710068
12352.933333	-400.936127	71.766296
12353.000000	-400.980804	71.753021
12353.066667	-401.024536	71.764038
12353.133333	-401.054413	71.770264
12353.200000	-401.070648	71.707138
12353.266667	-401.021118	71.798073
12353.333333	-401.021301	71.787468
12353.400000	-401.030762	71.735397
12353.466667	-401.079895	71.762527
12353.533333	-401.065063	71.721771
12353.600000	-401.061707	71.709503
12353.666667	-401.038330	71.697197
12353.733333	-401.073700	71.745239
12353.800000	-401.125763	71.692436
12353.866667	-401.103577	71.710083
12353.933333	-401.100494	71.690559
12354.000000	-401.102386	71.688553
12354.066667	-401.126923	71.682442
12354.133333	-401.106995	71.720810
12354.200000	-401.097382	71.714806
12354.266667	-401.210571	71.665215
12354.333333	-401.137909	71.689484
12354.400000	-401.168396	71.678368
12354.466667	-401.174225	71.696793
12354.533333	-401.137970	71.745178
12354.600000	-401.245819	71.639755
12354.666667	-401.216553	71.700279
12354.733333	-401.167755	71.721695
12354.800000	-401.222870	71.692276
12354.866667	-401.179291	71.771568
12354.933333	-401.280731	71.704308
12355.000000	-401.178070	71.778831
12355.066667	-401.215057	71.690788
12355.133333	-401.245056	71.690308
12355.200000	-401.247070	71.734047
12355.266667	-401.221954	71.727982
12355.333333	-401.244751	71.726868
12355.400000	-401.272217	71.701714
12355.466667	-401.296722	71.690788
12355.533333	-401.248688	71.718407
12355.600000	-401.290833	71.692596
12355.666667	-401.264221	71.702232
12355.733333	-401.323212	71.667419
12355.800000	-401.296112	71.652054
12355.866667	-401.307678	71.668182
12355.933333	-401.319336	71.631180
12356.000000	-401.315796	71.698250
12356.066667	-401.349152	71.646027
12356.133333	-401.347961	71.644646
12356.200000	-401.344757	71.664375
12356.266667	-401.343536	71.663170
12356.333333	-401.370270	71.667030
12356.400000	-401.364136	71.647774
12356.466667	-401.315125	71.744652
12356.533333	-401.406158	71.650452
12356.600000	-401.364136	71.747429
12356.666667	-401.326416	71.720490
12356.733333	-401.356110	71.692436
12356.800000	-401.429535	71.666443
12356.866667	-401.411682	71.684418
12356.933333	-401.392487	71.756416
12357.000000	-401.375092	71.698814
12357.066667	-401.391357	71.702690
12357.133333	-401.401825	71.700035
12357.200000	-401.402557	71.739983
12357.266667	-401.426025	71.767021
12357.333333	-401.424805	71.721870
12357.400000	-401.419312	71.701714
12357.466667	-401.460266	71.713196
12357.533333	-401.378998	71.732834
12357.600000	-401.456757	71.717857
12357.666667	-401.439453	71.701126
12357.733333	-401.450470	71.671883
12357.800000	-401.426971	71.682243
12357.866667	-401.475159	71.698296
12357.933333	-401.485016	71.671127
12358.000000	-401.406860	71.719208
12358.066667	-401.460266	71.668907
12358.133333	-401.484314	71.655373
12358.200000	-401.433411	71.719475
12358.266667	-401.481445	71.696930
12358.333333	-401.482849	71.685577
12358.400000	-401.483948	71.667160
12358.466667	-401.443176	71.726799
12358.533333	-401.492432	71.655067
12358.600000	-401.510223	71.701767
12358.666667	-401.502533	71.701889
12358.733333	-401.494720	71.711960
12358.800000	-401.535156	71.691681
12358.866667	-401.476379	71.755119
12358.933333	-401.568268	71.675842
12359.000000	-401.547241	71.692894
12359.066667	-401.495575	71.710892
12359.133333	-401.571960	71.686661
12359.200000	-401.562378	71.714928
12359.266667	-401.588318	71.696251
12359.333333	-401.552155	71.726692
12359.400000	-401.588959	71.680588
12359.466667	-401.528259	71.699532
12359.533333	-401.583588	71.671394
12359.600000	-401.537781	71.688591
12359.666667	-401.561462	71.708450
12359.733333	-401.584229	71.648438
12359.800000	-401.622650	71.650452
12359.866667	-401.633179	71.668686
12359.933333	-401.595032	71.656281
12360.000000	-401.528259	71.692123
