8700.066667	-395.725464	72.321030
8700.133333	-395.753235	72.300140
8700.200000	-395.749664	72.305305
8700.266667	-395.764557	72.329735
8700.333333	-395.786377	72.373886
8700.400000	-395.807465	72.372215
8700.466667	-395.835846	72.393524
8700.533333	-395.824615	72.391510
8700.600000	-395.841095	72.398056
8700.666667	-395.866333	72.382072
8700.733333	-395.860291	72.379616
8700.800000	-395.896576	72.433830
8700.866667	-395.947174	72.450714
8700.933333	-395.906433	72.460091
8701.000000	-395.958557	72.460075
8701.066667	-395.986359	72.459167
8701.133333	-395.952881	72.471382
8701.200000	-395.968750	72.465263
8701.266667	-395.977325	72.508896
8701.333333	-396.024750	72.450821
8701.400000	-396.001770	72.421913
8701.466667	-396.019226	72.391998
8701.533333	-396.041962	72.432610
8701.600000	-396.042664	72.442261
8701.666667	-396.035858	72.423607
8701.733333	-396.029419	72.389412
8701.800000	-396.059326	72.412628
8701.866667	-396.026306	72.391220
8701.933333	-396.054016	72.359627
8702.000000	-396.030792	72.288933
8702.066667	-396.053833	72.297592
8702.133333	-396.023163	72.334770
8702.200000	-396.048279	72.316444
8702.266667	-396.090424	72.333710
8702.333333	-396.089539	72.328766
8702.400000	-396.085236	72.319435
8702.466667	-396.103485	72.391335
8702.533333	-396.090515	72.382462
8702.600000	-396.131561	72.453438
8702.666667	-396.150085	72.454933
8702.733333	-396.119995	72.457397
8702.800000	-396.156372	72.409897
8702.866667	-396.123993	72.416763
8702.933333	-396.163208	72.444328
8703.000000	-396.141815	72.424950
8703.066667	-396.175293	72.472412
8703.133333	-396.161560	72.451050
8703.200000	-396.146851	72.488304
8703.266667	-396.183075	72.444695
8703.333333	-396.179962	72.470070
8703.400000	-396.183105	72.433830
8703.466667	-396.137054	72.456581
8703.533333	-396.159882	72.442902
8703.600000	-396.126740	72.427956
8703.666667	-396.170532	72.427475
8703.733333	-396.180847	72.413322
8703.800000	-396.175690	72.454872
8703.866667	-396.197601	72.429893
8703.933333	-396.164520	72.391907
8704.000000	-396.217743	72.418602
8704.066667	-396.194427	72.396439
8704.133333	-396.193176	72.374641
8704.200000	-396.236755	72.353973
8704.266667	-396.206543	72.364540
8704.333333	-396.220398	72.343842
8704.400000	-396.226196	72.340515
8704.466667	-396.181366	72.321060
8704.533333	-396.202972	72.382767
8704.600000	-396.220306	72.452812
8704.666667	-396.221680	72.364708
8704.733333	-396.208038	72.408539
8704.800000	-396.203339	72.430801
8704.866667	-396.205994	72.421608
8704.933333	-396.206238	72.424988
8705.000000	-396.215759	72.388252
8705.066667	-396.183594	72.441284
8705.133333	-396.225220	72.430931
8705.200000	-396.177155	72.430939
8705.266667	-396.241150	72.459885
8705.333333	-396.238495	72.463745
8705.400000	-396.246368	72.438477
8705.466667	-396.219879	72.448906
8705.533333	-396.219849	72.438148
8705.600000	-396.238464	72.488121
8705.666667	-396.247345	72.456024
8705.733333	-396.222229	72.446640
8705.800000	-396.244354	72.441803
8705.866667	-396.237885	72.413017
8705.933333	-396.251434	72.428131
8706.000000	-396.260468	72.456940
8706.066667	-396.236237	72.397659
8706.133333	-396.249420	72.371819
8706.200000	-396.253143	72.360497
8706.266667	-396.290070	72.341087
8706.333333	-396.320312	72.388756
8706.400000	-396.301422	72.351860
8706.466667	-396.291901	72.279602
8706.533333	-396.282806	72.303078
8706.600000	-396.294800	72.338722
8706.666667	-396.311371	72.357162
8706.733333	-396.355072	72.389473
8706.800000	-396.358978	72.379272
8706.866667	-396.331970	72.396484
8706.933333	-396.330078	72.417496
8707.000000	-396.365112	72.395485
8707.066667	-396.383392	72.393364
8707.133333	-396.399353	72.415993
8707.200000	-396.422424	72.440926
8707.266667	-396.430420	72.442253
8707.333333	-396.397827	72.442711
8707.400000	-396.461487	72.442116
8707.466667	-396.439819	72.436493
8707.533333	-396.413025	72.485352
8707.600000	-396.399414	72.484558
8707.666667	-396.460876	72.497177
8707.733333	-396.476440	72.486938
8707.800000	-396.464417	72.454117
8707.866667	-396.454041	72.428856
8707.933333	-396.465820	72.455658
8708.000000	-396.464600	72.450874
8708.066667	-396.490692	72.368134
8708.133333	-396.500946	72.379822
8708.200000	-396.494568	72.381660
8708.266667	-396.496338	72.360008
8708.333333	-396.514221	72.345695
8708.400000	-396.521698	72.334244
8708.466667	-396.540131	72.338226
8708.533333	-396.510803	72.298813
8708.600000	-396.533112	72.370537
8708.666667	-396.506866	72.343559
8708.733333	-396.549927	72.362488
8708.800000	-396.517792	72.361816
8708.866667	-396.507446	72.378250
8708.933333	-396.550720	72.367867
8709.000000	-396.575500	72.375458
8709.066667	-396.552795	72.381607
8709.133333	-396.575134	72.358192
8709.200000	-396.585266	72.439110
8709.266667	-396.582825	72.393311
8709.333333	-396.601166	72.456978
8709.400000	-396.572968	72.446312
8709.466667	-396.618713	72.451286
8709.533333	-396.616608	72.462700
8709.600000	-396.652985	72.491310
8709.666667	-396.622742	72.482956
8709.733333	-396.625946	72.455711
8709.800000	-396.594727	72.444855
8709.866667	-396.618896	72.438957
8709.933333	-396.627533	72.475037
8710.000000	-396.629944	72.402824
8710.066667	-396.646790	72.376823
8710.133333	-396.635345	72.430786
8710.200000	-396.639282	72.392776
8710.266667	-396.655518	72.391022
8710.333333	-396.657288	72.402374
8710.400000	-396.671906	72.402290
8710.466667	-396.649017	72.360298
8710.533333	-396.657257	72.346588
8710.600000	-396.682678	72.358353
8710.666667	-396.671112	72.324364
8710.733333	-396.682831	72.326508
8710.800000	-396.712219	72.352814
8710.866667	-396.680481	72.346962
8710.933333	-396.688080	72.339409
8711.000000	-396.695923	72.303162
8711.066667	-396.714264	72.382706
8711.133333	-396.705688	72.337219
8711.200000	-396.715271	72.377319
8711.266667	-396.738892	72.368256
8711.333333	-396.724945	72.422562
8711.400000	-396.759705	72.433922
8711.466667	-396.722748	72.375862
8711.533333	-396.762024	72.433922
8711.600000	-396.751801	72.434097
8711.666667	-396.761658	72.441399
8711.733333	-396.753723	72.438622
8711.800000	-396.758240	72.441154
8711.866667	-396.751770	72.409538
8711.933333	-396.756134	72.357536
8712.000000	-396.775452	72.425217
8712.066667	-396.791016	72.380211
8712.133333	-396.792389	72.414955
8712.200000	-396.776093	72.384750
8712.266667	-396.764313	72.350052
8712.333333	-396.783234	72.317329
8712.400000	-396.781586	72.376129
8712.466667	-396.778351	72.330002
8712.533333	-396.790802	72.318344
8712.600000	-396.806396	72.337692
8712.666667	-396.763763	72.336380
8712.733333	-396.761078	72.306061
8712.800000	-396.777283	72.319115
8712.866667	-396.811768	72.341141
8712.933333	-396.811768	72.341141
8713.000000	-396.796051	72.321213
8713.066667	-396.835632	72.326622
8713.133333	-396.807312	72.334778
8713.200000	-396.826416	72.335564
8713.266667	-396.835632	72.361832
8713.333333	-396.835632	72.361832
8713.400000	-396.830109	72.357162
8713.466667	-396.839355	72.391319
8713.533333	-396.842102	72.385651
8713.600000	-396.862823	72.374107
8713.666667	-396.888519	72.364189
8713.733333	-396.888519	72.364189
8713.800000	-396.900665	72.410561
8713.866667	-396.895813	72.386955
8713.933333	-396.923920	72.412079
8714.000000	-396.906494	72.445984
8714.066667	-396.911896	72.407753
8714.133333	-396.934143	72.396240
8714.200000	-396.934143	72.396240
8714.266667	-396.935974	72.392372
8714.333333	-396.949005	72.360329
8714.400000	-396.914185	72.347115
8714.466667	-396.977295	72.347580
8714.533333	-396.954010	72.297264
8714.600000	-396.954010	72.297264
8714.666667	-396.997742	72.302971
8714.733333	-396.943207	72.216499
8714.800000	-396.974030	72.233437
8714.866667	-396.993408	72.257050
8714.933333	-396.983704	72.248253
8715.000000	-396.983704	72.248253
8715.066667	-396.997192	72.228142
8715.133333	-396.960602	72.219345
8715.200000	-397.008148	72.235458
8715.266667	-396.998322	72.251381
8715.333333	-397.020264	72.315819
8715.400000	-397.045563	72.365913
8715.466667	-397.045563	72.365913
8715.533333	-397.035126	72.352310
8715.600000	-397.069122	72.340790
8715.666667	-397.083435	72.421104
8715.733333	-397.075531	72.420914
8715.800000	-397.072906	72.394829
8715.866667	-397.072906	72.394829
8715.933333	-397.101990	72.429085
8716.000000	-397.099915	72.441925
8716.066667	-397.136200	72.437485
8716.133333	-397.101715	72.419601
8716.200000	-397.124939	72.397308
8716.266667	-397.124939	72.397308
8716.333333	-397.117004	72.386673
8716.400000	-397.131348	72.347710
8716.466667	-397.118958	72.316345
8716.533333	-397.129852	72.300232
8716.600000	-397.124115	72.289986
8716.666667	-397.124115	72.289986
8716.733333	-397.099243	72.251976
8716.800000	-397.109100	72.249878
8716.866667	-397.144043	72.267967
8716.933333	-397.138977	72.266647
8717.000000	-397.133850	72.187218
8717.066667	-397.123566	72.218376
8717.133333	-397.123566	72.218376
8717.200000	-397.114563	72.221909
8717.266667	-397.167358	72.260643
8717.333333	-397.176605	72.312180
8717.400000	-397.167267	72.308548
8717.466667	-397.176971	72.316025
8717.533333	-397.176971	72.316025
8717.600000	-397.211823	72.316292
8717.666667	-397.215729	72.382294
8717.733333	-397.214691	72.384163
8717.800000	-397.226654	72.409904
8717.866667	-397.226379	72.449776
8717.933333	-397.226379	72.449776
8718.000000	-397.232941	72.470619
8718.066667	-397.235229	72.478561
8718.133333	-397.244873	72.460197
8718.200000	-397.269287	72.416664
8718.266667	-397.222260	72.452454
8718.333333	-397.229004	72.397629
8718.400000	-397.229004	72.397629
8718.466667	-397.275299	72.440552
8718.533333	-397.236511	72.392433
8718.600000	-397.300232	72.371124
8718.666667	-397.316376	72.372978
8718.733333	-397.255707	72.375725
8718.800000	-397.255707	72.375725
8718.866667	-397.309875	72.310570
8718.933333	-397.275482	72.311256
8719.000000	-397.302124	72.272858
8719.066667	-397.308899	72.313408
8719.133333	-397.298920	72.288918
8719.200000	-397.298920	72.288918
8719.266667	-397.336243	72.324295
8719.333333	-397.331696	72.318626
8719.400000	-397.337341	72.304352
8719.466667	-397.342468	72.333191
8719.533333	-397.340637	72.380630
8719.600000	-397.340637	72.380630
8719.666667	-397.370941	72.328812
8719.733333	-397.343536	72.340912
8719.800000	-397.361328	72.376617
8719.866667	-397.359680	72.396210
8719.933333	-397.365540	72.418427
8720.000000	-397.313934	72.436913
8720.066667	-397.334351	72.405060
8720.133333	-397.371124	72.431351
8720.200000	-397.353546	72.434425
8720.266667	-397.376770	72.432030
8720.333333	-397.385376	72.424637
8720.400000	-397.389465	72.413803
8720.466667	-397.400696	72.404091
8720.533333	-397.369446	72.367401
8720.600000	-397.408600	72.340675
8720.666667	-397.390747	72.348854
8720.733333	-397.395416	72.338860
8720.800000	-397.425934	72.331367
8720.866667	-397.432434	72.335526
8720.933333	-397.389771	72.326996
8721.000000	-397.395081	72.341026
8721.066667	-397.423462	72.341576
8721.133333	-397.424164	72.304489
8721.200000	-397.411926	72.284393
8721.266667	-397.397125	72.295456
8721.333333	-397.427917	72.308617
8721.400000	-397.408417	72.315170
8721.466667	-397.410126	72.295387
8721.533333	-397.417694	72.338654
8721.600000	-397.416046	72.330315
8721.666667	-397.429291	72.321083
8721.733333	-397.445496	72.323143
8721.800000	-397.482452	72.317039
8721.866667	-397.456573	72.324959
8721.933333	-397.458038	72.356697
8722.000000	-397.481262	72.419189
8722.066667	-397.462616	72.452492
8722.133333	-397.500732	72.441261
8722.200000	-397.473877	72.393570
8722.266667	-397.518982	72.420189
8722.333333	-397.535065	72.427605
8722.400000	-397.523193	72.436310
8722.466667	-397.531433	72.412231
8722.533333	-397.561890	72.434845
8722.600000	-397.505493	72.399017
8722.666667	-397.528320	72.398216
8722.733333	-397.513885	72.427635
8722.800000	-397.527222	72.359207
8722.866667	-397.493134	72.347519
8722.933333	-397.518005	72.353989
8723.000000	-397.527985	72.290474
8723.066667	-397.535919	72.297623
8723.133333	-397.521912	72.278252
8723.200000	-397.493408	72.280197
8723.266667	-397.527161	72.296150
8723.333333	-397.526642	72.286194
8723.400000	-397.505707	72.277214
8723.466667	-397.559937	72.265770
8723.533333	-397.521820	72.279488
8723.600000	-397.535706	72.281090
8723.666667	-397.553741	72.299438
8723.733333	-397.551880	72.275566
8723.800000	-397.574860	72.293709
8723.866667	-397.582794	72.303574
8723.933333	-397.580994	72.354591
8724.000000	-397.600098	72.373077
8724.066667	-397.612091	72.398254
8724.133333	-397.630646	72.408997
8724.200000	-397.606567	72.373253
8724.266667	-397.600769	72.436958
8724.333333	-397.670685	72.459839
8724.400000	-397.653564	72.430054
8724.466667	-397.667511	72.388992
8724.533333	-397.653290	72.469803
8724.600000	-397.635284	72.426308
8724.666667	-397.649994	72.431129
8724.733333	-397.654816	72.377487
8724.800000	-397.655273	72.409660
8724.866667	-397.631531	72.371918
8724.933333	-397.646454	72.349098
8725.000000	-397.646484	72.306274
8725.066667	-397.634430	72.364098
8725.133333	-397.619904	72.293022
8725.200000	-397.654572	72.272018
8725.266667	-397.650696	72.288925
8725.333333	-397.683716	72.250679
8725.400000	-397.655731	72.213699
8725.466667	-397.653687	72.217026
8725.533333	-397.644836	72.273445
8725.600000	-397.642090	72.232285
8725.666667	-397.658600	72.235184
8725.733333	-397.687866	72.266838
8725.800000	-397.683716	72.241615
8725.866667	-397.670074	72.291115
8725.933333	-397.686768	72.251816
8726.000000	-397.692108	72.295952
8726.066667	-397.699036	72.332924
8726.133333	-397.699402	72.359772
8726.200000	-397.690247	72.353706
8726.266667	-397.686676	72.333992
8726.333333	-397.689758	72.356270
8726.400000	-397.698517	72.343399
8726.466667	-397.708832	72.379417
8726.533333	-397.707245	72.380516
8726.600000	-397.731201	72.359322
8726.666667	-397.714142	72.362526
8726.733333	-397.687347	72.415703
8726.800000	-397.724976	72.388840
8726.866667	-397.715149	72.333992
8726.933333	-397.713013	72.326797
8727.000000	-397.693024	72.307381
8727.066667	-397.720398	72.259323
8727.133333	-397.747467	72.265976
8727.200000	-397.737610	72.251312
8727.266667	-397.716766	72.208839
8727.333333	-397.734344	72.192123
8727.400000	-397.725677	72.203873
8727.466667	-397.747345	72.173256
8727.533333	-397.746948	72.185699
8727.600000	-397.743591	72.160049
8727.666667	-397.740265	72.181961
8727.733333	-397.730835	72.203644
8727.800000	-397.740356	72.162109
8727.866667	-397.761688	72.117683
8727.933333	-397.767822	72.168800
8728.000000	-397.730835	72.170990
8728.066667	-397.760895	72.246506
8728.133333	-397.769684	72.253860
8728.200000	-397.743561	72.228195
8728.266667	-397.749390	72.230667
8728.333333	-397.756073	72.313736
8728.400000	-397.766266	72.289986
8728.466667	-397.736725	72.340172
8728.533333	-397.734650	72.348579
8728.600000	-397.758667	72.327629
8728.666667	-397.778961	72.352295
8728.733333	-397.755676	72.323349
8728.800000	-397.744202	72.344597
8728.866667	-397.763306	72.364235
8728.933333	-397.748077	72.352791
8729.000000	-397.771362	72.280785
8729.066667	-397.771149	72.307297
8729.133333	-397.759338	72.277420
8729.200000	-397.738251	72.244820
8729.266667	-397.743103	72.232193
8729.333333	-397.762848	72.190567
8729.400000	-397.739166	72.188683
8729.466667	-397.760559	72.160118
8729.533333	-397.741791	72.164314
8729.600000	-397.768646	72.147598
8729.666667	-397.751953	72.163811
8729.733333	-397.748291	72.134590
8729.800000	-397.753387	72.133514
8729.866667	-397.723846	72.163841
8729.933333	-397.745270	72.163506
8730.000000	-397.750549	72.163857
8730.066667	-397.731384	72.170555
8730.133333	-397.745209	72.192810
8730.200000	-397.752136	72.226616
8730.266667	-397.746674	72.191216
8730.333333	-397.761139	72.245789
8730.400000	-397.755646	72.235062
8730.466667	-397.750122	72.279922
8730.533333	-397.795319	72.275200
8730.600000	-397.805145	72.269882
8730.666667	-397.759460	72.347862
8730.733333	-397.753418	72.333725
8730.800000	-397.790802	72.284851
8730.866667	-397.753754	72.331596
8730.933333	-397.749664	72.329727
8731.000000	-397.765472	72.356781
8731.066667	-397.755127	72.297829
8731.133333	-397.769379	72.267593
8731.200000	-397.767151	72.255775
8731.266667	-397.733521	72.260925
8731.333333	-397.765411	72.260941
8731.400000	-397.750122	72.177498
8731.466667	-397.747620	72.238838
8731.533333	-397.750366	72.159393
8731.600000	-397.752228	72.188431
8731.666667	-397.748840	72.132889
8731.733333	-397.732819	72.190582
8731.800000	-397.731384	72.139366
8731.866667	-397.760284	72.176315
8731.933333	-397.733246	72.151497
8732.000000	-397.751617	72.140419
8732.066667	-397.749023	72.145157
8732.133333	-397.728668	72.197739
8732.200000	-397.742157	72.153763
8732.266667	-397.743805	72.217354
8732.333333	-397.755066	72.175285
8732.400000	-397.741333	72.233086
8732.466667	-397.756805	72.200897
8732.533333	-397.739594	72.268837
8732.600000	-397.743164	72.286903
8732.666667	-397.777130	72.312317
8732.733333	-397.784363	72.370995
8732.800000	-397.773956	72.313660
8732.866667	-397.726624	72.383247
8732.933333	-397.744415	72.350082
8733.000000	-397.721497	72.344055
8733.066667	-397.734131	72.310257
8733.133333	-397.731567	72.357704
8733.200000	-397.763916	72.332657
8733.266667	-397.711884	72.283005
8733.333333	-397.715912	72.276344
8733.400000	-397.729401	72.279739
8733.466667	-397.710114	72.251480
8733.533333	-397.746704	72.250847
8733.600000	-397.720123	72.170097
8733.666667	-397.715210	72.208885
8733.733333	-397.724121	72.223160
8733.800000	-397.741669	72.200035
8733.866667	-397.717072	72.190666
8733.933333	-397.707581	72.210884
8734.000000	-397.720093	72.197929
8734.066667	-397.717072	72.214500
8734.133333	-397.714020	72.202164
8734.200000	-397.720062	72.250099
8734.266667	-397.713898	72.216415
8734.400000	-397.737854	72.250511
8734.466667	-397.712097	72.267906
8734.533333	-397.727692	72.283859
8734.600000	-397.740143	72.310631
8734.666667	-397.740143	72.310631
8734.733333	-397.745789	72.362473
8734.800000	-397.737335	72.367157
8734.866667	-397.724640	72.368629
8734.933333	-397.714844	72.363762
8735.000000	-397.715942	72.356621
8735.066667	-397.741333	72.312302
8735.133333	-397.717010	72.402679
8735.200000	-397.735291	72.374916
8735.266667	-397.729340	72.386002
8735.333333	-397.719299	72.354004
8735.400000	-397.683044	72.299019
8735.466667	-397.703827	72.303879
8735.533333	-397.727112	72.336388
8735.600000	-397.689484	72.295418
8735.666667	-397.712585	72.296318
8735.733333	-397.728638	72.282425
8735.800000	-397.673431	72.242531
8735.866667	-397.710999	72.245003
8735.933333	-397.676666	72.252182
8736.000000	-397.690216	72.297607
8736.066667	-397.684235	72.224342
8736.133333	-397.661316	72.185280
8736.200000	-397.670929	72.208855
8736.266667	-397.685944	72.273491
8736.333333	-397.690460	72.270744
8736.400000	-397.691437	72.210716
8736.466667	-397.678925	72.282784
8736.533333	-397.664581	72.240700
8736.600000	-397.695770	72.313118
8736.666667	-397.684113	72.355042
8736.733333	-397.684113	72.376167
8736.800000	-397.686768	72.369370
8736.866667	-397.702698	72.381020
8736.933333	-397.670227	72.375175
8737.000000	-397.711670	72.417854
8737.066667	-397.676819	72.408012
8737.133333	-397.688477	72.392090
8737.200000	-397.680939	72.416161
8737.266667	-397.694122	72.407341
8737.333333	-397.686279	72.406731
8737.400000	-397.715027	72.408073
8737.466667	-397.674316	72.408867
8737.533333	-397.692902	72.346245
8737.600000	-397.672058	72.352257
8737.666667	-397.669708	72.328171
8737.733333	-397.653381	72.276749
8737.800000	-397.632599	72.288193
8737.866667	-397.710876	72.302315
8737.933333	-397.641113	72.263702
8738.000000	-397.664215	72.274345
8738.066667	-397.624023	72.286102
8738.133333	-397.663574	72.254799
8738.200000	-397.649200	72.255997
8738.266667	-397.638916	72.270493
8738.333333	-397.637177	72.312302
8738.400000	-397.637146	72.314781
8738.466667	-397.658630	72.305214
8738.533333	-397.650604	72.276253
8738.600000	-397.634064	72.316917
8738.666667	-397.659576	72.332932
8738.733333	-397.652832	72.274078
8738.800000	-397.662354	72.371429
8738.866667	-397.640503	72.323685
8738.933333	-397.665222	72.369637
8739.000000	-397.669952	72.378922
8739.066667	-397.666931	72.349991
8739.133333	-397.687256	72.418770
8739.200000	-397.659058	72.436050
8739.266667	-397.694611	72.361626
8739.333333	-397.666870	72.415627
8739.400000	-397.699219	72.409264
8739.466667	-397.680786	72.392517
8739.533333	-397.680908	72.410606
8739.600000	-397.682373	72.402313
8739.666667	-397.671692	72.388298
8739.733333	-397.660004	72.334770
8739.800000	-397.674042	72.332397
8739.866667	-397.665253	72.347420
8739.933333	-397.629242	72.314209
8740.000000	-397.650360	72.348679
8740.066667	-397.639008	72.313942
8740.133333	-397.653381	72.303024
8740.200000	-397.647919	72.281120
8740.266667	-397.640686	72.285690
8740.333333	-397.638458	72.256660
8740.400000	-397.611725	72.257912
8740.466667	-397.620270	72.287170
8740.533333	-397.616180	72.288971
8740.600000	-397.602173	72.267181
8740.666667	-397.608154	72.323929
8740.733333	-397.644440	72.303474
8740.800000	-397.667297	72.346695
8740.866667	-397.654358	72.333984
8740.933333	-397.642548	72.316254
8741.000000	-397.654816	72.403328
8741.066667	-397.640625	72.423874
8741.133333	-397.653473	72.404823
8741.200000	-397.670563	72.420975
8741.266667	-397.666443	72.449867
8741.333333	-397.662048	72.465149
8741.400000	-397.652557	72.390724
8741.466667	-397.673035	72.394890
8741.533333	-397.659882	72.440323
8741.600000	-397.649811	72.410980
8741.666667	-397.667664	72.452477
8741.733333	-397.637634	72.406555
8741.800000	-397.641205	72.388474
8741.866667	-397.654053	72.364311
8741.933333	-397.643890	72.366005
8742.000000	-397.652252	72.378464
8742.066667	-397.610046	72.315048
8742.133333	-397.615540	72.300690
8742.200000	-397.635223	72.289307
8742.266667	-397.607361	72.307175
8742.333333	-397.618378	72.279709
8742.400000	-397.606964	72.316551
8742.466667	-397.619110	72.287773
8742.533333	-397.582092	72.280380
8742.600000	-397.585510	72.288300
8742.666667	-397.595978	72.284454
8742.733333	-397.604980	72.312363
8742.800000	-397.640198	72.267937
8742.866667	-397.601685	72.309944
8742.933333	-397.608673	72.336609
8743.000000	-397.623932	72.320580
8743.066667	-397.618439	72.369095
8743.133333	-397.626343	72.408012
8743.200000	-397.633636	72.382591
8743.266667	-397.645660	72.414307
8743.333333	-397.658813	72.468521
8743.400000	-397.626068	72.447662
8743.466667	-397.640686	72.444298
8743.533333	-397.645416	72.448242
8743.600000	-397.637543	72.443993
8743.666667	-397.636017	72.481392
8743.733333	-397.635834	72.428658
8743.800000	-397.630066	72.409904
8743.866667	-397.610687	72.408539
8743.933333	-397.630402	72.337654
8744.000000	-397.606445	72.380501
8744.066667	-397.609924	72.352882
8744.133333	-397.585144	72.291649
8744.200000	-397.597046	72.307053
8744.266667	-397.589111	72.306320
8744.333333	-397.570984	72.343475
8744.400000	-397.557953	72.277214
8744.466667	-397.558472	72.261620
8744.533333	-397.563477	72.228844
8744.600000	-397.572662	72.241188
8744.666667	-397.573944	72.257179
8744.733333	-397.547058	72.257645
8744.800000	-397.573242	72.268097
8744.866667	-397.574066	72.285255
8744.933333	-397.568726	72.285034
8745.000000	-397.595703	72.297096
8745.066667	-397.563965	72.351555
8745.133333	-397.596344	72.367767
8745.200000	-397.594849	72.375908
8745.266667	-397.591797	72.398560
8745.333333	-397.569977	72.413193
8745.400000	-397.567352	72.454216
8745.466667	-397.615479	72.429230
8745.533333	-397.564545	72.449730
8745.600000	-397.582001	72.429398
8745.666667	-397.587006	72.449570
8745.733333	-397.611572	72.436775
8745.800000	-397.599945	72.429314
8745.866667	-397.583435	72.444229
8745.933333	-397.593719	72.398346
8746.000000	-397.559418	72.386826
8746.066667	-397.540863	72.404999
8746.133333	-397.535156	72.377960
8746.200000	-397.577454	72.360016
8746.266667	-397.561401	72.326355
8746.333333	-397.541016	72.315338
8746.400000	-397.557037	72.292023
8746.466667	-397.514923	72.283401
8746.533333	-397.505371	72.311913
8746.600000	-397.527161	72.348381
8746.666667	-397.524261	72.291008
8746.733333	-397.489105	72.313904
8746.800000	-397.494415	72.298027
8746.866667	-397.477539	72.339859
8746.933333	-397.495575	72.280083
8747.000000	-397.508636	72.338493
8747.066667	-397.481995	72.343025
8747.133333	-397.484528	72.361382
8747.200000	-397.496490	72.354736
8747.266667	-397.515289	72.382362
8747.333333	-397.488403	72.335548
8747.400000	-397.506866	72.354347
8747.466667	-397.530365	72.366180
8747.533333	-397.534546	72.410622
8747.600000	-397.510712	72.383377
8747.666667	-397.525452	72.449066
8747.733333	-397.518158	72.453430
8747.800000	-397.528809	72.444229
8747.866667	-397.509888	72.462616
8747.933333	-397.496216	72.432526
8748.000000	-397.496979	72.424782
8748.066667	-397.475830	72.417892
8748.133333	-397.485596	72.436096
8748.200000	-397.487701	72.415672
8748.266667	-397.465363	72.340240
8748.333333	-397.492065	72.358566
8748.400000	-397.480011	72.360069
8748.466667	-397.461304	72.367462
8748.533333	-397.431305	72.332664
8748.600000	-397.454041	72.308975
8748.666667	-397.437531	72.287956
8748.733333	-397.459839	72.331085
8748.800000	-397.430786	72.282211
8748.866667	-397.435791	72.285767
8748.933333	-397.435791	72.285767
8749.000000	-397.454041	72.327927
8749.066667	-397.436462	72.266479
8749.133333	-397.429230	72.312019
8749.200000	-397.433136	72.315414
8749.266667	-397.415100	72.348091
8749.333333	-397.403168	72.328209
8749.400000	-397.458282	72.413322
8749.466667	-397.421143	72.334221
8749.533333	-397.435760	72.341438
8749.600000	-397.423187	72.420189
8749.666667	-397.433350	72.404488
8749.733333	-397.433350	72.404488
8749.800000	-397.432404	72.425751
8749.866667	-397.430084	72.421883
8749.933333	-397.425751	72.386284
8750.000000	-397.422791	72.433052
8750.066667	-397.408600	72.391243
8750.133333	-397.415466	72.355507
8750.200000	-397.415466	72.355507
8750.266667	-397.402679	72.392540
8750.333333	-397.418884	72.375839
8750.400000	-397.401062	72.361008
8750.466667	-397.393524	72.332672
8750.533333	-397.395294	72.372635
8750.600000	-397.395294	72.372635
8750.666667	-397.386688	72.387138
8750.733333	-397.418884	72.339401
8750.800000	-397.386932	72.345337
8750.866667	-397.382812	72.285385
8750.933333	-397.406891	72.307152
8751.000000	-397.406891	72.307152
8751.066667	-397.388397	72.338387
8751.133333	-397.403564	72.330338
8751.200000	-397.391968	72.331886
8751.266667	-397.388580	72.341957
8751.333333	-397.401398	72.360428
8751.400000	-397.401398	72.360428
8751.466667	-397.377350	72.332672
8751.533333	-397.358246	72.313805
8751.600000	-397.398224	72.360802
8751.666667	-397.342285	72.353317
8751.733333	-397.345093	72.391365
8751.800000	-397.353912	72.409302
8751.866667	-397.353912	72.409302
8751.933333	-397.347778	72.405777
8752.000000	-397.364014	72.384109
8752.066667	-397.311890	72.401909
8752.133333	-397.296387	72.406227
8752.200000	-397.337799	72.365677
8752.266667	-397.337799	72.365677
8752.333333	-397.339844	72.405731
8752.400000	-397.323456	72.382866
8752.466667	-397.308472	72.346352
8752.533333	-397.327820	72.340157
8752.600000	-397.347565	72.365334
8752.666667	-397.347565	72.365334
8752.733333	-397.335358	72.352364
8752.800000	-397.312317	72.344093
8752.866667	-397.332916	72.320007
8752.933333	-397.318390	72.341553
8753.000000	-397.337311	72.323601
8753.066667	-397.337585	72.310585
8753.133333	-397.337585	72.310585
8753.200000	-397.290100	72.325912
8753.266667	-397.291595	72.317734
8753.333333	-397.314789	72.331360
8753.400000	-397.319580	72.346611
8753.466667	-397.280609	72.374168
8753.533333	-397.280609	72.374168
8753.600000	-397.300629	72.360970
8753.666667	-397.287933	72.395988
8753.733333	-397.268951	72.420334
8753.800000	-397.255371	72.432968
8753.866667	-397.260284	72.417511
8753.933333	-397.260284	72.417511
8754.000000	-397.256409	72.397812
8754.066667	-397.253937	72.460999
8754.133333	-397.249176	72.482460
8754.200000	-397.254822	72.474457
8754.266667	-397.250824	72.427849
8754.333333	-397.259064	72.425690
8754.400000	-397.259064	72.425690
8754.466667	-397.266754	72.414726
8754.533333	-397.265900	72.422211
8754.600000	-397.275024	72.418053
8754.666667	-397.253143	72.398605
8754.733333	-397.274567	72.362015
8754.800000	-397.274567	72.362015
8754.866667	-397.239563	72.365417
8754.933333	-397.242432	72.361855
8755.000000	-397.224609	72.302376
8755.066667	-397.216797	72.333450
8755.133333	-397.232361	72.330597
8755.200000	-397.232361	72.330597
8755.266667	-397.206635	72.355286
8755.333333	-397.201111	72.329575
8755.400000	-397.198792	72.351524
8755.466667	-397.213715	72.349777
8755.533333	-397.204590	72.317261
8755.600000	-397.204590	72.317261
8755.666667	-397.190887	72.367401
8755.733333	-397.254822	72.378647
8755.800000	-397.232117	72.388695
8755.866667	-397.220947	72.443192
8755.933333	-397.239410	72.445007
8756.000000	-397.239624	72.455978
8756.066667	-397.225861	72.436707
8756.133333	-397.229523	72.490288
8756.200000	-397.232117	72.461731
8756.266667	-397.236267	72.430283
8756.333333	-397.192047	72.454475
8756.400000	-397.219177	72.472252
8756.466667	-397.212738	72.408409
8756.533333	-397.204559	72.454933
8756.600000	-397.184540	72.406784
8756.666667	-397.228485	72.426743
8756.733333	-397.201019	72.395905
8756.800000	-397.185394	72.367821
8756.866667	-397.200836	72.348808
8756.933333	-397.179108	72.341507
8757.000000	-397.178375	72.375031
8757.066667	-397.169342	72.329041
8757.133333	-397.163849	72.325661
8757.200000	-397.139435	72.293213
8757.266667	-397.145386	72.287521
8757.333333	-397.162262	72.295418
8757.400000	-397.147705	72.293968
8757.466667	-397.132935	72.274933
8757.533333	-397.178345	72.310822
8757.600000	-397.164734	72.291725
8757.666667	-397.181366	72.329308
8757.733333	-397.170837	72.334488
8757.800000	-397.169434	72.348465
8757.866667	-397.157013	72.352936
8757.933333	-397.185364	72.390953
8758.000000	-397.175812	72.414894
8758.066667	-397.200562	72.395744
8758.133333	-397.213135	72.430099
8758.200000	-397.210510	72.466820
8758.266667	-397.208710	72.437988
8758.333333	-397.229523	72.466965
8758.400000	-397.201630	72.465263
8758.466667	-397.183380	72.453438
8758.533333	-397.182343	72.422600
8758.600000	-397.204407	72.424774
8758.666667	-397.190125	72.418449
8758.733333	-397.162415	72.359192
8758.800000	-397.150208	72.396423
8758.866667	-397.140411	72.365669
8758.933333	-397.138000	72.333450
8759.000000	-397.144104	72.332153
8759.066667	-397.133331	72.309143
8759.133333	-397.139160	72.287102
8759.200000	-397.121887	72.268089
8759.266667	-397.113922	72.245514
8759.333333	-397.083038	72.257713
8759.400000	-397.092865	72.218300
8759.466667	-397.089722	72.227562
8759.533333	-397.076324	72.237167
8759.600000	-397.102905	72.277649
8759.666667	-397.065582	72.224075
8759.733333	-397.098358	72.259743
8759.800000	-397.119537	72.306480
8759.866667	-397.104736	72.291862
8759.933333	-397.095245	72.291473
8760.000000	-397.107574	72.372032
