9240.066667	-429.854065	68.084259
9240.133333	-429.914703	68.090118
9240.200000	-429.988220	68.095367
9240.266667	-430.041412	68.064453
9240.333333	-430.088043	68.084122
9240.400000	-430.068268	68.036369
9240.466667	-430.101105	67.985573
9240.533333	-430.148834	67.997864
9240.600000	-430.246582	68.024307
9240.666667	-430.289398	68.031555
9240.733333	-430.391296	67.988228
9240.800000	-430.447937	67.943916
9240.866667	-430.538116	67.987457
9240.933333	-430.553741	67.868439
9241.000000	-430.626892	67.928833
9241.066667	-430.676758	67.965851
9241.133333	-430.739655	68.019760
9241.200000	-430.739532	67.948921
9241.266667	-430.754608	68.006744
9241.333333	-430.823914	67.978889
9241.400000	-430.844971	68.010841
9241.466667	-430.894653	68.001579
9241.533333	-431.004303	68.027512
9241.600000	-431.069092	68.060753
9241.666667	-431.085327	67.997177
9241.733333	-431.151215	68.003632
9241.800000	-431.210175	67.939751
9241.866667	-431.221405	67.888550
9241.933333	-431.271393	67.856949
9242.000000	-431.337891	67.823654
9242.066667	-431.407074	67.881844
9242.133333	-431.433350	67.850807
9242.200000	-431.451630	67.860451
9242.266667	-431.492157	67.844948
9242.333333	-431.511292	67.853096
9242.400000	-431.560364	67.840996
9242.466667	-431.590240	67.847343
9242.533333	-431.623657	67.805809
9242.600000	-431.667572	67.795967
9242.666667	-431.733582	67.849922
9242.733333	-431.805237	67.784714
9242.800000	-431.824646	67.752274
9242.866667	-431.921539	67.815796
9242.933333	-431.953827	67.799545
9243.000000	-432.017639	67.796654
9243.066667	-432.048950	67.737022
9243.133333	-432.149384	67.697571
9243.200000	-432.216003	67.697105
9243.266667	-432.265686	67.703201
9243.333333	-432.324371	67.698288
9243.400000	-432.369873	67.694778
9243.466667	-432.431091	67.718338
9243.533333	-432.454620	67.699898
9243.600000	-432.455719	67.731201
9243.666667	-432.514618	67.703171
9243.733333	-432.526855	67.701828
9243.800000	-432.592346	67.719902
9243.866667	-432.655334	67.745461
9243.933333	-432.707245	67.673065
9244.000000	-432.753235	67.696747
9244.066667	-432.822449	67.642433
9244.133333	-432.857788	67.640007
9244.200000	-432.905212	67.653862
9244.266667	-432.904968	67.636505
9244.333333	-433.001282	67.598427
9244.400000	-433.036346	67.595032
9244.466667	-433.082031	67.609863
9244.533333	-433.059204	67.568115
9244.600000	-433.125916	67.627113
9244.666667	-433.146851	67.558083
9244.733333	-433.201996	67.551819
9244.800000	-433.253113	67.510345
9244.866667	-433.310211	67.501404
9244.933333	-433.387360	67.475830
9245.000000	-433.446899	67.511604
9245.066667	-433.505890	67.499619
9245.133333	-433.562317	67.521469
9245.200000	-433.659607	67.485329
9245.266667	-433.717712	67.511925
9245.333333	-433.748047	67.505951
9245.400000	-433.822968	67.564148
9245.466667	-433.896271	67.457794
9245.533333	-433.959381	67.416077
9245.600000	-434.016754	67.450256
9245.666667	-433.995026	67.502731
9245.733333	-434.045258	67.479385
9245.800000	-434.111053	67.536827
9245.866667	-434.159546	67.541534
9245.933333	-434.227966	67.546303
9246.000000	-434.249817	67.494713
9246.066667	-434.275421	67.469551
9246.133333	-434.318451	67.543564
9246.200000	-434.386414	67.429604
9246.266667	-434.425232	67.505486
9246.333333	-434.488892	67.437218
9246.400000	-434.571320	67.354065
9246.466667	-434.593994	67.369316
9246.533333	-434.656036	67.373810
9246.600000	-434.684296	67.351547
9246.666667	-434.739838	67.368378
9246.733333	-434.821320	67.305359
9246.800000	-434.826477	67.284546
9246.866667	-434.861633	67.259087
9246.933333	-434.914795	67.271141
9247.000000	-434.960114	67.360443
9247.066667	-434.994568	67.331604
9247.133333	-435.009064	67.315666
9247.200000	-435.050842	67.339386
9247.266667	-435.136108	67.381050
9247.333333	-435.166626	67.327972
9247.400000	-435.183868	67.316040
9247.466667	-435.262726	67.346954
9247.533333	-435.311829	67.359505
9247.600000	-435.411224	67.392067
9247.666667	-435.411224	67.392067
9247.733333	-435.463959	67.406769
9247.800000	-435.497559	67.376534
9247.866667	-435.549896	67.375420
9247.933333	-435.605194	67.391113
9248.000000	-435.748688	67.368729
9248.066667	-435.748688	67.368729
9248.133333	-435.747070	67.282822
9248.200000	-435.783447	67.346870
9248.266667	-435.831085	67.260796
9248.333333	-435.870605	67.257492
9248.400000	-435.936646	67.214584
9248.466667	-435.936646	67.214584
9248.533333	-435.964844	67.185165
9248.600000	-436.042908	67.166985
9248.666667	-436.064636	67.179893
9248.733333	-436.095978	67.196693
9248.800000	-436.207977	67.158623
9248.866667	-436.217285	67.157738
9248.933333	-436.217285	67.157738
9249.000000	-436.293610	67.161690
9249.066667	-436.343964	67.134865
9249.133333	-436.392365	67.141846
9249.200000	-436.462372	67.118546
9249.266667	-436.482697	67.110703
9249.333333	-436.482697	67.110703
9249.400000	-436.548706	67.118248
9249.466667	-436.640778	67.168961
9249.533333	-436.682739	67.200790
9249.600000	-436.745270	67.169792
9249.666667	-436.836792	67.125526
9249.733333	-436.836792	67.125526
9249.800000	-436.865723	67.117752
9249.866667	-436.935211	67.139801
9249.933333	-436.978546	67.144943
9250.000000	-437.031799	67.123299
9250.066667	-437.090363	67.186775
9250.133333	-437.136017	67.133446
9250.200000	-437.136017	67.133446
9250.266667	-437.189392	67.097221
9250.333333	-437.200989	67.117226
9250.400000	-437.376129	67.118813
9250.466667	-437.414001	67.093018
9250.533333	-437.467865	67.132050
9250.600000	-437.467865	67.132050
9250.666667	-437.506744	67.128281
9250.733333	-437.535339	67.073006
9250.800000	-437.588562	67.009933
9250.866667	-437.593719	67.034576
9250.933333	-437.637421	67.022430
9251.000000	-437.637421	67.022430
9251.066667	-437.684845	66.994408
9251.133333	-437.727539	67.006538
9251.200000	-437.832153	67.057106
9251.266667	-437.880859	66.991905
9251.333333	-437.898895	67.018036
9251.400000	-437.898895	67.018036
9251.466667	-437.903046	67.038795
9251.533333	-437.975342	66.980171
9251.600000	-438.080811	66.998100
9251.666667	-438.077148	66.973228
9251.733333	-438.146667	66.973297
9251.800000	-438.195435	67.015724
9251.866667	-438.195435	67.015724
9251.933333	-438.314880	66.967583
9252.000000	-438.370728	66.961082
9252.066667	-438.397675	66.993393
9252.133333	-438.438354	67.016792
9252.200000	-438.467499	67.018654
9252.266667	-438.467499	67.018654
9252.333333	-438.532623	67.009094
9252.400000	-438.600464	67.012917
9252.466667	-438.664398	67.019409
9252.533333	-438.671814	66.969666
9252.600000	-438.730713	66.952049
9252.666667	-438.730713	66.952049
9252.733333	-438.742432	66.967957
9252.800000	-438.894592	66.906898
9252.866667	-438.939545	66.946289
9252.933333	-438.964325	66.898674
9253.000000	-438.975494	66.861732
9253.066667	-439.022827	66.842896
9253.133333	-439.022827	66.842896
9253.200000	-439.067963	66.830246
9253.266667	-439.126282	66.817299
9253.333333	-439.176819	66.751106
9253.400000	-439.167755	66.834389
9253.466667	-439.267609	66.782463
9253.533333	-439.267609	66.782463
9253.600000	-439.347900	66.752785
9253.666667	-439.380463	66.782433
9253.733333	-439.449371	66.849892
9253.800000	-439.483948	66.842232
9253.866667	-439.524811	66.905952
9253.933333	-439.524811	66.905952
9254.000000	-439.635773	66.931679
9254.066667	-439.692657	66.904625
9254.133333	-439.693970	66.905945
9254.200000	-439.735992	66.882652
9254.266667	-439.759705	66.807953
9254.333333	-439.769104	66.832451
9254.400000	-439.841644	66.784363
9254.466667	-439.881378	66.807739
9254.533333	-439.921478	66.749100
9254.600000	-440.020081	66.842384
9254.666667	-440.016479	66.852814
9254.733333	-440.024658	66.728340
9254.800000	-440.071625	66.789917
9254.866667	-440.098999	66.739967
9254.933333	-440.163422	66.787842
9255.000000	-440.249664	66.752213
9255.066667	-440.263123	66.783058
9255.133333	-440.341675	66.742180
9255.200000	-440.343048	66.742104
9255.266667	-440.386658	66.753174
9255.333333	-440.387787	66.724129
9255.400000	-440.410767	66.665100
9255.466667	-440.455444	66.658524
9255.533333	-440.437439	66.633202
9255.600000	-440.476715	66.613335
9255.666667	-440.498016	66.600639
9255.733333	-440.539581	66.610703
9255.800000	-440.608246	66.564903
9255.866667	-440.645111	66.532173
9255.933333	-440.677338	66.543381
9256.000000	-440.748627	66.514488
9256.066667	-440.793457	66.557434
9256.133333	-440.794220	66.546028
9256.200000	-440.855316	66.515976
9256.266667	-440.850677	66.537949
9256.333333	-440.890533	66.535728
9256.400000	-440.924377	66.521797
9256.466667	-440.932678	66.529137
9256.533333	-440.994934	66.517738
9256.600000	-441.037170	66.503273
9256.666667	-441.035706	66.495155
9256.733333	-441.052216	66.493591
9256.800000	-441.077515	66.522270
9256.866667	-441.165314	66.453285
9256.933333	-441.151733	66.454399
9257.000000	-441.242004	66.441002
9257.066667	-441.268524	66.455963
9257.133333	-441.284027	66.450272
9257.200000	-441.285645	66.479340
9257.266667	-441.372711	66.470367
9257.333333	-441.378082	66.452324
9257.400000	-441.407806	66.456749
9257.466667	-441.424011	66.472717
9257.533333	-441.442047	66.460548
9257.600000	-441.461609	66.405991
9257.666667	-441.505798	66.459503
9257.733333	-441.504944	66.472473
9257.800000	-441.506500	66.459618
9257.866667	-441.555298	66.473251
9257.933333	-441.669983	66.522087
9258.000000	-441.684387	66.464966
9258.066667	-441.764862	66.451302
9258.133333	-441.814667	66.473648
9258.200000	-441.834595	66.450478
9258.266667	-441.877441	66.399071
9258.333333	-441.930115	66.404816
9258.400000	-441.976440	66.418564
9258.466667	-441.989807	66.411041
9258.533333	-442.013947	66.431679
9258.600000	-442.034882	66.363197
9258.666667	-442.072662	66.394905
9258.733333	-442.086945	66.388893
9258.800000	-442.111420	66.385925
9258.866667	-442.167603	66.336082
9258.933333	-442.203644	66.323074
9259.000000	-442.202515	66.363808
9259.066667	-442.235229	66.298897
9259.133333	-442.249084	66.319153
9259.200000	-442.283081	66.319092
9259.266667	-442.314056	66.306389
9259.333333	-442.373047	66.295135
9259.400000	-442.423492	66.271507
9259.466667	-442.439301	66.251595
9259.533333	-442.489532	66.251328
9259.600000	-442.506989	66.261589
9259.666667	-442.534180	66.262642
9259.733333	-442.552246	66.253792
9259.800000	-442.561859	66.272942
9259.866667	-442.618591	66.298431
9259.933333	-442.654480	66.364807
9260.000000	-442.656281	66.399963
9260.066667	-442.651581	66.338600
9260.133333	-442.696045	66.360283
9260.200000	-442.728210	66.317276
9260.266667	-442.736481	66.404373
9260.333333	-442.732727	66.367165
9260.400000	-442.797424	66.362785
9260.466667	-442.819305	66.409477
9260.533333	-442.800079	66.338806
9260.600000	-442.828186	66.418648
9260.666667	-442.903778	66.378441
9260.733333	-442.931763	66.388092
9260.800000	-442.978271	66.333176
9260.866667	-442.976471	66.338699
9260.933333	-443.018036	66.314400
9261.000000	-443.033508	66.313034
9261.066667	-443.014069	66.286232
9261.133333	-443.057190	66.325691
9261.200000	-443.117188	66.309258
9261.266667	-443.113007	66.284561
9261.333333	-443.163849	66.312454
9261.400000	-443.172516	66.298286
9261.466667	-443.183929	66.286446
9261.533333	-443.197296	66.262741
9261.600000	-443.275665	66.298935
9261.666667	-443.279510	66.260605
9261.733333	-443.322632	66.235283
9261.800000	-443.309265	66.222816
9261.866667	-443.360840	66.245918
9261.933333	-443.370117	66.284637
9262.000000	-443.421448	66.210182
9262.066667	-443.432220	66.284355
9262.133333	-443.460999	66.240059
9262.200000	-443.482025	66.274994
9262.266667	-443.502289	66.272949
9262.333333	-443.583221	66.236275
9262.400000	-443.594727	66.388611
9262.466667	-443.622498	66.340668
9262.533333	-443.663025	66.419846
9262.600000	-443.664520	66.410210
9262.666667	-443.708099	66.403557
9262.733333	-443.732452	66.421753
9262.800000	-443.726288	66.403023
9262.866667	-443.766693	66.420799
9262.933333	-443.755554	66.443329
9263.000000	-443.807159	66.443550
9263.066667	-443.838287	66.432358
9263.133333	-443.843719	66.417946
9263.200000	-443.887390	66.380775
9263.266667	-443.896393	66.420288
9263.333333	-443.945282	66.376122
9263.400000	-443.961243	66.335663
9263.466667	-443.953613	66.335663
9263.533333	-443.994049	66.340668
9263.600000	-443.998993	66.272598
9263.666667	-444.009094	66.252922
9263.733333	-444.000885	66.241379
9263.800000	-444.034088	66.279678
9263.866667	-444.031250	66.286835
9263.933333	-444.064056	66.273979
9264.000000	-444.043640	66.270203
9264.066667	-444.076599	66.274353
9264.133333	-444.093140	66.261841
9264.200000	-444.115204	66.258224
9264.266667	-444.130219	66.285957
9264.333333	-444.184814	66.210808
9264.400000	-444.197388	66.270790
9264.466667	-444.191040	66.228256
9264.533333	-444.247345	66.205956
9264.600000	-444.256927	66.249908
9264.666667	-444.280212	66.259285
9264.733333	-444.303528	66.235748
9264.800000	-444.360382	66.303421
9264.866667	-444.363525	66.242378
9264.933333	-444.422089	66.296143
9265.000000	-444.416504	66.319275
9265.066667	-444.437866	66.213150
9265.133333	-444.494965	66.232071
9265.200000	-444.505341	66.225609
9265.266667	-444.499390	66.176918
9265.333333	-444.523285	66.235039
9265.400000	-444.538391	66.215408
9265.466667	-444.544067	66.241417
9265.533333	-444.578522	66.215446
9265.600000	-444.609772	66.200241
9265.666667	-444.620544	66.151695
9265.733333	-444.644135	66.131226
9265.800000	-444.664703	66.139221
9265.866667	-444.669708	66.152184
9265.933333	-444.687347	66.133743
9266.000000	-444.683929	66.142258
9266.066667	-444.741730	66.081429
9266.133333	-444.745819	66.103592
9266.200000	-444.751465	66.094955
9266.266667	-444.793213	66.108765
9266.333333	-444.793488	66.104500
9266.400000	-444.835236	66.102242
9266.466667	-444.817047	66.147141
9266.533333	-444.870056	66.150955
9266.600000	-444.889465	66.162361
9266.666667	-444.885223	66.110626
9266.733333	-444.855225	66.145927
9266.800000	-444.879395	66.079552
9266.866667	-444.886139	66.106056
9266.933333	-444.921631	66.121315
9267.000000	-444.907013	66.173027
9267.066667	-444.930206	66.133301
9267.133333	-444.977692	66.113419
9267.200000	-444.985352	66.112366
9267.266667	-444.997650	66.111794
9267.333333	-444.996857	66.104500
9267.400000	-445.043823	66.115387
9267.466667	-445.039154	66.074097
9267.533333	-445.033356	66.077667
9267.600000	-445.041290	66.051262
9267.666667	-445.068604	66.034790
9267.733333	-445.071198	66.000473
9267.800000	-445.078247	66.028770
9267.866667	-445.079468	66.033684
9267.933333	-445.094360	66.025261
9268.000000	-445.114349	65.986115
9268.066667	-445.122528	66.010872
9268.133333	-445.158020	65.980202
9268.200000	-445.156006	65.942856
9268.266667	-445.143097	65.933121
9268.333333	-445.216461	66.018219
9268.400000	-445.223083	65.963676
9268.466667	-445.253937	65.977028
9268.533333	-445.301361	66.021164
9268.600000	-445.316345	66.018845
9268.666667	-445.260223	66.021553
9268.733333	-445.331818	66.041092
9268.800000	-445.329956	66.051369
9268.866667	-445.388275	66.071594
9268.933333	-445.403503	66.098534
9269.000000	-445.449554	66.086266
9269.066667	-445.451904	66.051369
9269.133333	-445.417786	66.058685
9269.200000	-445.441345	66.070648
9269.266667	-445.468140	66.043121
9269.333333	-445.467987	66.049911
9269.400000	-445.547852	66.022171
9269.466667	-445.459534	66.043159
9269.533333	-445.505981	66.043137
9269.600000	-445.545135	66.002068
9269.666667	-445.537079	65.968658
9269.733333	-445.533936	65.977562
9269.800000	-445.560242	65.960373
9269.866667	-445.598969	65.956329
9269.933333	-445.604065	65.955383
9270.000000	-445.617065	65.939217
9270.066667	-445.588135	65.911377
9270.133333	-445.618164	65.921722
9270.200000	-445.612213	65.899773
9270.266667	-445.659790	65.858246
9270.333333	-445.672058	65.882172
9270.400000	-445.667267	65.931252
9270.466667	-445.680054	65.855629
9270.533333	-445.687469	65.890526
9270.600000	-445.695587	65.917831
9270.666667	-445.726196	65.890686
9270.733333	-445.759857	65.872238
9270.800000	-445.776062	65.872650
9270.866667	-445.784027	65.828224
9270.933333	-445.782806	65.912529
9271.000000	-445.786194	65.911499
9271.066667	-445.818604	65.904770
9271.133333	-445.843719	65.940483
9271.200000	-445.833038	65.955986
9271.266667	-445.840546	65.931335
9271.333333	-445.843140	65.868263
9271.400000	-445.863770	65.876099
9271.466667	-445.867859	65.913750
9271.533333	-445.884888	65.926651
9271.600000	-445.854401	65.898697
9271.666667	-445.880341	65.906815
9271.733333	-445.879639	65.864708
9271.800000	-445.868713	65.850578
9271.866667	-445.879486	65.880104
9271.933333	-445.893433	65.841499
9272.000000	-445.865295	65.827927
9272.066667	-445.909668	65.836273
9272.133333	-445.907379	65.812302
9272.200000	-445.895355	65.811478
9272.266667	-445.960876	65.806442
9272.333333	-445.895203	65.807129
9272.400000	-445.912842	65.739319
9272.466667	-445.909180	65.754501
9272.533333	-445.917236	65.789963
9272.600000	-445.891388	65.788483
9272.666667	-445.941925	65.768547
9272.733333	-445.943542	65.745934
9272.800000	-445.930298	65.757889
9272.866667	-445.938538	65.790245
9272.933333	-445.973846	65.805809
9273.000000	-445.979645	65.791252
9273.066667	-445.984039	65.819817
9273.133333	-445.978516	65.830208
9273.200000	-445.967499	65.849777
9273.266667	-445.988434	65.850143
9273.333333	-446.028870	65.835594
9273.400000	-446.019989	65.834709
9273.466667	-446.023743	65.858017
9273.533333	-446.027069	65.889450
9273.600000	-446.050446	65.826134
9273.666667	-446.052734	65.833900
9273.733333	-446.024048	65.849632
9273.800000	-446.024841	65.769806
9273.866667	-446.027985	65.806862
9273.933333	-446.039001	65.789993
9274.000000	-446.062469	65.778564
9274.066667	-446.060852	65.742226
9274.133333	-446.056610	65.817726
9274.200000	-446.087311	65.765961
9274.266667	-446.047577	65.758797
9274.333333	-446.043396	65.705551
9274.400000	-446.061798	65.743759
9274.466667	-446.051422	65.740074
9274.533333	-446.057892	65.731628
9274.600000	-446.057281	65.736824
9274.666667	-446.092041	65.760780
9274.733333	-446.051422	65.707832
9274.800000	-446.070496	65.751747
9274.866667	-446.104004	65.784081
9274.933333	-446.105621	65.784729
9275.000000	-446.084503	65.831062
9275.066667	-446.123566	65.788200
9275.133333	-446.101318	65.773102
9275.200000	-446.129395	65.843681
9275.266667	-446.122803	65.838905
9275.333333	-446.131012	65.833534
9275.400000	-446.123169	65.867691
9275.466667	-446.146301	65.942192
9275.533333	-446.160187	65.867966
9275.600000	-446.151001	65.926071
9275.666667	-446.172638	65.897491
9275.733333	-446.136688	65.838684
9275.800000	-446.129944	65.868431
9275.866667	-446.133453	65.874588
9275.933333	-446.126984	65.840416
9276.000000	-446.112793	65.831345
9276.066667	-446.112793	65.781013
9276.133333	-446.121185	65.813927
9276.200000	-446.055634	65.819511
9276.266667	-446.084167	65.742508
9276.333333	-446.107300	65.757210
9276.400000	-446.086090	65.732109
9276.466667	-446.080109	65.753204
9276.533333	-446.052765	65.748817
9276.600000	-446.066071	65.716316
9276.666667	-446.058197	65.684395
9276.733333	-446.092072	65.779381
9276.800000	-446.089783	65.695496
9276.866667	-446.069641	65.741707
9276.933333	-446.084167	65.738617
9277.000000	-446.082916	65.765259
9277.066667	-446.059204	65.769447
9277.133333	-446.035156	65.837578
9277.200000	-446.089996	65.779457
9277.266667	-446.087891	65.784203
9277.333333	-446.091675	65.802895
9277.400000	-446.054352	65.810402
9277.466667	-446.065979	65.883865
9277.533333	-446.029419	65.804619
9277.600000	-446.061432	65.805367
9277.666667	-446.044586	65.826981
9277.733333	-446.025177	65.825150
9277.800000	-446.031677	65.820137
9277.866667	-446.012207	65.868622
9277.933333	-446.010834	65.809990
9278.000000	-446.018555	65.785973
9278.066667	-446.008575	65.833199
9278.133333	-446.012177	65.807297
9278.200000	-445.982697	65.810791
9278.266667	-445.944244	65.810196
9278.333333	-445.984863	65.802460
9278.400000	-446.006775	65.758041
9278.466667	-445.976898	65.774933
9278.533333	-445.973114	65.759300
9278.600000	-445.953461	65.784401
9278.666667	-445.916779	65.752502
9278.733333	-445.907684	65.760994
9278.800000	-445.935303	65.773697
9278.866667	-445.943542	65.731400
9278.933333	-445.957245	65.831818
9279.000000	-445.927490	65.755852
9279.066667	-445.947754	65.817970
9279.133333	-445.928497	65.769119
9279.200000	-445.896729	65.782265
9279.266667	-445.915710	65.790916
9279.333333	-445.919617	65.826103
9279.400000	-445.931152	65.833290
9279.466667	-445.895111	65.838676
9279.533333	-445.894012	65.842392
9279.600000	-445.884125	65.792480
9279.666667	-445.908478	65.900696
9279.733333	-445.907532	65.843338
9279.800000	-445.898865	65.836670
9279.866667	-445.867645	65.857056
9279.933333	-445.878632	65.840263
9280.000000	-445.856140	65.842857
9280.066667	-445.898956	65.834084
9280.133333	-445.894653	65.839111
9280.200000	-445.888000	65.843880
9280.266667	-445.891663	65.891632
9280.333333	-445.882416	65.871323
9280.400000	-445.859344	65.842026
9280.466667	-445.857239	65.812454
9280.533333	-445.847168	65.815628
9280.600000	-445.836761	65.810783
9280.666667	-445.842773	65.792770
9280.733333	-445.788391	65.759056
9280.800000	-445.805969	65.767769
9280.866667	-445.791504	65.768608
9280.933333	-445.811737	65.756165
9281.000000	-445.782654	65.783195
9281.066667	-445.786072	65.787437
9281.133333	-445.783997	65.829079
9281.200000	-445.756256	65.815666
9281.266667	-445.771362	65.852196
9281.333333	-445.764191	65.849548
9281.400000	-445.784454	65.882568
9281.466667	-445.709808	65.899109
9281.533333	-445.749634	65.920242
9281.600000	-445.706116	65.964401
9281.666667	-445.675232	65.946724
9281.733333	-445.710083	65.925827
9281.800000	-445.673279	65.945007
9281.866667	-445.685364	65.966484
9281.933333	-445.627777	65.904877
9282.000000	-445.633728	65.997780
9282.066667	-445.617950	66.003380
9282.133333	-445.642914	66.005020
9282.200000	-445.596344	65.979088
9282.266667	-445.600647	65.966606
9282.333333	-445.592865	65.985550
9282.400000	-445.588837	65.951950
9282.466667	-445.552155	65.979637
9282.533333	-445.560547	66.018105
9282.600000	-445.526672	65.963371
9282.666667	-445.527832	65.975319
9282.733333	-445.479370	65.972610
9282.800000	-445.450592	65.957924
9282.866667	-445.450592	65.957924
9282.933333	-445.461456	65.944420
9283.000000	-445.460602	65.990318
9283.066667	-445.470215	65.994049
9283.133333	-445.402130	66.015060
9283.200000	-445.463531	65.990395
9283.266667	-445.463531	65.990395
9283.333333	-445.376312	65.989113
9283.400000	-445.372925	65.970802
9283.466667	-445.317505	65.969452
9283.533333	-445.341217	66.032043
9283.600000	-445.290649	66.043274
9283.666667	-445.249786	66.071304
9283.733333	-445.249786	66.071304
9283.800000	-445.271790	66.026054
9283.866667	-445.224548	66.045784
9283.933333	-445.232758	65.998116
9284.000000	-445.181000	66.113899
9284.066667	-445.175964	66.058563
9284.133333	-445.175964	66.058563
9284.200000	-445.162323	66.062805
9284.266667	-445.149536	66.092834
9284.333333	-445.122345	66.023041
9284.400000	-445.088837	66.117798
9284.466667	-445.098816	66.059013
9284.533333	-445.098816	66.059013
9284.600000	-445.062164	66.046577
9284.666667	-445.073669	66.043449
9284.733333	-445.036835	66.017586
9284.800000	-445.037537	66.034943
9284.866667	-445.007050	66.034279
9284.933333	-445.007050	66.034279
9285.000000	-444.980164	66.075272
9285.066667	-444.959656	66.072746
9285.133333	-444.949707	66.097641
9285.200000	-444.936432	66.055283
9285.266667	-444.927490	66.082748
9285.333333	-444.913391	66.093338
9285.400000	-444.913391	66.093338
9285.466667	-444.898682	66.119095
9285.533333	-444.889740	66.125549
9285.600000	-444.897369	66.082527
9285.666667	-444.858307	66.087036
9285.733333	-444.871765	66.114189
9285.800000	-444.871765	66.114189
9285.866667	-444.836243	66.136780
9285.933333	-444.829224	66.110229
9286.000000	-444.807526	66.177567
9286.066667	-444.792938	66.197380
9286.133333	-444.759613	66.176353
9286.200000	-444.759613	66.176353
9286.266667	-444.732574	66.191566
9286.333333	-444.728851	66.178047
9286.400000	-444.678314	66.196167
9286.466667	-444.655457	66.215721
9286.533333	-444.663757	66.222549
9286.600000	-444.640442	66.216087
9286.666667	-444.640442	66.216087
9286.733333	-444.608276	66.201576
9286.800000	-444.607544	66.217911
9286.866667	-444.541687	66.179764
9286.933333	-444.516418	66.163559
9287.000000	-444.531616	66.172707
9287.066667	-444.531616	66.172707
9287.133333	-444.464050	66.160851
9287.200000	-444.408478	66.125717
9287.266667	-444.391998	66.201050
9287.333333	-444.407532	66.187531
9287.400000	-444.343689	66.236183
9287.466667	-444.343689	66.236183
9287.533333	-444.328217	66.242844
9287.600000	-444.272614	66.284286
9287.666667	-444.275787	66.226479
9287.733333	-444.273407	66.263145
9287.800000	-444.241974	66.214401
9287.866667	-444.241974	66.214401
9287.933333	-444.261383	66.219887
9288.000000	-444.179779	66.286362
9288.066667	-444.158173	66.292015
9288.133333	-444.154327	66.316429
9288.200000	-444.170746	66.302452
9288.266667	-444.161041	66.288033
9288.333333	-444.161041	66.288033
9288.400000	-444.102173	66.346809
9288.466667	-444.080109	66.359283
9288.533333	-444.098145	66.345718
9288.600000	-444.054810	66.365364
9288.666667	-444.040466	66.355988
9288.733333	-444.040466	66.355988
9288.800000	-444.018250	66.317032
9288.866667	-444.005371	66.315048
9288.933333	-443.978729	66.292839
9289.000000	-443.959900	66.309074
9289.066667	-443.959229	66.257683
9289.133333	-443.959229	66.257683
9289.200000	-443.894165	66.277023
9289.266667	-443.852844	66.365501
9289.333333	-443.838135	66.309052
9289.400000	-443.820007	66.271202
9289.466667	-443.795258	66.329376
9289.533333	-443.754913	66.359436
9289.600000	-443.754913	66.359436
9289.666667	-443.735229	66.345657
9289.733333	-443.712952	66.386749
9289.800000	-443.690643	66.386322
9289.866667	-443.700317	66.383759
9289.933333	-443.676544	66.325073
9290.000000	-443.676544	66.325073
9290.066667	-443.650482	66.356750
9290.133333	-443.628632	66.413300
9290.200000	-443.579407	66.374588
9290.266667	-443.554749	66.369751
9290.333333	-443.545715	66.295998
9290.400000	-443.545715	66.295998
9290.466667	-443.482819	66.348854
9290.533333	-443.478729	66.344437
9290.600000	-443.437469	66.376396
9290.666667	-443.429810	66.352638
9290.733333	-443.438171	66.329742
9290.800000	-443.409393	66.294167
9290.866667	-443.376648	66.330544
9290.933333	-443.352203	66.315125
9291.000000	-443.308502	66.286972
9291.066667	-443.258240	66.333298
9291.133333	-443.255005	66.287277
9291.200000	-443.223572	66.246124
9291.266667	-443.213928	66.307686
9291.333333	-443.190521	66.257347
9291.400000	-443.162262	66.282288
9291.466667	-443.127747	66.255836
9291.533333	-443.065643	66.228004
9291.600000	-443.063660	66.235558
9291.666667	-443.065613	66.168571
9291.733333	-443.027588	66.239021
9291.800000	-443.012085	66.256950
9291.866667	-442.997284	66.206970
9291.933333	-442.945312	66.252594
9292.000000	-442.940979	66.293228
9292.066667	-442.932556	66.243172
9292.133333	-442.891388	66.344383
9292.200000	-442.862152	66.353554
9292.266667	-442.838348	66.396591
9292.333333	-442.805481	66.334114
9292.400000	-442.800262	66.361053
9292.466667	-442.814178	66.364670
9292.533333	-442.788452	66.341476
9292.600000	-442.756592	66.370308
9292.666667	-442.746155	66.350731
9292.733333	-442.701019	66.317581
9292.800000	-442.690826	66.361679
9292.866667	-442.686066	66.348480
9292.933333	-442.637024	66.387268
9293.000000	-442.635712	66.340843
9293.066667	-442.651703	66.384521
9293.133333	-442.580353	66.361450
9293.200000	-442.571045	66.248650
9293.266667	-442.541382	66.180244
9293.333333	-442.544220	66.227928
9293.400000	-442.521271	66.256775
9293.466667	-442.498108	66.217735
9293.533333	-442.446381	66.215912
9293.600000	-442.436096	66.265518
9293.666667	-442.379028	66.234131
9293.733333	-442.334045	66.210320
9293.800000	-442.310944	66.256874
9293.866667	-442.271240	66.280144
9293.933333	-442.271027	66.296295
9294.000000	-442.217987	66.265068
9294.066667	-442.198883	66.363724
9294.133333	-442.180847	66.360374
9294.200000	-442.173889	66.331573
9294.266667	-442.122833	66.294594
9294.333333	-442.121307	66.353699
9294.400000	-442.091675	66.330841
9294.466667	-442.061279	66.391769
9294.533333	-442.040405	66.393822
9294.600000	-442.040497	66.401230
9294.666667	-442.003296	66.450119
9294.733333	-441.991455	66.364014
9294.800000	-441.938629	66.358246
9294.866667	-441.917816	66.370773
9294.933333	-441.892395	66.389214
9295.000000	-441.828766	66.379066
9295.066667	-441.805573	66.385689
9295.133333	-441.781830	66.414513
9295.200000	-441.710114	66.417183
9295.266667	-441.693665	66.420319
9295.333333	-441.608398	66.452538
9295.400000	-441.621277	66.438179
9295.466667	-441.568390	66.414818
9295.533333	-441.531921	66.415955
9295.600000	-441.501587	66.441277
9295.666667	-441.485504	66.447952
9295.733333	-441.440216	66.396515
9295.800000	-441.441345	66.469818
9295.866667	-441.421783	66.450966
9295.933333	-441.413422	66.439552
9296.000000	-441.389893	66.465759
9296.066667	-441.382507	66.450661
9296.133333	-441.344757	66.429886
9296.200000	-441.312286	66.460587
9296.266667	-441.269928	66.471840
9296.333333	-441.271942	66.469643
9296.400000	-441.243530	66.450905
9296.466667	-441.183228	66.447701
9296.533333	-441.148346	66.457542
9296.600000	-441.144867	66.421394
9296.666667	-441.062347	66.469215
9296.733333	-441.037659	66.470512
9296.800000	-441.033051	66.472366
9296.866667	-440.982422	66.495895
9296.933333	-440.958557	66.521477
9297.000000	-440.948914	66.534492
9297.066667	-440.925232	66.507004
9297.133333	-440.882324	66.522064
9297.200000	-440.848083	66.534119
9297.266667	-440.836243	66.511993
9297.333333	-440.822754	66.533539
9297.400000	-440.759674	66.510040
9297.466667	-440.753448	66.569847
9297.533333	-440.733917	66.535324
9297.600000	-440.650635	66.535995
9297.666667	-440.621063	66.502090
9297.733333	-440.588867	66.553154
9297.800000	-440.561096	66.562378
9297.866667	-440.547607	66.566261
9297.933333	-440.502472	66.597679
9298.000000	-440.486389	66.585449
9298.066667	-440.447174	66.689629
9298.133333	-440.443878	66.658028
9298.200000	-440.431732	66.646599
9298.266667	-440.406708	66.705734
9298.333333	-440.366272	66.728371
9298.400000	-440.336334	66.735886
9298.466667	-440.334625	66.816818
9298.533333	-440.298065	66.799210
9298.600000	-440.253448	66.813393
9298.666667	-440.233215	66.874527
9298.733333	-440.196869	66.869995
9298.800000	-440.159973	66.874603
9298.866667	-440.089752	66.869377
9298.933333	-440.089783	66.809479
9299.000000	-440.026917	66.763245
9299.066667	-439.977783	66.754539
9299.133333	-439.955780	66.789764
9299.200000	-439.927551	66.732918
9299.266667	-439.902222	66.767159
9299.333333	-439.843109	66.822235
9299.400000	-439.822418	66.768524
9299.466667	-439.779266	66.755081
9299.533333	-439.811127	66.750999
9299.600000	-439.792145	66.767403
9299.666667	-439.730713	66.703598
9299.733333	-439.685699	66.670975
9299.800000	-439.656830	66.694633
9299.866667	-439.603790	66.718498
9299.933333	-439.537354	66.765854
9300.000000	-439.516724	66.765717
