5880.066667	-420.617767	69.454369
5880.133333	-420.596832	69.424423
5880.200000	-420.629944	69.441162
5880.266667	-420.623566	69.469627
5880.333333	-420.609192	69.478775
5880.400000	-420.590607	69.468254
5880.466667	-420.607330	69.443306
5880.533333	-420.565277	69.469749
5880.600000	-420.590637	69.444092
5880.666667	-420.580017	69.465393
5880.733333	-420.599426	69.476601
5880.800000	-420.595123	69.434265
5880.866667	-420.572540	69.511948
5880.933333	-420.636688	69.554276
5881.000000	-420.604004	69.562103
5881.066667	-420.589233	69.582993
5881.133333	-420.605988	69.593391
5881.200000	-420.599060	69.632881
5881.266667	-420.618164	69.615211
5881.333333	-420.610535	69.603859
5881.400000	-420.597931	69.607773
5881.466667	-420.597931	69.581375
5881.533333	-420.606506	69.602692
5881.600000	-420.596710	69.567101
5881.666667	-420.572357	69.594704
5881.733333	-420.567200	69.568886
5881.800000	-420.579437	69.575516
5881.866667	-420.582031	69.532990
5881.933333	-420.562134	69.519234
5882.000000	-420.579803	69.508636
5882.066667	-420.569244	69.501389
5882.133333	-420.552490	69.486382
5882.200000	-420.569977	69.473625
5882.266667	-420.564972	69.541618
5882.333333	-420.563751	69.478951
5882.400000	-420.553986	69.475883
5882.466667	-420.536224	69.467491
5882.533333	-420.532196	69.456459
5882.600000	-420.552216	69.462921
5882.666667	-420.536621	69.443764
5882.733333	-420.550537	69.456734
5882.800000	-420.550903	69.459671
5882.866667	-420.543701	69.500443
5882.933333	-420.531677	69.514366
5883.000000	-420.524811	69.560371
5883.066667	-420.522644	69.519234
5883.133333	-420.536224	69.534370
5883.200000	-420.569092	69.558578
5883.266667	-420.541931	69.585197
5883.333333	-420.534393	69.605072
5883.400000	-420.520935	69.600502
5883.466667	-420.519379	69.616486
5883.533333	-420.514862	69.550919
5883.600000	-420.549347	69.587975
5883.666667	-420.531952	69.582039
5883.733333	-420.509552	69.608803
5883.800000	-420.507324	69.541138
5883.866667	-420.516205	69.598465
5883.933333	-420.492950	69.580597
5884.000000	-420.510040	69.593025
5884.066667	-420.477020	69.555191
5884.133333	-420.474640	69.512329
5884.200000	-420.462891	69.515076
5884.266667	-420.499969	69.484154
5884.333333	-420.472260	69.497002
5884.400000	-420.476654	69.471741
5884.466667	-420.481903	69.512405
5884.533333	-420.477600	69.500641
5884.600000	-420.459503	69.526855
5884.666667	-420.479248	69.520317
5884.733333	-420.463562	69.498116
5884.800000	-420.425385	69.439316
5884.866667	-420.464996	69.503914
5884.933333	-420.449127	69.520645
5885.000000	-420.459412	69.542816
5885.066667	-420.442139	69.457069
5885.133333	-420.432953	69.503708
5885.200000	-420.435944	69.565857
5885.266667	-420.503113	69.568535
5885.333333	-420.474518	69.577644
5885.400000	-420.454956	69.587837
5885.466667	-420.485077	69.644531
5885.533333	-420.507874	69.622643
5885.600000	-420.496857	69.653366
5885.666667	-420.466675	69.599541
5885.733333	-420.388336	69.585670
5885.800000	-420.389252	69.594513
5885.866667	-420.416656	69.601181
5885.933333	-420.412933	69.602150
5886.000000	-420.411285	69.607635
5886.066667	-420.409821	69.591614
5886.133333	-420.381622	69.556931
5886.200000	-420.366028	69.534195
5886.266667	-420.410309	69.553909
5886.333333	-420.389709	69.537209
5886.400000	-420.381226	69.540642
5886.466667	-420.352325	69.527924
5886.533333	-420.366760	69.476425
5886.600000	-420.329224	69.431236
5886.666667	-420.368225	69.552750
5886.733333	-420.347015	69.448654
5886.800000	-420.333374	69.460175
5886.866667	-420.343292	69.479614
5886.933333	-420.298553	69.437218
5887.000000	-420.339935	69.530655
5887.066667	-420.331116	69.523758
5887.133333	-420.356750	69.540527
5887.200000	-420.311035	69.525467
5887.266667	-420.297485	69.554436
5887.333333	-420.326233	69.567207
5887.400000	-420.320007	69.577782
5887.466667	-420.283234	69.595535
5887.533333	-420.294739	69.643936
5887.600000	-420.254303	69.593750
5887.666667	-420.269470	69.666908
5887.733333	-420.270111	69.659462
5887.800000	-420.260132	69.658279
5887.866667	-420.262604	69.633873
5887.933333	-420.244537	69.617180
5888.000000	-420.222809	69.639595
5888.066667	-420.215179	69.676132
5888.133333	-420.220337	69.666435
5888.200000	-420.187408	69.632118
5888.266667	-420.153412	69.610512
5888.333333	-420.152222	69.635902
5888.400000	-420.146179	69.667503
5888.466667	-420.128540	69.627426
5888.533333	-420.118652	69.602570
5888.600000	-420.113739	69.575600
5888.666667	-420.123993	69.581268
5888.733333	-420.108276	69.587929
5888.800000	-420.051666	69.555740
5888.866667	-420.057373	69.568840
5888.933333	-420.058380	69.574501
5889.000000	-420.021667	69.605965
5889.066667	-420.057343	69.590904
5889.133333	-420.029816	69.606667
5889.200000	-420.036316	69.631554
5889.266667	-420.003326	69.650963
5889.333333	-420.026031	69.633392
5889.400000	-419.955536	69.666870
5889.466667	-419.954163	69.720505
5889.533333	-419.958771	69.736633
5889.600000	-419.926178	69.717491
5889.666667	-419.930969	69.750610
5889.733333	-419.882111	69.787666
5889.800000	-419.851685	69.759895
5889.866667	-419.853821	69.783348
5889.933333	-419.822205	69.749367
5890.000000	-419.818604	69.762146
5890.066667	-419.828735	69.778908
5890.133333	-419.816620	69.784103
5890.200000	-419.804077	69.779716
5890.266667	-419.762512	69.795677
5890.333333	-419.753876	69.783936
5890.400000	-419.753357	69.739914
5890.466667	-419.733429	69.757286
5890.533333	-419.729126	69.733688
5890.600000	-419.697296	69.737297
5890.666667	-419.690094	69.700485
5890.733333	-419.635040	69.723991
5890.800000	-419.661743	69.736458
5890.866667	-419.627319	69.692505
5890.933333	-419.616516	69.667763
5891.000000	-419.584686	69.693130
5891.066667	-419.592743	69.702271
5891.133333	-419.576477	69.724274
5891.200000	-419.578888	69.734779
5891.266667	-419.566406	69.801277
5891.333333	-419.518188	69.758835
5891.400000	-419.530243	69.767876
5891.466667	-419.518982	69.806839
5891.533333	-419.513855	69.815994
5891.600000	-419.469238	69.831421
5891.666667	-419.437897	69.826714
5891.733333	-419.457275	69.889420
5891.800000	-419.381195	69.882317
5891.866667	-419.355225	69.817459
5891.933333	-419.325775	69.872017
5892.000000	-419.332733	69.870903
5892.066667	-419.285309	69.886375
5892.133333	-419.272583	69.888321
5892.200000	-419.246338	69.865150
5892.266667	-419.241211	69.861809
5892.333333	-419.234375	69.818382
5892.400000	-419.206604	69.841599
5892.466667	-419.213165	69.891579
5892.533333	-419.201477	69.869217
5892.600000	-419.164062	69.842064
5892.666667	-419.132050	69.843636
5892.733333	-419.148010	69.801781
5892.800000	-419.134766	69.806999
5892.866667	-419.061768	69.787804
5892.933333	-419.025574	69.773857
5893.000000	-419.037781	69.760880
5893.066667	-418.989563	69.793800
5893.133333	-419.005188	69.785110
5893.200000	-418.962372	69.736542
5893.266667	-418.937378	69.749191
5893.333333	-418.922119	69.751999
5893.400000	-418.897125	69.789658
5893.466667	-418.903748	69.777023
5893.533333	-418.889465	69.782928
5893.600000	-418.876587	69.823814
5893.666667	-418.861053	69.867821
5893.733333	-418.865479	69.823990
5893.800000	-418.811401	69.871445
5893.866667	-418.839508	69.935005
5893.933333	-418.836456	69.922333
5894.000000	-418.791321	69.891655
5894.066667	-418.777435	69.904861
5894.133333	-418.721069	69.922081
5894.200000	-418.715271	69.902138
5894.266667	-418.741547	69.912529
5894.333333	-418.702881	69.931923
5894.400000	-418.670319	69.911774
5894.466667	-418.649261	69.818504
5894.533333	-418.645264	69.879166
5894.600000	-418.634460	69.878746
5894.666667	-418.627106	69.765747
5894.733333	-418.628357	69.848198
5894.800000	-418.587036	69.795731
5894.866667	-418.561584	69.789307
5894.933333	-418.557281	69.774239
5895.000000	-418.533600	69.735802
5895.066667	-418.511353	69.728020
5895.133333	-418.544373	69.769417
5895.200000	-418.523254	69.786011
5895.266667	-418.502045	69.759628
5895.333333	-418.512695	69.843597
5895.400000	-418.507477	69.793831
5895.466667	-418.444092	69.753365
5895.533333	-418.464874	69.798302
5895.600000	-418.459076	69.822609
5895.666667	-418.443054	69.859573
5895.733333	-418.454132	69.898331
5895.800000	-418.479614	69.827774
5895.866667	-418.469727	69.874329
5895.933333	-418.447968	69.865173
5896.000000	-418.443268	69.885956
5896.066667	-418.455841	69.860474
5896.133333	-418.458466	69.834167
5896.200000	-418.433167	69.826706
5896.266667	-418.436951	69.841698
5896.333333	-418.470642	69.859108
5896.400000	-418.433807	69.874008
5896.466667	-418.474091	69.850723
5896.533333	-418.458710	69.898788
5896.600000	-418.453613	69.848404
5896.666667	-418.432648	69.851959
5896.800000	-418.437897	69.838326
5896.866667	-418.418243	69.798302
5896.933333	-418.452972	69.842743
5897.000000	-418.452972	69.842743
5897.066667	-418.434845	69.842628
5897.133333	-418.436737	69.834564
5897.200000	-418.437988	69.812286
5897.266667	-418.448669	69.792419
5897.333333	-418.482941	69.778671
5897.400000	-418.475189	69.821953
5897.466667	-418.474060	69.812912
5897.533333	-418.512390	69.737877
5897.600000	-418.512665	69.783806
5897.666667	-418.538940	69.743019
5897.733333	-418.575867	69.794678
5897.800000	-418.565887	69.781631
5897.866667	-418.627350	69.765869
5897.933333	-418.647308	69.815628
5898.000000	-418.680084	69.835587
5898.066667	-418.664368	69.886292
5898.133333	-418.703308	69.901924
5898.200000	-418.766724	69.919891
5898.266667	-418.802948	69.850311
5898.333333	-418.825531	69.865578
5898.400000	-418.847168	69.875038
5898.466667	-418.863098	69.924522
5898.533333	-418.939911	69.921844
5898.600000	-418.935883	69.857079
5898.666667	-418.974579	69.873322
5898.733333	-418.996033	69.904716
5898.800000	-419.040070	69.905167
5898.866667	-419.063507	69.896164
5898.933333	-419.104309	69.839775
5899.000000	-419.137909	69.888344
5899.066667	-419.198334	69.815628
5899.133333	-419.171387	69.839546
5899.200000	-419.218658	69.808067
5899.266667	-419.219482	69.799843
5899.333333	-419.256683	69.768761
5899.400000	-419.306519	69.744637
5899.466667	-419.338745	69.739853
5899.533333	-419.398468	69.778282
5899.600000	-419.442322	69.718590
5899.666667	-419.504089	69.691078
5899.733333	-419.548889	69.698883
5899.800000	-419.571472	69.692314
5899.866667	-419.609131	69.726738
5899.933333	-419.635162	69.685097
5900.000000	-419.700226	69.722565
5900.066667	-419.667694	69.708412
5900.133333	-419.763367	69.727097
5900.200000	-419.775757	69.714752
5900.266667	-419.804749	69.704445
5900.333333	-419.830414	69.734436
5900.400000	-419.889130	69.725655
5900.466667	-419.979858	69.733902
5900.533333	-420.030151	69.723129
5900.600000	-420.069397	69.708977
5900.666667	-420.096436	69.657562
5900.733333	-420.135529	69.647636
5900.800000	-420.180908	69.627502
5900.866667	-420.235504	69.552551
5900.933333	-420.305756	69.550102
5901.000000	-420.349152	69.531174
5901.066667	-420.380127	69.501389
5901.133333	-420.432465	69.583954
5901.200000	-420.463196	69.506798
5901.266667	-420.533508	69.458466
5901.333333	-420.615997	69.448151
5901.400000	-420.702026	69.427414
5901.466667	-420.762665	69.449547
5901.533333	-420.865051	69.414116
5901.600000	-420.942932	69.444885
5901.666667	-420.983032	69.366516
5901.733333	-421.028229	69.382324
5901.800000	-421.116608	69.362114
5901.866667	-421.234650	69.347656
5901.933333	-421.295380	69.302582
5902.000000	-421.403015	69.306969
5902.066667	-421.518341	69.279526
5902.133333	-421.622253	69.220261
5902.200000	-421.692719	69.236664
5902.266667	-421.806976	69.259384
5902.333333	-421.941345	69.246162
5902.400000	-422.039154	69.207748
5902.466667	-422.157410	69.204544
5902.533333	-422.211121	69.196259
5902.600000	-422.379822	69.193115
5902.666667	-422.481110	69.203804
5902.733333	-422.668030	69.279617
5902.800000	-422.783142	69.298531
5902.866667	-422.818817	69.262909
5902.933333	-422.927460	69.275070
5903.000000	-423.072235	69.280960
5903.066667	-423.171570	69.201958
5903.133333	-423.262543	69.197083
5903.200000	-423.358521	69.279358
5903.266667	-423.407745	69.145561
5903.333333	-423.577087	69.175827
5903.400000	-423.743866	69.137871
5903.466667	-423.788422	69.110870
5903.533333	-423.861328	69.063309
5903.600000	-423.946106	69.044601
5903.666667	-424.088226	69.047279
5903.733333	-424.218231	69.048363
5903.800000	-424.282501	69.078453
5903.866667	-424.405853	69.025887
5903.933333	-424.456970	68.902039
5904.000000	-424.597076	68.912666
5904.066667	-424.658936	68.888237
5904.133333	-424.784363	68.798843
5904.200000	-424.987244	68.936958
5904.266667	-425.045166	68.931519
5904.333333	-425.258118	68.919731
5904.400000	-425.258118	68.919731
5904.466667	-425.389160	68.874031
5904.533333	-425.524384	68.877136
5904.600000	-425.662262	68.915176
5904.666667	-425.755188	68.855186
5904.733333	-425.937408	68.798447
5904.800000	-425.937408	68.798447
5904.866667	-426.123962	68.862595
5904.933333	-426.209930	68.840096
5905.000000	-426.289093	68.757607
5905.066667	-426.434814	68.836830
5905.133333	-426.670013	68.795670
5905.200000	-426.670013	68.795670
5905.266667	-426.785339	68.804237
5905.333333	-426.860535	68.782166
5905.400000	-426.973694	68.755684
5905.466667	-427.103149	68.676788
5905.533333	-427.324341	68.699234
5905.600000	-427.324341	68.699234
5905.666667	-427.411743	68.660721
5905.733333	-427.517395	68.652397
5905.800000	-427.564362	68.546410
5905.866667	-427.680176	68.559204
5905.933333	-427.954346	68.490814
5906.000000	-428.056610	68.496269
5906.066667	-428.056610	68.496269
5906.133333	-428.158020	68.464691
5906.200000	-428.315369	68.475578
5906.266667	-428.412201	68.438423
5906.333333	-428.630005	68.379028
5906.400000	-428.749451	68.445755
5906.466667	-428.749451	68.445755
5906.533333	-428.864319	68.479538
5906.600000	-428.945648	68.431885
5906.666667	-429.089142	68.416725
5906.733333	-429.212769	68.401535
5906.800000	-429.415649	68.366776
5906.866667	-429.415649	68.366776
5906.933333	-429.539795	68.330482
5907.000000	-429.648834	68.364563
5907.066667	-429.769196	68.313484
5907.133333	-430.005035	68.329582
5907.200000	-430.063049	68.300835
5907.266667	-430.172760	68.353432
5907.333333	-430.172760	68.353432
5907.400000	-430.291656	68.294128
5907.466667	-430.412781	68.309380
5907.533333	-430.632324	68.265350
5907.600000	-430.684662	68.252441
5907.666667	-430.746002	68.187492
5907.733333	-430.746002	68.187492
5907.800000	-430.860077	68.203133
5907.866667	-430.980652	68.176285
5907.933333	-431.241394	68.096855
5908.000000	-431.355530	68.046150
5908.066667	-431.456299	67.990913
5908.133333	-431.456299	67.990913
5908.200000	-431.544708	67.944901
5908.266667	-431.628876	67.958923
5908.333333	-431.848755	67.998192
5908.400000	-431.966064	68.021294
5908.466667	-432.053925	68.075493
5908.533333	-432.252625	68.078362
5908.600000	-432.252625	68.078362
5908.666667	-432.346863	68.045128
5908.733333	-432.541779	68.045219
5908.800000	-432.599274	67.971680
5908.866667	-432.764679	68.035606
5908.933333	-432.891907	68.035629
5909.000000	-432.891907	68.035629
5909.066667	-432.924316	67.986923
5909.133333	-433.189178	67.992996
5909.200000	-433.291351	68.039185
5909.266667	-433.366302	67.991180
5909.333333	-433.492950	67.974869
5909.400000	-433.492950	67.974869
5909.466667	-433.592499	67.952095
5909.533333	-433.804565	67.902298
5909.600000	-433.955963	67.833160
5909.666667	-434.042572	67.815765
5909.733333	-434.120270	67.781487
5909.800000	-434.120270	67.781487
5909.866667	-434.213776	67.770966
5909.933333	-434.419403	67.711464
5910.000000	-434.500397	67.670509
5910.066667	-434.658295	67.661011
5910.133333	-434.686066	67.614754
5910.200000	-434.770264	67.616562
5910.266667	-434.770264	67.616562
5910.333333	-435.016602	67.582321
5910.400000	-435.101898	67.548012
5910.466667	-435.269440	67.526634
5910.533333	-435.343048	67.505608
5910.600000	-435.466248	67.585854
5910.666667	-435.466248	67.585854
5910.733333	-435.688568	67.566017
5910.800000	-435.853607	67.505882
5910.866667	-435.960297	67.524796
5910.933333	-436.040497	67.493279
5911.000000	-436.139374	67.485512
5911.066667	-436.139374	67.485512
5911.133333	-436.344940	67.421272
5911.200000	-436.436249	67.374199
5911.266667	-436.566284	67.387291
5911.333333	-436.675842	67.348129
5911.400000	-436.719696	67.313171
5911.466667	-436.833191	67.290184
5911.533333	-436.962524	67.276390
5911.600000	-437.090271	67.287094
5911.666667	-437.206635	67.307175
5911.733333	-437.273773	67.287178
5911.800000	-437.435333	67.230667
5911.866667	-437.522339	67.184914
5911.933333	-437.630432	67.179321
5912.000000	-437.740906	67.123924
5912.066667	-437.822906	67.073029
5912.133333	-437.871796	67.099129
5912.200000	-437.966217	67.084610
5912.266667	-438.085907	67.029549
5912.333333	-438.260406	67.075752
5912.400000	-438.383972	67.068390
5912.466667	-438.427582	67.007698
5912.533333	-438.445282	67.009819
5912.600000	-438.592560	66.962585
5912.666667	-438.723877	67.033607
5912.733333	-438.842102	67.047997
5912.800000	-438.936096	67.038704
5912.866667	-439.000183	67.004776
5912.933333	-439.102234	66.973953
5913.000000	-439.202881	66.974945
5913.066667	-439.338135	67.023300
5913.133333	-439.476685	66.978775
5913.200000	-439.607452	66.969215
5913.266667	-439.678070	66.937469
5913.333333	-439.777893	66.995842
5913.400000	-439.905273	67.013618
5913.466667	-440.048340	66.979645
5913.533333	-440.062317	66.896843
5913.600000	-440.178131	66.915871
5913.666667	-440.251678	66.859085
5913.733333	-440.399536	66.802956
5913.800000	-440.503082	66.825226
5913.866667	-440.621429	66.832985
5913.933333	-440.717102	66.803513
5914.000000	-440.732056	66.737221
5914.066667	-440.842255	66.720108
5914.133333	-440.966980	66.674545
5914.200000	-441.092438	66.672768
5914.266667	-441.191345	66.616074
5914.333333	-441.239777	66.566704
5914.400000	-441.356323	66.578751
5914.466667	-441.452179	66.543999
5914.533333	-441.541748	66.529091
5914.600000	-441.627075	66.485603
5914.666667	-441.812439	66.513779
5914.733333	-441.847809	66.466324
5914.800000	-441.946808	66.456116
5914.866667	-442.037140	66.438698
5914.933333	-442.166565	66.469627
5915.000000	-442.270782	66.472656
5915.066667	-442.396210	66.398567
5915.133333	-442.487427	66.454933
5915.200000	-442.601715	66.518204
5915.266667	-442.695587	66.511482
5915.333333	-442.826111	66.539925
5915.400000	-442.916748	66.565826
5915.466667	-443.034698	66.541817
5915.533333	-443.157410	66.478889
5915.600000	-443.241821	66.504860
5915.666667	-443.332703	66.581238
5915.733333	-443.402771	66.556755
5915.800000	-443.542328	66.488686
5915.866667	-443.593292	66.437431
5915.933333	-443.713654	66.364464
5916.000000	-443.806091	66.307053
5916.066667	-443.922699	66.329041
5916.133333	-444.001190	66.329208
5916.200000	-444.130707	66.347481
5916.266667	-444.218964	66.319534
5916.333333	-444.303253	66.240631
5916.400000	-444.377106	66.222145
5916.466667	-444.472931	66.165222
5916.533333	-444.529144	66.187347
5916.600000	-444.614075	66.134827
5916.666667	-444.712067	66.184006
5916.733333	-444.824921	66.146530
5916.800000	-444.883209	66.132820
5916.866667	-445.099976	66.210007
5916.933333	-445.093689	66.187469
5917.000000	-445.235535	66.242538
5917.066667	-445.267822	66.201759
5917.133333	-445.433746	66.211464
5917.200000	-445.547119	66.213486
5917.266667	-445.662354	66.201424
5917.333333	-445.734009	66.153511
5917.400000	-445.841614	66.213333
5917.466667	-445.911407	66.184326
5917.533333	-446.013458	66.168976
5917.600000	-446.106293	66.185089
5917.666667	-446.223633	66.110214
5917.733333	-446.306030	66.156105
5917.800000	-446.406067	66.120888
5917.866667	-446.465698	66.130936
5917.933333	-446.558472	66.169731
5918.000000	-446.661957	66.077415
5918.066667	-446.767151	66.084633
5918.133333	-446.834503	66.039558
5918.200000	-446.927032	66.044777
5918.266667	-447.017731	65.941803
5918.333333	-447.079742	65.917809
5918.400000	-447.202576	65.940933
5918.466667	-447.282745	65.874756
5918.533333	-447.359344	65.806381
5918.600000	-447.461426	65.867691
5918.666667	-447.546509	65.805771
5918.733333	-447.610992	65.776436
5918.800000	-447.733582	65.772957
5918.866667	-447.818970	65.780769
5918.933333	-447.896393	65.727287
5919.000000	-447.993042	65.792480
5919.066667	-448.048187	65.824905
5919.133333	-448.126984	65.797241
5919.200000	-448.216431	65.766853
5919.266667	-448.328400	65.742615
5919.333333	-448.402954	65.812050
5919.400000	-448.490662	65.760490
5919.466667	-448.623352	65.823578
5919.533333	-448.645538	65.772926
5919.600000	-448.765533	65.773224
5919.666667	-448.804047	65.675003
5919.733333	-448.900024	65.654060
5919.800000	-449.052734	65.664734
5919.866667	-449.182373	65.691872
5919.933333	-449.262115	65.666153
5920.000000	-449.319733	65.611015
5920.066667	-449.374359	65.611816
5920.133333	-449.424255	65.557854
5920.200000	-449.526581	65.571899
5920.266667	-449.638123	65.536575
5920.333333	-449.740845	65.519676
5920.400000	-449.814392	65.427467
5920.466667	-449.865997	65.484528
5920.533333	-449.994110	65.461044
5920.600000	-450.081757	65.323151
5920.666667	-450.156525	65.315384
5920.733333	-450.255341	65.299438
5920.800000	-450.332306	65.342239
5920.866667	-450.381592	65.311829
5920.933333	-450.536255	65.355148
5921.000000	-450.624634	65.322723
5921.066667	-450.709106	65.320427
5921.133333	-450.803436	65.345772
5921.200000	-450.919220	65.322594
5921.266667	-451.005615	65.276367
5921.333333	-451.081726	65.336975
5921.400000	-451.170776	65.356216
5921.466667	-451.210999	65.372147
5921.533333	-451.322388	65.334679
5921.600000	-451.448578	65.350533
5921.666667	-451.476929	65.294128
5921.733333	-451.574219	65.368401
5921.800000	-451.664642	65.294418
5921.866667	-451.736786	65.274750
5921.933333	-451.817566	65.257156
5922.000000	-451.916992	65.255302
5922.066667	-452.003906	65.226700
5922.133333	-452.132416	65.328369
5922.200000	-452.201324	65.253830
5922.266667	-452.244720	65.221085
5922.333333	-452.314392	65.220200
5922.400000	-452.415497	65.107506
5922.466667	-452.524353	65.138252
5922.533333	-452.629669	65.082390
5922.600000	-452.735260	65.060173
5922.666667	-452.792725	65.004051
5922.733333	-452.839539	65.016304
5922.800000	-452.934265	64.955193
5922.866667	-453.025818	64.935829
5922.933333	-453.144379	64.956261
5923.000000	-453.235809	64.931732
5923.066667	-453.313965	64.930458
5923.133333	-453.437592	64.939514
5923.200000	-453.487183	64.951248
5923.266667	-453.583038	64.952217
5923.333333	-453.706055	64.931206
5923.400000	-453.805573	64.972481
5923.466667	-453.868164	64.912643
5923.533333	-453.982941	64.989540
5923.600000	-454.081512	65.035927
5923.666667	-454.160400	65.006813
5923.733333	-454.228088	65.004738
5923.800000	-454.381927	65.017548
5923.866667	-454.419403	64.939484
5923.933333	-454.541656	64.963829
5924.000000	-454.598999	64.911125
5924.066667	-454.735596	64.923233
5924.133333	-454.819519	64.934395
5924.200000	-454.921906	64.866379
5924.266667	-455.074188	64.858421
5924.333333	-455.104431	64.812729
5924.400000	-455.169373	64.810196
5924.466667	-455.230072	64.788002
5924.533333	-455.377289	64.808296
5924.600000	-455.421417	64.724602
5924.666667	-455.578156	64.702286
5924.733333	-455.661682	64.652367
5924.800000	-455.697449	64.569695
5924.866667	-455.747131	64.484123
5924.933333	-455.862976	64.533600
5925.000000	-455.948273	64.483688
5925.066667	-456.021912	64.472885
5925.133333	-456.160980	64.487717
5925.200000	-456.248749	64.424309
5925.266667	-456.370605	64.430031
5925.333333	-456.444550	64.465019
5925.400000	-456.546204	64.478256
5925.466667	-456.643982	64.486069
5925.533333	-456.758087	64.520058
5925.600000	-456.778412	64.544579
5925.666667	-456.948029	64.585526
5925.733333	-457.060242	64.593361
5925.800000	-457.102020	64.576660
5925.866667	-457.178406	64.610512
5925.933333	-457.320343	64.587914
5926.000000	-457.424133	64.585739
5926.066667	-457.523468	64.580956
5926.133333	-457.636719	64.578751
5926.200000	-457.754761	64.546051
5926.266667	-457.882538	64.493950
5926.333333	-457.903748	64.462112
5926.400000	-457.956970	64.361359
5926.466667	-458.068085	64.377846
5926.533333	-458.150574	64.350632
5926.600000	-458.232910	64.297485
5926.666667	-458.299103	64.303368
5926.733333	-458.412720	64.287422
5926.800000	-458.491699	64.248367
5926.866667	-458.595886	64.229164
5926.933333	-458.659790	64.177414
5927.000000	-458.778381	64.165962
5927.066667	-458.835876	64.104645
5927.133333	-458.936737	64.150955
5927.200000	-459.035950	64.109634
5927.266667	-459.125244	64.079483
5927.333333	-459.230377	64.086006
5927.400000	-459.317749	64.074081
5927.466667	-459.444427	64.118156
5927.533333	-459.546112	64.101669
5927.600000	-459.680115	64.118431
5927.666667	-459.753906	64.025558
5927.733333	-459.865143	64.026825
5927.800000	-459.959167	64.074982
5927.866667	-460.061401	64.057472
5927.933333	-460.096527	64.067368
5928.000000	-460.236145	64.084534
5928.066667	-460.382599	64.118607
5928.133333	-460.496033	64.084976
5928.200000	-460.552734	64.063454
5928.266667	-460.634521	64.054710
5928.333333	-460.729736	64.065018
5928.400000	-460.782928	64.079811
5928.466667	-460.889587	64.085365
5928.533333	-460.962372	63.988834
5928.600000	-461.068634	64.020844
5928.666667	-461.182251	63.950451
5928.733333	-461.286652	64.002510
5928.800000	-461.351929	63.973919
5928.866667	-461.452576	63.871510
5928.933333	-461.553101	63.837154
5929.000000	-461.684174	63.827065
5929.066667	-461.783295	63.842365
5929.133333	-461.860748	63.792915
5929.200000	-461.951477	63.736202
5929.266667	-462.007629	63.697258
5929.333333	-462.152832	63.748001
5929.400000	-462.247772	63.742203
5929.466667	-462.366852	63.792709
5929.533333	-462.426971	63.755039
5929.600000	-462.508484	63.677490
5929.666667	-462.603363	63.697521
5929.733333	-462.692078	63.635071
5929.800000	-462.801758	63.619354
5929.866667	-462.917938	63.656685
5929.933333	-462.991150	63.717304
5930.000000	-463.065674	63.615139
5930.066667	-463.179108	63.647625
5930.133333	-463.269226	63.631214
5930.200000	-463.396454	63.581249
5930.266667	-463.464355	63.551449
5930.333333	-463.610901	63.590939
5930.400000	-463.726593	63.621849
5930.466667	-463.812805	63.587837
5930.533333	-463.887726	63.568077
5930.600000	-464.001617	63.572193
5930.666667	-464.098145	63.572029
5930.733333	-464.214386	63.619152
5930.800000	-464.291931	63.555649
5930.866667	-464.359619	63.446426
5930.933333	-464.431549	63.418976
5931.000000	-464.507965	63.347115
5931.066667	-464.575134	63.355839
5931.133333	-464.710724	63.329781
5931.200000	-464.827789	63.286404
5931.266667	-464.882935	63.269623
5931.333333	-464.971283	63.217209
5931.400000	-465.089508	63.266258
5931.466667	-465.188477	63.208370
5931.533333	-465.269104	63.232296
5931.600000	-465.352783	63.226158
5931.666667	-465.449127	63.211208
5931.733333	-465.539795	63.199257
5931.800000	-465.656555	63.204418
5931.866667	-465.782043	63.145088
5931.933333	-465.883331	63.135506
5932.000000	-466.009430	63.149277
5932.066667	-466.089996	63.153870
5932.133333	-466.175812	63.132187
5932.200000	-466.308716	63.145351
5932.266667	-466.373474	63.134182
5932.333333	-466.462555	63.089634
5932.400000	-466.565887	63.134045
5932.466667	-466.641205	63.151932
5932.533333	-466.751740	63.166752
5932.600000	-466.811646	63.153599
5932.666667	-466.930176	63.140705
5932.733333	-467.005615	63.112316
5932.800000	-467.103851	63.048431
5932.866667	-467.197662	63.068188
5932.933333	-467.252228	63.021450
5933.000000	-467.307648	63.010548
5933.066667	-467.443878	62.989017
5933.133333	-467.588898	63.020802
5933.200000	-467.665924	62.931015
5933.266667	-467.762024	62.902378
5933.333333	-467.828064	62.876461
5933.400000	-467.898102	62.867672
5933.466667	-468.013916	62.844795
5933.533333	-468.140625	62.890957
5933.600000	-468.225983	62.830917
5933.666667	-468.298981	62.770622
5933.733333	-468.408997	62.722187
5933.800000	-468.540802	62.746006
5933.866667	-468.620056	62.815144
5933.933333	-468.683289	62.796028
5934.000000	-468.787842	62.790779
5934.066667	-468.886139	62.798965
5934.133333	-468.985016	62.793846
5934.200000	-469.080383	62.764114
5934.266667	-469.184143	62.787609
5934.333333	-469.300385	62.799503
5934.400000	-469.435730	62.743332
5934.466667	-469.502167	62.776978
5934.533333	-469.607056	62.770020
5934.600000	-469.717804	62.733990
5934.666667	-469.822876	62.777222
5934.733333	-469.905884	62.718426
5934.800000	-470.000641	62.692223
5934.866667	-470.080536	62.653648
5934.933333	-470.174683	62.569077
5935.000000	-470.258911	62.528408
5935.066667	-470.309387	62.497341
5935.133333	-470.387695	62.504822
5935.200000	-470.475311	62.463428
5935.266667	-470.630371	62.444172
5935.333333	-470.757629	62.389381
5935.400000	-470.817078	62.360523
5935.466667	-470.887299	62.375587
5935.533333	-470.981995	62.274357
5935.600000	-471.083588	62.285297
5935.666667	-471.180908	62.281170
5935.733333	-471.280609	62.246822
5935.800000	-471.371002	62.265388
5935.866667	-471.465973	62.248806
5935.933333	-471.518188	62.312763
5936.000000	-471.609772	62.336464
5936.066667	-471.675598	62.316856
5936.133333	-471.786774	62.335922
5936.200000	-471.899536	62.342651
5936.266667	-472.036163	62.346760
5936.333333	-472.099030	62.388847
5936.400000	-472.205627	62.357121
5936.466667	-472.323242	62.390961
5936.533333	-472.376221	62.368839
5936.600000	-472.449677	62.375546
5936.666667	-472.533234	62.350800
5936.733333	-472.657623	62.359764
5936.800000	-472.709106	62.330109
5936.866667	-472.831512	62.306633
5936.933333	-472.880615	62.172733
5937.000000	-472.983826	62.192169
5937.066667	-473.056488	62.194111
5937.133333	-473.144592	62.117188
5937.200000	-473.203796	62.114567
5937.266667	-473.337372	62.101562
5937.333333	-473.461090	61.992165
5937.400000	-473.555634	61.994076
5937.466667	-473.638824	61.995892
5937.533333	-473.685669	61.992722
5937.600000	-473.783264	61.928894
5937.666667	-473.865814	61.940186
5937.733333	-473.951263	61.990963
5937.800000	-474.049438	61.946888
5937.866667	-474.095245	61.928570
5937.933333	-474.162781	61.904400
5938.000000	-474.265076	61.839958
5938.066667	-474.377869	61.942444
5938.133333	-474.491272	61.906086
5938.200000	-474.538483	61.838009
5938.266667	-474.630859	61.871380
5938.333333	-474.711914	61.896526
5938.400000	-474.836670	61.961754
5938.466667	-474.902924	61.921410
5938.533333	-474.940887	61.910896
5938.600000	-475.018982	61.889183
5938.666667	-475.141205	61.920509
5938.733333	-475.189545	61.914387
5938.800000	-475.267975	61.920284
5938.866667	-475.375458	61.882641
5938.933333	-475.530212	61.939407
5939.000000	-475.604309	61.797604
5939.066667	-475.699707	61.837788
5939.133333	-475.792725	61.871540
5939.200000	-475.865540	61.826221
5939.266667	-475.932190	61.827320
5939.333333	-476.001129	61.852360
5939.400000	-476.106659	61.633156
5939.466667	-476.175873	61.718288
5939.533333	-476.256104	61.661495
5939.600000	-476.355713	61.622383
5939.666667	-476.429962	61.644482
5939.733333	-476.522644	61.584759
5939.800000	-476.606781	61.588490
5939.866667	-476.716064	61.546963
5939.933333	-476.784668	61.527245
5940.000000	-476.811310	61.480854
