7200.066667	-374.130920	75.078964
7200.133333	-374.122620	75.092743
7200.200000	-374.172882	75.121269
7200.266667	-374.185455	75.140030
7200.333333	-374.183197	75.131729
7200.400000	-374.217438	75.213593
7200.466667	-374.263947	75.118454
7200.533333	-374.230591	75.157822
7200.600000	-374.247314	75.173073
7200.666667	-374.274139	75.177971
7200.733333	-374.301270	75.203087
7200.800000	-374.285889	75.235001
7200.866667	-374.310425	75.194473
7200.933333	-374.302460	75.218788
7201.000000	-374.310913	75.216988
7201.066667	-374.326630	75.163963
7201.133333	-374.308899	75.168365
7201.200000	-374.352081	75.158325
7201.266667	-374.358398	75.173019
7201.333333	-374.359100	75.126450
7201.400000	-374.362518	75.086784
7201.466667	-374.367126	75.024849
7201.533333	-374.384247	75.034393
7201.600000	-374.382568	75.020432
7201.666667	-374.396362	74.965790
7201.733333	-374.382599	74.998444
7201.800000	-374.407745	74.960548
7201.866667	-374.431061	74.994186
7201.933333	-374.436768	74.981697
7202.000000	-374.431213	74.956055
7202.066667	-374.437500	74.939873
7202.133333	-374.457031	75.004547
7202.200000	-374.471497	75.018394
7202.266667	-374.492188	75.061829
7202.333333	-374.500916	75.034767
7202.400000	-374.535706	75.018532
7202.466667	-374.561096	75.099648
7202.533333	-374.550537	75.082993
7202.600000	-374.564117	75.103127
7202.666667	-374.598785	75.088875
7202.733333	-374.591522	75.046646
7202.800000	-374.641663	75.046402
7202.866667	-374.662750	75.037834
7202.933333	-374.647583	75.058800
7203.000000	-374.677917	75.068947
7203.066667	-374.684784	75.013733
7203.133333	-374.687897	75.015167
7203.200000	-374.698151	75.009071
7203.266667	-374.685974	74.988701
7203.333333	-374.708557	74.997086
7203.400000	-374.701660	74.988983
7203.466667	-374.706238	74.987686
7203.533333	-374.708801	74.989944
7203.600000	-374.718506	74.945770
7203.666667	-374.692993	74.940201
7203.733333	-374.712860	74.930534
7203.800000	-374.730194	74.934761
7203.866667	-374.759949	74.921471
7203.933333	-374.754669	74.932755
7204.000000	-374.737457	74.908821
7204.066667	-374.794556	74.920067
7204.133333	-374.788086	74.893112
7204.200000	-374.825012	74.951195
7204.266667	-374.859772	74.940155
7204.333333	-374.858276	74.935478
7204.400000	-374.861298	74.977806
7204.466667	-374.910156	74.944351
7204.533333	-374.940125	74.969032
7204.600000	-374.955078	74.972076
7204.666667	-374.965790	74.975121
7204.733333	-374.986420	75.009201
7204.800000	-375.011047	74.964790
7204.866667	-375.040619	75.053513
7204.933333	-375.030090	75.034836
7205.000000	-375.066772	74.983612
7205.066667	-375.091797	75.054359
7205.133333	-375.101318	75.033020
7205.200000	-375.126862	75.005295
7205.266667	-375.127411	74.973030
7205.333333	-375.154846	75.033188
7205.400000	-375.145172	74.993851
7205.466667	-375.128510	74.969330
7205.533333	-375.159760	74.935356
7205.600000	-375.165741	74.929550
7205.666667	-375.153839	74.877113
7205.733333	-375.212921	74.942642
7205.800000	-375.222778	74.902069
7205.866667	-375.230316	74.950302
7205.933333	-375.218384	74.877831
7206.000000	-375.223022	74.857903
7206.066667	-375.270203	74.810959
7206.133333	-375.265137	74.824028
7206.200000	-375.272705	74.841728
7206.266667	-375.280334	74.853531
7206.333333	-375.294586	74.826599
7206.400000	-375.284515	74.782715
7206.466667	-375.337372	74.852287
7206.533333	-375.379700	74.892746
7206.600000	-375.388031	74.963509
7206.666667	-375.405304	74.969032
7206.733333	-375.428650	74.981819
7206.800000	-375.420105	75.029053
7206.866667	-375.481323	75.036888
7206.933333	-375.489258	75.076637
7207.000000	-375.530304	75.023354
7207.066667	-375.549652	75.100616
7207.133333	-375.556000	75.096115
7207.200000	-375.559052	75.066231
7207.266667	-375.578613	75.039436
7207.333333	-375.574280	75.083633
7207.400000	-375.619141	75.006302
7207.466667	-375.627716	75.021812
7207.533333	-375.638397	75.000320
7207.600000	-375.657074	75.006805
7207.666667	-375.662659	74.947792
7207.733333	-375.680634	74.943306
7207.800000	-375.714478	74.949387
7207.866667	-375.682678	74.880943
7207.933333	-375.737213	74.908058
7208.000000	-375.739624	74.889359
7208.066667	-375.757874	74.854523
7208.133333	-375.764374	74.812805
7208.200000	-375.777863	74.782089
7208.266667	-375.803925	74.776550
7208.333333	-375.828369	74.806229
7208.400000	-375.836853	74.786545
7208.466667	-375.875824	74.768959
7208.533333	-375.906555	74.798820
7208.600000	-375.897980	74.818642
7208.666667	-375.891968	74.807899
7208.733333	-375.970245	74.851044
7208.800000	-375.970093	74.816246
7208.866667	-375.990814	74.865616
7208.933333	-376.019775	74.838463
7209.000000	-376.012909	74.843880
7209.066667	-376.044373	74.863464
7209.133333	-376.036835	74.897743
7209.200000	-376.073090	74.870018
7209.266667	-376.074585	74.830719
7209.333333	-376.077698	74.920769
7209.400000	-376.131622	74.837456
7209.466667	-376.126831	74.872437
7209.533333	-376.144592	74.831406
7209.600000	-376.147125	74.822487
7209.666667	-376.128967	74.785706
7209.733333	-376.152832	74.782364
7209.800000	-376.160004	74.747421
7209.866667	-376.170715	74.764565
7209.933333	-376.182556	74.720650
7210.000000	-376.203308	74.708214
7210.066667	-376.221375	74.694389
7210.133333	-376.229553	74.680862
7210.200000	-376.246765	74.718582
7210.266667	-376.251801	74.687080
7210.333333	-376.265167	74.698280
7210.400000	-376.287964	74.660034
7210.466667	-376.307343	74.651733
7210.533333	-376.368530	74.679100
7210.600000	-376.403076	74.717468
7210.666667	-376.375671	74.702545
7210.733333	-376.431366	74.826729
7210.800000	-376.446136	74.773605
7210.866667	-376.491882	74.770302
7210.933333	-376.495605	74.770226
7211.000000	-376.570221	74.810883
7211.066667	-376.557190	74.851921
7211.133333	-376.581360	74.829460
7211.200000	-376.575623	74.872612
7211.266667	-376.586090	74.874313
7211.333333	-376.607727	74.877640
7211.400000	-376.631165	74.856842
7211.466667	-376.625549	74.864090
7211.533333	-376.670349	74.803154
7211.600000	-376.691650	74.845940
7211.666667	-376.749084	74.788063
7211.800000	-376.762268	74.759056
7211.933333	-376.762787	74.701614
7212.000000	-376.800507	74.688217
7212.133333	-376.800049	74.653854
7212.200000	-376.859497	74.665276
7212.333333	-376.901672	74.669487
7212.400000	-376.880066	74.660683
7212.533333	-376.911072	74.595398
7212.600000	-376.967621	74.667046
7212.666667	-376.960205	74.627762
7212.800000	-376.967346	74.651894
7212.866667	-377.008301	74.637268
7212.933333	-377.073883	74.645294
7213.000000	-377.080353	74.679123
7213.066667	-377.104492	74.648300
7213.133333	-377.143311	74.698082
7213.266667	-377.203033	74.734711
7213.333333	-377.235748	74.753914
7213.400000	-377.287079	74.734512
7213.466667	-377.274292	74.771805
7213.533333	-377.335999	74.745483
7213.600000	-377.321320	74.695992
7213.733333	-377.329834	74.751190
7213.800000	-377.362610	74.665558
7213.866667	-377.364044	74.684990
7213.933333	-377.370697	74.630829
7214.066667	-377.370941	74.575287
7214.133333	-377.425476	74.651947
7214.200000	-377.418091	74.535889
7214.266667	-377.414215	74.556534
7214.400000	-377.434204	74.581085
7214.466667	-377.462952	74.522774
7214.533333	-377.471649	74.543694
7214.600000	-377.484070	74.562828
7214.733333	-377.536499	74.555656
7214.800000	-377.593842	74.617538
7214.866667	-377.691559	74.609947
7215.000000	-377.709778	74.620026
7215.066667	-377.791901	74.701210
7215.133333	-377.786652	74.678223
7215.266667	-377.863983	74.752792
7215.333333	-377.830444	74.720673
7215.400000	-377.861176	74.715111
7215.533333	-377.882141	74.775009
7215.600000	-377.936340	74.778107
7215.666667	-377.968842	74.736351
7215.733333	-377.977020	74.764275
7215.800000	-377.990967	74.734055
7215.933333	-378.017944	74.721573
7216.000000	-378.018250	74.651474
7216.066667	-378.039001	74.692993
7216.133333	-378.063416	74.676025
7216.266667	-378.083313	74.679886
7216.333333	-378.125702	74.625069
7216.400000	-378.176636	74.694504
7216.466667	-378.187866	74.563560
7216.533333	-378.217896	74.582581
7216.600000	-378.245148	74.563087
7216.666667	-378.245148	74.563087
7216.733333	-378.281372	74.601585
7216.800000	-378.278259	74.543610
7216.866667	-378.293213	74.542343
7216.933333	-378.350067	74.615372
7217.000000	-378.348785	74.680748
7217.066667	-378.348785	74.680748
7217.133333	-378.411102	74.599319
7217.200000	-378.385559	74.637993
7217.266667	-378.421265	74.661163
7217.333333	-378.430786	74.677559
7217.400000	-378.481262	74.712006
7217.466667	-378.497009	74.672562
7217.533333	-378.540833	74.750542
7217.600000	-378.565369	74.741913
7217.666667	-378.602509	74.775009
7217.733333	-378.619293	74.764755
7217.800000	-378.634613	74.703255
7217.866667	-378.689484	74.706299
7217.933333	-378.695953	74.731415
7218.000000	-378.719177	74.682404
7218.066667	-378.760315	74.665527
7218.133333	-378.771057	74.666176
7218.200000	-378.811005	74.670387
7218.266667	-378.808807	74.713516
7218.333333	-378.802368	74.644234
7218.400000	-378.876038	74.630264
7218.466667	-378.835083	74.557838
7218.533333	-378.854309	74.587700
7218.600000	-378.882935	74.589081
7218.666667	-378.890167	74.490601
7218.733333	-378.944763	74.481117
7218.866667	-379.001923	74.567902
7219.000000	-379.000824	74.528198
7219.066667	-379.087341	74.508240
7219.200000	-379.106506	74.508202
7219.266667	-379.151398	74.478378
7219.400000	-379.215454	74.597137
7219.466667	-379.232635	74.649422
7219.533333	-379.296234	74.606377
7219.666667	-379.309875	74.619698
7219.733333	-379.280273	74.604790
7219.800000	-379.316071	74.567291
7219.866667	-379.334534	74.661972
7220.000000	-379.375183	74.556076
7220.066667	-379.416931	74.514694
7220.133333	-379.450500	74.556587
7220.200000	-379.461456	74.546150
7220.333333	-379.504730	74.500969
7220.400000	-379.504730	74.500969
7220.466667	-379.560242	74.454437
7220.533333	-379.606110	74.355637
7220.600000	-379.613129	74.404121
7220.666667	-379.660187	74.379234
7220.800000	-379.667328	74.363586
7220.866667	-379.744446	74.362106
7220.933333	-379.726501	74.340607
7221.066667	-379.768738	74.406830
7221.133333	-379.853851	74.358742
7221.200000	-379.859161	74.341377
7221.266667	-379.906006	74.411659
7221.333333	-379.936737	74.423096
7221.466667	-380.015869	74.440231
7221.533333	-380.019012	74.477211
7221.600000	-380.068146	74.473045
7221.666667	-380.059845	74.506088
7221.800000	-380.111603	74.478325
7221.866667	-380.168823	74.487686
7221.933333	-380.182556	74.527885
7222.066667	-380.180084	74.448708
7222.133333	-380.205933	74.422318
7222.200000	-380.228851	74.500389
7222.333333	-380.313080	74.426460
7222.400000	-380.338593	74.449875
7222.466667	-380.365295	74.441940
7222.533333	-380.395203	74.433937
7222.666667	-380.434326	74.354538
7222.733333	-380.454681	74.331551
7222.800000	-380.477325	74.358009
7222.933333	-380.472382	74.334679
7223.000000	-380.526428	74.373428
7223.066667	-380.528900	74.291489
7223.133333	-380.542969	74.298622
7223.266667	-380.617218	74.400230
7223.333333	-380.633057	74.348343
7223.400000	-380.687500	74.383247
7223.466667	-380.772980	74.396561
7223.600000	-380.816803	74.377357
7223.666667	-380.826447	74.374214
7223.800000	-380.889526	74.394302
7223.933333	-380.985992	74.433861
7224.000000	-381.032471	74.460724
7224.133333	-381.098633	74.489426
7224.200000	-381.122009	74.463333
7224.333333	-381.169159	74.445045
7224.466667	-381.216553	74.467827
7224.533333	-381.268951	74.457306
7224.600000	-381.272430	74.407616
7224.666667	-381.340668	74.399147
7224.800000	-381.343567	74.363472
7224.866667	-381.359497	74.445511
7224.933333	-381.368011	74.365868
7225.000000	-381.391571	74.350937
7225.066667	-381.387604	74.313644
7225.133333	-381.428894	74.335976
7225.200000	-381.418488	74.315399
7225.333333	-381.513123	74.303574
7225.400000	-381.493713	74.261833
7225.466667	-381.543427	74.322166
7225.533333	-381.544525	74.331520
7225.600000	-381.565430	74.330009
7225.666667	-381.633331	74.385437
7225.733333	-381.610687	74.314323
7225.800000	-381.635162	74.353813
7225.866667	-381.688171	74.379997
7225.933333	-381.729004	74.371216
7226.000000	-381.783386	74.411957
7226.066667	-381.799133	74.370758
7226.133333	-381.814270	74.384178
7226.200000	-381.895721	74.448601
7226.266667	-381.914276	74.413223
7226.400000	-381.949158	74.386353
7226.466667	-381.935455	74.358093
7226.533333	-381.944641	74.343735
7226.600000	-382.009796	74.344299
7226.733333	-382.044373	74.281052
7226.800000	-382.076508	74.295433
7226.866667	-382.086578	74.247223
7226.933333	-382.110870	74.232277
7227.000000	-382.144287	74.182076
7227.066667	-382.162537	74.181396
7227.200000	-382.197540	74.064240
7227.266667	-382.241089	74.111313
7227.333333	-382.247406	74.114517
7227.466667	-382.316772	74.126465
7227.533333	-382.337036	74.116386
7227.600000	-382.374786	74.116608
7227.733333	-382.437103	74.184021
7227.800000	-382.483582	74.200790
7227.866667	-382.503723	74.228394
7227.933333	-382.602631	74.231842
7228.066667	-382.622345	74.281342
7228.133333	-382.677734	74.336929
7228.200000	-382.689331	74.303642
7228.266667	-382.704437	74.269455
7228.333333	-382.741577	74.280365
7228.466667	-382.784851	74.279549
7228.533333	-382.788055	74.251968
7228.600000	-382.820251	74.254570
7228.666667	-382.866852	74.196472
7228.733333	-382.866913	74.213486
7228.800000	-382.869385	74.161926
7228.866667	-382.894318	74.162796
7228.933333	-382.910767	74.175194
7229.000000	-382.940613	74.139183
7229.066667	-382.956726	74.155083
7229.133333	-382.983734	74.112465
7229.200000	-383.000244	74.034630
7229.266667	-383.048584	74.067307
7229.333333	-383.079559	74.058952
7229.400000	-383.111938	74.035263
7229.466667	-383.141357	74.077332
7229.533333	-383.143860	74.082962
7229.600000	-383.187103	74.117821
7229.666667	-383.206268	74.053604
7229.733333	-383.242279	74.053833
7229.800000	-383.270721	74.087463
7229.866667	-383.299957	74.087746
7229.933333	-383.352112	74.095337
7230.000000	-383.372559	74.094841
7230.066667	-383.386719	74.047279
7230.133333	-383.386322	74.085129
7230.200000	-383.430664	74.086617
7230.266667	-383.458771	74.097366
7230.333333	-383.483826	74.099251
7230.400000	-383.484619	74.056244
7230.466667	-383.504059	74.096848
7230.533333	-383.583435	74.107216
7230.600000	-383.566437	74.117508
7230.666667	-383.598206	74.070518
7230.733333	-383.629547	74.096870
7230.800000	-383.621918	74.047668
7230.866667	-383.675201	73.975174
7230.933333	-383.694397	73.993919
7231.000000	-383.741089	73.971008
7231.066667	-383.739288	73.964912
7231.133333	-383.776062	73.930954
7231.200000	-383.802948	74.022484
7231.266667	-383.797943	73.950706
7231.333333	-383.811676	73.932869
7231.400000	-383.845459	73.863922
7231.466667	-383.841217	73.854668
7231.533333	-383.889587	73.889931
7231.600000	-383.935608	73.916786
7231.666667	-383.911133	73.864586
7231.733333	-383.944275	73.852699
7231.800000	-383.977905	73.907448
7231.866667	-384.003204	73.906555
7231.933333	-384.039978	73.885818
7232.000000	-384.095398	73.933128
7232.066667	-384.136292	73.899117
7232.133333	-384.142090	73.926109
7232.200000	-384.195099	73.956810
7232.266667	-384.198212	73.916565
7232.333333	-384.197144	73.896095
7232.400000	-384.238708	73.935890
7232.466667	-384.288055	73.914223
7232.533333	-384.273407	73.950546
7232.600000	-384.351654	73.955025
7232.666667	-384.386566	73.955902
7232.733333	-384.381012	73.896790
7232.800000	-384.401794	73.938377
7232.866667	-384.446625	73.908005
7232.933333	-384.468079	73.858002
7233.000000	-384.475220	73.879059
7233.066667	-384.491547	73.856499
7233.133333	-384.536438	73.860291
7233.200000	-384.513794	73.806938
7233.266667	-384.535828	73.789940
7233.333333	-384.580658	73.779419
7233.400000	-384.560577	73.770653
7233.466667	-384.605072	73.811165
7233.533333	-384.613800	73.782478
7233.600000	-384.643127	73.762909
7233.666667	-384.630157	73.798431
7233.733333	-384.673462	73.785027
7233.800000	-384.691284	73.828995
7233.866667	-384.729401	73.836266
7233.933333	-384.750946	73.835297
7234.000000	-384.775543	73.824883
7234.066667	-384.821320	73.869881
7234.133333	-384.827148	73.868484
7234.200000	-384.868958	73.874840
7234.266667	-384.887177	73.820389
7234.333333	-384.953247	73.826859
7234.400000	-384.995758	73.857025
7234.466667	-385.051605	73.963989
7234.533333	-385.079956	73.921951
7234.600000	-385.098724	73.924622
7234.666667	-385.139679	73.888580
7234.733333	-385.168213	73.934395
7234.800000	-385.197540	73.927856
7234.866667	-385.175934	73.845963
7234.933333	-385.200623	73.874748
7235.000000	-385.210876	73.783470
7235.066667	-385.211823	73.846153
7235.133333	-385.212402	73.758064
7235.200000	-385.277222	73.797417
7235.266667	-385.290161	73.736641
7235.333333	-385.272461	73.699837
7235.400000	-385.323639	73.705185
7235.466667	-385.337677	73.668831
7235.533333	-385.365845	73.649254
7235.600000	-385.417297	73.684303
7235.666667	-385.416107	73.622398
7235.733333	-385.459381	73.613731
7235.800000	-385.511871	73.600655
7235.866667	-385.517090	73.614693
7235.933333	-385.561646	73.575089
7236.000000	-385.603546	73.613426
7236.066667	-385.582245	73.593147
7236.133333	-385.587433	73.623878
7236.200000	-385.627686	73.656456
7236.266667	-385.694366	73.632866
7236.333333	-385.708923	73.696854
7236.400000	-385.692352	73.612129
7236.466667	-385.720734	73.674637
7236.533333	-385.732544	73.637009
7236.600000	-385.768738	73.674347
7236.666667	-385.811432	73.696396
7236.733333	-385.845978	73.679375
7236.800000	-385.868652	73.656624
7236.866667	-385.875275	73.704704
7236.933333	-385.928467	73.675331
7237.000000	-385.920135	73.668694
7237.066667	-385.927704	73.664818
7237.133333	-385.938232	73.683868
7237.200000	-385.963898	73.606606
7237.266667	-385.972076	73.589798
7237.333333	-386.000946	73.609482
7237.400000	-386.037079	73.655365
7237.466667	-386.069061	73.552261
7237.533333	-386.069153	73.568733
7237.600000	-386.095978	73.564590
7237.666667	-386.115051	73.563904
7237.733333	-386.141785	73.561584
7237.800000	-386.195190	73.549515
7237.866667	-386.221436	73.579079
7237.933333	-386.248901	73.559532
7238.000000	-386.267975	73.594398
7238.066667	-386.311035	73.512375
7238.133333	-386.340027	73.578278
7238.200000	-386.324341	73.619339
7238.266667	-386.365784	73.596512
7238.333333	-386.402008	73.554619
7238.400000	-386.450989	73.555573
7238.466667	-386.491760	73.617653
7238.533333	-386.510864	73.596161
7238.600000	-386.554993	73.623917
7238.666667	-386.570465	73.581276
7238.733333	-386.629974	73.637733
7238.800000	-386.672424	73.639778
7238.866667	-386.730896	73.655128
7238.933333	-386.755981	73.664062
7239.000000	-386.785522	73.667290
7239.066667	-386.801727	73.630005
7239.133333	-386.805664	73.608147
7239.200000	-386.841949	73.636459
7239.266667	-386.858551	73.651192
7239.333333	-386.883972	73.609734
7239.400000	-386.885864	73.573997
7239.466667	-386.906860	73.539726
7239.533333	-386.915314	73.513031
7239.600000	-386.970398	73.571632
7239.666667	-386.996613	73.559921
7239.733333	-387.023163	73.515770
7239.800000	-387.035126	73.471931
7239.866667	-387.046661	73.460220
7239.933333	-387.079773	73.453789
7240.000000	-387.105438	73.474228
7240.066667	-387.134979	73.484856
7240.133333	-387.169434	73.511566
7240.200000	-387.154205	73.489960
7240.266667	-387.207764	73.517494
7240.333333	-387.197510	73.472427
7240.400000	-387.224365	73.472755
7240.466667	-387.279266	73.485023
7240.533333	-387.275787	73.476334
7240.600000	-387.317108	73.548080
7240.666667	-387.356415	73.561417
7240.733333	-387.417511	73.628670
7240.800000	-387.439941	73.610840
7240.866667	-387.471527	73.632286
7240.933333	-387.460327	73.600510
7241.000000	-387.492645	73.614769
7241.066667	-387.519623	73.626938
7241.133333	-387.537079	73.585548
7241.200000	-387.570648	73.539726
7241.266667	-387.586578	73.527184
7241.333333	-387.619720	73.479004
7241.400000	-387.667145	73.511971
7241.466667	-387.678833	73.463516
7241.533333	-387.688507	73.446106
7241.600000	-387.722870	73.441696
7241.666667	-387.753479	73.438919
7241.733333	-387.759918	73.450981
7241.800000	-387.766815	73.462318
7241.866667	-387.760010	73.390358
7241.933333	-387.781311	73.381828
7242.000000	-387.831726	73.401680
7242.066667	-387.815826	73.362343
7242.133333	-387.867493	73.360886
7242.200000	-387.895844	73.366524
7242.266667	-387.941986	73.335861
7242.333333	-387.997375	73.436104
7242.400000	-388.012177	73.398422
7242.466667	-388.052887	73.408150
7242.533333	-388.076263	73.367180
7242.600000	-388.101135	73.427887
7242.666667	-388.146698	73.422935
7242.733333	-388.163422	73.442604
7242.800000	-388.187134	73.434906
7242.866667	-388.228699	73.467697
7242.933333	-388.234467	73.473190
7243.000000	-388.261322	73.481323
7243.066667	-388.309998	73.473755
7243.133333	-388.308350	73.420990
7243.200000	-388.396851	73.468277
7243.266667	-388.462952	73.457130
7243.333333	-388.449554	73.417358
7243.400000	-388.477020	73.389893
7243.466667	-388.516602	73.417557
7243.533333	-388.522125	73.385880
7243.600000	-388.560364	73.316704
7243.666667	-388.594482	73.325943
7243.733333	-388.642853	73.314384
7243.800000	-388.626740	73.263550
7243.866667	-388.697571	73.275269
7244.000000	-388.734497	73.204376
7244.133333	-388.763763	73.156197
7244.200000	-388.801117	73.128464
7244.333333	-388.849762	73.184875
7244.400000	-388.930267	73.218147
7244.533333	-389.015839	73.256523
7244.600000	-389.062195	73.257256
7244.666667	-389.042694	73.212318
7244.800000	-389.055725	73.250038
7244.866667	-389.146881	73.270866
7244.933333	-389.161652	73.229195
7245.066667	-389.187805	73.284386
7245.133333	-389.245392	73.242661
7245.200000	-389.289124	73.293732
7245.266667	-389.347046	73.313179
7245.333333	-389.375275	73.306610
7245.400000	-389.391998	73.360306
7245.533333	-389.430298	73.346252
7245.600000	-389.453217	73.322327
7245.666667	-389.531372	73.287712
7245.733333	-389.574554	73.289040
7245.800000	-389.595154	73.264076
7245.933333	-389.622009	73.273766
7246.000000	-389.628632	73.200989
7246.066667	-389.743347	73.237839
7246.200000	-389.739746	73.171555
7246.266667	-389.751740	73.147423
7246.333333	-389.807922	73.110382
7246.400000	-389.848053	73.114594
7246.466667	-389.892731	73.095764
7246.600000	-389.856750	73.089920
7246.666667	-389.942535	73.141525
7246.733333	-389.985260	73.143707
7246.800000	-389.992523	73.132065
7246.866667	-390.041199	73.135094
7246.933333	-390.133972	73.204483
7247.066667	-390.192566	73.248169
7247.133333	-390.227844	73.211594
7247.266667	-390.258942	73.219582
7247.333333	-390.331665	73.265648
7247.400000	-390.353363	73.221291
7247.466667	-390.451782	73.244598
7247.533333	-390.448792	73.217377
7247.600000	-390.493896	73.153809
7247.666667	-390.493896	73.153809
7247.733333	-390.517578	73.183563
7247.800000	-390.554779	73.167328
7247.866667	-390.583282	73.186211
7247.933333	-390.609436	73.188667
7248.000000	-390.649689	73.208893
7248.066667	-390.649689	73.208893
7248.133333	-390.640198	73.164764
7248.200000	-390.689331	73.142197
7248.266667	-390.689331	73.133171
7248.333333	-390.747040	73.125298
7248.400000	-390.770172	73.125725
7248.466667	-390.820038	73.079788
7248.533333	-390.863129	73.108330
7248.666667	-390.915680	73.109024
7248.733333	-390.988922	73.089081
7248.866667	-391.020874	73.058174
7248.933333	-391.085663	73.095093
7249.066667	-391.151459	73.112190
7249.200000	-391.206696	73.064957
7249.266667	-391.315918	73.104027
7249.400000	-391.355713	73.118202
7249.466667	-391.390472	73.081444
7249.600000	-391.437164	73.158234
7249.666667	-391.536285	73.133614
7249.800000	-391.575073	73.097641
7249.866667	-391.623230	73.040482
7249.933333	-391.666931	73.021736
7250.000000	-391.685883	72.942085
7250.133333	-391.727661	72.947647
7250.200000	-391.770264	72.912544
7250.266667	-391.827515	72.898026
7250.333333	-391.864288	72.913628
7250.466667	-391.913116	72.877815
7250.533333	-391.980011	72.845718
7250.600000	-391.982117	72.902374
7250.733333	-392.046173	72.842842
7250.800000	-392.099396	72.857964
7250.866667	-392.136108	72.867981
7251.000000	-392.173798	72.844681
7251.066667	-392.209320	72.867607
7251.133333	-392.266205	72.921150
7251.200000	-392.344543	72.923409
7251.266667	-392.344086	72.952202
7251.400000	-392.372040	72.940865
7251.466667	-392.423004	72.958405
7251.533333	-392.462006	72.952545
7251.600000	-392.587219	72.979515
7251.666667	-392.591858	72.965240
7251.733333	-392.626526	72.953094
7251.800000	-392.618622	72.916306
7251.933333	-392.633087	72.895668
7252.000000	-392.694672	72.884109
7252.066667	-392.757172	72.811516
7252.133333	-392.789032	72.816605
7252.266667	-392.831055	72.800690
7252.333333	-392.931824	72.769249
7252.400000	-392.951355	72.778183
7252.466667	-392.974396	72.722565
7252.600000	-393.027069	72.766945
7252.666667	-393.072449	72.707382
7252.733333	-393.128571	72.697784
7252.800000	-393.169159	72.710487
7252.933333	-393.200195	72.707344
7253.000000	-393.229950	72.684349
7253.066667	-393.270294	72.678032
7253.133333	-393.328735	72.703613
7253.266667	-393.338928	72.705833
7253.333333	-393.420319	72.714783
7253.400000	-393.519318	72.809662
7253.466667	-393.558899	72.778557
7253.533333	-393.584564	72.794167
7253.600000	-393.625122	72.786400
7253.666667	-393.696381	72.814919
7253.800000	-393.740479	72.803146
7253.866667	-393.745544	72.747131
7253.933333	-393.745544	72.747131
7254.000000	-393.874512	72.777977
7254.133333	-393.947876	72.725922
7254.200000	-393.969513	72.764679
7254.333333	-394.041687	72.711235
7254.466667	-394.077087	72.723557
7254.533333	-394.162170	72.645615
7254.666667	-394.225769	72.570297
7254.733333	-394.230408	72.562546
7254.866667	-394.320526	72.627556
7254.933333	-394.362579	72.580170
7255.000000	-394.397064	72.572334
7255.133333	-394.480591	72.616364
7255.200000	-394.507324	72.625374
7255.266667	-394.574554	72.595901
7255.333333	-394.594055	72.633827
7255.400000	-394.703949	72.654457
7255.466667	-394.721619	72.690605
7255.533333	-394.762299	72.711746
7255.600000	-394.777100	72.683853
7255.733333	-394.786255	72.716599
7255.800000	-394.912567	72.696754
7255.866667	-394.969482	72.751320
7255.933333	-395.039276	72.745262
7256.000000	-395.091888	72.740746
7256.066667	-395.085297	72.678719
7256.200000	-395.123352	72.669662
7256.266667	-395.198090	72.608734
7256.333333	-395.233673	72.627289
7256.400000	-395.266327	72.618690
7256.533333	-395.316772	72.572533
7256.600000	-395.364166	72.533867
7256.666667	-395.377716	72.511658
7256.733333	-395.412903	72.495323
7256.800000	-395.468536	72.516327
7256.933333	-395.518250	72.506157
7257.000000	-395.554291	72.461784
7257.066667	-395.624023	72.498955
7257.133333	-395.665253	72.501823
7257.200000	-395.692993	72.494652
7257.333333	-395.749603	72.537804
7257.400000	-395.872437	72.595467
7257.466667	-395.882599	72.588829
7257.533333	-395.935333	72.529190
7257.666667	-395.978333	72.542297
7257.733333	-396.035034	72.523552
7257.800000	-396.054199	72.508980
7257.866667	-396.138153	72.579483
7257.933333	-396.165436	72.583763
7258.000000	-396.234985	72.572746
7258.133333	-396.264923	72.557312
7258.200000	-396.317200	72.562935
7258.266667	-396.318970	72.512154
7258.333333	-396.373932	72.445259
7258.400000	-396.394958	72.449333
7258.466667	-396.442261	72.404694
7258.600000	-396.504639	72.355568
7258.666667	-396.567352	72.374840
7258.733333	-396.542236	72.355759
7258.800000	-396.587585	72.333443
7258.933333	-396.690552	72.295609
7259.000000	-396.703094	72.264671
7259.066667	-396.758209	72.261299
7259.133333	-396.810791	72.279259
7259.266667	-396.862366	72.193626
7259.333333	-396.910278	72.283173
7259.466667	-396.987457	72.286133
7259.600000	-397.076202	72.309296
7259.666667	-397.102203	72.334686
7259.800000	-397.219025	72.307678
7259.866667	-397.215179	72.313393
7260.000000	-397.333221	72.401825
