15960.066667	-403.806915	71.490067
15960.133333	-403.915100	71.398201
15960.200000	-403.842377	71.525902
15960.266667	-403.940918	71.460564
15960.333333	-403.890076	71.585304
15960.400000	-403.952515	71.457390
15960.466667	-403.943207	71.538277
15960.533333	-403.987396	71.530701
15960.600000	-403.926483	71.491508
15960.666667	-403.993500	71.502625
15960.733333	-404.045776	71.490852
15960.800000	-404.123566	71.516769
15960.866667	-404.130798	71.440620
15960.933333	-404.003296	71.494713
15961.000000	-404.064972	71.451347
15961.066667	-404.054626	71.591614
15961.133333	-404.182251	71.432449
15961.200000	-404.114502	71.461708
15961.266667	-404.130157	71.506126
15961.333333	-404.056213	71.470467
15961.400000	-404.193604	71.368752
15961.466667	-404.213654	71.377060
15961.533333	-404.199371	71.480400
15961.600000	-404.289337	71.301376
15961.666667	-404.221985	71.380051
15961.733333	-404.186523	71.450302
15961.800000	-404.302124	71.377655
15961.866667	-404.302612	71.319427
15961.933333	-404.360168	71.406975
15962.000000	-404.346893	71.414505
15962.066667	-404.376495	71.345886
15962.133333	-404.428040	71.379959
15962.200000	-404.344452	71.438644
15962.266667	-404.296936	71.552673
15962.333333	-404.379150	71.398506
15962.400000	-404.415894	71.512543
15962.466667	-404.436707	71.353676
15962.533333	-404.503021	71.396347
15962.600000	-404.477783	71.458427
15962.666667	-404.431366	71.571793
15962.733333	-404.543457	71.425674
15962.800000	-404.463104	71.456429
15962.866667	-404.517883	71.436852
15962.933333	-404.463104	71.532135
15963.000000	-404.589600	71.466232
15963.066667	-404.658112	71.379387
15963.133333	-404.541382	71.503395
15963.200000	-404.573364	71.447403
15963.266667	-404.608063	71.432838
15963.333333	-404.712524	71.408241
15963.400000	-404.623566	71.483826
15963.466667	-404.654877	71.417282
15963.533333	-404.760803	71.351845
15963.600000	-404.637970	71.466232
15963.666667	-404.701996	71.440056
15963.733333	-404.677246	71.444885
15963.800000	-404.671753	71.444481
15963.866667	-404.847748	71.337814
15963.933333	-404.798340	71.408707
15964.000000	-404.719666	71.400513
15964.066667	-404.862244	71.372009
15964.133333	-404.764496	71.455734
15964.200000	-404.748810	71.409454
15964.266667	-404.749207	71.417580
15964.333333	-404.924713	71.295502
15964.400000	-405.039490	71.180382
15964.466667	-404.877502	71.372513
15964.533333	-404.911499	71.395950
15964.600000	-405.034943	71.282196
15964.666667	-404.979767	71.358574
15964.733333	-404.935547	71.404587
15964.800000	-404.956604	71.376282
15964.866667	-405.012054	71.378792
15964.933333	-405.148071	71.280289
15965.000000	-405.085449	71.346832
15965.066667	-405.003387	71.465782
15965.133333	-405.096771	71.374931
15965.200000	-405.099762	71.380051
15965.266667	-405.051514	71.450554
15965.333333	-405.051514	71.450554
15965.400000	-405.061798	71.461609
15965.466667	-405.180695	71.321388
15965.533333	-405.134186	71.356689
15965.600000	-405.094910	71.418129
15965.666667	-405.269226	71.269257
15965.733333	-405.269226	71.269257
15965.800000	-405.269318	71.353676
15965.866667	-405.170044	71.380653
15965.933333	-405.306976	71.278336
15966.000000	-405.240753	71.306236
15966.066667	-405.359985	71.229309
15966.133333	-405.359985	71.229309
15966.200000	-405.273956	71.314209
15966.266667	-405.305542	71.269257
15966.333333	-405.285400	71.347168
15966.400000	-405.352722	71.349136
15966.466667	-405.412659	71.296913
15966.533333	-405.306152	71.331276
15966.600000	-405.306152	71.331276
15966.666667	-405.508423	71.215385
15966.733333	-405.420929	71.321686
15966.800000	-405.434631	71.287193
15966.866667	-405.589539	71.267029
15966.933333	-405.432953	71.363342
15967.000000	-405.432953	71.363342
15967.066667	-405.537781	71.389366
15967.133333	-405.523285	71.361656
15967.200000	-405.595459	71.299858
15967.266667	-405.654297	71.224510
15967.333333	-405.648560	71.288376
15967.400000	-405.648560	71.288376
15967.466667	-405.691833	71.189461
15967.533333	-405.597076	71.357445
15967.600000	-405.752167	71.116745
15967.666667	-405.664978	71.208496
15967.733333	-405.691833	71.266739
15967.800000	-405.691833	71.266739
15967.866667	-405.756866	71.245255
15967.933333	-405.697540	71.272141
15968.000000	-405.711700	71.195808
15968.066667	-405.712280	71.314026
15968.133333	-405.781158	71.179878
15968.200000	-405.737305	71.291687
15968.266667	-405.737305	71.291687
15968.333333	-405.870789	71.142342
15968.400000	-405.692749	71.429024
15968.466667	-405.791595	71.266434
15968.533333	-405.810272	71.200264
15968.600000	-405.915222	71.127640
15968.666667	-405.915222	71.127640
15968.733333	-405.934570	71.095726
15968.800000	-405.893738	71.249718
15968.866667	-405.947723	71.168564
15968.933333	-405.899841	71.214340
15969.000000	-405.928741	71.206078
15969.066667	-405.928741	71.206078
15969.133333	-406.085388	71.138802
15969.200000	-406.038696	71.158157
15969.266667	-406.147308	71.056725
15969.333333	-406.072876	71.120544
15969.400000	-406.091339	71.193794
15969.466667	-406.181396	71.182434
15969.533333	-406.181396	71.182434
15969.600000	-406.075531	71.169075
15969.666667	-406.263885	71.022148
15969.733333	-406.243652	71.115738
15969.800000	-406.069305	71.315559
15969.866667	-406.183197	71.142342
15969.933333	-406.183197	71.142342
15970.000000	-406.161163	71.120285
15970.066667	-406.242706	71.091759
15970.133333	-406.259827	71.065811
15970.200000	-406.161499	71.177277
15970.266667	-406.236633	71.143097
15970.333333	-406.236633	71.143097
15970.400000	-406.271423	71.180382
15970.466667	-406.256348	71.180382
15970.533333	-406.234680	71.164391
15970.600000	-406.283173	71.131554
15970.666667	-406.271423	71.186447
15970.733333	-406.346771	71.124214
15970.800000	-406.346771	71.124214
15970.866667	-406.413025	71.058647
15970.933333	-406.308624	71.254143
15971.000000	-406.330231	71.134987
15971.066667	-406.369263	71.194176
15971.133333	-406.486694	71.080994
15971.200000	-406.486694	71.080994
15971.266667	-406.370575	71.214882
15971.333333	-406.388641	71.207169
15971.400000	-406.490295	71.202988
15971.466667	-406.458862	71.142342
15971.533333	-406.402283	71.214882
15971.600000	-406.402283	71.214882
15971.666667	-406.492920	71.156685
15971.733333	-406.572815	71.099380
15971.800000	-406.525024	71.112938
15971.866667	-406.653473	71.089432
15971.933333	-406.497467	71.106110
15972.000000	-406.497467	71.106110
15972.066667	-406.474854	71.210518
15972.133333	-406.615875	71.030762
15972.200000	-406.557922	71.135078
15972.266667	-406.630371	71.056526
15972.333333	-406.648987	71.051460
15972.400000	-406.645782	71.016602
15972.466667	-406.612274	71.149162
15972.533333	-406.689270	71.103661
15972.600000	-406.659454	71.086197
15972.666667	-406.650452	71.118507
15972.733333	-406.696899	71.024811
15972.800000	-406.793823	71.074059
15972.866667	-406.793823	71.074059
15972.933333	-406.807220	71.109032
15973.000000	-406.810089	71.044273
15973.066667	-406.728699	71.096458
15973.133333	-406.778809	71.135269
15973.200000	-406.774933	71.198555
15973.266667	-406.774933	71.198555
15973.333333	-406.900238	71.045776
15973.400000	-406.893524	71.143097
15973.466667	-406.902893	71.009232
15973.533333	-406.882019	71.119812
15973.600000	-406.948517	71.123512
15973.666667	-406.945770	71.135170
15973.733333	-406.914825	71.103935
15973.800000	-406.970795	71.154686
15973.866667	-406.978668	71.063339
15973.933333	-407.021118	71.105034
15974.000000	-406.892578	71.182770
15974.066667	-406.907684	71.149963
15974.133333	-406.973450	71.098236
15974.200000	-407.043732	70.999550
15974.266667	-407.060242	71.004852
15974.333333	-406.977417	71.045067
15974.400000	-407.104004	71.082428
15974.466667	-407.103424	71.106415
15974.533333	-407.080017	71.028397
15974.600000	-407.060242	71.064384
15974.666667	-407.179352	71.059822
15974.733333	-407.151489	71.003067
15974.800000	-407.028656	71.195450
15974.866667	-407.186340	70.998474
15974.933333	-407.171387	71.131821
15975.000000	-407.124146	71.090881
15975.066667	-407.111542	71.044754
15975.133333	-407.072571	71.211571
15975.200000	-407.310822	70.930573
15975.266667	-407.223358	71.083534
15975.333333	-407.284515	71.029594
15975.400000	-407.340637	71.066643
15975.466667	-407.308655	71.041527
15975.533333	-407.220795	71.176613
15975.600000	-407.333801	71.101265
15975.666667	-407.287628	71.127640
15975.733333	-407.347809	71.068924
15975.800000	-407.324280	71.135674
15975.866667	-407.362518	71.043709
15975.933333	-407.348785	71.013321
15976.000000	-407.353333	71.054222
15976.066667	-407.418182	71.079857
15976.133333	-407.306793	71.070908
15976.200000	-407.488281	71.029686
15976.266667	-407.487732	70.948242
15976.333333	-407.370392	71.028397
15976.400000	-407.433929	71.002060
15976.466667	-407.491852	71.016014
15976.533333	-407.506012	71.025963
15976.600000	-407.558838	70.882065
15976.666667	-407.503357	71.022148
15976.733333	-407.523621	70.923126
15976.800000	-407.417480	71.068153
15976.866667	-407.510468	71.045776
15976.933333	-407.558777	70.964027
15977.000000	-407.594177	70.997871
15977.066667	-407.606750	71.094147
15977.133333	-407.644409	70.963921
15977.200000	-407.601288	71.074898
15977.266667	-407.639252	70.965355
15977.333333	-407.756317	70.980621
15977.400000	-407.742493	70.969765
15977.466667	-407.562561	71.131355
15977.533333	-407.687164	70.976944
15977.600000	-407.641022	71.161972
15977.666667	-407.710541	71.063591
15977.733333	-407.607849	71.187119
15977.800000	-407.723907	71.091324
15977.866667	-407.770935	71.127640
15977.933333	-407.733154	71.052292
15978.000000	-407.674042	71.069679
15978.066667	-407.807404	70.993286
15978.133333	-407.758698	71.035912
15978.200000	-407.939117	70.926712
15978.266667	-407.858246	70.935188
15978.333333	-407.842407	70.984482
15978.400000	-407.829254	70.971069
15978.466667	-407.821411	71.002388
15978.533333	-407.844177	70.971748
15978.600000	-407.823578	71.029686
15978.666667	-407.899658	70.947540
15978.733333	-407.937714	70.836639
15978.800000	-407.858490	70.940704
15978.866667	-407.913818	70.971863
15978.933333	-407.884949	71.032074
15979.000000	-407.825348	71.076752
15979.066667	-407.956970	70.904388
15979.133333	-408.022522	70.955963
15979.200000	-407.917755	70.969406
15979.266667	-407.952118	71.038994
15979.333333	-408.129333	70.860588
15979.400000	-408.044067	70.933319
15979.466667	-408.031982	70.969589
15979.533333	-408.007263	70.997925
15979.600000	-407.948364	71.058090
15979.666667	-408.049225	70.990295
15979.733333	-408.111908	70.938766
15979.800000	-408.129333	70.963593
15979.866667	-408.115204	70.890076
15979.933333	-408.050354	71.028397
15980.000000	-408.157135	71.009529
15980.066667	-408.024628	71.065155
15980.133333	-408.160126	70.958862
15980.200000	-408.154175	70.878342
15980.266667	-408.055969	70.988838
15980.333333	-408.169769	70.928017
15980.400000	-408.239044	70.912361
15980.466667	-408.162262	70.858543
15980.533333	-408.127960	70.934746
15980.600000	-408.256805	70.803642
15980.666667	-408.173706	70.951500
15980.733333	-408.190979	70.973358
15980.800000	-408.242676	70.968796
15980.866667	-408.253632	70.942169
15980.933333	-408.324890	70.826248
15981.000000	-408.316559	70.915947
15981.066667	-408.226593	70.938301
15981.133333	-408.316833	70.958862
15981.200000	-408.328400	70.901596
15981.266667	-408.230438	71.013596
15981.333333	-408.322418	70.955414
15981.400000	-408.426361	70.927971
15981.466667	-408.420135	70.929077
15981.533333	-408.466705	70.829971
15981.600000	-408.439941	70.892410
15981.666667	-408.365875	70.944519
15981.733333	-408.345917	70.959328
15981.800000	-408.426361	70.961876
15981.866667	-408.448517	70.879433
15981.933333	-408.522766	70.909767
15982.000000	-408.516754	70.954338
15982.066667	-408.517120	70.980621
15982.133333	-408.480408	70.918442
15982.200000	-408.511383	70.937874
15982.266667	-408.544556	70.844406
15982.333333	-408.531830	70.845901
15982.400000	-408.586975	70.837273
15982.466667	-408.570892	70.848572
15982.533333	-408.537720	70.978897
15982.600000	-408.488220	70.953148
15982.666667	-408.500916	70.961487
15982.733333	-408.415924	71.027176
15982.800000	-408.621490	70.894920
15982.866667	-408.675354	70.833427
15982.933333	-408.571899	70.917809
15983.000000	-408.609344	70.882225
15983.066667	-408.650391	70.850357
15983.133333	-408.690674	70.822174
15983.200000	-408.662170	70.895485
15983.266667	-408.682526	70.803360
15983.333333	-408.770935	70.842323
15983.400000	-408.800629	70.818108
15983.466667	-408.682526	70.895241
15983.533333	-408.929108	70.787109
15983.600000	-408.712250	70.881432
15983.666667	-408.845428	70.757011
15983.733333	-408.846924	70.845818
15983.800000	-408.771820	70.844856
15983.866667	-408.815765	70.877007
15983.933333	-408.890625	70.844193
15984.000000	-408.823425	70.982819
15984.066667	-408.795563	70.912895
15984.133333	-408.864838	70.900665
15984.200000	-408.962128	70.771782
15984.266667	-408.810699	70.961357
15984.333333	-408.805450	71.008667
15984.400000	-408.872284	70.874619
15984.466667	-408.952362	70.878815
15984.533333	-409.016602	70.691895
15984.600000	-408.923645	70.886528
15984.666667	-408.909546	70.884964
15984.733333	-408.946716	70.926712
15984.800000	-408.927399	70.777275
15984.866667	-408.939392	70.881050
15984.933333	-408.969727	70.751785
15985.000000	-408.999176	70.791916
15985.066667	-408.969910	70.770180
15985.133333	-408.998627	70.796844
15985.200000	-408.909515	70.796486
15985.266667	-408.891174	70.915123
15985.333333	-408.908569	70.953148
15985.400000	-409.022034	70.822784
15985.466667	-409.030273	70.839500
15985.533333	-408.987579	70.851974
15985.600000	-408.994568	70.932625
15985.666667	-409.047974	70.860153
15985.733333	-409.125519	70.866196
15985.800000	-408.991180	70.953339
15985.866667	-408.973145	70.962593
15985.933333	-409.229004	70.760010
15986.000000	-409.103149	70.862679
15986.066667	-409.126251	70.909966
15986.133333	-409.108887	70.851974
15986.200000	-409.156708	70.890549
15986.266667	-409.087982	70.819077
15986.333333	-409.172272	70.905365
15986.400000	-409.257263	70.791206
15986.466667	-409.111420	70.895798
15986.533333	-409.148621	70.801720
15986.600000	-409.281616	70.760094
15986.666667	-409.120605	70.833260
15986.733333	-409.129150	70.906136
15986.800000	-409.267975	70.732712
15986.866667	-409.241760	70.762627
15986.933333	-409.162384	70.778664
15987.000000	-409.130951	70.800522
15987.066667	-409.044861	70.910912
15987.133333	-409.145111	70.815735
15987.200000	-409.182556	70.829674
15987.266667	-409.174438	70.795074
15987.333333	-409.296478	70.815086
15987.400000	-409.184845	70.799461
15987.466667	-409.292938	70.765205
15987.533333	-409.160583	70.819321
15987.600000	-409.202423	70.773506
15987.666667	-409.299316	70.763168
15987.733333	-409.194519	70.848038
15987.800000	-409.281708	70.786781
15987.866667	-409.169952	70.945320
15987.933333	-409.195618	70.887245
15988.000000	-409.252625	70.895241
15988.066667	-409.303680	70.811546
15988.133333	-409.289337	70.862419
15988.200000	-409.278290	70.847275
15988.266667	-409.389496	70.911827
15988.333333	-409.353119	70.803642
15988.400000	-409.380493	70.778664
15988.466667	-409.334290	70.901596
15988.533333	-409.222687	70.912361
15988.600000	-409.277954	70.833603
15988.666667	-409.256134	70.884583
15988.733333	-409.393799	70.753914
15988.800000	-409.243256	70.836761
15988.866667	-409.352722	70.810387
15988.933333	-409.348389	70.808723
15989.000000	-409.326874	70.729248
15989.066667	-409.236237	70.913864
15989.133333	-409.270782	70.858932
15989.200000	-409.302612	70.774284
15989.266667	-409.368195	70.773506
15989.333333	-409.373352	70.809319
15989.400000	-409.352295	70.759277
15989.466667	-409.406586	70.756416
15989.533333	-409.322052	70.804199
15989.600000	-409.383423	70.735130
15989.666667	-409.469910	70.799881
15989.733333	-409.432312	70.785820
15989.800000	-409.405121	70.804459
15989.866667	-409.349365	70.882759
15989.933333	-409.430115	70.779282
15990.000000	-409.430542	70.884346
15990.066667	-409.377197	70.877708
15990.133333	-409.417633	70.815224
15990.200000	-409.482758	70.805466
15990.266667	-409.313660	70.879433
15990.333333	-409.518524	70.740135
15990.400000	-409.506592	70.795731
15990.466667	-409.500031	70.818718
15990.533333	-409.519318	70.744698
15990.600000	-409.485016	70.815353
15990.666667	-409.512207	70.799156
15990.733333	-409.469086	70.782143
15990.800000	-409.376862	70.810989
15990.866667	-409.482880	70.755928
15990.933333	-409.419647	70.826248
15991.000000	-409.458618	70.750900
15991.066667	-409.458618	70.826248
15991.133333	-409.491974	70.727219
15991.200000	-409.524323	70.698074
15991.266667	-409.463226	70.720947
15991.333333	-409.572998	70.747475
15991.400000	-409.619781	70.532211
15991.466667	-409.430542	70.786308
15991.533333	-409.437744	70.805466
15991.600000	-409.447601	70.772156
15991.666667	-409.511353	70.716995
15991.733333	-409.426453	70.849136
15991.800000	-409.590332	70.684631
15991.866667	-409.514923	70.722198
15991.933333	-409.504181	70.790367
15992.000000	-409.475464	70.815483
15992.066667	-409.522125	70.801132
15992.133333	-409.521851	70.761391
15992.200000	-409.458618	70.886528
15992.266667	-409.564087	70.773506
15992.333333	-409.575653	70.818901
15992.400000	-409.451874	70.889702
15992.466667	-409.624847	70.780472
15992.533333	-409.597992	70.720764
15992.600000	-409.568085	70.844856
15992.666667	-409.488831	70.916275
15992.733333	-409.473236	70.865250
15992.800000	-409.583160	70.765968
15992.866667	-409.536469	70.786781
15992.933333	-409.572174	70.742729
15993.000000	-409.636292	70.696541
15993.066667	-409.535034	70.791801
15993.133333	-409.548553	70.765205
15993.200000	-409.522125	70.833427
15993.266667	-409.590118	70.815971
15993.333333	-409.439423	70.757751
15993.400000	-409.594635	70.715210
15993.466667	-409.515991	70.811363
15993.533333	-409.582611	70.614464
15993.600000	-409.498474	70.727013
15993.666667	-409.604431	70.751785
15993.733333	-409.626434	70.700394
15993.800000	-409.626434	70.700394
15993.866667	-409.528595	70.724579
15993.933333	-409.586700	70.786362
15994.000000	-409.579437	70.793571
15994.066667	-409.540588	70.755333
15994.133333	-409.610657	70.726929
15994.200000	-409.559998	70.887291
15994.266667	-409.605530	70.837555
15994.333333	-409.569946	70.799461
15994.400000	-409.634094	70.792389
15994.466667	-409.597321	70.808517
15994.533333	-409.644104	70.772430
15994.600000	-409.514923	70.840599
15994.666667	-409.597443	70.790367
15994.733333	-409.661072	70.767540
15994.800000	-409.561279	70.855301
15994.866667	-409.689697	70.746132
15994.933333	-409.568542	70.858932
15995.000000	-409.744934	70.698158
15995.066667	-409.744934	70.698158
15995.133333	-409.594635	70.834183
15995.200000	-409.523438	70.796486
15995.266667	-409.483582	70.885735
15995.333333	-409.621735	70.682564
15995.400000	-409.579773	70.767357
15995.466667	-409.579773	70.767357
15995.533333	-409.590088	70.734818
15995.600000	-409.558990	70.736183
15995.666667	-409.652740	70.652847
15995.733333	-409.601410	70.818901
15995.800000	-409.564911	70.768150
15995.866667	-409.570831	70.739006
15995.933333	-409.558655	70.780693
15996.000000	-409.686005	70.617332
15996.066667	-409.575256	70.776657
15996.133333	-409.563202	70.834076
15996.200000	-409.654053	70.691513
15996.266667	-409.564636	70.840950
15996.333333	-409.616089	70.760094
15996.400000	-409.688324	70.808723
15996.466667	-409.612732	70.792763
15996.533333	-409.678589	70.796844
15996.600000	-409.706482	70.841705
15996.666667	-409.674316	70.787697
15996.733333	-409.594513	70.841904
15996.800000	-409.657379	70.781601
15996.866667	-409.603821	70.815971
15996.933333	-409.716919	70.744392
15997.000000	-409.716919	70.770439
15997.066667	-409.583160	70.826248
15997.133333	-409.688507	70.785522
15997.200000	-409.637543	70.808090
15997.266667	-409.690887	70.751831
15997.333333	-409.590424	70.807648
15997.400000	-409.654053	70.758881
15997.466667	-409.547699	70.829796
15997.533333	-409.697540	70.659966
15997.600000	-409.718079	70.656235
15997.666667	-409.590210	70.745644
15997.733333	-409.614716	70.749153
15997.800000	-409.614716	70.682564
15997.866667	-409.675995	70.755554
15997.933333	-409.650726	70.709465
15998.000000	-409.609009	70.792763
15998.066667	-409.652069	70.786308
15998.133333	-409.638794	70.818810
15998.200000	-409.559998	70.776657
15998.266667	-409.733612	70.668022
15998.333333	-409.614105	70.881050
15998.400000	-409.644806	70.775414
15998.466667	-409.698853	70.728127
15998.533333	-409.701141	70.723244
15998.600000	-409.693512	70.791916
15998.666667	-409.597198	70.822746
15998.733333	-409.648438	70.786308
15998.800000	-409.628143	70.811180
15998.866667	-409.635681	70.799881
15998.933333	-409.609009	70.930435
15999.000000	-409.748993	70.752838
15999.066667	-409.579346	70.907112
15999.133333	-409.626648	70.771782
15999.200000	-409.654053	70.819160
15999.266667	-409.617706	70.843979
15999.333333	-409.639252	70.686066
15999.400000	-409.713776	70.739098
15999.466667	-409.635071	70.833694
15999.533333	-409.594238	70.784805
15999.600000	-409.590271	70.768845
15999.666667	-409.668884	70.712738
15999.733333	-409.562897	70.746933
15999.800000	-409.634460	70.727013
15999.866667	-409.604004	70.767357
15999.933333	-409.617523	70.757751
16000.000000	-409.640106	70.772842
16000.066667	-409.691986	70.702789
16000.133333	-409.727356	70.665512
16000.200000	-409.618011	70.837990
16000.266667	-409.679993	70.693497
16000.333333	-409.693268	70.749062
16000.400000	-409.682251	70.804199
16000.466667	-409.659180	70.772842
16000.533333	-409.624847	70.723244
16000.600000	-409.753723	70.706421
16000.666667	-409.729248	70.793671
16000.733333	-409.626648	70.786308
16000.800000	-409.645599	70.874748
16000.866667	-409.638794	70.859734
16000.933333	-409.646118	70.902657
16001.000000	-409.655701	70.804459
16001.066667	-409.712585	70.761391
16001.133333	-409.662903	70.805466
16001.200000	-409.586700	70.879433
16001.266667	-409.670624	70.830063
16001.333333	-409.653656	70.781601
16001.400000	-409.645508	70.837273
16001.466667	-409.656250	70.833977
16001.533333	-409.702026	70.669975
16001.600000	-409.659332	70.717316
16001.666667	-409.556549	70.799461
16001.733333	-409.687164	70.769989
16001.800000	-409.687164	70.769989
16001.866667	-409.564911	70.775414
16001.933333	-409.622162	70.716331
16002.000000	-409.696655	70.663338
16002.066667	-409.649780	70.735130
16002.133333	-409.644257	70.687408
16002.200000	-409.635071	70.703461
16002.266667	-409.651855	70.777374
16002.333333	-409.549927	70.752739
16002.400000	-409.733429	70.627968
16002.466667	-409.669586	70.788574
16002.533333	-409.626343	70.778664
16002.600000	-409.645416	70.928017
16002.666667	-409.694885	70.737381
16002.733333	-409.627625	70.811363
16002.800000	-409.635742	70.801720
16002.866667	-409.650146	70.774696
16002.933333	-409.672791	70.847778
16003.000000	-409.649170	70.815224
16003.066667	-409.649170	70.815224
16003.133333	-409.702881	70.710052
16003.200000	-409.625336	70.891937
16003.266667	-409.575653	70.892410
16003.333333	-409.639435	70.758438
16003.400000	-409.624359	70.774879
16003.466667	-409.624359	70.774879
16003.533333	-409.638794	70.777878
16003.600000	-409.640778	70.826248
16003.666667	-409.626648	70.724579
16003.733333	-409.621338	70.722321
16003.800000	-409.611511	70.812065
16003.866667	-409.611511	70.812065
16003.933333	-409.503815	70.871460
16004.000000	-409.560333	70.728302
16004.066667	-409.566132	70.764603
16004.133333	-409.645416	70.689255
16004.200000	-409.601227	70.717316
16004.266667	-409.601227	70.717316
16004.333333	-409.645508	70.668205
16004.400000	-409.623444	70.749062
16004.466667	-409.603088	70.721420
16004.533333	-409.516846	70.778465
16004.600000	-409.593781	70.776611
16004.666667	-409.630310	70.746933
16004.733333	-409.630310	70.746933
16004.800000	-409.527130	70.836761
16004.866667	-409.551910	70.799202
16004.933333	-409.575653	70.818901
16005.000000	-409.538086	70.813286
16005.066667	-409.633911	70.779045
16005.133333	-409.633911	70.779045
16005.200000	-409.634460	70.749062
16005.266667	-409.641174	70.815353
16005.333333	-409.534607	70.822525
16005.400000	-409.617859	70.788139
16005.466667	-409.586700	70.785316
16005.533333	-409.586700	70.785316
16005.600000	-409.524200	70.892410
16005.666667	-409.551636	70.794708
16005.733333	-409.557648	70.739098
16005.800000	-409.601227	70.710052
16005.866667	-409.501129	70.822525
16005.933333	-409.571625	70.728302
16006.000000	-409.571625	70.728302
16006.066667	-409.465393	70.804199
16006.133333	-409.474640	70.779884
16006.200000	-409.478180	70.741859
16006.266667	-409.486237	70.768288
16006.333333	-409.366455	70.868752
16006.400000	-409.366455	70.868752
16006.466667	-409.485077	70.787697
16006.533333	-409.571442	70.707985
16006.600000	-409.420135	70.790558
16006.666667	-409.493408	70.772430
16006.733333	-409.436005	70.814354
16006.800000	-409.436005	70.814354
16006.866667	-409.513092	70.717613
16006.933333	-409.509521	70.796844
16007.000000	-409.492065	70.766670
16007.066667	-409.412384	70.797203
16007.133333	-409.460541	70.763168
16007.200000	-409.572662	70.794708
16007.266667	-409.572662	70.794708
16007.333333	-409.463226	70.840775
16007.400000	-409.487366	70.781723
16007.466667	-409.479309	70.774284
16007.533333	-409.445068	70.826248
16007.600000	-409.472382	70.791611
16007.666667	-409.472382	70.791611
16007.733333	-409.356689	70.850044
16007.800000	-409.358063	70.822784
16007.866667	-409.424988	70.811546
16007.933333	-409.377197	70.837273
16008.000000	-409.430542	70.786308
16008.066667	-409.430542	70.786308
16008.133333	-409.443359	70.774796
16008.200000	-409.356232	70.858162
16008.266667	-409.304871	70.837990
16008.333333	-409.439667	70.749062
16008.400000	-409.392365	70.754868
16008.466667	-409.392365	70.754868
16008.533333	-409.397369	70.683281
16008.600000	-409.314697	70.863007
16008.666667	-409.360657	70.784805
16008.733333	-409.285309	70.826248
16008.800000	-409.171844	70.872345
16008.866667	-409.337402	70.818810
16008.933333	-409.277679	70.868217
16009.000000	-409.316132	70.829674
16009.066667	-409.399628	70.795074
16009.133333	-409.341827	70.871460
16009.200000	-409.289215	70.912361
16009.266667	-409.367157	70.874619
16009.333333	-409.285309	70.873222
16009.400000	-409.327850	70.829796
16009.466667	-409.324066	70.817635
16009.533333	-409.270233	70.875229
16009.600000	-409.347137	70.845566
16009.666667	-409.123322	70.973175
16009.733333	-409.225037	70.946808
16009.800000	-409.258606	70.807175
16009.866667	-409.218323	70.870903
16009.933333	-409.127258	70.940186
16010.000000	-409.186279	70.847778
16010.066667	-409.222046	70.833694
16010.133333	-409.225830	70.711243
16010.200000	-409.158783	70.796486
16010.266667	-409.159363	70.790260
16010.333333	-409.183380	70.755333
16010.400000	-409.169952	70.699738
16010.466667	-409.231201	70.791473
16010.533333	-409.120544	70.834290
16010.600000	-409.210876	70.707184
16010.666667	-409.156128	70.818420
16010.733333	-409.112000	70.788574
16010.800000	-409.050446	70.841904
16010.866667	-409.152985	70.785820
16010.933333	-409.078644	70.938194
16011.000000	-409.062866	70.793961
16011.066667	-409.066101	70.971069
16011.133333	-409.168854	70.815971
16011.200000	-409.089813	70.838470
16011.266667	-409.026978	70.924103
16011.333333	-409.171356	70.840950
16011.400000	-409.050903	70.896942
16011.466667	-408.980011	71.021957
16011.533333	-408.991760	70.963242
16011.600000	-409.212830	70.742317
16011.666667	-409.039734	70.856018
16011.733333	-409.083099	70.826248
16011.800000	-408.964600	70.884209
16011.866667	-409.001862	70.898010
16011.933333	-409.077850	70.787109
16012.000000	-409.041321	70.786781
16012.066667	-408.940857	70.853645
16012.133333	-408.918549	70.829880
16012.200000	-408.868561	70.908112
16012.266667	-408.855316	70.858398
16012.333333	-409.035583	70.761665
16012.400000	-408.983917	70.780205
16012.466667	-408.906525	70.769234
16012.533333	-408.843994	70.786781
16012.600000	-408.862579	70.884964
16012.666667	-408.899994	70.872032
16012.733333	-408.846252	70.852295
16012.800000	-408.839264	70.974937
16012.866667	-408.883453	70.841705
16012.933333	-408.927856	70.773682
16013.000000	-408.876007	70.904388
16013.066667	-408.860992	70.885735
16013.133333	-408.920471	70.834183
16013.200000	-408.881104	70.886528
16013.266667	-408.911285	70.855301
16013.333333	-408.835480	70.826248
16013.400000	-408.785522	70.955963
16013.466667	-408.833221	70.894424
16013.533333	-408.878235	70.787109
16013.600000	-408.750854	70.926712
16013.666667	-408.905487	70.884048
16013.733333	-408.846588	70.833878
16013.800000	-408.799957	70.904533
16013.866667	-408.769287	70.935844
16013.933333	-408.677887	71.011719
16014.000000	-408.779114	70.868752
16014.066667	-408.686218	70.932838
16014.133333	-408.733459	70.881432
16014.200000	-408.730591	70.848091
16014.266667	-408.698181	70.869308
16014.333333	-408.740326	70.834503
16014.400000	-408.746582	70.796112
16014.466667	-408.690674	70.818108
16014.533333	-408.654022	70.875122
16014.600000	-408.601074	70.936218
16014.666667	-408.745331	70.763458
16014.733333	-408.738037	70.786591
16014.800000	-408.697998	70.791473
16014.866667	-408.670776	70.783195
16014.933333	-408.659058	70.837990
16015.000000	-408.554535	70.892303
16015.066667	-408.659332	70.818520
16015.133333	-408.561981	70.898582
16015.200000	-408.640656	70.801132
16015.266667	-408.557953	70.974937
16015.333333	-408.670319	70.818108
16015.400000	-408.470276	71.076698
16015.466667	-408.631531	70.905075
16015.533333	-408.606110	70.928123
16015.600000	-408.663452	70.860588
16015.666667	-408.715546	70.780838
16015.733333	-408.620697	70.965355
16015.800000	-408.449463	71.083435
16015.866667	-408.615112	70.846077
16015.933333	-408.508484	70.898415
16016.000000	-408.571045	70.912949
16016.066667	-408.572174	70.860207
16016.133333	-408.467804	70.969406
16016.200000	-408.473236	70.981133
16016.266667	-408.339844	70.958366
16016.333333	-408.421326	71.023155
16016.400000	-408.464142	70.909241
16016.466667	-408.439087	70.942169
16016.533333	-408.393890	70.936615
16016.600000	-408.303864	70.957626
16016.666667	-408.450378	70.789597
16016.733333	-408.392883	70.888878
16016.800000	-408.291992	70.932373
16016.866667	-408.457489	70.798119
16016.933333	-408.264618	70.946808
16017.000000	-408.226135	70.972641
16017.066667	-408.332275	70.936218
16017.133333	-408.336334	70.875122
16017.200000	-408.420288	70.849731
16017.266667	-408.266693	70.997925
16017.333333	-408.297852	70.869873
16017.400000	-408.389069	70.850044
16017.466667	-408.304779	70.970917
16017.533333	-408.247192	70.930901
16017.600000	-408.355103	70.937874
16017.666667	-408.313721	71.004700
16017.733333	-408.317688	70.957115
16017.800000	-408.335358	70.978851
16017.866667	-408.310211	70.923759
16017.933333	-408.213715	70.976944
16018.000000	-408.283386	70.915848
16018.066667	-408.230438	71.017670
16018.133333	-408.228424	71.019135
16018.200000	-408.280670	70.915123
16018.266667	-408.253143	70.945976
16018.333333	-408.216003	70.974876
16018.400000	-408.318359	70.951828
16018.466667	-408.274567	70.940186
16018.533333	-408.166443	70.958366
16018.600000	-408.174713	70.875793
16018.666667	-408.079742	70.982971
16018.733333	-408.106354	70.972511
16018.800000	-408.251434	70.879662
16018.866667	-408.178955	70.883476
16018.933333	-408.068604	70.896942
16019.000000	-408.067535	70.923996
16019.066667	-408.142365	70.959328
16019.133333	-408.206421	70.795677
16019.200000	-408.191803	70.845566
16019.266667	-408.116394	70.895485
16019.333333	-408.140045	70.846344
16019.400000	-408.110260	70.913994
16019.466667	-408.100128	70.911781
16019.533333	-408.000214	71.002060
16019.600000	-408.095612	70.909531
16019.666667	-408.098816	70.997925
16019.733333	-408.041107	71.061951
16019.800000	-408.084106	71.018440
16019.866667	-408.060181	71.084579
16019.933333	-408.048828	71.031036
16020.000000	-408.037781	70.994110
