12660.066667	-381.983276	74.050049
12660.133333	-381.962158	74.031288
12660.200000	-382.014893	74.036789
12660.266667	-381.982727	74.034943
12660.333333	-381.986298	74.074936
12660.400000	-382.001434	74.036743
12660.466667	-381.983276	74.055916
12660.533333	-381.957489	74.059219
12660.600000	-382.009094	74.060692
12660.666667	-382.023682	74.028206
12660.733333	-381.985626	74.045357
12660.800000	-381.995422	74.019302
12660.866667	-382.007263	74.006378
12660.933333	-382.008484	74.007309
12661.000000	-382.005493	74.012863
12661.066667	-382.015594	73.990829
12661.133333	-381.991638	74.015846
12661.200000	-382.007904	74.014679
12661.266667	-381.962585	73.997887
12661.333333	-381.991333	73.986687
12661.400000	-382.020172	74.003677
12661.466667	-382.003113	73.997375
12661.533333	-382.006744	73.972794
12661.600000	-381.999298	73.994278
12661.666667	-381.972290	74.003677
12661.733333	-382.022522	74.001343
12661.800000	-382.019470	74.009880
12661.866667	-382.031189	74.033302
12661.933333	-382.040955	74.027924
12662.000000	-382.056793	74.025154
12662.066667	-382.029022	74.024246
12662.133333	-382.034698	74.042610
12662.200000	-382.034698	74.042610
12662.266667	-382.091797	74.033966
12662.333333	-382.083832	74.042625
12662.400000	-382.100769	74.015358
12662.466667	-382.048065	74.075333
12662.533333	-382.064941	74.067047
12662.600000	-382.064941	74.067047
12662.666667	-382.046600	74.072327
12662.733333	-382.098206	74.010178
12662.800000	-382.078796	74.043419
12662.866667	-382.048645	74.043770
12662.933333	-382.097748	74.038353
12663.000000	-382.097748	74.038353
12663.066667	-382.047333	74.047340
12663.133333	-382.052124	74.030975
12663.200000	-382.105011	73.986115
12663.266667	-382.082397	74.000717
12663.333333	-382.055939	73.995575
12663.400000	-382.055939	73.995575
12663.466667	-382.153168	73.950165
12663.533333	-382.103333	73.968132
12663.600000	-382.120422	73.936966
12663.666667	-382.072540	73.967094
12663.733333	-382.066620	73.994385
12663.800000	-382.128204	73.969978
12663.866667	-382.128204	73.969978
12663.933333	-382.119476	73.958115
12664.000000	-382.107788	73.996666
12664.066667	-382.117981	74.005959
12664.133333	-382.134460	74.030853
12664.200000	-382.167572	74.019043
12664.266667	-382.167572	74.019043
12664.333333	-382.109924	74.053566
12664.400000	-382.134247	74.034729
12664.466667	-382.118988	74.088333
12664.533333	-382.109131	74.054558
12664.600000	-382.178101	74.019783
12664.666667	-382.178101	74.019783
12664.733333	-382.195465	74.012009
12664.800000	-382.177948	74.000793
12664.866667	-382.156738	74.074013
12664.933333	-382.162750	74.023849
12665.000000	-382.175964	74.064674
12665.066667	-382.214935	74.047783
12665.133333	-382.214935	74.047783
12665.200000	-382.238403	73.956604
12665.266667	-382.238708	73.978767
12665.333333	-382.225983	74.005409
12665.400000	-382.269836	73.937317
12665.466667	-382.226929	73.986588
12665.533333	-382.226929	73.986588
12665.600000	-382.198029	73.966103
12665.666667	-382.241119	73.961891
12665.733333	-382.199097	73.946648
12665.800000	-382.232635	73.976128
12665.866667	-382.271881	73.968285
12665.933333	-382.271881	73.968285
12666.000000	-382.225464	73.963097
12666.066667	-382.301910	73.931648
12666.133333	-382.241211	73.990829
12666.200000	-382.239929	74.020966
12666.266667	-382.232056	74.010269
12666.333333	-382.268524	74.029716
12666.400000	-382.268524	74.029716
12666.466667	-382.312866	73.972214
12666.533333	-382.317719	73.946648
12666.600000	-382.270416	74.046478
12666.666667	-382.369873	74.000626
12666.733333	-382.339691	73.994560
12666.800000	-382.339691	73.994560
12666.866667	-382.288300	74.033264
12666.933333	-382.345154	74.027412
12667.000000	-382.352936	73.968941
12667.066667	-382.354736	73.985291
12667.133333	-382.359192	73.976448
12667.200000	-382.370117	73.988419
12667.266667	-382.370117	73.988419
12667.333333	-382.354279	73.977242
12667.400000	-382.359222	73.942657
12667.466667	-382.346466	73.996231
12667.533333	-382.343170	73.971062
12667.600000	-382.383026	73.926247
12667.666667	-382.383026	73.926247
12667.733333	-382.414734	73.906441
12667.800000	-382.379761	73.952248
12667.866667	-382.459259	73.887260
12667.933333	-382.434357	73.913994
12668.000000	-382.355652	73.910057
12668.066667	-382.355652	73.910057
12668.133333	-382.437927	73.940201
12668.200000	-382.408905	73.959007
12668.266667	-382.383423	73.973030
12668.333333	-382.426422	73.929604
12668.400000	-382.434357	73.937813
12668.466667	-382.434357	73.937813
12668.533333	-382.387634	73.971062
12668.600000	-382.474762	73.957146
12668.666667	-382.448700	73.973030
12668.733333	-382.464203	73.985291
12668.800000	-382.414337	73.996902
12668.866667	-382.414337	73.996902
12668.933333	-382.485992	73.982162
12669.000000	-382.495880	73.959038
12669.066667	-382.460510	73.966835
12669.133333	-382.435547	74.016441
12669.200000	-382.525909	73.951492
12669.266667	-382.524445	73.953453
12669.333333	-382.509979	73.965508
12669.400000	-382.472626	73.920021
12669.466667	-382.494843	73.963051
12669.533333	-382.484741	73.952698
12669.600000	-382.533173	73.940598
12669.666667	-382.508209	73.937813
12669.733333	-382.511383	73.922440
12669.800000	-382.539795	73.874954
12669.866667	-382.531006	73.900894
12669.933333	-382.484650	73.919701
12670.000000	-382.520081	73.930061
12670.066667	-382.553467	73.910416
12670.133333	-382.519897	73.922005
12670.200000	-382.549011	73.926247
12670.266667	-382.520142	73.967461
12670.333333	-382.510406	73.944550
12670.400000	-382.550598	73.931389
12670.466667	-382.577759	73.914284
12670.533333	-382.519714	73.974602
12670.600000	-382.565399	73.972359
12670.666667	-382.538574	73.974869
12670.733333	-382.556305	73.972504
12670.800000	-382.595703	73.963318
12670.866667	-382.553467	73.983086
12670.933333	-382.618378	73.952858
12671.000000	-382.609497	73.955963
12671.066667	-382.623596	73.973824
12671.133333	-382.591766	73.987869
12671.200000	-382.622498	73.977234
12671.266667	-382.605316	73.952858
12671.333333	-382.611877	73.955605
12671.400000	-382.589203	73.959259
12671.466667	-382.595825	73.961159
12671.533333	-382.625488	73.940994
12671.600000	-382.594116	73.967781
12671.666667	-382.640686	73.913124
12671.733333	-382.653748	73.909950
12671.800000	-382.657257	73.906464
12671.866667	-382.599823	73.916977
12671.933333	-382.559021	73.939796
12672.000000	-382.651733	73.882347
12672.066667	-382.665863	73.867752
12672.133333	-382.632416	73.888550
12672.200000	-382.707245	73.869301
12672.266667	-382.634155	73.925728
12672.333333	-382.625305	73.947601
12672.400000	-382.655243	73.950371
12672.466667	-382.643982	73.935921
12672.533333	-382.662659	73.952553
12672.600000	-382.627106	73.993759
12672.666667	-382.647034	73.967957
12672.733333	-382.681580	73.984329
12672.800000	-382.684265	73.943733
12672.866667	-382.722260	73.959290
12672.933333	-382.683624	73.976585
12673.000000	-382.665375	73.990242
12673.066667	-382.701904	74.028503
12673.133333	-382.701691	73.993141
12673.200000	-382.708557	73.981331
12673.266667	-382.686310	73.971329
12673.333333	-382.702850	73.960686
12673.400000	-382.719055	73.969978
12673.466667	-382.701691	73.945320
12673.533333	-382.684509	73.941391
12673.600000	-382.747467	73.940193
12673.666667	-382.671661	73.951538
12673.733333	-382.696289	73.944504
12673.800000	-382.720245	73.943771
12673.866667	-382.686249	73.926765
12673.933333	-382.766724	73.879601
12674.000000	-382.733124	73.846138
12674.066667	-382.714539	73.905754
12674.133333	-382.706635	73.919014
12674.200000	-382.772522	73.853035
12674.266667	-382.784119	73.861130
12674.333333	-382.680603	73.933418
12674.400000	-382.783722	73.849815
12674.466667	-382.765533	73.862854
12674.533333	-382.800964	73.909683
12674.600000	-382.831177	73.858360
12674.666667	-382.694977	73.986046
12674.733333	-382.819031	73.923988
12674.800000	-382.820099	73.910141
12674.866667	-382.734772	74.016235
12674.933333	-382.829987	73.958015
12675.000000	-382.825836	73.926933
12675.066667	-382.779938	74.001030
12675.133333	-382.809601	73.972359
12675.200000	-382.860321	73.929932
12675.266667	-382.875397	73.924324
12675.333333	-382.839081	73.940193
12675.400000	-382.838165	73.953911
12675.466667	-382.818054	73.960930
12675.533333	-382.852203	73.903580
12675.600000	-382.875854	73.914864
12675.666667	-382.866425	73.942215
12675.733333	-382.871216	73.907372
12675.800000	-382.814972	73.917290
12675.866667	-382.807068	73.931648
12675.933333	-382.857849	73.873344
12676.000000	-382.846313	73.870270
12676.066667	-382.801575	73.916977
12676.133333	-382.867981	73.859192
12676.200000	-382.854950	73.884872
12676.266667	-382.898834	73.818520
12676.333333	-382.878418	73.838928
12676.400000	-382.909515	73.821678
12676.466667	-382.820251	73.882668
12676.533333	-382.875854	73.891586
12676.600000	-382.925781	73.836548
12676.666667	-382.866455	73.886879
12676.733333	-382.862427	73.881020
12676.800000	-382.908295	73.889336
12676.866667	-382.933807	73.871605
12676.933333	-382.963654	73.870148
12677.000000	-382.927948	73.944916
12677.066667	-382.873474	73.962349
12677.133333	-382.940277	73.927475
12677.200000	-382.935181	73.957268
12677.266667	-382.896820	73.943428
12677.333333	-382.920013	73.984650
12677.400000	-382.937073	73.919945
12677.466667	-382.969543	73.958580
12677.533333	-382.991821	73.936295
12677.600000	-382.957153	73.935310
12677.666667	-382.991608	73.876587
12677.733333	-382.986481	73.888161
12677.800000	-383.040497	73.874954
12677.866667	-382.975586	73.880898
12677.933333	-383.007294	73.885689
12678.000000	-382.969971	73.892136
12678.066667	-383.030762	73.797935
12678.133333	-382.976166	73.841339
12678.200000	-382.950287	73.849854
12678.266667	-383.060883	73.798813
12678.333333	-383.060883	73.795349
12678.400000	-383.042999	73.846115
12678.466667	-382.982635	73.851997
12678.533333	-383.076782	73.788673
12678.600000	-383.044678	73.812843
12678.666667	-383.045319	73.870148
12678.733333	-383.054718	73.890366
12678.800000	-383.044922	73.811951
12678.866667	-383.057373	73.850853
12678.933333	-383.064514	73.884521
12679.000000	-383.050110	73.889366
12679.066667	-383.027588	73.902077
12679.133333	-383.118469	73.896423
12679.200000	-383.123138	73.890366
12679.266667	-383.132690	73.883186
12679.333333	-383.090729	73.916374
12679.400000	-383.053406	73.898186
12679.466667	-383.113403	73.912277
12679.533333	-383.117767	73.871605
12679.600000	-383.139557	73.899445
12679.666667	-383.107086	73.902771
12679.733333	-383.121918	73.880798
12679.800000	-383.143463	73.849701
12679.866667	-383.127472	73.886124
12679.933333	-383.210968	73.782036
12680.000000	-383.078705	73.927597
12680.066667	-383.161774	73.813713
12680.133333	-383.161407	73.807838
12680.200000	-383.166168	73.817673
12680.266667	-383.154572	73.850937
12680.333333	-383.147034	73.798271
12680.400000	-383.185791	73.822472
12680.466667	-383.201202	73.786400
12680.533333	-383.200439	73.759766
12680.600000	-383.162231	73.830711
12680.666667	-383.169342	73.834175
12680.733333	-383.139557	73.838921
12680.800000	-383.194885	73.789902
12680.866667	-383.236420	73.840134
12680.933333	-383.221710	73.822403
12681.000000	-383.195648	73.878090
12681.066667	-383.232361	73.828316
12681.133333	-383.211151	73.885513
12681.200000	-383.181519	73.841316
12681.266667	-383.238953	73.843689
12681.333333	-383.233551	73.879135
12681.400000	-383.281982	73.881500
12681.466667	-383.256531	73.892494
12681.533333	-383.264648	73.905655
12681.600000	-383.281677	73.849625
12681.666667	-383.193176	73.956879
12681.733333	-383.235748	73.910492
12681.800000	-383.246521	73.912003
12681.866667	-383.261536	73.871796
12681.933333	-383.266998	73.923920
12682.000000	-383.281860	73.859344
12682.066667	-383.319641	73.836571
12682.133333	-383.263885	73.833099
12682.200000	-383.268188	73.843666
12682.266667	-383.260254	73.826927
12682.333333	-383.269806	73.847252
12682.400000	-383.296173	73.833038
12682.466667	-383.289062	73.844933
12682.533333	-383.259186	73.819023
12682.600000	-383.225800	73.882515
12682.666667	-383.296448	73.842484
12682.733333	-383.273834	73.847305
12682.800000	-383.301086	73.830528
12682.866667	-383.312378	73.864571
12682.933333	-383.310150	73.856743
12683.000000	-383.314270	73.836533
12683.066667	-383.301331	73.872421
12683.133333	-383.358704	73.866547
12683.200000	-383.368286	73.853188
12683.266667	-383.312927	73.906059
12683.333333	-383.325897	73.897820
12683.400000	-383.346924	73.889969
12683.466667	-383.418732	73.850937
12683.533333	-383.318451	73.913696
12683.600000	-383.349030	73.901619
12683.666667	-383.415131	73.865349
12683.733333	-383.350677	73.875313
12683.800000	-383.379272	73.888741
12683.866667	-383.422882	73.836571
12683.933333	-383.425018	73.867317
12684.000000	-383.351837	73.921051
12684.066667	-383.392883	73.877663
12684.133333	-383.405212	73.830605
12684.200000	-383.394287	73.868500
12684.266667	-383.400177	73.817673
12684.333333	-383.470795	73.820847
12684.400000	-383.443665	73.806648
12684.466667	-383.346710	73.850937
12684.533333	-383.410156	73.817406
12684.600000	-383.459930	73.812408
12684.666667	-383.407776	73.804253
12684.733333	-383.399658	73.803963
12684.800000	-383.406586	73.807838
12684.866667	-383.458282	73.787872
12684.933333	-383.444183	73.800415
12685.000000	-383.495758	73.790100
12685.066667	-383.446289	73.834221
12685.133333	-383.402527	73.836472
12685.200000	-383.433289	73.848709
12685.266667	-383.503357	73.807579
12685.333333	-383.487427	73.829414
12685.400000	-383.421448	73.906319
12685.466667	-383.479675	73.848602
12685.533333	-383.533600	73.858894
12685.600000	-383.498657	73.853287
12685.666667	-383.453552	73.916977
12685.733333	-383.518433	73.845016
12685.800000	-383.535065	73.835365
12685.866667	-383.543945	73.869225
12685.933333	-383.605804	73.813614
12686.000000	-383.567230	73.841339
12686.066667	-383.596313	73.801521
12686.133333	-383.586395	73.820198
12686.200000	-383.597290	73.778427
12686.266667	-383.580658	73.752281
12686.333333	-383.590210	73.789902
12686.400000	-383.501709	73.816307
12686.466667	-383.568024	73.763588
12686.533333	-383.560913	73.799950
12686.600000	-383.586945	73.743217
12686.666667	-383.568024	73.767174
12686.733333	-383.560791	73.771141
12686.800000	-383.545807	73.792480
12686.866667	-383.569611	73.776993
12686.933333	-383.557495	73.777054
12687.000000	-383.566437	73.753677
12687.066667	-383.601532	73.756416
12687.133333	-383.575836	73.780327
12687.200000	-383.649841	73.764496
12687.266667	-383.548950	73.834030
12687.333333	-383.664917	73.776993
12687.400000	-383.654236	73.795044
12687.466667	-383.643097	73.805031
12687.533333	-383.622345	73.801247
12687.600000	-383.570038	73.807709
12687.666667	-383.694916	73.796906
12687.733333	-383.633820	73.818604
12687.800000	-383.646820	73.813614
12687.866667	-383.682983	73.832901
12687.933333	-383.668488	73.914017
12688.000000	-383.594299	73.876625
12688.066667	-383.703796	73.787155
12688.133333	-383.694916	73.838928
12688.200000	-383.647522	73.849442
12688.266667	-383.596375	73.842499
12688.333333	-383.691925	73.766251
12688.400000	-383.716736	73.776558
12688.466667	-383.721893	73.738091
12688.533333	-383.655396	73.750786
12688.600000	-383.717529	73.752823
12688.666667	-383.735687	73.745079
12688.733333	-383.634460	73.797913
12688.800000	-383.673248	73.751976
12688.866667	-383.712555	73.763893
12688.933333	-383.714020	73.747849
12689.000000	-383.710358	73.749237
12689.066667	-383.727570	73.710121
12689.133333	-383.744141	73.728462
12689.200000	-383.699707	73.738068
12689.266667	-383.742065	73.749954
12689.333333	-383.706940	73.776489
12689.400000	-383.723297	73.793671
12689.466667	-383.755402	73.784492
12689.533333	-383.756226	73.759300
12689.600000	-383.757721	73.775215
12689.666667	-383.733093	73.831764
12689.733333	-383.734406	73.843666
12689.800000	-383.764587	73.810471
12689.866667	-383.741150	73.866341
12689.933333	-383.754059	73.848122
12690.000000	-383.765442	73.855141
12690.066667	-383.767761	73.817673
12690.133333	-383.786407	73.797600
12690.200000	-383.779144	73.817764
12690.266667	-383.743835	73.833069
12690.333333	-383.810242	73.772232
12690.400000	-383.769745	73.800819
12690.466667	-383.812073	73.748764
12690.533333	-383.734406	73.836601
12690.600000	-383.797302	73.729034
12690.666667	-383.778595	73.816948
12690.733333	-383.762665	73.743591
12690.800000	-383.818573	73.763908
12690.866667	-383.783325	73.767174
12690.933333	-383.775848	73.751221
12691.000000	-383.772369	73.755836
12691.066667	-383.806671	73.754364
12691.133333	-383.829132	73.754524
12691.200000	-383.785736	73.741623
12691.266667	-383.777222	73.764488
12691.333333	-383.783783	73.745270
12691.400000	-383.766968	73.740448
12691.466667	-383.820923	73.759216
12691.533333	-383.846039	73.764198
12691.600000	-383.815613	73.833015
12691.666667	-383.846710	73.782722
12691.733333	-383.810974	73.822609
12691.800000	-383.844391	73.821365
12691.866667	-383.850067	73.791718
12691.933333	-383.803345	73.842476
12692.000000	-383.840027	73.819267
12692.066667	-383.823242	73.835480
12692.133333	-383.875397	73.823387
12692.200000	-383.859100	73.828217
12692.266667	-383.847656	73.820351
12692.333333	-383.889496	73.788132
12692.400000	-383.865112	73.840134
12692.466667	-383.834473	73.801285
12692.533333	-383.886169	73.779137
12692.600000	-383.827423	73.803635
12692.666667	-383.816803	73.817406
12692.733333	-383.868622	73.753014
12692.800000	-383.887909	73.767799
12692.866667	-383.858459	73.770943
12692.933333	-383.855225	73.765671
12693.000000	-383.880402	73.778915
12693.066667	-383.891876	73.782219
12693.133333	-383.911011	73.722404
12693.200000	-383.853027	73.758362
12693.266667	-383.913788	73.739670
12693.333333	-383.916840	73.758156
12693.400000	-383.882751	73.791862
12693.466667	-383.882080	73.745209
12693.533333	-383.919037	73.753853
12693.600000	-383.872528	73.813156
12693.666667	-383.822083	73.851768
12693.733333	-383.921661	73.799141
12693.800000	-383.920074	73.791519
12693.866667	-383.894775	73.825119
12693.933333	-383.967499	73.792854
12694.000000	-383.891541	73.860626
12694.066667	-383.955841	73.816772
12694.133333	-383.927307	73.807037
12694.200000	-383.936279	73.837730
12694.266667	-383.956635	73.828079
12694.333333	-383.955688	73.812950
12694.400000	-383.985565	73.825668
12694.466667	-383.981995	73.834084
12694.533333	-383.887268	73.879021
12694.600000	-384.022308	73.806778
12694.666667	-383.943665	73.805588
12694.733333	-384.017731	73.786316
12694.800000	-383.963959	73.772766
12694.866667	-383.969879	73.779381
12694.933333	-383.939972	73.787506
12695.000000	-384.020905	73.717918
12695.066667	-383.978210	73.774612
12695.133333	-384.047302	73.738876
12695.200000	-383.998352	73.778427
12695.266667	-383.957794	73.788086
12695.333333	-384.019318	73.719574
12695.400000	-384.014618	73.761253
12695.466667	-383.997406	73.744453
12695.533333	-384.000854	73.762703
12695.600000	-384.050781	73.772118
12695.666667	-383.962677	73.793304
12695.733333	-384.069946	73.746101
12695.800000	-384.028717	73.753677
12695.866667	-384.002594	73.808662
12695.933333	-384.090210	73.772232
12696.000000	-384.083771	73.780807
12696.066667	-384.086823	73.779854
12696.133333	-384.056335	73.823318
12696.200000	-384.150238	73.760635
12696.266667	-384.149536	73.776306
12696.333333	-384.127075	73.778671
12696.400000	-384.145782	73.792053
12696.466667	-384.142975	73.803818
12696.533333	-384.148071	73.775551
12696.600000	-384.128876	73.786736
12696.666667	-384.144287	73.781990
12696.733333	-384.170013	73.784279
12696.800000	-384.118164	73.792740
12696.866667	-384.136139	73.789902
12696.933333	-384.212891	73.722198
12697.000000	-384.150940	73.746025
12697.066667	-384.131256	73.764191
12697.133333	-384.170013	73.685905
12697.200000	-384.166077	73.717216
12697.266667	-384.221436	73.669266
12697.333333	-384.230621	73.702591
12697.400000	-384.175598	73.734886
12697.466667	-384.207184	73.690628
12697.533333	-384.231812	73.690636
12697.600000	-384.240631	73.722404
12697.666667	-384.206757	73.728722
12697.733333	-384.193542	73.727707
12697.800000	-384.258270	73.738487
12697.866667	-384.292633	73.728592
12697.933333	-384.292450	73.711807
12698.000000	-384.336914	73.680641
12698.066667	-384.345734	73.718391
12698.133333	-384.344238	73.739670
12698.200000	-384.295288	73.745270
12698.266667	-384.308502	73.745270
12698.333333	-384.277191	73.783180
12698.400000	-384.313141	73.760002
12698.466667	-384.327759	73.770676
12698.533333	-384.322479	73.806778
12698.600000	-384.368958	73.728157
12698.666667	-384.315521	73.752823
12698.733333	-384.366180	73.719101
12698.800000	-384.344818	73.745209
12698.866667	-384.337067	73.730103
12698.933333	-384.371735	73.725319
12699.000000	-384.367798	73.714165
12699.066667	-384.367798	73.714165
12699.133333	-384.324554	73.744514
12699.200000	-384.331299	73.711807
12699.266667	-384.353668	73.701210
12699.333333	-384.385895	73.705391
12699.400000	-384.367798	73.708275
12699.466667	-384.367798	73.708275
12699.533333	-384.327271	73.712669
12699.600000	-384.335327	73.727409
12699.666667	-384.351074	73.692413
12699.733333	-384.354645	73.715050
12699.800000	-384.373352	73.708054
12699.866667	-384.373352	73.708054
12699.933333	-384.385162	73.714355
12700.000000	-384.389923	73.716728
12700.066667	-384.395081	73.763031
12700.133333	-384.399567	73.757721
12700.200000	-384.394165	73.778671
12700.266667	-384.454712	73.749596
12700.333333	-384.454712	73.749596
12700.400000	-384.486389	73.745338
12700.466667	-384.421356	73.786949
12700.533333	-384.439758	73.777245
12700.600000	-384.505280	73.791672
12700.666667	-384.467499	73.773544
12700.733333	-384.467499	73.773544
12700.800000	-384.455719	73.779854
12700.866667	-384.472961	73.785011
12700.933333	-384.525726	73.743973
12701.000000	-384.458893	73.765076
12701.066667	-384.474152	73.759445
12701.133333	-384.474152	73.759445
12701.200000	-384.487732	73.693024
12701.266667	-384.465576	73.736565
12701.333333	-384.448273	73.720535
12701.400000	-384.479370	73.719337
12701.466667	-384.458893	73.734589
12701.533333	-384.454834	73.741982
12701.600000	-384.454834	73.741982
12701.666667	-384.481049	73.734650
12701.733333	-384.495819	73.707756
12701.800000	-384.492889	73.701752
12701.866667	-384.549194	73.691200
12701.933333	-384.534393	73.738472
12702.000000	-384.534393	73.738472
12702.066667	-384.553864	73.707619
12702.133333	-384.561035	73.756668
12702.200000	-384.632446	73.728905
12702.266667	-384.591797	73.722923
12702.333333	-384.630798	73.768936
12702.400000	-384.630798	73.768936
12702.466667	-384.610504	73.748619
12702.533333	-384.661163	73.754021
12702.600000	-384.665039	73.730759
12702.666667	-384.680634	73.744019
12702.733333	-384.661407	73.705795
12702.800000	-384.661407	73.705795
12702.866667	-384.680298	73.742065
12702.933333	-384.645630	73.756416
12703.000000	-384.674316	73.725319
12703.066667	-384.694855	73.735718
12703.133333	-384.675140	73.711136
12703.200000	-384.657410	73.716675
12703.266667	-384.657410	73.716675
12703.333333	-384.702728	73.665131
12703.400000	-384.701630	73.719345
12703.466667	-384.740845	73.680092
12703.533333	-384.699951	73.681633
12703.600000	-384.699799	73.704742
12703.666667	-384.699799	73.704742
12703.733333	-384.711304	73.666534
12703.800000	-384.787781	73.659058
12703.866667	-384.724609	73.723740
12703.933333	-384.765137	73.662201
12704.000000	-384.757874	73.664627
12704.066667	-384.757874	73.664627
12704.133333	-384.780304	73.678757
12704.200000	-384.832031	73.670830
12704.266667	-384.801025	73.703568
12704.333333	-384.851318	73.687050
12704.400000	-384.811401	73.699486
12704.466667	-384.837402	73.725487
12704.533333	-384.914703	73.678673
12704.600000	-384.835480	73.715958
12704.666667	-384.856110	73.706184
12704.733333	-384.888275	73.725037
12704.800000	-384.896484	73.714851
12704.866667	-384.877686	73.708725
12704.933333	-384.921692	73.694801
12705.000000	-384.888336	73.693611
12705.066667	-384.927216	73.690033
12705.133333	-384.949097	73.694885
12705.200000	-384.913025	73.686485
12705.266667	-384.928406	73.699486
12705.333333	-384.900360	73.716949
12705.400000	-384.890656	73.702492
12705.466667	-384.919495	73.649971
12705.533333	-384.958954	73.636818
12705.600000	-384.911591	73.662201
12705.666667	-384.884918	73.659302
12705.733333	-384.959137	73.652977
12705.800000	-384.915924	73.649971
12705.866667	-384.945190	73.647247
12705.933333	-384.930939	73.637993
12706.000000	-384.899048	73.679314
12706.066667	-384.974518	73.636818
12706.133333	-384.923279	73.720055
12706.200000	-384.961975	73.702927
12706.266667	-385.016602	73.665092
12706.333333	-384.986328	73.671120
12706.400000	-385.043213	73.624512
12706.466667	-384.985870	73.704742
12706.533333	-385.008759	73.718391
12706.600000	-385.009003	73.738892
12706.666667	-384.979980	73.757721
12706.733333	-385.029999	73.702927
12706.800000	-385.044037	73.742485
12706.866667	-385.003906	73.743637
12706.933333	-385.052246	73.761200
12707.000000	-385.093384	73.684540
12707.066667	-385.050415	73.704628
12707.133333	-385.033051	73.720291
12707.200000	-385.048065	73.716309
12707.266667	-385.051331	73.723122
12707.333333	-385.053192	73.665833
12707.400000	-385.110840	73.708572
12707.466667	-385.105164	73.630470
12707.533333	-385.139832	73.698929
12707.600000	-385.110596	73.627602
12707.666667	-385.067017	73.641190
12707.733333	-385.085449	73.631027
12707.800000	-385.072998	73.611412
12707.866667	-385.067535	73.637253
12707.933333	-385.115662	73.602196
12708.000000	-385.102142	73.632118
12708.066667	-385.075745	73.644348
12708.133333	-385.143738	73.599724
12708.200000	-385.064758	73.682373
12708.266667	-385.058411	73.691208
12708.333333	-385.120087	73.680023
12708.400000	-385.189911	73.624336
12708.466667	-385.158691	73.636818
12708.533333	-385.211914	73.626244
12708.600000	-385.155396	73.677666
12708.666667	-385.140106	73.749481
12708.733333	-385.173035	73.713234
12708.800000	-385.196869	73.729347
12708.866667	-385.194977	73.721771
12708.933333	-385.186401	73.741692
12709.000000	-385.237427	73.713745
12709.066667	-385.197601	73.651917
12709.133333	-385.205475	73.709251
12709.200000	-385.204132	73.722923
12709.266667	-385.240967	73.665016
12709.333333	-385.269806	73.662483
12709.400000	-385.223450	73.675293
12709.466667	-385.203186	73.678589
12709.533333	-385.235718	73.653275
12709.600000	-385.229919	73.668259
12709.666667	-385.225067	73.618629
12709.733333	-385.278656	73.582649
12709.800000	-385.250214	73.640434
12709.866667	-385.224091	73.615868
12709.933333	-385.277466	73.606377
12710.000000	-385.267456	73.618629
12710.066667	-385.299133	73.562759
12710.133333	-385.284363	73.590904
12710.200000	-385.334076	73.604637
12710.266667	-385.281036	73.638412
12710.333333	-385.307281	73.629395
12710.400000	-385.304810	73.677849
12710.466667	-385.293579	73.653275
12710.533333	-385.324951	73.637596
12710.600000	-385.323730	73.643257
12710.666667	-385.320740	73.709251
12710.733333	-385.295288	73.684494
12710.800000	-385.355774	73.652657
12710.866667	-385.286041	73.745338
12710.933333	-385.359894	73.695465
12711.000000	-385.357483	73.724396
12711.066667	-385.378357	73.688835
12711.133333	-385.361115	73.697876
12711.200000	-385.405060	73.672691
12711.266667	-385.371582	73.660736
12711.333333	-385.406738	73.656837
12711.400000	-385.415588	73.664825
12711.466667	-385.367737	73.704941
12711.533333	-385.455231	73.639610
12711.600000	-385.402740	73.640030
12711.666667	-385.369965	73.661224
12711.733333	-385.439178	73.600723
12711.800000	-385.401489	73.624855
12711.866667	-385.391205	73.624352
12711.933333	-385.385468	73.632622
12712.000000	-385.408508	73.597313
12712.066667	-385.495972	73.559074
12712.133333	-385.425201	73.605591
12712.200000	-385.474457	73.572884
12712.266667	-385.493652	73.578369
12712.333333	-385.475616	73.564644
12712.400000	-385.470947	73.599724
12712.466667	-385.438263	73.610001
12712.533333	-385.420837	73.592354
12712.600000	-385.468445	73.612892
12712.666667	-385.517151	73.589767
12712.733333	-385.472015	73.571167
12712.800000	-385.482849	73.669624
12712.866667	-385.529999	73.617935
12712.933333	-385.501617	73.686485
12713.000000	-385.497833	73.688271
12713.066667	-385.509125	73.675087
12713.133333	-385.534454	73.617996
12713.200000	-385.485138	73.668083
12713.266667	-385.540802	73.665581
12713.333333	-385.571747	73.652657
12713.400000	-385.577271	73.642754
12713.466667	-385.540894	73.644348
12713.533333	-385.597656	73.659546
12713.600000	-385.567261	73.656891
12713.666667	-385.613159	73.620071
12713.733333	-385.591095	73.606873
12713.800000	-385.589081	73.648659
12713.866667	-385.546600	73.648125
12713.933333	-385.547211	73.618423
12714.000000	-385.612396	73.529060
12714.066667	-385.554810	73.575386
12714.133333	-385.629272	73.543472
12714.200000	-385.607635	73.542252
12714.266667	-385.561401	73.643074
12714.333333	-385.603790	73.593323
12714.400000	-385.621033	73.578613
12714.466667	-385.572937	73.598076
12714.533333	-385.652924	73.519836
12714.600000	-385.628082	73.555290
12714.666667	-385.595703	73.615593
12714.733333	-385.653870	73.600899
12714.800000	-385.651642	73.592995
12714.866667	-385.652832	73.649658
12714.933333	-385.662201	73.606918
12715.000000	-385.692963	73.637207
12715.066667	-385.631073	73.646721
12715.133333	-385.700775	73.635574
12715.200000	-385.685303	73.643578
12715.266667	-385.684387	73.680641
12715.333333	-385.720367	73.652069
12715.400000	-385.745422	73.642044
12715.466667	-385.735016	73.617798
12715.533333	-385.718872	73.634857
12715.600000	-385.746277	73.634476
12715.666667	-385.813934	73.589966
12715.733333	-385.752899	73.615898
12715.800000	-385.767365	73.596611
12715.866667	-385.727386	73.631943
12715.933333	-385.785492	73.614998
12716.000000	-385.790161	73.578209
12716.066667	-385.808868	73.581627
12716.133333	-385.744476	73.580940
12716.200000	-385.813049	73.520737
12716.266667	-385.793976	73.582321
12716.333333	-385.838257	73.527939
12716.400000	-385.853577	73.518082
12716.466667	-385.773468	73.512741
12716.533333	-385.861938	73.553093
12716.600000	-385.918152	73.501671
12716.666667	-385.828674	73.599022
12716.733333	-385.884064	73.541069
12716.800000	-385.923431	73.478958
12716.866667	-385.876251	73.601997
12716.933333	-385.935516	73.550751
12717.000000	-385.973480	73.531425
12717.066667	-385.893127	73.595566
12717.133333	-385.891724	73.587555
12717.200000	-386.058960	73.514442
12717.266667	-386.001526	73.547287
12717.333333	-385.994476	73.586021
12717.400000	-385.983307	73.591858
12717.466667	-386.044006	73.552986
12717.533333	-385.994019	73.613487
12717.600000	-386.074829	73.573425
12717.666667	-386.007050	73.629776
12717.733333	-386.007568	73.573563
12717.800000	-385.990204	73.581627
12717.866667	-386.060028	73.550995
12717.933333	-386.076019	73.543510
12718.000000	-386.131866	73.504715
12718.066667	-386.030426	73.562119
12718.133333	-386.132568	73.458687
12718.200000	-386.163330	73.478943
12718.266667	-386.117462	73.519218
12718.333333	-386.151672	73.498558
12718.400000	-386.151978	73.496025
12718.466667	-386.158478	73.516373
12718.533333	-386.176514	73.441826
12718.600000	-386.207245	73.503288
12718.666667	-386.219879	73.463707
12718.733333	-386.179291	73.471085
12718.800000	-386.248596	73.466644
12718.866667	-386.213135	73.523376
12718.933333	-386.217041	73.519455
12719.000000	-386.251129	73.497047
12719.066667	-386.252655	73.515198
12719.133333	-386.237885	73.538742
12719.200000	-386.259247	73.578529
12719.266667	-386.297821	73.539948
12719.333333	-386.360504	73.523071
12719.400000	-386.276123	73.633980
12719.466667	-386.292999	73.599724
12719.533333	-386.332336	73.550613
12719.600000	-386.339294	73.538742
12719.666667	-386.348572	73.602386
12719.733333	-386.384521	73.571838
12719.800000	-386.382202	73.525482
12719.866667	-386.447845	73.493782
12719.933333	-386.373840	73.572098
12720.000000	-386.403442	73.543472
