6600.066667	-386.255341	73.760612
6600.133333	-386.261169	73.773392
6600.200000	-386.286804	73.778130
6600.266667	-386.340179	73.731888
6600.333333	-386.411743	73.790176
6600.400000	-386.417786	73.745483
6600.466667	-386.499146	73.705940
6600.533333	-386.553650	73.764130
6600.600000	-386.575745	73.799995
6600.666667	-386.589630	73.765976
6600.733333	-386.621826	73.759781
6600.800000	-386.661682	73.799454
6600.866667	-386.753113	73.811043
6600.933333	-386.848053	73.799637
6601.000000	-386.888672	73.771286
6601.066667	-386.928406	73.729477
6601.133333	-386.965668	73.740532
6601.200000	-386.978821	73.720703
6601.266667	-387.043915	73.730537
6601.333333	-387.054138	73.653427
6601.400000	-387.122467	73.615692
6601.466667	-387.103912	73.567635
6601.533333	-387.199432	73.621353
6601.600000	-387.211426	73.594582
6601.666667	-387.267792	73.592934
6601.733333	-387.311829	73.563721
6601.800000	-387.314728	73.544945
6601.866667	-387.359955	73.570473
6601.933333	-387.446777	73.529236
6602.000000	-387.486633	73.546616
6602.066667	-387.552612	73.551414
6602.133333	-387.588196	73.599930
6602.200000	-387.601898	73.579872
6602.266667	-387.689209	73.702774
6602.333333	-387.738647	73.629158
6602.400000	-387.760376	73.718018
6602.466667	-387.775970	73.685875
6602.533333	-387.854980	73.679016
6602.600000	-387.896301	73.679169
6602.666667	-387.940552	73.711922
6602.733333	-387.960358	73.722916
6602.800000	-388.003815	73.708557
6602.866667	-388.022552	73.681709
6602.933333	-388.103119	73.679138
6603.000000	-388.129639	73.614265
6603.066667	-388.188843	73.563484
6603.133333	-388.244873	73.587906
6603.200000	-388.260101	73.553612
6603.266667	-388.283020	73.486160
6603.333333	-388.342285	73.480614
6603.400000	-388.389832	73.492088
6603.466667	-388.437775	73.434311
6603.533333	-388.480255	73.415146
6603.600000	-388.514313	73.426315
6603.666667	-388.550079	73.444221
6603.733333	-388.574524	73.451859
6603.800000	-388.599762	73.402008
6603.866667	-388.652985	73.385361
6603.933333	-388.706848	73.418190
6604.000000	-388.768250	73.475967
6604.066667	-388.801361	73.425667
6604.133333	-388.849731	73.435890
6604.200000	-388.903931	73.468407
6604.266667	-388.933044	73.419189
6604.333333	-388.946259	73.439240
6604.400000	-389.019073	73.459343
6604.466667	-389.061951	73.456352
6604.533333	-389.129791	73.423637
6604.600000	-389.182800	73.488510
6604.666667	-389.239227	73.552803
6604.733333	-389.279785	73.509499
6604.800000	-389.302277	73.530006
6604.866667	-389.343262	73.547424
6604.933333	-389.339630	73.524940
6605.000000	-389.412628	73.520737
6605.066667	-389.468323	73.467842
6605.133333	-389.521301	73.471771
6605.200000	-389.553406	73.485184
6605.266667	-389.570648	73.457451
6605.333333	-389.647766	73.473686
6605.400000	-389.699097	73.421219
6605.466667	-389.739502	73.367126
6605.533333	-389.764465	73.388168
6605.600000	-389.795685	73.286247
6605.666667	-389.816528	73.263741
6605.733333	-389.831024	73.215912
6605.800000	-389.892914	73.275558
6605.866667	-389.962219	73.243454
6605.933333	-389.958862	73.237823
6606.000000	-390.024597	73.250259
6606.066667	-390.026184	73.202492
6606.133333	-390.059357	73.217010
6606.200000	-390.133911	73.207336
6606.266667	-390.210358	73.282387
6606.333333	-390.241699	73.188072
6606.400000	-390.294342	73.256577
6606.466667	-390.359619	73.202721
6606.533333	-390.420166	73.218987
6606.600000	-390.461304	73.274673
6606.666667	-390.526703	73.268806
6606.733333	-390.603668	73.291939
6606.800000	-390.589233	73.352295
6606.866667	-390.628113	73.317245
6606.933333	-390.667267	73.317924
6607.000000	-390.703003	73.294182
6607.066667	-390.734589	73.275726
6607.133333	-390.782928	73.292740
6607.200000	-390.813782	73.320496
6607.266667	-390.851166	73.262314
6607.333333	-390.897339	73.235725
6607.400000	-390.982697	73.174065
6607.466667	-391.031067	73.208755
6607.533333	-391.071228	73.136192
6607.600000	-391.105591	73.173302
6607.666667	-391.157196	73.117722
6607.733333	-391.154968	73.117874
6607.800000	-391.170807	73.074112
6607.866667	-391.186523	73.072945
6607.933333	-391.241089	73.038689
6608.000000	-391.248169	73.044876
6608.066667	-391.331635	73.070549
6608.133333	-391.367706	73.056763
6608.200000	-391.488373	73.124336
6608.266667	-391.537628	73.090385
6608.333333	-391.556305	73.144119
6608.400000	-391.553436	73.201813
6608.466667	-391.655823	73.118103
6608.533333	-391.697144	73.112816
6608.600000	-391.780121	73.160088
6608.666667	-391.801514	73.159454
6608.733333	-391.867859	73.138763
6608.800000	-391.857483	73.097786
6608.866667	-391.906738	73.138947
6608.933333	-391.970734	73.179176
6609.000000	-392.051849	73.203789
6609.066667	-392.088928	73.204758
6609.133333	-392.129272	73.160950
6609.200000	-392.216003	73.108864
6609.266667	-392.234924	73.104820
6609.333333	-392.302490	73.062416
6609.400000	-392.298798	73.039040
6609.466667	-392.339325	73.022926
6609.533333	-392.356262	72.969139
6609.600000	-392.400513	72.976196
6609.666667	-392.430328	73.001648
6609.733333	-392.460052	72.962807
6609.800000	-392.494110	72.944458
6609.866667	-392.523254	72.894333
6609.933333	-392.544250	72.907013
6610.000000	-392.598969	72.901451
6610.066667	-392.644409	72.877419
6610.133333	-392.685516	72.897812
6610.200000	-392.724731	72.908524
6610.266667	-392.778870	72.911377
6610.333333	-392.812622	72.904144
6610.400000	-392.848145	72.897476
6610.466667	-392.875214	72.894524
6610.533333	-392.930542	72.880753
6610.600000	-392.997192	72.899666
6610.666667	-393.041138	72.854012
6610.733333	-393.086639	72.885414
6610.800000	-393.142120	72.836151
6610.866667	-393.183258	72.861832
6610.933333	-393.218079	72.824272
6611.000000	-393.255615	72.903313
6611.066667	-393.306824	72.876915
6611.133333	-393.373230	72.864464
6611.200000	-393.390686	72.857506
6611.266667	-393.440460	72.833214
6611.333333	-393.509827	72.863777
6611.400000	-393.553986	72.839203
6611.466667	-393.602509	72.829964
6611.533333	-393.622070	72.796066
6611.600000	-393.707458	72.873955
6611.666667	-393.718353	72.820549
6611.733333	-393.749786	72.856781
6611.800000	-393.811523	72.854805
6611.866667	-393.847809	72.844254
6611.933333	-393.893402	72.810753
6612.000000	-393.924225	72.782356
6612.066667	-393.986206	72.756683
6612.133333	-394.017700	72.734642
6612.200000	-394.098358	72.786957
6612.266667	-394.143005	72.727074
6612.333333	-394.174835	72.742645
6612.400000	-394.203583	72.753685
6612.466667	-394.253479	72.758339
6612.533333	-394.312958	72.732872
6612.600000	-394.326782	72.801025
6612.666667	-394.364075	72.747513
6612.733333	-394.428986	72.786484
6612.800000	-394.449921	72.815216
6612.866667	-394.464874	72.769257
6612.933333	-394.518982	72.806488
6613.000000	-394.590149	72.795044
6613.066667	-394.675476	72.828827
6613.133333	-394.765411	72.848366
6613.200000	-394.781647	72.830406
6613.266667	-394.854584	72.877686
6613.333333	-394.898529	72.858955
6613.400000	-394.922089	72.834465
6613.466667	-394.947388	72.816429
6613.533333	-394.993805	72.822014
6613.600000	-395.034302	72.783951
6613.666667	-395.057281	72.771553
6613.733333	-395.081268	72.752800
6613.800000	-395.117889	72.693466
6613.866667	-395.184143	72.685860
6613.933333	-395.200134	72.633850
6614.000000	-395.293213	72.690681
6614.066667	-395.383942	72.606461
6614.133333	-395.419769	72.633141
6614.200000	-395.422913	72.497826
6614.266667	-395.501770	72.578056
6614.333333	-395.546692	72.534439
6614.400000	-395.577454	72.540581
6614.466667	-395.620422	72.511307
6614.533333	-395.706085	72.492134
6614.600000	-395.748322	72.454941
6614.666667	-395.769531	72.482574
6614.733333	-395.802704	72.487686
6614.800000	-395.863007	72.580849
6614.866667	-395.919159	72.570251
6614.933333	-395.993195	72.602615
6615.000000	-396.043457	72.655716
6615.066667	-396.054596	72.653236
6615.133333	-396.097687	72.646255
6615.200000	-396.110779	72.646461
6615.266667	-396.190002	72.690079
6615.333333	-396.210693	72.648155
6615.400000	-396.277313	72.730713
6615.466667	-396.295837	72.737701
6615.533333	-396.388519	72.708435
6615.600000	-396.405334	72.732323
6615.666667	-396.450104	72.706680
6615.733333	-396.477844	72.700676
6615.800000	-396.495514	72.664650
6615.866667	-396.509338	72.581505
6615.933333	-396.570862	72.593025
6616.000000	-396.621521	72.559532
6616.066667	-396.649414	72.502144
6616.133333	-396.690887	72.411957
6616.200000	-396.743439	72.431320
6616.266667	-396.795502	72.398438
6616.333333	-396.857025	72.407883
6616.400000	-396.925751	72.385254
6616.466667	-396.925751	72.385254
6616.533333	-396.951721	72.361359
6616.600000	-397.046692	72.370094
6616.666667	-397.113647	72.403488
6616.733333	-397.152588	72.406563
6616.800000	-397.228577	72.440056
6616.866667	-397.228577	72.440056
6616.933333	-397.255096	72.363045
6617.000000	-397.299164	72.405678
6617.066667	-397.344330	72.416237
6617.133333	-397.404572	72.406250
6617.200000	-397.534485	72.457169
6617.266667	-397.534485	72.457169
6617.333333	-397.577515	72.479843
6617.400000	-397.626282	72.460403
6617.466667	-397.693848	72.451782
6617.533333	-397.743256	72.444984
6617.600000	-397.807861	72.494926
6617.666667	-397.854889	72.482101
6617.733333	-397.854889	72.482101
6617.800000	-397.873444	72.433968
6617.866667	-397.912994	72.489326
6617.933333	-397.963776	72.461105
6618.000000	-398.041321	72.323929
6618.066667	-398.080780	72.311836
6618.133333	-398.080780	72.311836
6618.200000	-398.149536	72.336311
6618.266667	-398.179199	72.243401
6618.333333	-398.242584	72.259232
6618.400000	-398.324432	72.293022
6618.466667	-398.308868	72.208908
6618.533333	-398.308868	72.208908
6618.600000	-398.343994	72.153412
6618.666667	-398.378387	72.310707
6618.733333	-398.462860	72.241661
6618.800000	-398.541260	72.305855
6618.866667	-398.550507	72.251190
6618.933333	-398.584564	72.212143
6619.000000	-398.584564	72.212143
6619.066667	-398.654755	72.262894
6619.133333	-398.701050	72.269936
6619.200000	-398.846344	72.352150
6619.266667	-398.920105	72.339005
6619.333333	-398.940704	72.360504
6619.400000	-398.940704	72.360504
6619.466667	-398.963013	72.306351
6619.533333	-398.983917	72.276299
6619.600000	-399.168091	72.278122
6619.666667	-399.181763	72.252838
6619.733333	-399.202545	72.198944
6619.800000	-399.202545	72.198944
6619.866667	-399.262177	72.268646
6619.933333	-399.286621	72.279343
6620.000000	-399.429596	72.303078
6620.066667	-399.472015	72.212440
6620.133333	-399.479675	72.239906
6620.200000	-399.479675	72.239906
6620.266667	-399.507019	72.159622
6620.333333	-399.575500	72.153023
6620.400000	-399.644501	72.102516
6620.466667	-399.666382	72.081635
6620.533333	-399.646393	72.060120
6620.600000	-399.712341	72.032288
6620.666667	-399.712341	72.032288
6620.733333	-399.767792	72.060036
6620.800000	-399.828644	71.985825
6620.866667	-399.896454	71.989853
6620.933333	-399.916656	71.990990
6621.000000	-399.995972	71.947807
6621.066667	-399.995972	71.947807
6621.133333	-400.051605	71.964539
6621.200000	-400.131622	71.982246
6621.266667	-400.177765	71.970024
6621.333333	-400.205597	72.058060
6621.400000	-400.236084	72.004227
6621.466667	-400.236084	72.004227
6621.533333	-400.304565	72.081589
6621.600000	-400.396301	72.163055
6621.666667	-400.438751	72.129593
6621.733333	-400.462036	72.097046
6621.800000	-400.552795	72.161560
6621.866667	-400.554779	72.048111
6621.933333	-400.554779	72.048111
6622.000000	-400.614105	72.036583
6622.066667	-400.727356	72.008362
6622.133333	-400.740875	71.951271
6622.200000	-400.776764	71.932770
6622.266667	-400.791687	71.926636
6622.333333	-400.791687	71.926636
6622.400000	-400.857788	71.999924
6622.466667	-400.907013	72.010483
6622.533333	-400.941864	72.004051
6622.600000	-400.979553	71.992035
6622.666667	-401.022949	71.973297
6622.733333	-401.022949	71.973297
6622.800000	-401.177887	71.985115
6622.866667	-401.219330	71.952499
6622.933333	-401.228485	71.858093
6623.000000	-401.252228	71.845734
6623.066667	-401.302185	71.781624
6623.133333	-401.302185	71.781624
6623.200000	-401.398621	71.776596
6623.266667	-401.445251	71.864807
6623.333333	-401.493835	71.876472
6623.400000	-401.566467	71.913582
6623.466667	-401.557556	71.866577
6623.533333	-401.612366	71.909195
6623.600000	-401.636749	71.869476
6623.666667	-401.721558	71.917351
6623.733333	-401.775299	71.972733
6623.800000	-401.797821	71.942215
6623.866667	-401.833740	71.961334
6623.933333	-401.867676	71.937943
6624.000000	-401.936127	71.906654
6624.066667	-401.947571	71.901543
6624.133333	-402.034760	71.844818
6624.200000	-402.063599	71.840683
6624.266667	-402.086914	71.822739
6624.333333	-402.123413	71.771759
6624.400000	-402.154327	71.721825
6624.466667	-402.164459	71.715019
6624.533333	-402.158600	71.715637
6624.600000	-402.246063	71.707924
6624.666667	-402.290222	71.666023
6624.733333	-402.321442	71.660576
6624.800000	-402.383148	71.626099
6624.866667	-402.420685	71.569824
6624.933333	-402.455231	71.601776
6625.000000	-402.473114	71.551437
6625.066667	-402.539154	71.527443
6625.133333	-402.605927	71.631523
6625.200000	-402.623871	71.603188
6625.266667	-402.675018	71.622208
6625.333333	-402.725098	71.577866
6625.400000	-402.741211	71.617424
6625.466667	-402.813141	71.653053
6625.533333	-402.816864	71.637718
6625.600000	-402.846954	71.681694
6625.666667	-402.904877	71.737350
6625.733333	-402.953400	71.707268
6625.800000	-402.994537	71.689285
6625.866667	-403.072906	71.702278
6625.933333	-403.071228	71.702995
6626.000000	-403.174774	71.735771
6626.066667	-403.205933	71.713371
6626.133333	-403.269257	71.710403
6626.200000	-403.270203	71.733093
6626.266667	-403.315216	71.755348
6626.333333	-403.364227	71.718536
6626.400000	-403.391205	71.699814
6626.466667	-403.416656	71.630928
6626.533333	-403.441925	71.604408
6626.600000	-403.494629	71.615395
6626.666667	-403.528381	71.577644
6626.733333	-403.581482	71.545906
6626.800000	-403.652191	71.531265
6626.866667	-403.723663	71.600700
6626.933333	-403.705048	71.508209
6627.000000	-403.770966	71.523888
6627.066667	-403.817230	71.525017
6627.133333	-403.856262	71.517868
6627.200000	-403.904388	71.538033
6627.266667	-403.902344	71.493988
6627.333333	-403.947479	71.505150
6627.400000	-403.946198	71.456512
6627.466667	-403.994507	71.475227
6627.533333	-404.053558	71.482735
6627.600000	-404.089478	71.567558
6627.666667	-404.149506	71.597519
6627.733333	-404.194000	71.617577
6627.800000	-404.244171	71.670616
6627.866667	-404.296661	71.679138
6627.933333	-404.356750	71.696823
6628.000000	-404.406372	71.680664
6628.066667	-404.442383	71.631157
6628.133333	-404.490051	71.672157
6628.200000	-404.490814	71.654274
6628.266667	-404.501740	71.652603
6628.333333	-404.527008	71.603783
6628.400000	-404.556854	71.553398
6628.466667	-404.592194	71.618744
6628.533333	-404.631042	71.575188
6628.600000	-404.663605	71.599449
6628.666667	-404.675964	71.586021
6628.733333	-404.704010	71.561577
6628.800000	-404.772522	71.585922
6628.866667	-404.794556	71.525085
6628.933333	-404.811127	71.464439
6629.000000	-404.833649	71.440796
6629.066667	-404.865265	71.349274
6629.133333	-404.942139	71.375854
6629.200000	-404.965912	71.349495
6629.266667	-405.016785	71.419258
6629.333333	-405.078125	71.389786
6629.400000	-405.101624	71.397446
6629.466667	-405.180817	71.423622
6629.533333	-405.225616	71.429756
6629.600000	-405.245728	71.460876
6629.666667	-405.274109	71.468056
6629.733333	-405.340515	71.472862
6629.800000	-405.358795	71.502754
6629.866667	-405.410522	71.479012
6629.933333	-405.439606	71.493431
6630.000000	-405.470856	71.453125
6630.066667	-405.523895	71.500534
6630.133333	-405.592682	71.475883
6630.200000	-405.601807	71.481560
6630.266667	-405.658264	71.491577
6630.333333	-405.675995	71.512650
6630.400000	-405.714630	71.460587
6630.466667	-405.731079	71.455605
6630.533333	-405.757538	71.451736
6630.600000	-405.826508	71.444351
6630.666667	-405.843201	71.402588
6630.733333	-405.916168	71.389748
6630.800000	-405.942688	71.404137
6630.866667	-405.980438	71.377312
6630.933333	-406.011963	71.349403
6631.000000	-406.031342	71.372147
6631.066667	-406.072418	71.334129
6631.133333	-406.095612	71.289276
6631.200000	-406.110229	71.265373
6631.266667	-406.175201	71.333534
6631.333333	-406.205688	71.334061
6631.400000	-406.241577	71.298973
6631.466667	-406.288116	71.326904
6631.533333	-406.334961	71.340622
6631.600000	-406.349518	71.329231
6631.666667	-406.399475	71.315315
6631.733333	-406.414917	71.305489
6631.800000	-406.441437	71.328224
6631.866667	-406.483551	71.298889
6631.933333	-406.524353	71.309265
6632.000000	-406.554535	71.348602
6632.066667	-406.625916	71.377670
6632.133333	-406.688568	71.380196
6632.200000	-406.768555	71.398003
6632.266667	-406.776550	71.358635
6632.333333	-406.803650	71.311615
6632.400000	-406.827606	71.350563
6632.466667	-406.869232	71.358826
6632.533333	-406.912872	71.315506
6632.600000	-406.935211	71.334267
6632.666667	-406.970917	71.308372
6632.733333	-406.985687	71.291145
6632.800000	-407.002167	71.312073
6632.866667	-407.014160	71.254837
6632.933333	-407.064880	71.231850
6633.000000	-407.108459	71.134903
6633.066667	-407.133636	71.130386
6633.133333	-407.175079	71.124886
6633.200000	-407.221405	71.073250
6633.266667	-407.264862	71.102562
6633.333333	-407.305084	71.083969
6633.400000	-407.351837	71.086182
6633.466667	-407.385193	71.141647
6633.533333	-407.381683	71.116104
6633.600000	-407.448120	71.114944
6633.666667	-407.439728	71.101784
6633.733333	-407.459381	71.074142
6633.800000	-407.520721	71.106392
6633.866667	-407.544983	71.165283
6633.933333	-407.633728	71.224892
6634.000000	-407.674164	71.192787
6634.066667	-407.700745	71.232719
6634.133333	-407.728271	71.223610
6634.200000	-407.772125	71.175293
6634.266667	-407.816956	71.225342
6634.333333	-407.864899	71.255447
6634.400000	-407.874237	71.217506
6634.466667	-407.926697	71.227524
6634.533333	-407.957306	71.268585
6634.600000	-408.033112	71.219910
6634.666667	-408.011566	71.204865
6634.733333	-408.044189	71.165215
6634.800000	-408.082245	71.240875
6634.866667	-408.083771	71.153343
6634.933333	-408.134125	71.180984
6635.000000	-408.188446	71.172508
6635.066667	-408.196045	71.165405
6635.133333	-408.212372	71.097221
6635.200000	-408.233459	71.093033
6635.266667	-408.327026	71.085800
6635.333333	-408.354523	71.137085
6635.400000	-408.364014	71.071281
6635.466667	-408.406494	71.048065
6635.533333	-408.426422	71.035057
6635.600000	-408.473328	71.030243
6635.666667	-408.521149	71.045082
6635.733333	-408.546448	71.070671
6635.800000	-408.598328	71.010986
6635.866667	-408.663269	71.044731
6635.933333	-408.680328	70.979034
6636.000000	-408.723541	71.012680
6636.066667	-408.793579	71.096397
6636.133333	-408.839539	71.096283
6636.200000	-408.860840	71.073395
6636.266667	-408.918152	71.084373
6636.333333	-408.907776	71.048759
6636.400000	-408.935547	71.110023
6636.466667	-408.943237	71.066010
6636.533333	-408.987396	71.033951
6636.600000	-408.985657	71.060524
6636.666667	-409.071625	71.075760
6636.733333	-409.113708	71.093803
6636.800000	-409.146179	71.072906
6636.866667	-409.204590	71.143585
6636.933333	-409.221436	71.087051
6637.000000	-409.249664	71.059021
6637.066667	-409.280975	71.079887
6637.133333	-409.296417	71.019035
6637.200000	-409.329193	71.006493
6637.266667	-409.364410	70.971642
6637.333333	-409.407623	70.987465
6637.400000	-409.411133	70.948380
6637.466667	-409.459564	70.877541
6637.533333	-409.468079	70.821541
6637.600000	-409.513458	70.824257
6637.666667	-409.562317	70.807335
6637.733333	-409.626038	70.811501
6637.800000	-409.674408	70.830200
6637.866667	-409.723572	70.805038
6637.933333	-409.772308	70.818680
6638.000000	-409.796173	70.820564
6638.066667	-409.809296	70.820587
6638.133333	-409.864227	70.799942
6638.200000	-409.941254	70.826988
6638.266667	-409.953247	70.884819
6638.333333	-410.002106	70.825027
6638.400000	-410.064697	70.912361
6638.466667	-410.067291	70.895538
6638.533333	-410.118561	70.963951
6638.600000	-410.150696	70.901596
6638.666667	-410.157288	70.921799
6638.733333	-410.195587	70.914001
6638.800000	-410.185303	70.904716
6638.866667	-410.227631	70.939514
6638.933333	-410.252533	70.906189
6639.000000	-410.313721	70.884132
6639.066667	-410.363037	70.896034
6639.133333	-410.381958	70.840515
6639.200000	-410.398590	70.827736
6639.266667	-410.422913	70.818474
6639.333333	-410.461426	70.823036
6639.400000	-410.455963	70.810905
6639.466667	-410.490845	70.766518
6639.533333	-410.531982	70.772652
6639.600000	-410.563263	70.802856
6639.666667	-410.601501	70.770065
6639.733333	-410.623566	70.742279
6639.800000	-410.680023	70.750526
6639.866667	-410.687622	70.722633
6639.933333	-410.718658	70.744164
6640.000000	-410.733124	70.739708
6640.066667	-410.760986	70.741760
6640.133333	-410.815033	70.725288
6640.200000	-410.866913	70.757835
6640.266667	-410.914307	70.787392
6640.333333	-410.950836	70.742149
6640.400000	-410.981415	70.773224
6640.466667	-411.046051	70.802208
6640.533333	-411.050629	70.797401
6640.600000	-411.083008	70.785240
6640.666667	-411.129578	70.792786
6640.733333	-411.139862	70.800629
6640.800000	-411.162079	70.791283
6640.866667	-411.219727	70.773987
6640.933333	-411.251617	70.813919
6641.000000	-411.293549	70.854378
6641.066667	-411.294220	70.757202
6641.133333	-411.317047	70.724609
6641.200000	-411.358063	70.736923
6641.266667	-411.391998	70.753937
6641.333333	-411.420654	70.698105
6641.400000	-411.435669	70.650566
6641.466667	-411.473602	70.647385
6641.533333	-411.535431	70.616280
6641.600000	-411.581604	70.610214
6641.666667	-411.583649	70.519554
6641.733333	-411.643158	70.572075
6641.800000	-411.674011	70.495331
6641.866667	-411.681274	70.455002
6641.933333	-411.733215	70.516800
6642.000000	-411.756592	70.467918
6642.066667	-411.784363	70.487785
6642.133333	-411.785065	70.483421
6642.200000	-411.828888	70.516182
6642.266667	-411.797943	70.469475
6642.333333	-411.889923	70.482552
6642.400000	-411.887451	70.452629
6642.466667	-411.935211	70.481308
6642.533333	-411.989197	70.498024
6642.600000	-412.041748	70.507339
6642.666667	-412.059906	70.496651
6642.733333	-412.121918	70.508705
6642.800000	-412.169800	70.552711
6642.866667	-412.228058	70.588661
6642.933333	-412.243805	70.608650
6643.000000	-412.266113	70.558434
6643.066667	-412.311646	70.584213
6643.133333	-412.319580	70.573151
6643.200000	-412.326660	70.551590
6643.266667	-412.408600	70.542404
6643.333333	-412.428833	70.560616
6643.400000	-412.396393	70.548668
6643.466667	-412.430756	70.491295
6643.533333	-412.462433	70.479942
6643.600000	-412.507843	70.442375
6643.666667	-412.552155	70.461258
6643.733333	-412.601807	70.411530
6643.800000	-412.633789	70.459404
6643.866667	-412.678711	70.424644
6643.933333	-412.662323	70.404800
6644.000000	-412.688477	70.369492
6644.066667	-412.738861	70.398895
6644.133333	-412.743622	70.413445
6644.200000	-412.753998	70.383072
6644.266667	-412.798615	70.390770
6644.333333	-412.839600	70.432434
6644.400000	-412.885101	70.364616
6644.466667	-412.873535	70.384514
6644.533333	-412.925385	70.426140
6644.600000	-412.981171	70.389412
6644.666667	-413.007294	70.449448
6644.733333	-413.018738	70.398506
6644.800000	-413.066620	70.425232
6644.866667	-413.056183	70.394043
6644.933333	-413.133087	70.449829
6645.000000	-413.128326	70.424484
6645.066667	-413.209869	70.452148
6645.133333	-413.223969	70.445869
6645.200000	-413.255341	70.477409
6645.266667	-413.266266	70.476357
6645.333333	-413.279572	70.438065
6645.400000	-413.287994	70.373665
6645.466667	-413.331360	70.403694
6645.533333	-413.369629	70.475685
6645.600000	-413.392151	70.426414
6645.666667	-413.423767	70.391754
6645.733333	-413.413361	70.399658
6645.800000	-413.488220	70.280800
6645.866667	-413.530731	70.296280
6645.933333	-413.540344	70.319153
6646.000000	-413.605865	70.331841
6646.066667	-413.616821	70.338783
6646.133333	-413.632111	70.302422
6646.200000	-413.658783	70.347046
6646.266667	-413.651093	70.321953
6646.333333	-413.673584	70.325661
6646.400000	-413.686432	70.296143
6646.466667	-413.708801	70.293312
6646.533333	-413.756317	70.271797
6646.600000	-413.775574	70.303978
6646.666667	-413.810364	70.255608
6646.733333	-413.834534	70.240173
6646.800000	-413.889282	70.262817
6646.866667	-413.935974	70.313057
6646.933333	-413.965820	70.271530
6647.000000	-414.009369	70.285530
6647.066667	-414.050110	70.279411
6647.133333	-414.061676	70.317368
6647.200000	-414.076355	70.299438
6647.266667	-414.090912	70.324516
6647.333333	-414.116974	70.353920
6647.400000	-414.170990	70.360855
6647.466667	-414.161438	70.368080
6647.533333	-414.196899	70.340927
6647.600000	-414.186157	70.343285
6647.666667	-414.198578	70.283600
6647.733333	-414.266357	70.282516
6647.800000	-414.280334	70.220261
6647.866667	-414.295593	70.246330
6647.933333	-414.329742	70.189934
6648.000000	-414.346893	70.219521
6648.066667	-414.375793	70.160973
6648.133333	-414.384613	70.147636
6648.200000	-414.403015	70.144562
6648.266667	-414.415222	70.105591
6648.333333	-414.481232	70.121155
6648.400000	-414.488251	70.090340
6648.466667	-414.534088	70.077583
6648.533333	-414.561188	70.123581
6648.600000	-414.592743	70.072899
6648.666667	-414.608368	70.139633
6648.733333	-414.657349	70.089767
6648.800000	-414.660095	70.154984
6648.866667	-414.704163	70.185036
6648.933333	-414.754578	70.239555
6649.000000	-414.781525	70.220512
6649.066667	-414.838257	70.258842
6649.133333	-414.861115	70.354881
6649.200000	-414.900177	70.291710
6649.266667	-414.885162	70.278519
6649.333333	-414.964813	70.270836
6649.400000	-414.987854	70.313843
6649.466667	-414.969055	70.304459
6649.533333	-415.039917	70.303192
6649.600000	-415.045807	70.239784
6649.666667	-415.048431	70.245964
6649.733333	-415.071014	70.227211
6649.800000	-415.072906	70.239090
6649.866667	-415.101288	70.149055
6649.933333	-415.134644	70.159904
6650.000000	-415.128448	70.143250
6650.066667	-415.166046	70.138344
6650.133333	-415.177643	70.125366
6650.200000	-415.215027	70.221771
6650.266667	-415.254700	70.168518
6650.333333	-415.260376	70.156578
6650.400000	-415.261475	70.141190
6650.466667	-415.326904	70.143150
6650.533333	-415.334625	70.105705
6650.600000	-415.368927	70.122032
6650.666667	-415.393341	70.135323
6650.733333	-415.405609	70.081436
6650.800000	-415.429565	70.161758
6650.866667	-415.457581	70.141434
6650.933333	-415.483154	70.207558
6651.000000	-415.514984	70.232132
6651.066667	-415.537384	70.206062
6651.133333	-415.545502	70.201660
6651.200000	-415.531311	70.223724
6651.266667	-415.565216	70.182693
6651.333333	-415.582886	70.182137
6651.400000	-415.606720	70.190819
6651.466667	-415.653259	70.194939
6651.533333	-415.699371	70.214233
6651.600000	-415.738525	70.182281
6651.666667	-415.738525	70.182281
6651.733333	-415.751129	70.154648
6651.800000	-415.809814	70.156693
6651.866667	-415.833069	70.129677
6651.933333	-415.869507	70.127556
6652.000000	-415.891022	70.083954
6652.066667	-415.891022	70.083954
6652.133333	-415.876038	70.064941
6652.200000	-415.898651	70.067169
6652.266667	-415.899231	70.011314
6652.333333	-415.921570	69.958420
6652.400000	-415.967407	69.968895
6652.466667	-415.967407	69.968895
6652.533333	-415.977661	70.015678
6652.600000	-416.022614	69.934425
6652.666667	-416.032990	69.983917
6652.733333	-416.046997	69.973534
6652.800000	-416.093903	70.024986
6652.866667	-416.116943	70.024658
6652.933333	-416.116943	70.024658
6653.000000	-416.179504	70.070763
6653.066667	-416.168945	70.047493
6653.133333	-416.221222	70.079750
6653.200000	-416.298157	70.143036
6653.266667	-416.239227	70.108780
6653.333333	-416.239227	70.108780
6653.400000	-416.250214	70.114449
6653.466667	-416.259460	70.090981
6653.533333	-416.319946	70.051033
6653.600000	-416.352509	70.074181
6653.666667	-416.382172	70.090851
6653.733333	-416.382172	70.090851
6653.800000	-416.406738	70.131996
6653.866667	-416.409607	70.088531
6653.933333	-416.451233	70.112579
6654.000000	-416.448273	70.078728
6654.066667	-416.482208	70.063225
6654.133333	-416.495605	70.033798
6654.200000	-416.495605	70.033798
6654.266667	-416.523163	70.014900
6654.333333	-416.539520	70.005646
6654.400000	-416.570709	69.919067
6654.466667	-416.615540	69.928696
6654.533333	-416.648438	69.883904
6654.600000	-416.648438	69.883904
6654.666667	-416.658844	69.936462
6654.733333	-416.656342	69.890556
6654.800000	-416.662231	69.892456
6654.866667	-416.655914	69.937393
6654.933333	-416.700317	69.921326
6655.000000	-416.700317	69.921326
6655.066667	-416.698120	69.977158
6655.133333	-416.734467	69.999016
6655.200000	-416.756317	70.045403
6655.266667	-416.763458	69.966858
6655.333333	-416.829926	69.987503
6655.400000	-416.829926	69.987503
6655.466667	-416.829834	69.972443
6655.533333	-416.863983	69.990593
6655.600000	-416.945374	70.043396
6655.666667	-416.934296	70.027611
6655.733333	-416.988708	70.026230
6655.800000	-416.984924	70.047363
6655.866667	-416.984924	70.047363
6655.933333	-417.006073	70.034630
6656.000000	-417.048004	69.970764
6656.066667	-417.041992	69.965614
6656.133333	-417.087189	69.870491
6656.200000	-417.065735	69.863640
6656.266667	-417.065735	69.863640
6656.333333	-417.052887	69.834145
6656.400000	-417.093811	69.798973
6656.466667	-417.096741	69.788162
6656.533333	-417.128723	69.765198
6656.600000	-417.143188	69.732384
6656.666667	-417.143188	69.732384
6656.733333	-417.152435	69.739487
6656.800000	-417.160797	69.767220
6656.866667	-417.191986	69.796005
6656.933333	-417.201965	69.802635
6657.000000	-417.213715	69.791771
6657.066667	-417.239288	69.839035
6657.133333	-417.239288	69.839035
6657.200000	-417.261353	69.875603
6657.266667	-417.290314	69.876823
6657.333333	-417.305328	69.931763
6657.400000	-417.274872	69.921829
6657.466667	-417.326416	69.980804
6657.533333	-417.326416	69.980804
6657.600000	-417.332184	69.926414
6657.666667	-417.391541	70.001625
6657.733333	-417.402954	70.038727
6657.800000	-417.396637	70.020599
6657.866667	-417.441711	70.033905
6657.933333	-417.441711	70.033905
6658.000000	-417.483124	69.966949
6658.066667	-417.488007	69.918808
6658.133333	-417.506165	69.933556
6658.200000	-417.514191	69.905968
6658.266667	-417.559784	69.849945
6658.333333	-417.537811	69.837593
6658.400000	-417.592804	69.912682
6658.466667	-417.583496	69.823990
6658.533333	-417.621674	69.836586
6658.600000	-417.623047	69.808167
6658.666667	-417.627686	69.793243
6658.733333	-417.625214	69.791229
6658.800000	-417.666962	69.804390
6658.866667	-417.659698	69.779228
6658.933333	-417.688721	69.778435
6659.000000	-417.693420	69.833305
6659.066667	-417.729462	69.863625
6659.133333	-417.727966	69.805229
6659.200000	-417.727966	69.805229
6659.266667	-417.748047	69.803001
6659.333333	-417.754517	69.794907
6659.400000	-417.777832	69.837311
6659.466667	-417.789429	69.835503
6659.533333	-417.780609	69.806694
6659.600000	-417.820404	69.843170
6659.666667	-417.826172	69.863335
6659.733333	-417.861786	69.917809
6659.800000	-417.863525	69.902176
6659.866667	-417.857269	69.892761
6659.933333	-417.891296	69.886925
6660.000000	-417.891296	69.886925
