10500.066667	-410.670105	70.550087
10500.133333	-410.659271	70.497002
10500.200000	-410.662903	70.506027
10500.266667	-410.633820	70.500389
10500.333333	-410.612701	70.512039
10500.400000	-410.531372	70.543854
10500.466667	-410.511200	70.545212
10500.533333	-410.500793	70.590599
10500.600000	-410.471100	70.602676
10500.666667	-410.439789	70.560982
10500.733333	-410.413300	70.590988
10500.800000	-410.374847	70.589172
10500.866667	-410.301727	70.665184
10500.933333	-410.332031	70.603645
10501.000000	-410.238861	70.589447
10501.066667	-410.226990	70.623657
10501.133333	-410.226349	70.624054
10501.200000	-410.165497	70.582870
10501.266667	-410.101410	70.653847
10501.333333	-410.123352	70.610062
10501.400000	-410.083466	70.577225
10501.466667	-410.057068	70.616920
10501.533333	-410.005371	70.629524
10501.600000	-410.013153	70.543617
10501.666667	-409.916046	70.621506
10501.733333	-409.917084	70.637093
10501.800000	-409.852783	70.608093
10501.866667	-409.816254	70.601814
10501.933333	-409.770752	70.617500
10502.000000	-409.726837	70.610443
10502.066667	-409.718018	70.596146
10502.133333	-409.672974	70.592392
10502.200000	-409.647461	70.630287
10502.266667	-409.630096	70.647652
10502.333333	-409.605286	70.667496
10502.400000	-409.601501	70.637260
10502.466667	-409.578156	70.615158
10502.533333	-409.549652	70.616814
10502.600000	-409.437927	70.695602
10502.666667	-409.464874	70.684349
10502.733333	-409.379822	70.697266
10502.800000	-409.385773	70.739601
10502.866667	-409.334473	70.737976
10502.933333	-409.346832	70.720764
10503.000000	-409.240295	70.753716
10503.066667	-409.237396	70.760674
10503.133333	-409.262695	70.711975
10503.200000	-409.132721	70.789986
10503.266667	-409.103455	70.757576
10503.333333	-409.139557	70.727432
10503.400000	-409.108459	70.735336
10503.466667	-409.020325	70.753410
10503.533333	-409.016418	70.763718
10503.600000	-408.953918	70.752464
10503.666667	-408.957977	70.721260
10503.733333	-408.908875	70.794983
10503.800000	-408.866913	70.800819
10503.866667	-408.814789	70.774109
10503.933333	-408.790070	70.783730
10504.000000	-408.693726	70.790131
10504.066667	-408.746582	70.723274
10504.133333	-408.687561	70.758438
10504.200000	-408.641052	70.765236
10504.266667	-408.632294	70.755928
10504.333333	-408.611908	70.765717
10504.400000	-408.579590	70.771675
10504.466667	-408.477051	70.791382
10504.533333	-408.527496	70.779121
10504.600000	-408.449066	70.810188
10504.666667	-408.417419	70.794983
10504.733333	-408.469055	70.811180
10504.800000	-408.407501	70.817459
10504.866667	-408.337189	70.840065
10504.933333	-408.317200	70.852341
10505.000000	-408.276917	70.850113
10505.066667	-408.192444	70.897163
10505.133333	-408.186493	70.916664
10505.200000	-408.151642	70.881737
10505.266667	-408.122803	70.911133
10505.333333	-408.125275	70.865616
10505.400000	-408.112549	70.855255
10505.466667	-408.061066	70.866104
10505.533333	-408.033783	70.844131
10505.600000	-407.955353	70.913460
10505.666667	-407.952728	70.861122
10505.733333	-407.939606	70.867180
10505.800000	-407.846985	70.925484
10505.866667	-407.858337	70.859467
10505.933333	-407.785767	70.907776
10506.000000	-407.779602	70.853310
10506.066667	-407.779602	70.843758
10506.133333	-407.665680	70.919289
10506.200000	-407.626404	70.900963
10506.266667	-407.651184	70.859314
10506.333333	-407.533417	70.945518
10506.400000	-407.563629	70.932320
10506.466667	-407.489746	70.892654
10506.533333	-407.475708	70.933441
10506.600000	-407.459381	70.934250
10506.666667	-407.419678	70.930862
10506.733333	-407.443359	70.919655
10506.800000	-407.359375	70.941414
10506.866667	-407.287689	71.006836
10506.933333	-407.323822	70.985588
10507.000000	-407.208252	71.029686
10507.066667	-407.204712	71.008598
10507.133333	-407.153534	71.027176
10507.200000	-407.151917	71.031738
10507.266667	-407.090393	71.056427
10507.333333	-407.022339	71.099541
10507.400000	-407.028076	71.039894
10507.466667	-406.998749	71.092766
10507.533333	-406.915466	71.083870
10507.600000	-406.944824	71.063324
10507.666667	-406.876678	71.060661
10507.733333	-406.805603	71.116608
10507.800000	-406.817841	71.055565
10507.866667	-406.823761	71.019386
10507.933333	-406.785278	71.021408
10508.000000	-406.769958	71.034706
10508.066667	-406.724121	71.011055
10508.133333	-406.666687	71.028824
10508.200000	-406.613739	71.038338
10508.266667	-406.620728	71.029274
10508.333333	-406.541931	71.031296
10508.400000	-406.492615	71.074165
10508.466667	-406.469391	71.019188
10508.533333	-406.412659	71.109985
10508.600000	-406.395813	71.086601
10508.666667	-406.365692	71.073067
10508.733333	-406.421478	71.040627
10508.800000	-406.317993	71.079857
10508.866667	-406.267700	71.096504
10508.933333	-406.275208	71.087288
10509.000000	-406.276428	71.082619
10509.066667	-406.237518	71.132660
10509.133333	-406.175171	71.150429
10509.200000	-406.213898	71.091370
10509.266667	-406.152130	71.118851
10509.333333	-406.121979	71.152542
10509.400000	-406.078827	71.125137
10509.466667	-406.038818	71.143898
10509.533333	-405.966248	71.178291
10509.600000	-405.967529	71.160286
10509.666667	-405.885376	71.193047
10509.733333	-405.865204	71.189224
10509.800000	-405.867004	71.134079
10509.866667	-405.816803	71.156761
10509.933333	-405.803619	71.159088
10510.000000	-405.790710	71.113937
10510.066667	-405.775848	71.120071
10510.133333	-405.683533	71.137558
10510.200000	-405.655914	71.122551
10510.266667	-405.538788	71.179092
10510.333333	-405.637238	71.084938
10510.400000	-405.531189	71.149078
10510.466667	-405.487549	71.133972
10510.533333	-405.515472	71.098991
10510.600000	-405.483093	71.132622
10510.666667	-405.408539	71.108879
10510.733333	-405.407867	71.120255
10510.800000	-405.320892	71.168854
10510.866667	-405.335602	71.131439
10510.933333	-405.262146	71.170692
10511.000000	-405.319611	71.123772
10511.066667	-405.210297	71.197960
10511.133333	-405.222992	71.211357
10511.200000	-405.177948	71.206100
10511.266667	-405.091095	71.275177
10511.333333	-405.102295	71.282097
10511.400000	-405.072113	71.230186
10511.466667	-405.060822	71.253738
10511.533333	-404.980103	71.305283
10511.600000	-405.021210	71.267792
10511.666667	-404.926666	71.289833
10511.733333	-404.895203	71.294670
10511.800000	-404.882782	71.272102
10511.866667	-404.805573	71.350563
10511.933333	-404.781769	71.294388
10512.000000	-404.725128	71.322006
10512.066667	-404.743225	71.282707
10512.133333	-404.723724	71.244980
10512.200000	-404.584412	71.327728
10512.266667	-404.616272	71.279579
10512.333333	-404.614410	71.273994
10512.400000	-404.526337	71.309959
10512.466667	-404.547791	71.252182
10512.533333	-404.536560	71.288292
10512.600000	-404.450531	71.279587
10512.666667	-404.404083	71.304703
10512.733333	-404.371033	71.276443
10512.800000	-404.383728	71.270271
10512.866667	-404.330231	71.304779
10512.933333	-404.260925	71.267029
10513.000000	-404.258057	71.326508
10513.066667	-404.266266	71.301086
10513.133333	-404.215820	71.298630
10513.200000	-404.245697	71.298096
10513.266667	-404.177765	71.311684
10513.333333	-404.166687	71.363022
10513.400000	-404.060394	71.361496
10513.466667	-404.091156	71.366180
10513.533333	-404.026642	71.371498
10513.600000	-403.941711	71.402321
10513.666667	-403.958679	71.415154
10513.733333	-403.928009	71.426476
10513.800000	-403.871765	71.443016
10513.866667	-403.816193	71.442894
10513.933333	-403.770264	71.480301
10514.000000	-403.757355	71.436562
10514.066667	-403.793610	71.396912
10514.133333	-403.719513	71.448792
10514.200000	-403.664734	71.413033
10514.266667	-403.684906	71.373444
10514.333333	-403.663483	71.387199
10514.400000	-403.594757	71.401855
10514.466667	-403.540009	71.376060
10514.533333	-403.539398	71.396080
10514.600000	-403.478882	71.370247
10514.666667	-403.479614	71.346054
10514.733333	-403.416351	71.397758
10514.800000	-403.400818	71.383324
10514.866667	-403.314301	71.402542
10514.933333	-403.348328	71.398758
10515.000000	-403.294586	71.404320
10515.066667	-403.269196	71.419975
10515.133333	-403.268707	71.389336
10515.200000	-403.210419	71.411659
10515.266667	-403.176361	71.445015
10515.333333	-403.162811	71.475769
10515.400000	-403.155426	71.463898
10515.466667	-403.047546	71.506844
10515.533333	-403.069031	71.516678
10515.600000	-403.027863	71.476425
10515.666667	-403.001740	71.525269
10515.733333	-402.990784	71.491867
10515.800000	-402.885742	71.572311
10515.866667	-402.883575	71.559425
10515.933333	-402.854858	71.531548
10516.000000	-402.800354	71.568230
10516.066667	-402.803589	71.545616
10516.133333	-402.745941	71.594917
10516.200000	-402.791199	71.505920
10516.266667	-402.696930	71.551811
10516.333333	-402.641052	71.556061
10516.400000	-402.658417	71.533539
10516.466667	-402.637329	71.553566
10516.533333	-402.553894	71.506523
10516.600000	-402.569000	71.563797
10516.666667	-402.468262	71.543900
10516.733333	-402.466400	71.539619
10516.800000	-402.478333	71.498863
10516.866667	-402.438110	71.534332
10516.933333	-402.434479	71.523438
10517.000000	-402.338806	71.533539
10517.066667	-402.247589	71.569267
10517.133333	-402.265015	71.571854
10517.200000	-402.207581	71.578499
10517.266667	-402.175293	71.613350
10517.333333	-402.128265	71.555733
10517.400000	-402.103058	71.579720
10517.466667	-402.094116	71.602707
10517.533333	-402.083130	71.570999
10517.600000	-402.015228	71.627502
10517.666667	-401.997650	71.627892
10517.733333	-401.998291	71.613274
10517.800000	-401.969910	71.607903
10517.866667	-401.927826	71.615891
10517.933333	-401.840668	71.654770
10518.000000	-401.873566	71.685806
10518.066667	-401.816742	71.681412
10518.133333	-401.753082	71.719254
10518.200000	-401.784088	71.696930
10518.266667	-401.678772	71.752220
10518.333333	-401.604858	71.726707
10518.400000	-401.588135	71.724213
10518.466667	-401.509979	71.757698
10518.533333	-401.548004	71.675392
10518.600000	-401.485321	71.673126
10518.666667	-401.472870	71.679352
10518.733333	-401.430298	71.657272
10518.800000	-401.401611	71.682823
10518.866667	-401.397552	71.668907
10518.933333	-401.316833	71.678413
10519.000000	-401.286743	71.646072
10519.066667	-401.289429	71.662636
10519.133333	-401.210052	71.665741
10519.200000	-401.165039	71.686127
10519.266667	-401.203491	71.642059
10519.333333	-401.155304	71.658180
10519.400000	-401.117920	71.648216
10519.466667	-401.073395	71.694443
10519.533333	-401.087555	71.711960
10519.600000	-400.969513	71.712830
10519.666667	-400.966492	71.764183
10519.733333	-400.954895	71.735458
10519.800000	-400.887756	71.783890
10519.866667	-400.943085	71.729141
10519.933333	-400.857697	71.765427
10520.000000	-400.858734	71.784538
10520.066667	-400.756256	71.858566
10520.133333	-400.768066	71.842529
10520.200000	-400.731079	71.811035
10520.266667	-400.700043	71.810371
10520.333333	-400.679810	71.813728
10520.400000	-400.599854	71.816345
10520.466667	-400.601410	71.859055
10520.533333	-400.568695	71.791443
10520.600000	-400.507538	71.774185
10520.666667	-400.423248	71.853477
10520.733333	-400.467499	71.794197
10520.800000	-400.350311	71.845764
10520.866667	-400.359772	71.810699
10520.933333	-400.301941	71.762665
10521.000000	-400.281494	71.776779
10521.066667	-400.200592	71.860809
10521.133333	-400.208557	71.827248
10521.200000	-400.134277	71.809410
10521.266667	-400.093567	71.811508
10521.333333	-400.091705	71.786461
10521.400000	-400.071594	71.837791
10521.466667	-400.028900	71.835350
10521.533333	-399.973877	71.802116
10521.600000	-399.933655	71.889107
10521.666667	-399.905060	71.866844
10521.733333	-399.852722	71.905701
10521.800000	-399.853333	71.872459
10521.866667	-399.784515	71.868927
10521.933333	-399.761688	71.929306
10522.000000	-399.737213	71.934219
10522.066667	-399.696381	71.953621
10522.133333	-399.666809	71.962631
10522.200000	-399.647095	71.964828
10522.266667	-399.622864	71.972969
10522.333333	-399.601837	71.972015
10522.400000	-399.586182	71.939445
10522.466667	-399.525604	71.987373
10522.533333	-399.489563	71.941505
10522.600000	-399.435486	71.963745
10522.666667	-399.380249	72.004631
10522.733333	-399.369263	71.946220
10522.800000	-399.367096	71.900925
10522.866667	-399.262268	71.949608
10522.933333	-399.258789	71.953621
10523.000000	-399.129608	71.979332
10523.066667	-399.108582	71.986839
10523.133333	-399.124573	71.929283
10523.200000	-399.091431	71.943741
10523.266667	-399.024567	71.966606
10523.333333	-399.054108	71.903870
10523.400000	-399.011139	71.931343
10523.466667	-399.005859	71.935059
10523.533333	-398.941223	71.976784
10523.600000	-398.925995	71.938972
10523.666667	-398.884369	71.913185
10523.733333	-398.812958	71.995491
10523.800000	-398.812988	71.964142
10523.866667	-398.835541	71.919548
10523.933333	-398.741608	72.030586
10524.000000	-398.729248	71.984474
10524.066667	-398.675201	71.999817
10524.133333	-398.605560	72.045677
10524.200000	-398.570709	72.087997
10524.266667	-398.566406	72.099190
10524.333333	-398.476166	72.111053
10524.400000	-398.460358	72.131866
10524.466667	-398.419525	72.103500
10524.533333	-398.390167	72.126976
10524.600000	-398.387482	72.107147
10524.666667	-398.331604	72.109894
10524.733333	-398.310150	72.102287
10524.800000	-398.238495	72.124062
10524.866667	-398.232727	72.062195
10524.933333	-398.198975	72.043060
10525.000000	-398.169617	72.101921
10525.066667	-398.078217	72.105247
10525.133333	-398.044922	72.073769
10525.200000	-398.021088	72.080536
10525.266667	-397.897583	72.130600
10525.333333	-397.916199	72.136368
10525.400000	-397.880920	72.083893
10525.466667	-397.850128	72.110916
10525.533333	-397.845917	72.094994
10525.600000	-397.783752	72.098915
10525.666667	-397.692230	72.105011
10525.733333	-397.752014	72.102577
10525.800000	-397.705261	72.143471
10525.866667	-397.671265	72.158951
10525.933333	-397.652222	72.133087
10526.000000	-397.630402	72.165344
10526.066667	-397.589966	72.148193
10526.133333	-397.498901	72.196762
10526.200000	-397.504303	72.201408
10526.266667	-397.436737	72.206100
10526.333333	-397.384094	72.213844
10526.400000	-397.384094	72.213844
10526.466667	-397.394287	72.203506
10526.533333	-397.290283	72.257843
10526.600000	-397.290527	72.225029
10526.666667	-397.291992	72.214828
10526.733333	-397.234619	72.295670
10526.800000	-397.107513	72.259354
10526.866667	-397.107513	72.259354
10526.933333	-397.148682	72.260567
10527.000000	-397.055359	72.302338
10527.066667	-397.059418	72.220024
10527.133333	-396.959991	72.251770
10527.200000	-396.930847	72.207001
10527.266667	-396.930847	72.207001
10527.333333	-396.935455	72.208397
10527.400000	-396.837982	72.242775
10527.466667	-396.829132	72.231522
10527.533333	-396.737396	72.224045
10527.600000	-396.671112	72.246208
10527.666667	-396.671112	72.246208
10527.733333	-396.641815	72.229431
10527.800000	-396.601379	72.244118
10527.866667	-396.595764	72.246735
10527.933333	-396.629456	72.210907
10528.000000	-396.522125	72.284966
10528.066667	-396.522125	72.284966
10528.133333	-396.464813	72.249672
10528.200000	-396.459961	72.302933
10528.266667	-396.355988	72.318611
10528.333333	-396.401276	72.325867
10528.400000	-396.266541	72.403114
10528.466667	-396.288696	72.331963
10528.533333	-396.288696	72.331963
10528.600000	-396.225159	72.356758
10528.666667	-396.168793	72.372398
10528.733333	-396.179230	72.400848
10528.800000	-396.058258	72.384895
10528.866667	-396.013153	72.435295
10528.933333	-396.013153	72.435295
10529.000000	-395.973175	72.401245
10529.066667	-395.887238	72.435638
10529.133333	-395.952515	72.334404
10529.200000	-395.862030	72.385239
10529.266667	-395.796021	72.375359
10529.333333	-395.796021	72.375359
10529.400000	-395.764160	72.361145
10529.466667	-395.754944	72.354187
10529.533333	-395.717773	72.374802
10529.600000	-395.633911	72.314667
10529.666667	-395.596436	72.389091
10529.733333	-395.561035	72.435715
10529.800000	-395.561035	72.435715
10529.866667	-395.509155	72.407303
10529.933333	-395.529510	72.416046
10530.000000	-395.433807	72.418419
10530.066667	-395.364319	72.448639
10530.133333	-395.315826	72.505241
10530.200000	-395.315826	72.505241
10530.266667	-395.331268	72.451851
10530.333333	-395.263580	72.488670
10530.400000	-395.279175	72.486298
10530.466667	-395.223328	72.477280
10530.533333	-395.206177	72.485085
10530.600000	-395.206177	72.485085
10530.666667	-395.185669	72.454720
10530.733333	-395.079468	72.525093
10530.800000	-395.032196	72.497917
10530.866667	-395.009796	72.512062
10530.933333	-394.993347	72.511566
10531.000000	-394.943329	72.532906
10531.066667	-394.943329	72.532906
10531.133333	-394.890198	72.559235
10531.200000	-394.824829	72.532059
10531.266667	-394.767822	72.543800
10531.333333	-394.802612	72.493767
10531.400000	-394.715363	72.500900
10531.466667	-394.715363	72.500900
10531.533333	-394.670380	72.487473
10531.600000	-394.571106	72.499435
10531.666667	-394.617737	72.499435
10531.733333	-394.513763	72.493233
10531.800000	-394.527954	72.472023
10531.866667	-394.527954	72.472023
10531.933333	-394.459869	72.538902
10532.000000	-394.436188	72.524437
10532.066667	-394.365997	72.525314
10532.133333	-394.333557	72.514503
10532.200000	-394.285522	72.530113
10532.266667	-394.285522	72.530113
10532.333333	-394.337158	72.522911
10532.400000	-394.221832	72.595268
10532.466667	-394.139954	72.591179
10532.533333	-394.120972	72.646446
10532.600000	-394.092010	72.609566
10532.666667	-394.114624	72.615517
10532.733333	-394.114624	72.615517
10532.800000	-394.032501	72.597198
10532.866667	-393.986267	72.654907
10532.933333	-393.962341	72.622620
10533.000000	-393.975250	72.601227
10533.066667	-393.913300	72.618973
10533.133333	-393.913300	72.618973
10533.200000	-393.789551	72.665207
10533.266667	-393.886993	72.608269
10533.333333	-393.805115	72.589615
10533.400000	-393.777283	72.629677
10533.466667	-393.685120	72.658981
10533.533333	-393.685120	72.658981
10533.600000	-393.630127	72.621208
10533.666667	-393.610718	72.616570
10533.733333	-393.585602	72.617836
10533.800000	-393.526825	72.658218
10533.866667	-393.545319	72.630951
10533.933333	-393.491364	72.632172
10534.000000	-393.457642	72.616638
10534.066667	-393.415405	72.627342
10534.133333	-393.364410	72.659081
10534.200000	-393.342468	72.678307
10534.266667	-393.312958	72.656540
10534.333333	-393.290039	72.690033
10534.400000	-393.260468	72.710228
10534.466667	-393.224762	72.706055
10534.533333	-393.185760	72.738182
10534.600000	-393.102783	72.785873
10534.666667	-393.066772	72.785873
10534.733333	-393.065338	72.755371
10534.800000	-393.062897	72.759575
10534.866667	-393.054260	72.790764
10534.933333	-392.969666	72.813980
10535.000000	-392.966278	72.810776
10535.066667	-392.926086	72.813751
10535.133333	-392.896545	72.797981
10535.200000	-392.884277	72.825958
10535.266667	-392.853699	72.774597
10535.333333	-392.793518	72.802544
10535.400000	-392.789642	72.771034
10535.466667	-392.766876	72.769318
10535.533333	-392.712494	72.775856
10535.600000	-392.666901	72.791115
10535.666667	-392.607697	72.780449
10535.733333	-392.624207	72.770142
10535.800000	-392.600647	72.772324
10535.866667	-392.502594	72.793404
10535.933333	-392.492645	72.788918
10536.000000	-392.466125	72.771240
10536.066667	-392.452515	72.765831
10536.133333	-392.407562	72.764938
10536.200000	-392.367950	72.783470
10536.266667	-392.362610	72.796211
10536.333333	-392.349915	72.773865
10536.400000	-392.308685	72.781105
10536.466667	-392.310699	72.791252
10536.533333	-392.307922	72.790138
10536.600000	-392.250275	72.800285
10536.666667	-392.204620	72.820694
10536.733333	-392.200653	72.824738
10536.800000	-392.163055	72.841560
10536.866667	-392.116974	72.841110
10536.933333	-392.154205	72.812294
10537.000000	-392.036255	72.873276
10537.066667	-391.990051	72.875443
10537.133333	-391.975067	72.896759
10537.200000	-392.001190	72.845795
10537.266667	-391.942322	72.857033
10537.333333	-391.934479	72.842308
10537.400000	-391.922943	72.817825
10537.466667	-391.863373	72.883347
10537.533333	-391.839752	72.851578
10537.600000	-391.780670	72.876892
10537.666667	-391.709930	72.920357
10537.733333	-391.709534	72.885338
10537.800000	-391.697144	72.849854
10537.866667	-391.706696	72.837868
10537.933333	-391.637207	72.850372
10538.000000	-391.614197	72.851387
10538.066667	-391.587463	72.819496
10538.133333	-391.555023	72.857918
10538.200000	-391.544220	72.837509
10538.266667	-391.518158	72.847397
10538.333333	-391.468964	72.864616
10538.400000	-391.442383	72.861534
10538.466667	-391.409821	72.873985
10538.533333	-391.371613	72.885941
10538.600000	-391.370941	72.866699
10538.666667	-391.324982	72.893776
10538.733333	-391.365845	72.865936
10538.800000	-391.235504	72.925201
10538.866667	-391.241211	72.949448
10538.933333	-391.232269	72.927498
10539.000000	-391.193542	72.960175
10539.066667	-391.163422	72.957664
10539.133333	-391.172729	72.933525
10539.200000	-391.109192	72.974548
10539.266667	-391.100372	72.944244
10539.333333	-391.061127	72.951897
10539.400000	-391.032837	73.025314
10539.466667	-391.043396	72.918884
10539.533333	-390.986389	72.987190
10539.600000	-390.945770	72.933525
10539.666667	-390.882172	72.999939
10539.733333	-390.946136	72.919975
10539.800000	-390.893311	72.990875
10539.866667	-390.825867	72.944405
10539.933333	-390.774048	72.985397
10540.000000	-390.735229	72.986198
10540.066667	-390.749939	72.958954
10540.133333	-390.675201	72.959244
10540.200000	-390.627075	72.961388
10540.266667	-390.661713	72.973946
10540.333333	-390.624359	72.947929
10540.400000	-390.552582	73.004135
10540.466667	-390.570526	72.974236
10540.533333	-390.623138	72.953911
10540.600000	-390.554443	72.951706
10540.666667	-390.465027	73.032509
10540.733333	-390.510742	73.012512
10540.800000	-390.474854	73.036430
10540.866667	-390.448547	73.050781
10540.933333	-390.417908	73.041634
10541.000000	-390.356476	73.087250
10541.066667	-390.352753	73.071472
10541.133333	-390.393860	73.046555
10541.200000	-390.347473	73.031586
10541.266667	-390.282166	73.070992
10541.333333	-390.213654	73.079948
10541.400000	-390.239014	73.095665
10541.466667	-390.181183	73.083015
10541.533333	-390.214874	73.095810
10541.600000	-390.126160	73.069366
10541.666667	-390.092896	73.078224
10541.733333	-390.091705	73.087868
10541.800000	-390.067505	73.095238
10541.866667	-390.006104	73.087868
10541.933333	-389.990356	73.079948
10542.000000	-390.002411	73.095596
10542.066667	-389.917267	73.119164
10542.133333	-389.949188	73.094345
10542.200000	-389.929077	73.081764
10542.266667	-389.890228	73.082619
10542.333333	-389.819946	73.056046
10542.400000	-389.851654	73.061935
10542.466667	-389.818268	73.080681
10542.533333	-389.802551	73.060959
10542.600000	-389.718811	73.084290
10542.666667	-389.731232	73.077019
10542.733333	-389.685638	73.096077
10542.800000	-389.691498	73.096153
10542.866667	-389.656616	73.094727
10542.933333	-389.614288	73.089073
10543.000000	-389.578125	73.118004
10543.066667	-389.561798	73.171318
10543.133333	-389.604889	73.130562
10543.200000	-389.557739	73.091522
10543.266667	-389.498871	73.147530
10543.333333	-389.426239	73.184311
10543.400000	-389.405579	73.164688
10543.466667	-389.404266	73.226761
10543.533333	-389.411469	73.221931
10543.600000	-389.335297	73.258797
10543.666667	-389.336273	73.164398
10543.733333	-389.330994	73.140915
10543.800000	-389.278687	73.217987
10543.866667	-389.271942	73.165260
10543.933333	-389.252625	73.133675
10544.000000	-389.220123	73.149399
10544.066667	-389.171478	73.169983
10544.133333	-389.176727	73.129463
10544.200000	-389.132782	73.102745
10544.266667	-389.146027	73.096008
10544.333333	-389.074341	73.134499
10544.400000	-389.004425	73.161705
10544.466667	-388.983582	73.137306
10544.533333	-389.035095	73.119423
10544.600000	-388.970032	73.169571
10544.666667	-388.921783	73.158104
10544.733333	-388.942200	73.148285
10544.800000	-388.859619	73.184311
10544.866667	-388.847565	73.195160
10544.933333	-388.819946	73.185310
10545.000000	-388.801880	73.217834
10545.066667	-388.722473	73.238556
10545.133333	-388.728455	73.238556
10545.200000	-388.700012	73.217026
10545.266667	-388.702759	73.243309
10545.333333	-388.664551	73.264015
10545.400000	-388.661896	73.239769
10545.466667	-388.629700	73.258385
10545.533333	-388.559784	73.306450
10545.600000	-388.607178	73.234955
10545.666667	-388.621216	73.249222
10545.733333	-388.521484	73.286560
10545.800000	-388.494171	73.296700
10545.866667	-388.504089	73.283539
10545.933333	-388.427795	73.299088
10546.000000	-388.411377	73.294411
10546.066667	-388.419312	73.300293
10546.133333	-388.386169	73.254578
10546.200000	-388.370636	73.224144
10546.266667	-388.364044	73.200455
10546.333333	-388.328522	73.238564
10546.400000	-388.197662	73.245697
10546.466667	-388.195343	73.301247
10546.533333	-388.202362	73.257530
10546.600000	-388.188110	73.245827
10546.666667	-388.178467	73.239769
10546.733333	-388.142487	73.242157
10546.800000	-388.095306	73.265083
10546.866667	-388.090820	73.334656
10546.933333	-388.019897	73.300438
10547.000000	-387.972168	73.322792
10547.066667	-387.974487	73.372459
10547.133333	-387.922485	73.342186
10547.200000	-387.969482	73.346054
10547.266667	-387.952789	73.327415
10547.333333	-387.909363	73.395790
10547.400000	-387.913055	73.344994
10547.466667	-387.839996	73.351761
10547.533333	-387.889130	73.360054
10547.600000	-387.862244	73.318214
10547.666667	-387.828156	73.353271
10547.733333	-387.791748	73.352280
10547.800000	-387.740265	73.404388
10547.866667	-387.714874	73.376549
10547.933333	-387.689758	73.405846
10548.000000	-387.595154	73.419907
10548.066667	-387.637177	73.404930
10548.133333	-387.609558	73.392288
10548.200000	-387.574554	73.359833
10548.266667	-387.561615	73.386864
10548.333333	-387.540253	73.373810
10548.400000	-387.538513	73.371841
10548.466667	-387.500061	73.389221
10548.533333	-387.457886	73.399368
10548.600000	-387.445801	73.378082
10548.666667	-387.428711	73.376183
10548.733333	-387.359619	73.376640
10548.800000	-387.365845	73.390427
10548.866667	-387.348541	73.386856
10548.933333	-387.339874	73.367393
10549.000000	-387.278046	73.354362
10549.066667	-387.274445	73.388649
10549.133333	-387.200226	73.417946
10549.200000	-387.204407	73.427834
10549.266667	-387.151642	73.408875
10549.333333	-387.187134	73.443123
10549.400000	-387.117950	73.445740
10549.466667	-387.123688	73.398811
10549.533333	-387.072998	73.451942
10549.600000	-387.049408	73.470688
10549.666667	-387.016449	73.489120
10549.733333	-387.029388	73.485909
10549.800000	-386.995789	73.477509
10549.866667	-387.009979	73.480370
10549.933333	-386.895599	73.508965
10550.000000	-386.968445	73.449272
10550.066667	-386.848480	73.523315
10550.133333	-386.894562	73.485703
10550.200000	-386.896301	73.457191
10550.266667	-386.852905	73.444122
10550.333333	-386.833649	73.453644
10550.400000	-386.830658	73.463997
10550.466667	-386.775604	73.444336
10550.533333	-386.742706	73.466164
10550.600000	-386.712158	73.426765
10550.666667	-386.677551	73.455231
10550.733333	-386.633728	73.455681
10550.800000	-386.650299	73.428810
10550.866667	-386.643951	73.452293
10550.933333	-386.537079	73.478706
10551.000000	-386.534637	73.480827
10551.066667	-386.532288	73.497917
10551.133333	-386.526886	73.451439
10551.200000	-386.514557	73.467682
10551.266667	-386.500336	73.483192
10551.333333	-386.442993	73.493782
10551.400000	-386.441498	73.509079
10551.466667	-386.409943	73.501373
10551.533333	-386.402618	73.490715
10551.600000	-386.383423	73.526688
10551.666667	-386.325012	73.557808
10551.733333	-386.310425	73.533958
10551.800000	-386.362000	73.537560
10551.866667	-386.272675	73.565819
10551.933333	-386.273773	73.560188
10552.000000	-386.278564	73.549095
10552.066667	-386.210114	73.560104
10552.133333	-386.176483	73.559074
10552.200000	-386.180054	73.614388
10552.266667	-386.157959	73.543564
10552.333333	-386.189819	73.512947
10552.400000	-386.133209	73.514915
10552.466667	-386.086945	73.507019
10552.533333	-386.084473	73.546005
10552.600000	-386.001526	73.509460
10552.666667	-386.039551	73.503426
10552.733333	-386.044373	73.503502
10552.800000	-385.979523	73.506577
10552.866667	-385.987732	73.492188
10552.933333	-385.919342	73.504059
10553.000000	-385.853302	73.557503
10553.066667	-385.830261	73.573845
10553.133333	-385.850555	73.536331
10553.200000	-385.791534	73.570213
10553.266667	-385.781830	73.578529
10553.333333	-385.760071	73.587158
10553.400000	-385.766296	73.599495
10553.466667	-385.772339	73.565720
10553.533333	-385.738892	73.588776
10553.600000	-385.697510	73.622993
10553.666667	-385.647003	73.656937
10553.733333	-385.639801	73.652496
10553.800000	-385.656708	73.597076
10553.866667	-385.609711	73.625366
10553.933333	-385.586426	73.617371
10554.000000	-385.575287	73.638405
10554.066667	-385.580048	73.618248
10554.133333	-385.496643	73.664734
10554.200000	-385.508850	73.659775
10554.266667	-385.527435	73.623512
10554.333333	-385.465912	73.679718
10554.400000	-385.426971	73.669266
10554.466667	-385.427185	73.645119
10554.533333	-385.400269	73.612877
10554.600000	-385.327972	73.646118
10554.666667	-385.356262	73.600204
10554.733333	-385.312775	73.651764
10554.800000	-385.230133	73.635963
10554.866667	-385.284821	73.603157
10554.933333	-385.286499	73.586334
10555.000000	-385.159882	73.647575
10555.066667	-385.198669	73.617874
10555.133333	-385.156708	73.641541
10555.200000	-385.162201	73.599022
10555.266667	-385.146210	73.610001
10555.333333	-385.111176	73.682426
10555.400000	-385.043732	73.659775
10555.466667	-385.101257	73.624687
10555.533333	-385.022369	73.683502
10555.600000	-385.054871	73.655754
10555.666667	-385.023560	73.678757
10555.733333	-384.986633	73.675522
10555.800000	-384.968964	73.689438
10555.866667	-384.936188	73.716995
10555.933333	-385.001343	73.690041
10556.000000	-384.919861	73.706314
10556.066667	-384.912628	73.702698
10556.133333	-384.900024	73.697121
10556.200000	-384.859863	73.717216
10556.266667	-384.852020	73.710266
10556.333333	-384.814758	73.721512
10556.400000	-384.749176	73.721260
10556.466667	-384.783997	73.693642
10556.533333	-384.731812	73.748512
10556.600000	-384.680206	73.727852
10556.666667	-384.694916	73.714249
10556.733333	-384.691315	73.682320
10556.800000	-384.613495	73.706848
10556.866667	-384.583374	73.728157
10556.933333	-384.622681	73.697182
10557.000000	-384.560669	73.693642
10557.066667	-384.566650	73.690643
10557.133333	-384.468262	73.752182
10557.200000	-384.454712	73.709091
10557.266667	-384.503296	73.672691
10557.333333	-384.478455	73.665894
10557.400000	-384.425476	73.738884
10557.466667	-384.421356	73.705147
10557.533333	-384.377197	73.722404
10557.600000	-384.378815	73.704216
10557.666667	-384.374969	73.687027
10557.733333	-384.326752	73.734047
10557.800000	-384.336273	73.701851
10557.866667	-384.307892	73.742035
10557.933333	-384.363525	73.702286
10558.000000	-384.304474	73.734528
10558.066667	-384.250488	73.771523
10558.133333	-384.165985	73.825607
10558.200000	-384.178345	73.757935
10558.266667	-384.227203	73.726959
10558.333333	-384.217468	73.734886
10558.400000	-384.124756	73.754364
10558.466667	-384.088043	73.740074
10558.533333	-384.114563	73.740074
10558.600000	-383.973511	73.813614
10558.666667	-383.936279	73.835327
10558.733333	-383.994507	73.799538
10558.800000	-383.967529	73.835442
10558.866667	-383.960449	73.781265
10558.933333	-383.941406	73.747581
10559.000000	-383.889557	73.787766
10559.066667	-383.860474	73.804062
10559.133333	-383.894226	73.750305
10559.200000	-383.850006	73.745872
10559.266667	-383.817993	73.773026
10559.333333	-383.840179	73.767708
10559.400000	-383.802460	73.764786
10559.466667	-383.796814	73.757721
10559.533333	-383.754089	73.769768
10559.600000	-383.726624	73.766563
10559.666667	-383.722107	73.738876
10559.733333	-383.648102	73.800507
10559.800000	-383.648010	73.771416
10559.866667	-383.620941	73.834030
10559.933333	-383.571625	73.828171
10560.000000	-383.566833	73.798477
