4320.066667	-383.954956	74.380196
4320.133333	-383.964752	74.426506
4320.200000	-383.952240	74.382767
4320.266667	-383.912201	74.385536
4320.333333	-383.891632	74.445549
4320.400000	-383.839447	74.375069
4320.466667	-383.833862	74.426033
4320.533333	-383.817566	74.459259
4320.600000	-383.787140	74.493362
4320.666667	-383.748779	74.439148
4320.733333	-383.744507	74.499939
4320.800000	-383.731903	74.455078
4320.866667	-383.735107	74.486588
4320.933333	-383.724976	74.526474
4321.000000	-383.691040	74.492996
4321.066667	-383.681519	74.530396
4321.133333	-383.678894	74.551033
4321.200000	-383.680878	74.541405
4321.266667	-383.628967	74.556366
4321.333333	-383.607300	74.584984
4321.400000	-383.631989	74.511116
4321.466667	-383.558197	74.569870
4321.533333	-383.600250	74.513229
4321.600000	-383.556152	74.578331
4321.666667	-383.542419	74.615318
4321.733333	-383.515320	74.596405
4321.800000	-383.514557	74.551727
4321.866667	-383.436523	74.567337
4321.933333	-383.422577	74.536499
4322.000000	-383.383331	74.545311
4322.066667	-383.381989	74.528656
4322.133333	-383.376221	74.620346
4322.200000	-383.315582	74.618446
4322.266667	-383.289337	74.571770
4322.333333	-383.292664	74.580429
4322.400000	-383.223267	74.593925
4322.466667	-383.221283	74.585175
4322.533333	-383.204132	74.628128
4322.600000	-383.179504	74.621971
4322.666667	-383.182922	74.638435
4322.733333	-383.131104	74.657906
4322.800000	-383.128113	74.584236
4322.866667	-383.118439	74.605293
4322.933333	-383.098877	74.618881
4323.000000	-383.088501	74.604164
4323.066667	-383.070435	74.673447
4323.133333	-383.074188	74.726532
4323.200000	-383.037048	74.689117
4323.266667	-383.012573	74.655182
4323.333333	-382.990173	74.722237
4323.400000	-382.935760	74.715340
4323.466667	-382.936676	74.738014
4323.533333	-382.909210	74.721451
4323.600000	-382.859802	74.703087
4323.666667	-382.824280	74.641342
4323.733333	-382.800354	74.714577
4323.800000	-382.789764	74.706017
4323.866667	-382.741089	74.684769
4323.933333	-382.738831	74.688446
4324.000000	-382.689331	74.678864
4324.066667	-382.665375	74.652916
4324.133333	-382.641571	74.653946
4324.200000	-382.635651	74.652122
4324.266667	-382.632172	74.642876
4324.333333	-382.556366	74.653397
4324.400000	-382.512939	74.638000
4324.466667	-382.518036	74.642006
4324.533333	-382.515320	74.671783
4324.600000	-382.462402	74.632683
4324.666667	-382.493073	74.653770
4324.733333	-382.445282	74.677132
4324.800000	-382.448944	74.689362
4324.866667	-382.451416	74.711815
4324.933333	-382.422333	74.770218
4325.000000	-382.399139	74.757202
4325.066667	-382.391174	74.753387
4325.133333	-382.329193	74.739082
4325.200000	-382.322601	74.828339
4325.266667	-382.276794	74.765190
4325.333333	-382.278137	74.796883
4325.400000	-382.255554	74.797417
4325.466667	-382.219208	74.801842
4325.533333	-382.185089	74.802231
4325.600000	-382.142212	74.765457
4325.666667	-382.130310	74.838562
4325.733333	-382.098633	74.788567
4325.800000	-382.050842	74.859634
4325.866667	-382.011169	74.765488
4325.933333	-381.992645	74.791313
4326.000000	-381.981598	74.801521
4326.066667	-381.943909	74.826653
4326.133333	-381.927704	74.794563
4326.200000	-381.915833	74.790039
4326.266667	-381.862213	74.820831
4326.333333	-381.823853	74.799881
4326.400000	-381.797699	74.791451
4326.466667	-381.812897	74.783028
4326.533333	-381.785278	74.858795
4326.600000	-381.733215	74.787071
4326.666667	-381.720978	74.800484
4326.733333	-381.673920	74.808914
4326.800000	-381.677246	74.835274
4326.866667	-381.678131	74.842407
4326.933333	-381.655548	74.867004
4327.000000	-381.651733	74.850288
4327.066667	-381.642029	74.830467
4327.133333	-381.601013	74.883865
4327.200000	-381.582184	74.824982
4327.266667	-381.569641	74.887558
4327.333333	-381.566772	74.849251
4327.400000	-381.549072	74.932610
4327.466667	-381.503937	74.879601
4327.533333	-381.517944	74.917801
4327.600000	-381.466370	74.928223
4327.666667	-381.436432	74.935837
4327.733333	-381.407745	74.940285
4327.800000	-381.376160	74.990791
4327.866667	-381.357635	74.922958
4327.933333	-381.369385	74.935234
4328.000000	-381.322601	74.997559
4328.066667	-381.309845	74.929947
4328.133333	-381.284393	74.934624
4328.200000	-381.252594	74.928146
4328.266667	-381.208221	74.946144
4328.333333	-381.186523	74.924835
4328.400000	-381.179413	74.940826
4328.466667	-381.125183	74.880653
4328.533333	-381.112030	74.904755
4328.600000	-381.093506	74.905479
4328.666667	-381.070007	74.884956
4328.733333	-381.056702	74.931259
4328.800000	-381.056488	74.861923
4328.866667	-381.030914	74.898674
4328.933333	-381.005615	74.927925
4329.000000	-381.019379	74.894775
4329.066667	-380.967377	74.868576
4329.133333	-380.927734	74.868881
4329.200000	-380.904724	74.858627
4329.266667	-380.903503	74.891747
4329.333333	-380.906708	74.904808
4329.400000	-380.843201	74.954796
4329.466667	-380.827667	74.940918
4329.533333	-380.779846	74.931053
4329.600000	-380.772736	74.945793
4329.666667	-380.759705	74.927078
4329.733333	-380.724792	75.034538
4329.800000	-380.690155	74.937851
4329.866667	-380.650208	74.983910
4329.933333	-380.647827	74.937752
4330.000000	-380.622620	75.022156
4330.066667	-380.595245	74.926125
4330.133333	-380.596741	75.001747
4330.200000	-380.594757	74.934982
4330.266667	-380.551605	74.976967
4330.333333	-380.500153	74.921066
4330.400000	-380.467346	74.983444
4330.466667	-380.458984	75.020233
4330.533333	-380.418823	74.979729
4330.600000	-380.383942	75.006126
4330.666667	-380.336639	74.998230
4330.733333	-380.327820	74.951805
4330.800000	-380.294098	74.912773
4330.866667	-380.313995	74.929405
4330.933333	-380.258575	74.933304
4331.000000	-380.245544	74.977600
4331.066667	-380.210083	74.983147
4331.133333	-380.212585	74.992058
4331.200000	-380.194702	74.979019
4331.266667	-380.152466	75.014687
4331.333333	-380.157166	75.068573
4331.400000	-380.101044	75.003242
4331.466667	-380.105682	75.126869
4331.533333	-380.110962	75.063072
4331.600000	-380.080292	75.059006
4331.666667	-380.060089	75.028702
4331.733333	-380.004456	74.988808
4331.800000	-379.979919	75.056252
4331.866667	-379.892273	75.067970
4331.933333	-379.902985	75.088181
4332.000000	-379.912079	75.067169
4332.066667	-379.900482	75.012123
4332.133333	-379.880676	74.988167
4332.200000	-379.872864	75.000381
4332.266667	-379.843018	74.949142
4332.333333	-379.806519	74.982407
4332.400000	-379.799561	74.977676
4332.466667	-379.757355	74.947502
4332.533333	-379.770355	74.928032
4332.600000	-379.740814	74.941772
4332.666667	-379.695221	74.941505
4332.733333	-379.673065	74.946716
4332.800000	-379.631378	74.950836
4332.866667	-379.603943	74.917198
4332.933333	-379.577454	74.954620
4333.000000	-379.542908	74.955566
4333.066667	-379.517395	74.950508
4333.133333	-379.477051	74.931061
4333.200000	-379.468140	74.992256
4333.266667	-379.460724	74.979439
4333.333333	-379.462891	75.008118
4333.400000	-379.425690	74.980499
4333.466667	-379.382446	75.045898
4333.533333	-379.368713	75.054359
4333.600000	-379.333862	75.058060
4333.666667	-379.300415	75.003250
4333.733333	-379.284454	75.011307
4333.800000	-379.262909	75.013870
4333.866667	-379.264069	75.050697
4333.933333	-379.260437	75.069443
4334.000000	-379.258881	75.025780
4334.066667	-379.207855	75.021317
4334.133333	-379.214203	75.065376
4334.200000	-379.173340	75.069519
4334.266667	-379.139984	75.032677
4334.333333	-379.097565	74.963570
4334.400000	-379.064880	75.027023
4334.466667	-379.056274	75.008827
4334.533333	-379.052032	75.007690
4334.600000	-379.002075	75.023132
4334.666667	-378.972931	75.027359
4334.733333	-378.897583	74.916367
4334.800000	-378.870453	74.977867
4334.866667	-378.894348	74.969421
4334.933333	-378.835388	75.022186
4335.000000	-378.809113	75.004372
4335.066667	-378.764191	74.959793
4335.133333	-378.758148	74.953995
4335.200000	-378.778137	75.011673
4335.266667	-378.736938	74.972870
4335.333333	-378.719360	75.052299
4335.400000	-378.726898	75.018127
4335.466667	-378.677948	74.961891
4335.533333	-378.649445	74.968437
4335.600000	-378.689819	74.977501
4335.666667	-378.623016	74.994690
4335.733333	-378.604889	75.033531
4335.800000	-378.596802	75.029297
4335.866667	-378.581299	75.045258
4335.933333	-378.531097	75.055466
4336.000000	-378.516693	75.069450
4336.066667	-378.525330	75.073769
4336.133333	-378.469116	75.093445
4336.200000	-378.457153	75.054428
4336.266667	-378.415619	75.088524
4336.333333	-378.411865	75.082733
4336.400000	-378.357849	75.114014
4336.466667	-378.364471	75.144470
4336.533333	-378.355103	75.175751
4336.600000	-378.308228	75.140083
4336.666667	-378.324677	75.099960
4336.733333	-378.287689	75.125557
4336.800000	-378.246582	75.135803
4336.866667	-378.211792	75.137627
4336.933333	-378.183502	75.086044
4337.000000	-378.162445	75.089172
4337.066667	-378.124481	74.985367
4337.133333	-378.075439	75.036575
4337.200000	-378.060089	74.961403
4337.266667	-378.046021	75.005600
4337.333333	-378.019318	75.056328
4337.400000	-377.985626	75.051758
4337.466667	-377.997070	75.040291
4337.533333	-377.955292	75.070930
4337.600000	-377.955505	75.115707
4337.666667	-377.946991	75.153526
4337.733333	-377.906860	75.129227
4337.800000	-377.884277	75.195183
4337.866667	-377.911102	75.195839
4337.933333	-377.889404	75.270653
4338.000000	-377.881256	75.226433
4338.066667	-377.865509	75.258713
4338.133333	-377.843811	75.257278
4338.200000	-377.836029	75.271835
4338.266667	-377.820465	75.222321
4338.333333	-377.778473	75.253014
4338.400000	-377.742371	75.303619
4338.466667	-377.730865	75.212646
4338.533333	-377.653351	75.230141
4338.600000	-377.613831	75.233864
4338.666667	-377.612091	75.192055
4338.733333	-377.589081	75.269363
4338.800000	-377.545349	75.233650
4338.866667	-377.482208	75.191055
4338.933333	-377.502197	75.246323
4339.000000	-377.498138	75.241348
4339.066667	-377.479553	75.216782
4339.133333	-377.473755	75.232170
4339.200000	-377.450470	75.245163
4339.266667	-377.435089	75.231606
4339.333333	-377.446442	75.282784
4339.400000	-377.410461	75.235886
4339.466667	-377.366211	75.209343
4339.533333	-377.345032	75.232384
4339.600000	-377.344574	75.241470
4339.666667	-377.291626	75.263687
4339.733333	-377.286865	75.293663
4339.800000	-377.258972	75.283394
4339.866667	-377.258087	75.240967
4339.933333	-377.234314	75.315903
4340.000000	-377.226990	75.320427
4340.066667	-377.175751	75.328247
4340.133333	-377.196930	75.295212
4340.200000	-377.139954	75.370102
4340.266667	-377.101196	75.396233
4340.333333	-377.102112	75.385712
4340.400000	-377.062592	75.365036
4340.466667	-377.060822	75.398468
4340.533333	-377.039795	75.359612
4340.600000	-376.998138	75.399933
4340.666667	-376.998138	75.399933
4340.733333	-376.977722	75.356987
4340.800000	-376.932678	75.234787
4340.866667	-376.902435	75.306168
4340.933333	-376.848145	75.289818
4341.000000	-376.797089	75.258202
4341.066667	-376.797089	75.258202
4341.133333	-376.792999	75.307854
4341.200000	-376.786224	75.333290
4341.266667	-376.748627	75.257919
4341.333333	-376.729095	75.272156
4341.400000	-376.679352	75.306541
4341.466667	-376.679352	75.306541
4341.533333	-376.647552	75.287743
4341.600000	-376.603912	75.321777
4341.666667	-376.563293	75.296516
4341.733333	-376.577637	75.318260
4341.800000	-376.528870	75.313271
4341.866667	-376.481689	75.361740
4341.933333	-376.481689	75.361740
4342.000000	-376.484650	75.324265
4342.066667	-376.453552	75.357628
4342.133333	-376.419525	75.335518
4342.200000	-376.418762	75.363182
4342.266667	-376.379547	75.397598
4342.333333	-376.379547	75.397598
4342.400000	-376.334778	75.337753
4342.466667	-376.325134	75.384087
4342.533333	-376.324738	75.389526
4342.600000	-376.295166	75.425423
4342.666667	-376.271332	75.445053
4342.733333	-376.271332	75.445053
4342.800000	-376.235962	75.447174
4342.866667	-376.226532	75.428398
4342.933333	-376.197296	75.453903
4343.000000	-376.136963	75.439758
4343.066667	-376.099792	75.423508
4343.133333	-376.055878	75.393456
4343.200000	-376.055878	75.393456
4343.266667	-376.011566	75.371986
4343.333333	-375.969055	75.329071
4343.400000	-375.910278	75.398918
4343.466667	-375.897003	75.417015
4343.533333	-375.843658	75.379204
4343.600000	-375.843658	75.379204
4343.666667	-375.832306	75.425224
4343.733333	-375.860596	75.429230
4343.800000	-375.781555	75.345108
4343.866667	-375.764740	75.465820
4343.933333	-375.742126	75.385620
4344.000000	-375.742126	75.385620
4344.066667	-375.752930	75.409088
4344.133333	-375.737396	75.412727
4344.200000	-375.664520	75.424828
4344.266667	-375.616516	75.439926
4344.333333	-375.594299	75.458321
4344.400000	-375.594299	75.458321
4344.466667	-375.549469	75.442879
4344.533333	-375.514862	75.498199
4344.600000	-375.450531	75.516830
4344.666667	-375.416656	75.483032
4344.733333	-375.380524	75.479134
4344.800000	-375.385284	75.515411
4344.866667	-375.385284	75.515411
4344.933333	-375.339905	75.570221
4345.000000	-375.307007	75.505714
4345.066667	-375.317932	75.549568
4345.133333	-375.262543	75.574501
4345.200000	-375.256165	75.563995
4345.266667	-375.256165	75.563995
4345.333333	-375.253815	75.613777
4345.400000	-375.171661	75.543198
4345.466667	-375.158539	75.613091
4345.533333	-375.112274	75.532951
4345.600000	-375.077087	75.511101
4345.666667	-375.077087	75.511101
4345.733333	-375.034424	75.492790
4345.800000	-374.970764	75.513474
4345.866667	-374.964203	75.539116
4345.933333	-374.914948	75.510193
4346.000000	-374.910400	75.561897
4346.066667	-374.869995	75.607628
4346.133333	-374.869995	75.607628
4346.200000	-374.845215	75.642570
4346.266667	-374.826141	75.631966
4346.333333	-374.783417	75.615891
4346.400000	-374.733551	75.626587
4346.466667	-374.714508	75.630730
4346.533333	-374.714508	75.630730
4346.600000	-374.703156	75.688049
4346.666667	-374.674622	75.627441
4346.733333	-374.641541	75.631927
4346.800000	-374.622253	75.655655
4346.866667	-374.616577	75.641922
4346.933333	-374.616577	75.641922
4347.000000	-374.536072	75.584625
4347.066667	-374.510834	75.616043
4347.133333	-374.483032	75.603935
4347.200000	-374.461517	75.584778
4347.266667	-374.442200	75.625214
4347.333333	-374.434479	75.626205
4347.400000	-374.405212	75.587212
4347.466667	-374.370544	75.632187
4347.533333	-374.341705	75.541687
4347.600000	-374.339478	75.589493
4347.666667	-374.309296	75.548996
4347.733333	-374.274567	75.579277
4347.800000	-374.256226	75.595566
4347.866667	-374.248962	75.554184
4347.933333	-374.189209	75.597733
4348.000000	-374.124908	75.601631
4348.066667	-374.124847	75.627945
4348.133333	-374.100098	75.623795
4348.200000	-374.074677	75.631264
4348.266667	-374.049438	75.592941
4348.333333	-374.019867	75.655754
4348.400000	-373.994904	75.630394
4348.466667	-373.967285	75.637260
4348.533333	-373.936035	75.680061
4348.600000	-373.930481	75.680847
4348.666667	-373.906738	75.686241
4348.733333	-373.870575	75.700241
4348.800000	-373.882965	75.704849
4348.866667	-373.845093	75.714012
4348.933333	-373.801147	75.680504
4349.000000	-373.783569	75.660835
4349.066667	-373.741791	75.699547
4349.133333	-373.741516	75.642921
4349.200000	-373.717041	75.695320
4349.266667	-373.684418	75.644371
4349.333333	-373.640381	75.659683
4349.400000	-373.666412	75.641418
4349.466667	-373.600250	75.669533
4349.533333	-373.607300	75.688751
4349.600000	-373.552734	75.659637
4349.666667	-373.518250	75.655815
4349.733333	-373.478638	75.669930
4349.800000	-373.445587	75.613922
4349.866667	-373.398651	75.684288
4349.933333	-373.372803	75.674576
4350.000000	-373.381744	75.660965
4350.066667	-373.346344	75.732895
4350.133333	-373.320770	75.725929
4350.200000	-373.279388	75.645027
4350.266667	-373.287109	75.685547
4350.333333	-373.270691	75.705109
4350.400000	-373.262329	75.737465
4350.466667	-373.241669	75.751961
4350.533333	-373.169220	75.737083
4350.600000	-373.161316	75.781624
4350.666667	-373.128143	75.763443
4350.733333	-373.063812	75.729630
4350.800000	-373.065643	75.811127
4350.866667	-373.002472	75.783707
4350.933333	-372.945099	75.787003
4351.000000	-372.952515	75.841187
4351.066667	-372.910828	75.800018
4351.133333	-372.916779	75.779160
4351.200000	-372.879822	75.807793
4351.266667	-372.828918	75.799805
4351.333333	-372.818604	75.802887
4351.400000	-372.744598	75.775734
4351.466667	-372.754547	75.732216
4351.533333	-372.718445	75.690720
4351.600000	-372.682922	75.724556
4351.666667	-372.656525	75.754959
4351.733333	-372.615753	75.713646
4351.800000	-372.640564	75.748070
4351.866667	-372.603363	75.748497
4351.933333	-372.575195	75.782272
4352.000000	-372.536804	75.731773
4352.066667	-372.543274	75.770424
4352.133333	-372.524078	75.723755
4352.200000	-372.480560	75.685333
4352.266667	-372.461792	75.744789
4352.333333	-372.395386	75.729263
4352.400000	-372.390717	75.774094
4352.466667	-372.372955	75.811592
4352.533333	-372.328674	75.752716
4352.600000	-372.300659	75.810402
4352.666667	-372.286041	75.778610
4352.733333	-372.254913	75.810318
4352.800000	-372.249146	75.859993
4352.866667	-372.197510	75.843781
4352.933333	-372.157440	75.831787
4353.000000	-372.142639	75.907753
4353.066667	-372.119904	75.882248
4353.133333	-372.074402	75.875687
4353.200000	-372.050079	75.860207
4353.266667	-372.055511	75.884781
4353.333333	-372.036133	75.879089
4353.400000	-371.996948	75.855156
4353.466667	-371.970490	75.851456
4353.533333	-371.946014	75.811539
4353.600000	-371.891266	75.791428
4353.666667	-371.854004	75.778542
4353.733333	-371.811401	75.761932
4353.800000	-371.816406	75.758896
4353.866667	-371.776459	75.727180
4353.933333	-371.719421	75.756973
4354.000000	-371.681458	75.736702
4354.066667	-371.652466	75.728333
4354.133333	-371.601196	75.744682
4354.200000	-371.605957	75.744919
4354.266667	-371.595612	75.709167
4354.333333	-371.569702	75.763306
4354.400000	-371.538544	75.798729
4354.466667	-371.493805	75.805397
4354.533333	-371.478241	75.766098
4354.600000	-371.483917	75.801292
4354.666667	-371.471375	75.799156
4354.733333	-371.429138	75.750351
4354.800000	-371.410858	75.796806
4354.866667	-371.384644	75.807503
4354.933333	-371.385040	75.815948
4355.000000	-371.322571	75.940857
4355.066667	-371.320221	75.884232
4355.133333	-371.290863	75.883186
4355.200000	-371.246246	75.890640
4355.266667	-371.213623	75.909821
4355.333333	-371.158722	75.905380
4355.400000	-371.148804	75.858078
4355.466667	-371.103485	75.944878
4355.533333	-371.074615	75.893501
4355.600000	-371.013336	75.898239
4355.666667	-370.954224	75.859718
4355.733333	-370.954681	75.888794
4355.800000	-370.924622	75.910271
4355.866667	-370.912292	75.855560
4355.933333	-370.900909	75.921005
4356.000000	-370.894562	75.918549
4356.066667	-370.850647	75.905472
4356.133333	-370.797302	75.917580
4356.200000	-370.752441	75.930756
4356.266667	-370.730591	75.954147
4356.333333	-370.671539	75.906456
4356.400000	-370.667877	75.937332
4356.466667	-370.652893	75.922607
4356.533333	-370.610260	75.932251
4356.600000	-370.633942	75.938797
4356.666667	-370.590363	75.931717
4356.733333	-370.568573	75.965637
4356.800000	-370.527252	75.982643
4356.866667	-370.471863	76.004333
4356.933333	-370.450409	76.028358
4357.000000	-370.413513	76.007599
4357.066667	-370.386993	76.036507
4357.133333	-370.356079	76.065094
4357.200000	-370.316223	76.099899
4357.266667	-370.295563	76.061363
4357.333333	-370.284454	76.142555
4357.400000	-370.199829	76.053040
4357.466667	-370.189911	76.083633
4357.533333	-370.117493	76.047379
4357.600000	-370.096191	76.073593
4357.666667	-370.055389	76.110390
4357.733333	-370.039246	76.028458
4357.800000	-370.007355	76.090843
4357.866667	-369.977570	76.093300
4357.933333	-369.967773	76.092400
4358.000000	-369.936676	76.126030
4358.066667	-369.881134	76.101402
4358.133333	-369.880432	76.091316
4358.200000	-369.817139	76.100761
4358.266667	-369.828949	76.109688
4358.333333	-369.756744	76.037933
4358.400000	-369.723846	76.074791
4358.466667	-369.718842	76.019562
4358.533333	-369.673248	76.100861
4358.600000	-369.648499	76.090157
4358.666667	-369.629700	76.093643
4358.733333	-369.604767	76.111923
4358.800000	-369.533600	76.115685
4358.866667	-369.589111	76.107353
4358.933333	-369.557800	76.108978
4359.000000	-369.538025	76.119812
4359.066667	-369.518311	76.123024
4359.133333	-369.487396	76.112221
4359.200000	-369.446747	76.104614
4359.266667	-369.447601	76.124718
4359.333333	-369.430511	76.120918
4359.400000	-369.363708	76.162148
4359.466667	-369.320953	76.129448
4359.533333	-369.306732	76.126221
4359.600000	-369.290985	76.113342
4359.666667	-369.247650	76.127632
4359.733333	-369.220734	76.216789
4359.800000	-369.198151	76.217659
4359.866667	-369.191040	76.248108
4359.933333	-369.145081	76.227409
4360.000000	-369.114685	76.241844
4360.066667	-369.104675	76.221542
4360.133333	-369.043427	76.237305
4360.200000	-369.032379	76.287254
4360.266667	-368.999176	76.214241
4360.333333	-368.972748	76.197952
4360.400000	-368.969116	76.217049
4360.466667	-368.890015	76.213615
4360.533333	-368.883759	76.257324
4360.600000	-368.835297	76.223557
4360.666667	-368.830231	76.223114
4360.733333	-368.798615	76.178154
4360.800000	-368.761017	76.249359
4360.866667	-368.733734	76.247261
4360.933333	-368.719910	76.298538
4361.000000	-368.675171	76.279930
4361.066667	-368.633514	76.286461
4361.133333	-368.623901	76.351982
4361.200000	-368.601227	76.373627
4361.266667	-368.610107	76.358253
4361.333333	-368.579010	76.360344
4361.400000	-368.521332	76.335922
4361.466667	-368.513092	76.342239
4361.533333	-368.476227	76.307838
4361.600000	-368.438416	76.363945
4361.666667	-368.413574	76.375778
4361.733333	-368.386475	76.347260
4361.800000	-368.327911	76.364677
4361.866667	-368.329285	76.378807
4361.933333	-368.303802	76.421944
4362.000000	-368.266602	76.342369
4362.066667	-368.209381	76.368530
4362.133333	-368.197784	76.324173
4362.200000	-368.130310	76.397186
4362.266667	-368.116119	76.385727
4362.333333	-368.053406	76.360855
4362.400000	-368.026001	76.343239
4362.466667	-367.986450	76.339432
4362.533333	-367.956573	76.351067
4362.600000	-367.910034	76.395737
4362.666667	-367.901581	76.403732
4362.733333	-367.891693	76.344528
4362.800000	-367.845154	76.414711
4362.866667	-367.808350	76.323151
4362.933333	-367.789825	76.438606
4363.000000	-367.749847	76.405602
4363.066667	-367.761658	76.449165
4363.133333	-367.736816	76.493355
4363.200000	-367.711548	76.491806
4363.266667	-367.688934	76.487854
4363.333333	-367.660736	76.521111
4363.400000	-367.638855	76.540062
4363.466667	-367.534821	76.530319
4363.533333	-367.523285	76.532578
4363.600000	-367.451721	76.487282
4363.666667	-367.461273	76.571449
4363.733333	-367.460236	76.570816
4363.800000	-367.389984	76.586235
4363.866667	-367.362671	76.608994
4363.933333	-367.334076	76.560616
4364.000000	-367.303619	76.554321
4364.066667	-367.271637	76.597908
4364.133333	-367.255920	76.507935
4364.200000	-367.233002	76.558594
4364.266667	-367.184998	76.602577
4364.333333	-367.170471	76.534065
4364.400000	-367.123138	76.539032
4364.466667	-367.090729	76.541817
4364.533333	-367.077423	76.586739
4364.600000	-367.053406	76.588501
4364.666667	-367.006744	76.496696
4364.733333	-366.976990	76.529747
4364.800000	-366.941101	76.516739
4364.866667	-366.913544	76.560654
4364.933333	-366.859711	76.578667
4365.000000	-366.826599	76.517708
4365.066667	-366.805695	76.546257
4365.133333	-366.762299	76.537209
4365.200000	-366.759949	76.579514
4365.266667	-366.725220	76.538071
4365.333333	-366.679535	76.561012
4365.400000	-366.665741	76.625160
4365.466667	-366.617950	76.574890
4365.533333	-366.593872	76.620651
4365.600000	-366.603882	76.558929
4365.666667	-366.560150	76.560013
4365.733333	-366.510071	76.587357
4365.800000	-366.497955	76.607674
4365.866667	-366.473328	76.626968
4365.933333	-366.459839	76.649002
4366.000000	-366.411346	76.625870
4366.066667	-366.383484	76.624329
4366.133333	-366.376007	76.562416
4366.200000	-366.321838	76.645462
4366.266667	-366.282104	76.574265
4366.333333	-366.279755	76.645180
4366.400000	-366.223572	76.612694
4366.466667	-366.190002	76.596107
4366.533333	-366.171082	76.639587
4366.600000	-366.113647	76.521255
4366.666667	-366.091522	76.546219
4366.733333	-366.059631	76.457542
4366.800000	-366.033875	76.470795
4366.866667	-366.035339	76.507622
4366.933333	-366.019653	76.504150
4367.000000	-365.984253	76.504150
4367.066667	-365.946136	76.503387
4367.133333	-365.880280	76.541969
4367.200000	-365.890259	76.544800
4367.266667	-365.821960	76.501038
4367.333333	-365.798279	76.533264
4367.400000	-365.818207	76.503670
4367.466667	-365.717773	76.590515
4367.533333	-365.697601	76.560730
4367.600000	-365.658112	76.581757
4367.666667	-365.622925	76.569061
4367.733333	-365.602386	76.621880
4367.800000	-365.582062	76.616035
4367.866667	-365.547760	76.629570
4367.933333	-365.526306	76.597458
4368.000000	-365.468628	76.602432
4368.066667	-365.468201	76.542839
4368.133333	-365.432343	76.547249
4368.200000	-365.408661	76.581421
4368.266667	-365.356995	76.502754
4368.333333	-365.327026	76.543617
4368.400000	-365.335144	76.541695
4368.466667	-365.284973	76.571144
4368.533333	-365.247803	76.539948
4368.600000	-365.254456	76.580994
4368.666667	-365.235565	76.587173
4368.733333	-365.207581	76.539871
4368.800000	-365.144928	76.601654
4368.866667	-365.134064	76.540871
4368.933333	-365.068451	76.580353
4369.000000	-365.049408	76.610825
4369.066667	-365.030060	76.641357
4369.133333	-364.945953	76.655884
4369.200000	-364.966888	76.665138
4369.266667	-364.943512	76.682739
4369.333333	-364.913300	76.646652
4369.400000	-364.867706	76.657631
4369.466667	-364.834442	76.608040
4369.533333	-364.818481	76.640671
4369.600000	-364.766754	76.690521
4369.666667	-364.742920	76.696289
4369.733333	-364.706940	76.687027
4369.800000	-364.668365	76.758080
4369.866667	-364.655579	76.824066
4369.933333	-364.616455	76.761818
4370.000000	-364.600922	76.769150
4370.066667	-364.553894	76.758438
4370.133333	-364.553894	76.776070
4370.200000	-364.439331	76.738083
4370.266667	-364.445435	76.761818
4370.333333	-364.368835	76.725121
4370.400000	-364.370575	76.766747
4370.466667	-364.328766	76.722275
4370.533333	-364.299530	76.759308
4370.600000	-364.276794	76.775436
4370.666667	-364.230072	76.786873
4370.733333	-364.206635	76.764404
4370.800000	-364.162933	76.775589
4370.866667	-364.132202	76.757408
4370.933333	-364.105927	76.781303
4371.000000	-364.071381	76.770493
4371.066667	-364.054047	76.791122
4371.133333	-364.004456	76.771935
4371.200000	-363.979340	76.786758
4371.266667	-363.933685	76.785294
4371.333333	-363.879669	76.796104
4371.400000	-363.890503	76.814888
4371.466667	-363.899292	76.873322
4371.533333	-363.863586	76.856339
4371.600000	-363.858551	76.829552
4371.666667	-363.829315	76.883148
4371.733333	-363.789917	76.909973
4371.800000	-363.808685	76.911034
4371.866667	-363.766632	76.938713
4371.933333	-363.727692	76.957260
4372.000000	-363.687134	76.936691
4372.066667	-363.658661	76.996498
4372.133333	-363.587555	76.936234
4372.200000	-363.531281	76.990517
4372.266667	-363.491364	76.912460
4372.333333	-363.473663	76.982544
4372.400000	-363.458771	76.976288
4372.466667	-363.434204	76.973602
4372.533333	-363.360077	76.946976
4372.600000	-363.351501	76.954758
4372.666667	-363.331055	76.966171
4372.733333	-363.265503	76.930954
4372.800000	-363.212677	76.984612
4372.866667	-363.192596	76.945419
4372.933333	-363.192474	76.916122
4373.000000	-363.149261	76.968964
4373.066667	-363.112885	76.935326
4373.133333	-363.108948	76.927719
4373.200000	-363.091309	77.015488
4373.266667	-363.078979	76.942001
4373.333333	-363.043762	76.970177
4373.400000	-363.027130	77.047928
4373.466667	-363.007904	76.990631
4373.533333	-362.952881	76.944412
4373.600000	-362.920013	76.992844
4373.666667	-362.870239	76.958000
4373.733333	-362.820282	77.060585
4373.800000	-362.797577	77.018372
4373.866667	-362.745056	77.012016
4373.933333	-362.724518	77.081161
4374.000000	-362.701874	77.050468
4374.066667	-362.715057	77.104790
4374.133333	-362.672150	77.085327
4374.200000	-362.626587	77.064064
4374.266667	-362.571198	77.109993
4374.333333	-362.552399	77.058075
4374.400000	-362.524109	77.061432
4374.466667	-362.513275	77.004173
4374.533333	-362.479004	77.053802
4374.600000	-362.451874	77.037781
4374.666667	-362.446899	77.013794
4374.733333	-362.404083	77.032204
4374.800000	-362.384277	77.047249
4374.866667	-362.364777	77.011345
4374.933333	-362.297455	76.999573
4375.000000	-362.263062	77.006287
4375.066667	-362.222321	77.011162
4375.133333	-362.180206	77.055847
4375.200000	-362.191528	76.991875
4375.266667	-362.136475	77.056870
4375.333333	-362.115326	77.005127
4375.400000	-362.092865	77.036766
4375.466667	-362.092865	77.036766
4375.533333	-362.027283	77.044601
4375.600000	-362.034943	77.034477
4375.666667	-361.980438	77.047531
4375.733333	-361.980347	77.058731
4375.800000	-361.933685	77.034851
4375.866667	-361.933685	77.034851
4375.933333	-361.880676	77.035469
4376.000000	-361.842010	77.048721
4376.066667	-361.829376	77.079536
4376.133333	-361.805847	77.102890
4376.200000	-361.732269	77.088242
4376.266667	-361.732269	77.088242
4376.333333	-361.741913	77.119179
4376.400000	-361.710358	77.092041
4376.466667	-361.654236	77.053619
4376.533333	-361.667419	77.137650
4376.600000	-361.611450	77.096123
4376.666667	-361.589417	77.174744
4376.733333	-361.589417	77.174744
4376.800000	-361.551117	77.081619
4376.866667	-361.559174	77.138718
4376.933333	-361.509216	77.104897
4377.000000	-361.492157	77.163071
4377.066667	-361.406158	77.108589
4377.133333	-361.406158	77.108589
4377.200000	-361.423523	77.132286
4377.266667	-361.382172	77.078697
4377.333333	-361.366028	77.111420
4377.400000	-361.317932	77.162659
4377.466667	-361.274841	77.126747
4377.533333	-361.274841	77.126747
4377.600000	-361.263550	77.137131
4377.666667	-361.241669	77.121658
4377.733333	-361.170105	77.177292
4377.800000	-361.124298	77.159637
4377.866667	-361.126709	77.163399
4377.933333	-361.126709	77.163399
4378.000000	-361.111511	77.203102
4378.066667	-361.078827	77.183533
4378.133333	-361.066986	77.169823
4378.200000	-361.020721	77.168991
4378.266667	-361.006287	77.185120
4378.333333	-361.001648	77.177696
4378.400000	-361.001648	77.177696
4378.466667	-360.954102	77.130806
4378.533333	-360.930084	77.149643
4378.600000	-360.912811	77.195770
4378.666667	-360.818481	77.193695
4378.733333	-360.812378	77.140831
4378.800000	-360.812378	77.140831
4378.866667	-360.775177	77.223419
4378.933333	-360.736847	77.214775
4379.000000	-360.704041	77.190575
4379.066667	-360.706329	77.178787
4379.133333	-360.690887	77.220566
4379.200000	-360.690887	77.220566
4379.266667	-360.657837	77.185928
4379.333333	-360.664917	77.176178
4379.400000	-360.643372	77.163284
4379.466667	-360.584656	77.120491
4379.533333	-360.539368	77.193184
4379.600000	-360.539062	77.216324
4379.666667	-360.539062	77.216324
4379.733333	-360.508728	77.112198
4379.800000	-360.472168	77.142769
4379.866667	-360.434235	77.205597
4379.933333	-360.411713	77.208374
4380.000000	-360.374481	77.192841
