14760.066667	-407.316986	71.029083
14760.133333	-407.404541	70.985634
14760.200000	-407.399017	70.985191
14760.266667	-407.237610	71.031021
14760.333333	-407.264832	71.007668
14760.400000	-407.206757	70.988075
14760.466667	-407.200104	71.056976
14760.533333	-407.172607	71.006783
14760.600000	-407.162659	71.067360
14760.666667	-407.144318	71.033806
14760.733333	-407.153412	71.007965
14760.800000	-407.151947	71.007965
14760.866667	-407.112152	71.055534
14760.933333	-407.076111	71.048630
14761.000000	-407.065063	71.083145
14761.066667	-407.064178	71.056221
14761.133333	-406.977448	71.108101
14761.200000	-407.032288	71.115822
14761.266667	-406.998230	71.127640
14761.333333	-406.980042	71.082062
14761.400000	-406.970306	71.140739
14761.466667	-407.003571	71.061478
14761.533333	-406.893311	71.134987
14761.600000	-406.874207	71.160301
14761.666667	-406.884583	71.117249
14761.733333	-406.875732	71.139816
14761.800000	-406.777802	71.168945
14761.866667	-406.777802	71.168945
14761.933333	-406.711334	71.150467
14762.000000	-406.760590	71.103966
14762.066667	-406.694000	71.122856
14762.133333	-406.684265	71.072701
14762.200000	-406.676941	71.097656
14762.266667	-406.676941	71.097656
14762.333333	-406.678528	71.004555
14762.400000	-406.609497	71.129234
14762.466667	-406.655151	70.969177
14762.533333	-406.616089	71.034653
14762.600000	-406.542511	71.035149
14762.666667	-406.542511	71.035149
14762.733333	-406.512207	71.041527
14762.800000	-406.456299	71.101227
14762.866667	-406.420441	71.117592
14762.933333	-406.402405	71.144997
14763.000000	-406.344299	71.130951
14763.066667	-406.342346	71.164703
14763.133333	-406.342346	71.164703
14763.200000	-406.389069	71.122803
14763.266667	-406.338409	71.170692
14763.333333	-406.297760	71.223160
14763.400000	-406.271423	71.229172
14763.466667	-406.215729	71.237381
14763.533333	-406.215729	71.237381
14763.600000	-406.260315	71.200607
14763.666667	-406.190399	71.239441
14763.733333	-406.125641	71.261955
14763.800000	-406.163330	71.209534
14763.866667	-406.110260	71.272690
14763.933333	-406.110260	71.272690
14764.000000	-406.081421	71.240662
14764.066667	-406.059967	71.219162
14764.133333	-406.044525	71.259705
14764.200000	-406.018646	71.271851
14764.266667	-405.963623	71.241463
14764.333333	-405.923553	71.228638
14764.400000	-405.923553	71.228638
14764.466667	-405.923035	71.155182
14764.533333	-405.929321	71.129265
14764.600000	-405.958740	71.137306
14764.666667	-405.850769	71.174377
14764.733333	-405.880249	71.162903
14764.800000	-405.880249	71.162903
14764.866667	-405.780670	71.141838
14764.933333	-405.792938	71.135406
14765.000000	-405.715973	71.206535
14765.066667	-405.692078	71.230705
14765.133333	-405.702484	71.213745
14765.200000	-405.702484	71.213745
14765.266667	-405.716797	71.213081
14765.333333	-405.636200	71.192551
14765.400000	-405.583191	71.279884
14765.466667	-405.606506	71.290764
14765.533333	-405.601135	71.287750
14765.600000	-405.601135	71.287750
14765.666667	-405.548706	71.298325
14765.733333	-405.573792	71.303574
14765.800000	-405.480072	71.342476
14765.866667	-405.484222	71.334564
14765.933333	-405.505524	71.298531
14766.000000	-405.439514	71.336761
14766.066667	-405.439514	71.336761
14766.133333	-405.393005	71.316956
14766.200000	-405.385712	71.289093
14766.266667	-405.352112	71.276062
14766.333333	-405.327667	71.299644
14766.400000	-405.259827	71.343979
14766.466667	-405.259827	71.343979
14766.533333	-405.286499	71.248772
14766.600000	-405.196716	71.284950
14766.666667	-405.201263	71.283424
14766.733333	-405.200623	71.230515
14766.800000	-405.172668	71.284187
14766.866667	-405.172668	71.284187
14766.933333	-405.151978	71.277588
14767.000000	-405.104462	71.283531
14767.066667	-405.046753	71.293770
14767.133333	-405.076263	71.328072
14767.200000	-405.087830	71.266624
14767.266667	-405.087830	71.266624
14767.333333	-405.048218	71.340813
14767.400000	-405.018127	71.303696
14767.466667	-405.026184	71.340813
14767.533333	-404.982330	71.339508
14767.600000	-404.961548	71.347885
14767.666667	-404.924835	71.397850
14767.733333	-404.924835	71.397850
14767.800000	-404.928741	71.379295
14767.866667	-404.853119	71.408340
14767.933333	-404.906403	71.389526
14768.000000	-404.858582	71.401093
14768.066667	-404.874084	71.352921
14768.133333	-404.874084	71.352921
14768.200000	-404.767426	71.377319
14768.266667	-404.743683	71.388939
14768.333333	-404.734039	71.386406
14768.400000	-404.698334	71.412857
14768.466667	-404.758362	71.308167
14768.533333	-404.758362	71.308167
14768.600000	-404.642181	71.354774
14768.666667	-404.597046	71.355965
14768.733333	-404.623932	71.326149
14768.800000	-404.594208	71.325050
14768.866667	-404.576508	71.312508
14768.933333	-404.498718	71.357765
14769.000000	-404.571167	71.319427
14769.066667	-404.515106	71.312752
14769.133333	-404.492004	71.342262
14769.200000	-404.531403	71.320648
14769.266667	-404.491882	71.316956
14769.333333	-404.442902	71.373100
14769.400000	-404.449310	71.341820
14769.466667	-404.401550	71.444809
14769.533333	-404.416473	71.397957
14769.600000	-404.371704	71.477119
14769.666667	-404.309998	71.475273
14769.733333	-404.357361	71.466896
14769.800000	-404.267029	71.500320
14769.866667	-404.292755	71.458511
14769.933333	-404.321808	71.466698
14770.000000	-404.263824	71.526192
14770.066667	-404.244202	71.467094
14770.133333	-404.252106	71.475029
14770.200000	-404.163269	71.513794
14770.266667	-404.183228	71.490295
14770.333333	-404.180939	71.481926
14770.400000	-404.216644	71.430695
14770.466667	-404.133392	71.444016
14770.533333	-404.124634	71.472542
14770.600000	-404.138763	71.409370
14770.666667	-404.080444	71.408707
14770.733333	-404.058472	71.420700
14770.800000	-404.055817	71.425766
14770.866667	-404.003510	71.429024
14770.933333	-403.977722	71.425522
14771.000000	-404.030518	71.384705
14771.066667	-403.932587	71.462517
14771.133333	-403.862061	71.472832
14771.200000	-403.933472	71.397667
14771.266667	-403.863892	71.453995
14771.333333	-403.828400	71.466255
14771.400000	-403.894012	71.469803
14771.466667	-403.768982	71.531319
14771.533333	-403.794128	71.479546
14771.600000	-403.771667	71.524757
14771.666667	-403.846375	71.500450
14771.733333	-403.752930	71.555473
14771.800000	-403.766022	71.521629
14771.866667	-403.773712	71.508705
14771.933333	-403.700256	71.546516
14772.000000	-403.698547	71.544815
14772.066667	-403.734589	71.520302
14772.133333	-403.679474	71.581398
14772.200000	-403.691528	71.566803
14772.266667	-403.692871	71.522789
14772.333333	-403.669617	71.582275
14772.400000	-403.640198	71.584801
14772.466667	-403.605957	71.552719
14772.533333	-403.608032	71.483208
14772.600000	-403.618866	71.553909
14772.666667	-403.560547	71.532730
14772.733333	-403.510651	71.583885
14772.800000	-403.595978	71.462700
14772.866667	-403.509857	71.444794
14772.933333	-403.574005	71.422325
14773.000000	-403.431427	71.530045
14773.066667	-403.449951	71.452866
14773.133333	-403.523956	71.425697
14773.200000	-403.418640	71.506973
14773.266667	-403.346588	71.506088
14773.333333	-403.367737	71.505180
14773.400000	-403.340790	71.510620
14773.466667	-403.360199	71.544945
14773.533333	-403.316101	71.547859
14773.600000	-403.295013	71.567505
14773.666667	-403.262543	71.553909
14773.733333	-403.277618	71.552933
14773.800000	-403.231750	71.606316
14773.866667	-403.171204	71.613121
14773.933333	-403.219238	71.580551
14774.000000	-403.200287	71.602448
14774.066667	-403.211914	71.614746
14774.133333	-403.180176	71.622429
14774.200000	-403.257538	71.543114
14774.266667	-403.195587	71.631622
14774.333333	-403.168427	71.578102
14774.400000	-403.166962	71.618423
14774.466667	-403.128845	71.621262
14774.533333	-403.115997	71.642166
14774.600000	-403.104370	71.570663
14774.666667	-403.035217	71.595367
14774.733333	-403.042480	71.583794
14774.800000	-403.045074	71.564072
14774.866667	-403.060974	71.558426
14774.933333	-403.042725	71.505623
14775.000000	-402.961151	71.542252
14775.066667	-402.997314	71.542664
14775.133333	-402.907593	71.527817
14775.200000	-402.912170	71.569130
14775.266667	-402.933105	71.524551
14775.333333	-402.892883	71.542252
14775.400000	-402.880402	71.519608
14775.466667	-402.831757	71.550217
14775.533333	-402.692017	71.635597
14775.600000	-402.857391	71.553329
14775.666667	-402.780060	71.528923
14775.733333	-402.804596	71.589088
14775.800000	-402.753479	71.626488
14775.866667	-402.681244	71.645958
14775.933333	-402.692841	71.634369
14776.000000	-402.586426	71.726913
14776.066667	-402.632507	71.744110
14776.133333	-402.633484	71.691414
14776.200000	-402.618378	71.647270
14776.266667	-402.600769	71.671181
14776.333333	-402.597931	71.701134
14776.400000	-402.606049	71.706955
14776.466667	-402.581604	71.672928
14776.533333	-402.547638	71.679581
14776.600000	-402.572723	71.628761
14776.666667	-402.566925	71.697693
14776.733333	-402.547760	71.680481
14776.800000	-402.491364	71.606956
14776.866667	-402.471069	71.703667
14776.933333	-402.464111	71.645081
14777.000000	-402.471771	71.592278
14777.066667	-402.407196	71.635330
14777.133333	-402.470978	71.570534
14777.200000	-402.382599	71.611687
14777.266667	-402.371643	71.615341
14777.333333	-402.312531	71.648750
14777.400000	-402.278015	71.583397
14777.466667	-402.270508	71.643768
14777.533333	-402.329346	71.610229
14777.600000	-402.316162	71.540649
14777.666667	-402.228729	71.642975
14777.733333	-402.284119	71.546959
14777.800000	-402.261993	71.580696
14777.866667	-402.227631	71.621323
14777.933333	-402.210297	71.661743
14778.000000	-402.206482	71.665558
14778.066667	-402.147369	71.703712
14778.133333	-402.141846	71.728546
14778.200000	-402.152435	71.701431
14778.266667	-402.115326	71.711220
14778.333333	-402.151154	71.703194
14778.400000	-402.112640	71.741440
14778.466667	-402.092285	71.726578
14778.533333	-402.034607	71.749733
14778.600000	-402.021271	71.726578
14778.666667	-402.050079	71.698189
14778.733333	-402.004395	71.754211
14778.800000	-402.051971	71.685692
14778.866667	-402.006775	71.647530
14778.933333	-402.001770	71.674599
14779.000000	-401.948975	71.680817
14779.066667	-401.903168	71.645645
14779.133333	-401.937744	71.661469
14779.200000	-401.864777	71.629326
14779.266667	-401.832977	71.687363
14779.333333	-401.845978	71.677002
14779.400000	-401.868622	71.632370
14779.466667	-401.752533	71.676315
14779.533333	-401.795044	71.637680
14779.600000	-401.742920	71.703537
14779.666667	-401.690308	71.687637
14779.733333	-401.694916	71.703537
14779.800000	-401.746887	71.706230
14779.866667	-401.643646	71.747917
14779.933333	-401.631989	71.794579
14780.000000	-401.640991	71.755859
14780.066667	-401.648193	71.778717
14780.133333	-401.638763	71.709564
14780.200000	-401.670105	71.737900
14780.266667	-401.617279	71.794167
14780.333333	-401.631989	71.788750
14780.400000	-401.551575	71.811920
14780.466667	-401.576202	71.770218
14780.533333	-401.550964	71.820442
14780.600000	-401.525024	71.844147
14780.666667	-401.556580	71.794456
14780.733333	-401.504517	71.806717
14780.800000	-401.480133	71.807693
14780.866667	-401.540771	71.747581
14780.933333	-401.481049	71.777214
14781.000000	-401.480133	71.713028
14781.066667	-401.423157	71.752739
14781.133333	-401.409393	71.764534
14781.200000	-401.416168	71.732361
14781.266667	-401.432037	71.709435
14781.333333	-401.328278	71.778786
14781.400000	-401.336639	71.772171
14781.466667	-401.276978	71.766296
14781.533333	-401.265839	71.741310
14781.600000	-401.272797	71.730415
14781.666667	-401.164978	71.820068
14781.733333	-401.234192	71.751534
14781.800000	-401.261322	71.719254
14781.866667	-401.236572	71.739662
14781.933333	-401.175720	71.782509
14782.000000	-401.215637	71.773743
14782.066667	-401.173859	71.801109
14782.133333	-401.124329	71.861534
14782.200000	-401.116913	71.801895
14782.266667	-401.170288	71.805290
14782.333333	-401.176605	71.757286
14782.400000	-401.107758	71.795273
14782.466667	-401.194489	71.782913
14782.533333	-401.109436	71.878227
14782.600000	-401.116760	71.801651
14782.666667	-401.095734	71.817856
14782.733333	-401.049286	71.879173
14782.800000	-401.081665	71.809441
14782.866667	-401.026093	71.840538
14782.933333	-400.912537	71.893745
14783.000000	-400.942963	71.856483
14783.066667	-400.985535	71.819283
14783.133333	-400.993256	71.825081
14783.200000	-400.947510	71.795937
14783.266667	-400.974518	71.834015
14783.333333	-400.919952	71.803925
14783.400000	-400.864594	71.755829
14783.466667	-400.844604	71.820465
14783.533333	-400.877533	71.806244
14783.600000	-400.885742	71.724800
14783.666667	-400.848297	71.752876
14783.733333	-400.751465	71.871063
14783.800000	-400.846436	71.795532
14783.866667	-400.744080	71.810028
14783.933333	-400.760864	71.814133
14784.000000	-400.726593	71.786812
14784.066667	-400.743042	71.821533
14784.133333	-400.708801	71.822746
14784.200000	-400.665588	71.876541
14784.266667	-400.686890	71.827919
14784.333333	-400.692200	71.822601
14784.400000	-400.698395	71.834404
14784.466667	-400.626587	71.918343
14784.533333	-400.646667	71.910896
14784.600000	-400.631165	71.921577
14784.666667	-400.653534	71.844078
14784.733333	-400.609619	71.857788
14784.800000	-400.641418	71.907394
14784.866667	-400.572266	71.922867
14784.933333	-400.598541	71.880219
14785.000000	-400.624268	71.828583
14785.066667	-400.580719	71.860603
14785.133333	-400.449402	71.990295
14785.200000	-400.470612	71.935577
14785.266667	-400.577332	71.773468
14785.333333	-400.552124	71.849197
14785.400000	-400.424835	71.896347
14785.466667	-400.441162	71.835983
14785.533333	-400.400391	71.866470
14785.600000	-400.385803	71.822884
14785.666667	-400.421356	71.793129
14785.733333	-400.274841	71.950394
14785.800000	-400.325073	71.855125
14785.866667	-400.299408	71.855850
14785.933333	-400.258575	71.930786
14786.000000	-400.202545	71.908508
14786.066667	-400.315979	71.850967
14786.133333	-400.319427	71.837189
14786.200000	-400.222015	71.906921
14786.266667	-400.238495	71.914688
14786.333333	-400.149567	71.942955
14786.400000	-400.203583	71.899399
14786.466667	-400.148834	71.975929
14786.533333	-400.107422	71.977318
14786.600000	-400.130005	71.983582
14786.666667	-400.156311	71.963303
14786.733333	-400.158020	71.944519
14786.800000	-400.096313	71.998314
14786.866667	-400.132874	71.986191
14786.933333	-400.087128	71.983513
14787.000000	-400.109528	71.995369
14787.066667	-400.015076	72.041962
14787.133333	-400.073151	71.969803
14787.200000	-400.070740	71.957687
14787.266667	-400.068817	71.961868
14787.333333	-400.075317	71.877899
14787.400000	-400.023865	71.943550
14787.466667	-400.045502	71.898590
14787.533333	-400.063477	71.892578
14787.600000	-399.984863	71.923698
14787.666667	-399.989502	71.880295
14787.733333	-399.974335	71.922791
14787.800000	-399.902740	71.896751
14787.866667	-399.903778	71.924393
14787.933333	-399.916748	71.915390
14788.000000	-399.889374	71.898743
14788.066667	-399.886902	71.922623
14788.133333	-399.874054	71.892212
14788.200000	-399.858551	71.891762
14788.266667	-399.843384	71.939186
14788.333333	-399.817719	71.931854
14788.400000	-399.807434	71.971527
14788.466667	-399.750885	71.995636
14788.533333	-399.814392	71.951126
14788.600000	-399.732361	71.983818
14788.666667	-399.779755	72.017029
14788.733333	-399.784180	72.012596
14788.800000	-399.707031	72.067085
14788.866667	-399.742310	72.073822
14788.933333	-399.730286	72.026031
14789.000000	-399.723480	72.020210
14789.066667	-399.692291	72.070366
14789.133333	-399.674683	72.054337
14789.200000	-399.709106	72.013321
14789.266667	-399.664825	72.028984
14789.333333	-399.703125	72.009163
14789.400000	-399.639465	72.011803
14789.466667	-399.632019	71.994865
14789.533333	-399.596436	72.015137
14789.600000	-399.548035	72.038948
14789.666667	-399.586090	71.994308
14789.733333	-399.528564	72.007637
14789.800000	-399.581757	71.961143
14789.866667	-399.568787	71.899132
14789.933333	-399.481232	71.991516
14790.000000	-399.498962	71.987907
14790.066667	-399.474762	72.025925
14790.133333	-399.493805	71.955376
14790.200000	-399.431549	71.994682
14790.266667	-399.434052	71.988960
14790.333333	-399.426666	71.980095
14790.400000	-399.418182	72.024376
14790.466667	-399.409393	72.007050
14790.533333	-399.442810	71.993050
14790.600000	-399.408813	71.997147
14790.666667	-399.396484	72.054291
14790.733333	-399.427521	71.969139
14790.800000	-399.368896	72.036217
14790.866667	-399.398560	72.018173
14790.933333	-399.345642	72.099464
14791.000000	-399.305664	72.076393
14791.066667	-399.336334	72.069870
14791.133333	-399.361694	72.047668
14791.200000	-399.266418	72.127701
14791.266667	-399.373505	71.983192
14791.333333	-399.329834	72.070480
14791.400000	-399.282990	72.050636
14791.466667	-399.212433	72.088821
14791.533333	-399.232300	72.112587
14791.600000	-399.210327	72.031799
14791.666667	-399.259338	71.967674
14791.733333	-399.162598	72.038353
14791.800000	-399.200897	72.015686
14791.866667	-399.250061	72.006966
14791.933333	-399.124939	72.052238
14792.000000	-399.155884	72.042198
14792.066667	-399.127228	72.007500
14792.133333	-399.137451	72.006966
14792.200000	-399.141327	72.020149
14792.266667	-399.018555	72.100227
14792.333333	-399.050232	72.047394
14792.400000	-399.043274	72.036972
14792.466667	-399.088623	72.035286
14792.533333	-399.096985	71.986771
14792.600000	-399.104889	72.012962
14792.666667	-399.068787	72.033607
14792.733333	-399.022522	72.118408
14792.800000	-398.938202	72.128250
14792.866667	-398.946625	72.089211
14792.933333	-398.981689	72.116402
14793.000000	-398.974640	72.126976
14793.066667	-398.980286	72.094887
14793.133333	-398.942932	72.116402
14793.200000	-398.942932	72.146362
14793.266667	-398.971741	72.150208
14793.333333	-398.924438	72.119637
14793.400000	-398.912231	72.115128
14793.466667	-398.945099	72.112747
14793.533333	-398.858612	72.109688
14793.600000	-398.839508	72.098007
14793.666667	-398.794525	72.140442
14793.733333	-398.787262	72.116623
14793.800000	-398.853821	72.097244
14793.866667	-398.827118	72.083214
14793.933333	-398.819061	72.059837
14794.000000	-398.809052	72.062805
14794.066667	-398.856934	72.028320
14794.133333	-398.765594	72.067894
14794.200000	-398.750580	72.062981
14794.266667	-398.779266	72.026482
14794.333333	-398.749268	72.017448
14794.400000	-398.759888	72.022888
14794.466667	-398.741974	72.056335
14794.533333	-398.790710	72.017868
14794.600000	-398.701874	72.080582
14794.666667	-398.700623	72.044434
14794.733333	-398.652405	72.125092
14794.800000	-398.733063	72.015366
14794.866667	-398.670746	72.099571
14794.933333	-398.738495	72.001488
14795.000000	-398.641632	72.076653
14795.066667	-398.641632	72.076653
14795.133333	-398.586945	72.108521
14795.200000	-398.527527	72.198456
14795.266667	-398.681244	72.124252
14795.333333	-398.621735	72.094521
14795.400000	-398.557312	72.180702
14795.466667	-398.557312	72.180702
14795.533333	-398.504333	72.158897
14795.600000	-398.454041	72.192795
14795.666667	-398.444397	72.222443
14795.733333	-398.478638	72.163544
14795.800000	-398.483765	72.160973
14795.866667	-398.483765	72.160973
14795.933333	-398.485565	72.085625
14796.000000	-398.396271	72.122963
14796.066667	-398.397217	72.173836
14796.133333	-398.387543	72.103477
14796.200000	-398.404602	72.058678
14796.266667	-398.321381	72.145744
14796.333333	-398.321381	72.145744
14796.400000	-398.358185	72.125092
14796.466667	-398.359039	72.089478
14796.533333	-398.321594	72.158806
14796.600000	-398.314758	72.113472
14796.666667	-398.268707	72.160973
14796.733333	-398.306152	72.116043
14796.800000	-398.306152	72.116043
14796.866667	-398.327698	72.098343
14796.933333	-398.334869	72.105728
14797.000000	-398.166534	72.229332
14797.066667	-398.285614	72.107635
14797.133333	-398.260132	72.152359
14797.200000	-398.260132	72.152359
14797.266667	-398.196228	72.170441
14797.333333	-398.231842	72.212250
14797.400000	-398.135986	72.214279
14797.466667	-398.112274	72.240608
14797.533333	-398.148010	72.178482
14797.600000	-398.180786	72.198792
14797.666667	-398.180786	72.198792
14797.733333	-398.163483	72.228790
14797.800000	-398.084045	72.223412
14797.866667	-398.078796	72.209091
14797.933333	-398.072876	72.165756
14798.000000	-398.040894	72.167328
14798.066667	-398.040894	72.167328
14798.133333	-398.027313	72.179420
14798.200000	-397.984283	72.139290
14798.266667	-397.963165	72.182495
14798.333333	-398.012970	72.117912
14798.400000	-398.000427	72.124847
14798.466667	-397.985229	72.107147
14798.533333	-397.985229	72.107147
14798.600000	-397.930298	72.145844
14798.666667	-397.985199	72.139442
14798.733333	-397.873932	72.187424
14798.800000	-397.940491	72.145844
14798.866667	-397.905853	72.151947
14798.933333	-397.905853	72.151947
14799.000000	-397.914001	72.176384
14799.066667	-397.892426	72.161537
14799.133333	-397.866943	72.195648
14799.200000	-397.890045	72.154739
14799.266667	-397.865356	72.228630
14799.333333	-397.865356	72.228630
14799.400000	-397.836517	72.212242
14799.466667	-397.887909	72.197876
14799.533333	-397.834503	72.229469
14799.600000	-397.816589	72.221420
14799.666667	-397.778290	72.222679
14799.733333	-397.778290	72.222679
14799.800000	-397.730072	72.252823
14799.866667	-397.719788	72.228188
14799.933333	-397.624359	72.307411
14800.000000	-397.788116	72.155449
14800.066667	-397.703094	72.240456
14800.133333	-397.683777	72.244324
14800.200000	-397.618652	72.222359
14800.266667	-397.635498	72.182495
14800.333333	-397.628448	72.220650
14800.400000	-397.667084	72.163780
14800.466667	-397.598572	72.168617
14800.533333	-397.517975	72.227707
14800.600000	-397.609375	72.203476
14800.666667	-397.584900	72.154663
14800.733333	-397.589935	72.192924
14800.800000	-397.485077	72.267921
14800.866667	-397.525208	72.230087
14800.933333	-397.529175	72.243965
14801.000000	-397.486969	72.240768
14801.066667	-397.509491	72.214996
14801.133333	-397.477081	72.281029
14801.200000	-397.493988	72.221642
14801.266667	-397.476349	72.296005
14801.333333	-397.451843	72.321297
14801.400000	-397.471649	72.287117
14801.466667	-397.470490	72.288177
14801.533333	-397.448792	72.258308
14801.600000	-397.456299	72.292877
14801.666667	-397.408600	72.248802
14801.733333	-397.481903	72.214996
14801.800000	-397.428009	72.270485
14801.866667	-397.411377	72.317734
14801.933333	-397.400360	72.299072
14802.000000	-397.329620	72.289864
14802.066667	-397.362244	72.279442
14802.133333	-397.364807	72.223595
14802.200000	-397.297394	72.300346
14802.266667	-397.279999	72.263641
14802.333333	-397.233582	72.262611
14802.400000	-397.315338	72.222359
14802.466667	-397.262848	72.241302
14802.533333	-397.195862	72.259727
14802.600000	-397.245026	72.239723
14802.666667	-397.193024	72.285408
14802.733333	-397.162201	72.293007
14802.800000	-397.191864	72.300705
14802.866667	-397.201874	72.281097
14802.933333	-397.169495	72.265610
14803.000000	-397.164795	72.259201
14803.066667	-397.182007	72.200874
14803.133333	-397.125092	72.289879
14803.200000	-397.125092	72.293488
14803.266667	-397.114807	72.333191
14803.333333	-397.109222	72.301277
14803.400000	-397.070404	72.310677
14803.466667	-397.086182	72.315460
14803.533333	-397.096405	72.312408
14803.600000	-397.071136	72.379013
14803.666667	-397.073883	72.353973
14803.733333	-397.055389	72.341660
14803.800000	-397.066162	72.307358
14803.866667	-397.046173	72.336655
14803.933333	-397.040771	72.396194
14804.000000	-396.979767	72.365730
14804.066667	-397.004578	72.373825
14804.133333	-397.056091	72.268486
14804.200000	-396.975006	72.323196
14804.266667	-396.982574	72.345047
14804.333333	-396.993835	72.288414
14804.400000	-396.938782	72.305473
14804.466667	-396.989349	72.266991
14804.533333	-396.883362	72.314140
14804.600000	-396.943542	72.294464
14804.666667	-396.959198	72.192772
14804.733333	-396.829651	72.348778
14804.800000	-396.920105	72.204025
14804.866667	-396.890717	72.266403
14804.933333	-396.831390	72.321068
14805.000000	-396.830841	72.279182
14805.066667	-396.863556	72.228058
14805.133333	-396.753326	72.356651
14805.200000	-396.826752	72.298149
14805.266667	-396.741394	72.342270
14805.333333	-396.826752	72.334946
14805.400000	-396.751526	72.327774
14805.466667	-396.795624	72.334984
14805.533333	-396.779541	72.342377
14805.600000	-396.712860	72.398026
14805.666667	-396.731659	72.369286
14805.733333	-396.689087	72.400772
14805.800000	-396.712067	72.353531
14805.866667	-396.693359	72.424683
14805.933333	-396.711029	72.389816
14806.000000	-396.684052	72.345673
14806.066667	-396.675354	72.385284
14806.133333	-396.641510	72.380394
14806.200000	-396.603546	72.428841
14806.266667	-396.671661	72.355515
14806.333333	-396.595764	72.395676
14806.400000	-396.610352	72.322098
14806.466667	-396.616180	72.320557
14806.533333	-396.569336	72.413193
14806.600000	-396.548462	72.366066
14806.666667	-396.567841	72.309151
14806.733333	-396.553925	72.309448
14806.800000	-396.573059	72.290398
14806.866667	-396.527161	72.314697
14806.933333	-396.468170	72.340408
14807.000000	-396.464417	72.318581
14807.066667	-396.475372	72.321960
14807.133333	-396.440247	72.349831
14807.200000	-396.489166	72.298271
14807.266667	-396.433380	72.369720
14807.333333	-396.434875	72.301170
14807.400000	-396.427917	72.351791
14807.466667	-396.467438	72.315460
14807.533333	-396.408630	72.362068
14807.600000	-396.386963	72.365677
14807.666667	-396.410706	72.372192
14807.733333	-396.447937	72.322556
14807.800000	-396.363281	72.408539
14807.866667	-396.376129	72.418015
14807.933333	-396.392181	72.387512
14808.000000	-396.385895	72.408966
14808.066667	-396.404083	72.386688
14808.133333	-396.350281	72.430130
14808.200000	-396.331055	72.403999
14808.266667	-396.266052	72.470352
14808.333333	-396.341949	72.405815
14808.400000	-396.325623	72.420868
14808.466667	-396.306000	72.370644
14808.533333	-396.315033	72.417793
14808.600000	-396.238708	72.388664
14808.666667	-396.220856	72.408539
14808.733333	-396.285919	72.345825
14808.800000	-396.211914	72.385529
14808.866667	-396.177612	72.387329
14808.933333	-396.194336	72.316551
14809.000000	-396.122833	72.379700
14809.066667	-396.176697	72.336739
14809.133333	-396.168610	72.354851
14809.200000	-396.125275	72.349434
14809.266667	-396.099121	72.391640
14809.333333	-396.110840	72.353043
14809.400000	-396.114807	72.373871
14809.466667	-396.046417	72.444130
14809.533333	-396.020691	72.416031
14809.600000	-396.081879	72.411331
14809.666667	-396.053802	72.447830
14809.733333	-396.119202	72.382507
14809.800000	-395.994263	72.502388
14809.866667	-396.075623	72.421837
14809.933333	-396.070160	72.399353
14810.000000	-396.071716	72.435478
14810.066667	-395.983459	72.475021
14810.133333	-395.946625	72.519073
14810.200000	-395.896301	72.548721
14810.266667	-395.897430	72.632744
14810.333333	-395.955231	72.551064
14810.400000	-395.890259	72.520020
14810.466667	-395.917114	72.438492
14810.533333	-395.931610	72.518379
14810.600000	-396.024231	72.378578
14810.666667	-395.841614	72.469704
14810.733333	-395.920837	72.457603
14810.800000	-395.898956	72.458466
14810.866667	-395.851746	72.469078
14810.933333	-395.873535	72.431862
14811.000000	-395.812531	72.431862
14811.066667	-395.846619	72.372658
14811.133333	-395.747955	72.456978
14811.200000	-395.848114	72.367683
14811.266667	-395.853485	72.350609
14811.333333	-395.832916	72.401772
14811.400000	-395.774231	72.395241
14811.466667	-395.761169	72.422043
14811.533333	-395.798187	72.381630
14811.600000	-395.708801	72.440079
14811.666667	-395.771271	72.406746
14811.733333	-395.775085	72.437721
14811.800000	-395.733215	72.423264
14811.866667	-395.731659	72.493576
14811.933333	-395.764404	72.402473
14812.000000	-395.698303	72.475121
14812.066667	-395.729553	72.476311
14812.133333	-395.681030	72.543991
14812.200000	-395.685822	72.521782
14812.266667	-395.715820	72.506668
14812.333333	-395.666443	72.520020
14812.400000	-395.666962	72.526215
14812.466667	-395.542358	72.599533
14812.533333	-395.610016	72.562180
14812.600000	-395.641998	72.511665
14812.666667	-395.607849	72.521339
14812.733333	-395.599152	72.488243
14812.800000	-395.569489	72.544693
14812.866667	-395.592346	72.507774
14812.933333	-395.503143	72.569221
14813.000000	-395.511139	72.489265
14813.066667	-395.474152	72.504471
14813.133333	-395.563385	72.406784
14813.200000	-395.492950	72.471115
14813.266667	-395.490875	72.438171
14813.333333	-395.536011	72.454803
14813.400000	-395.507568	72.433083
14813.466667	-395.391479	72.498863
14813.533333	-395.428467	72.410294
14813.600000	-395.447571	72.460365
14813.666667	-395.369781	72.503693
14813.733333	-395.429962	72.505173
14813.800000	-395.338440	72.571411
14813.866667	-395.359406	72.533524
14813.933333	-395.302277	72.575005
14814.000000	-395.314667	72.582916
14814.066667	-395.329803	72.528831
14814.133333	-395.337616	72.595345
14814.200000	-395.257690	72.638062
14814.266667	-395.332489	72.578293
14814.333333	-395.333527	72.586143
14814.400000	-395.292542	72.574661
14814.466667	-395.334808	72.558784
14814.533333	-395.354279	72.545616
14814.600000	-395.360809	72.509613
14814.666667	-395.315613	72.535912
14814.733333	-395.297882	72.554085
14814.800000	-395.269836	72.537773
14814.866667	-395.287079	72.502045
14814.933333	-395.293060	72.539696
14815.000000	-395.263580	72.562820
14815.066667	-395.280548	72.518661
14815.133333	-395.193176	72.531143
14815.200000	-395.213226	72.528633
14815.266667	-395.237671	72.498589
14815.333333	-395.181488	72.486763
14815.400000	-395.199066	72.448967
14815.466667	-395.181824	72.494179
14815.533333	-395.211029	72.462090
14815.600000	-395.227692	72.417343
14815.666667	-395.164703	72.467140
14815.733333	-395.112427	72.459084
14815.800000	-395.198608	72.446442
14815.866667	-395.110626	72.470703
14815.933333	-395.127533	72.527878
14816.000000	-395.099213	72.573921
14816.066667	-395.149811	72.478302
14816.133333	-395.096161	72.520638
14816.200000	-395.090637	72.539017
14816.266667	-395.090637	72.539017
14816.333333	-395.145630	72.524986
14816.400000	-395.127502	72.562019
14816.466667	-395.103088	72.591255
14816.533333	-395.094635	72.540169
14816.600000	-394.990082	72.625160
14816.666667	-395.034760	72.579613
14816.733333	-395.072845	72.592819
14816.800000	-394.994781	72.634583
14816.866667	-395.000244	72.606499
14816.933333	-395.046936	72.607826
14817.000000	-394.927094	72.619881
14817.066667	-394.979797	72.573921
14817.133333	-395.015869	72.535980
14817.200000	-394.957031	72.564445
14817.266667	-394.949402	72.525642
14817.333333	-394.973999	72.571716
14817.400000	-394.941376	72.531708
14817.466667	-394.852356	72.587776
14817.533333	-394.973999	72.479263
14817.600000	-394.887512	72.558304
14817.666667	-394.916168	72.551254
14817.733333	-394.887512	72.502487
14817.800000	-394.940369	72.466499
14817.866667	-394.802032	72.566170
14817.933333	-394.881531	72.538429
14818.000000	-394.841858	72.540062
14818.066667	-394.893555	72.522263
14818.133333	-394.811218	72.571327
14818.200000	-394.929291	72.464813
14818.266667	-394.857910	72.618530
14818.333333	-394.784790	72.645279
14818.400000	-394.842407	72.647362
14818.466667	-394.839142	72.636436
14818.533333	-394.829681	72.673172
14818.600000	-394.835205	72.616203
14818.666667	-394.783966	72.643715
14818.733333	-394.829437	72.604080
14818.800000	-394.822296	72.614609
14818.866667	-394.804138	72.603714
14818.933333	-394.747437	72.652847
14819.000000	-394.786743	72.613304
14819.066667	-394.804230	72.598488
14819.133333	-394.816864	72.585854
14819.200000	-394.811310	72.595985
14819.266667	-394.758026	72.613182
14819.333333	-394.755493	72.569611
14819.400000	-394.761688	72.539017
14819.466667	-394.676941	72.548470
14819.533333	-394.686493	72.565842
14819.600000	-394.661652	72.562393
14819.666667	-394.685913	72.571793
14819.733333	-394.681519	72.612923
14819.800000	-394.668854	72.545410
14819.866667	-394.678009	72.559692
14819.933333	-394.664215	72.593140
14820.000000	-394.712067	72.516968
