13620.066667	-384.439453	73.715591
13620.133333	-384.432922	73.739265
13620.200000	-384.519806	73.714653
13620.266667	-384.460876	73.751419
13620.333333	-384.506714	73.756691
13620.400000	-384.516907	73.758270
13620.466667	-384.555145	73.801201
13620.533333	-384.536652	73.754883
13620.600000	-384.603180	73.791321
13620.666667	-384.616669	73.750969
13620.733333	-384.670288	73.752434
13620.800000	-384.672333	73.731781
13620.866667	-384.735626	73.712715
13620.933333	-384.684967	73.729164
13621.000000	-384.712372	73.733543
13621.066667	-384.750793	73.688194
13621.133333	-384.732056	73.709198
13621.200000	-384.793152	73.653320
13621.266667	-384.851776	73.608200
13621.333333	-384.842102	73.626083
13621.400000	-384.841461	73.637955
13621.466667	-384.808105	73.655815
13621.533333	-384.894012	73.556183
13621.600000	-384.851776	73.611923
13621.666667	-384.893341	73.583351
13621.733333	-384.971283	73.573990
13621.800000	-384.962433	73.634369
13621.866667	-384.968353	73.595795
13621.933333	-384.990479	73.644104
13622.000000	-385.005005	73.621506
13622.066667	-385.047668	73.608665
13622.133333	-385.043854	73.664223
13622.200000	-385.061676	73.670052
13622.266667	-385.088837	73.627907
13622.333333	-385.107971	73.667557
13622.400000	-385.131012	73.623970
13622.466667	-385.106354	73.713860
13622.533333	-385.173004	73.679634
13622.600000	-385.175507	73.706322
13622.666667	-385.165741	73.747772
13622.733333	-385.276337	73.659302
13622.800000	-385.221649	73.704025
13622.866667	-385.322449	73.649582
13622.933333	-385.287415	73.681442
13623.000000	-385.347351	73.660797
13623.066667	-385.380127	73.605721
13623.133333	-385.347168	73.652382
13623.200000	-385.338196	73.650864
13623.266667	-385.363861	73.663063
13623.333333	-385.375153	73.601997
13623.400000	-385.436859	73.583763
13623.466667	-385.399963	73.638802
13623.533333	-385.403687	73.583397
13623.600000	-385.460358	73.561638
13623.666667	-385.522278	73.478943
13623.733333	-385.554688	73.483162
13623.800000	-385.517792	73.570992
13623.866667	-385.597626	73.520805
13623.933333	-385.597626	73.520805
13624.000000	-385.605652	73.497421
13624.066667	-385.622009	73.548584
13624.133333	-385.649933	73.515747
13624.200000	-385.616119	73.597580
13624.266667	-385.649597	73.622055
13624.333333	-385.726379	73.611618
13624.400000	-385.726379	73.611618
13624.466667	-385.709351	73.633469
13624.533333	-385.794373	73.559830
13624.600000	-385.866943	73.556473
13624.666667	-385.835022	73.604317
13624.733333	-385.852966	73.603676
13624.800000	-385.852966	73.603676
13624.866667	-385.876221	73.658043
13624.933333	-385.922699	73.590233
13625.000000	-385.991760	73.531425
13625.066667	-385.937683	73.588562
13625.133333	-385.980103	73.554268
13625.200000	-385.980103	73.554268
13625.266667	-386.018372	73.571259
13625.333333	-385.999634	73.561256
13625.400000	-386.088318	73.506500
13625.466667	-386.098236	73.473007
13625.533333	-386.123566	73.496040
13625.600000	-386.123566	73.496040
13625.666667	-386.123047	73.470528
13625.733333	-386.193848	73.431801
13625.800000	-386.147003	73.464012
13625.866667	-386.242004	73.441559
13625.933333	-386.232178	73.493225
13626.000000	-386.237762	73.484398
13626.066667	-386.237762	73.484398
13626.133333	-386.232147	73.452110
13626.200000	-386.296478	73.456657
13626.266667	-386.381042	73.434990
13626.333333	-386.347412	73.495155
13626.400000	-386.396179	73.469383
13626.466667	-386.396179	73.469383
13626.533333	-386.448975	73.491806
13626.600000	-386.430237	73.504303
13626.666667	-386.482788	73.546371
13626.733333	-386.488159	73.532516
13626.800000	-386.527374	73.494972
13626.866667	-386.527374	73.494972
13626.933333	-386.590118	73.487442
13627.000000	-386.547943	73.542625
13627.066667	-386.596832	73.510216
13627.133333	-386.625702	73.518570
13627.200000	-386.646027	73.521164
13627.266667	-386.645264	73.507965
13627.333333	-386.645264	73.507965
13627.400000	-386.748291	73.480171
13627.466667	-386.707123	73.462158
13627.533333	-386.791107	73.449806
13627.600000	-386.794647	73.406960
13627.666667	-386.774689	73.447716
13627.733333	-386.774689	73.447716
13627.800000	-386.800507	73.418190
13627.866667	-386.852051	73.404663
13627.933333	-386.856689	73.401970
13628.000000	-386.878052	73.416000
13628.066667	-386.888702	73.409050
13628.133333	-386.888702	73.409050
13628.200000	-387.006042	73.343582
13628.266667	-386.962738	73.363861
13628.333333	-386.993561	73.408180
13628.400000	-386.994934	73.425102
13628.466667	-387.005280	73.434074
13628.533333	-387.031982	73.446106
13628.600000	-387.031982	73.446106
13628.666667	-387.079742	73.461243
13628.733333	-387.069244	73.503822
13628.800000	-387.138367	73.492767
13628.866667	-387.232513	73.399078
13628.933333	-387.258026	73.409050
13629.000000	-387.258026	73.409050
13629.066667	-387.308655	73.415222
13629.133333	-387.331543	73.443565
13629.200000	-387.396362	73.436226
13629.266667	-387.346497	73.417435
13629.333333	-387.371094	73.409233
13629.400000	-387.371094	73.409233
13629.466667	-387.396515	73.431023
13629.533333	-387.435272	73.425262
13629.600000	-387.491089	73.346504
13629.666667	-387.504730	73.317978
13629.733333	-387.431549	73.370064
13629.800000	-387.526550	73.337822
13629.866667	-387.526550	73.337822
13629.933333	-387.575348	73.282379
13630.000000	-387.548279	73.354698
13630.066667	-387.563293	73.342720
13630.133333	-387.527527	73.351761
13630.200000	-387.627686	73.332008
13630.266667	-387.627686	73.332008
13630.333333	-387.632202	73.339928
13630.400000	-387.725586	73.314857
13630.466667	-387.756653	73.259254
13630.533333	-387.741058	73.316467
13630.600000	-387.768433	73.369370
13630.666667	-387.768433	73.369370
13630.733333	-387.831726	73.352409
13630.800000	-387.829498	73.347992
13630.866667	-387.862762	73.372284
13630.933333	-387.925018	73.325058
13631.000000	-387.904327	73.389305
13631.066667	-387.911957	73.405075
13631.133333	-388.053894	73.325211
13631.200000	-387.988464	73.423210
13631.266667	-388.019287	73.333649
13631.333333	-388.086853	73.343582
13631.400000	-388.076508	73.339058
13631.466667	-388.065582	73.337402
13631.533333	-388.152222	73.259155
13631.600000	-388.105011	73.305573
13631.666667	-388.180725	73.301582
13631.733333	-388.172394	73.320869
13631.800000	-388.224548	73.253677
13631.866667	-388.144012	73.343941
13631.933333	-388.281067	73.239868
13632.000000	-388.340637	73.183670
13632.066667	-388.283173	73.251114
13632.133333	-388.358917	73.173309
13632.200000	-388.318512	73.180771
13632.266667	-388.386169	73.166008
13632.333333	-388.414795	73.191277
13632.400000	-388.413544	73.231026
13632.466667	-388.474518	73.163574
13632.533333	-388.411926	73.239899
13632.600000	-388.514313	73.213791
13632.666667	-388.535034	73.204140
13632.733333	-388.521637	73.244766
13632.800000	-388.605804	73.209846
13632.866667	-388.621155	73.238586
13632.933333	-388.668884	73.160484
13633.000000	-388.645142	73.231178
13633.066667	-388.686279	73.258530
13633.133333	-388.699493	73.236122
13633.200000	-388.698730	73.227394
13633.266667	-388.780731	73.238625
13633.333333	-388.769806	73.288208
13633.400000	-388.797241	73.272812
13633.466667	-388.797333	73.251526
13633.533333	-388.897736	73.187759
13633.600000	-388.890106	73.183945
13633.666667	-388.917206	73.207344
13633.733333	-388.897736	73.218277
13633.800000	-388.858154	73.251053
13633.866667	-388.987000	73.169571
13633.933333	-388.969208	73.164520
13634.000000	-389.042053	73.112389
13634.066667	-388.988098	73.166656
13634.133333	-389.072601	73.099579
13634.200000	-389.030060	73.150719
13634.266667	-389.088654	73.106110
13634.333333	-389.148407	73.051888
13634.400000	-389.180786	73.114166
13634.466667	-389.176819	73.100136
13634.533333	-389.214050	73.081841
13634.600000	-389.220398	73.127541
13634.666667	-389.288727	73.145844
13634.733333	-389.271942	73.097893
13634.800000	-389.265747	73.159859
13634.866667	-389.382690	73.132416
13634.933333	-389.329773	73.154175
13635.000000	-389.485077	73.111366
13635.066667	-389.442444	73.154816
13635.133333	-389.431671	73.218979
13635.200000	-389.432281	73.223656
13635.266667	-389.551208	73.110847
13635.333333	-389.545593	73.144714
13635.400000	-389.507782	73.181541
13635.466667	-389.577240	73.135651
13635.533333	-389.602051	73.140617
13635.600000	-389.634552	73.141014
13635.666667	-389.679077	73.115570
13635.733333	-389.673706	73.111778
13635.800000	-389.730072	73.089790
13635.866667	-389.745697	73.078018
13635.933333	-389.752472	73.085464
13636.000000	-389.773804	73.031921
13636.066667	-389.799255	73.064957
13636.133333	-389.824921	73.056030
13636.200000	-389.790314	73.066170
13636.266667	-389.861145	73.066360
13636.333333	-389.812469	73.096947
13636.400000	-389.929474	72.975655
13636.466667	-389.974030	73.028130
13636.533333	-389.947449	73.008255
13636.600000	-389.956177	73.054329
13636.666667	-389.976624	73.004181
13636.733333	-390.024994	73.051315
13636.800000	-390.001282	73.045670
13636.866667	-390.079224	73.040962
13636.933333	-390.052277	73.103409
13637.000000	-390.085022	73.073746
13637.066667	-390.197388	73.059708
13637.133333	-390.207428	73.049286
13637.200000	-390.224670	73.066200
13637.266667	-390.231689	73.068283
13637.333333	-390.243622	73.084770
13637.400000	-390.300262	73.027115
13637.466667	-390.297852	73.062355
13637.533333	-390.350952	73.049606
13637.600000	-390.364136	73.072197
13637.666667	-390.384674	73.069916
13637.733333	-390.378448	73.057518
13637.800000	-390.463013	73.067375
13637.866667	-390.475708	73.012550
13637.933333	-390.463776	73.051888
13638.000000	-390.541168	73.015022
13638.066667	-390.512939	72.985794
13638.133333	-390.567108	72.965614
13638.200000	-390.559052	72.982430
13638.266667	-390.628113	72.962341
13638.333333	-390.640503	72.957230
13638.400000	-390.617767	72.954498
13638.466667	-390.726471	72.900146
13638.533333	-390.661804	72.958954
13638.600000	-390.728943	72.920708
13638.666667	-390.717285	72.951035
13638.733333	-390.802246	72.891136
13638.800000	-390.722870	72.979759
13638.866667	-390.803925	72.962341
13638.933333	-390.888214	72.895035
13639.000000	-390.864349	72.938469
13639.066667	-390.927582	72.924942
13639.133333	-390.932678	72.932121
13639.200000	-390.942780	72.909920
13639.266667	-391.044617	72.912781
13639.333333	-391.005219	72.983292
13639.400000	-391.080231	72.939659
13639.466667	-391.093414	72.968910
13639.533333	-391.107513	72.957680
13639.600000	-391.169067	72.944511
13639.666667	-391.182068	72.934723
13639.733333	-391.213074	72.927353
13639.800000	-391.173706	73.019615
13639.866667	-391.200745	72.983688
13639.933333	-391.253082	72.948425
13640.000000	-391.293793	72.893799
13640.066667	-391.292419	72.890160
13640.133333	-391.382599	72.935966
13640.200000	-391.345703	72.920708
13640.266667	-391.413605	72.843704
13640.333333	-391.451294	72.847908
13640.400000	-391.502136	72.817657
13640.466667	-391.470184	72.843704
13640.533333	-391.463287	72.841179
13640.600000	-391.517090	72.832596
13640.666667	-391.580566	72.825706
13640.733333	-391.514465	72.842476
13640.800000	-391.594055	72.785271
13640.866667	-391.609680	72.840927
13640.933333	-391.614563	72.809975
13641.000000	-391.630310	72.839569
13641.066667	-391.681732	72.834251
13641.133333	-391.742523	72.825127
13641.200000	-391.755188	72.828064
13641.266667	-391.744995	72.882278
13641.333333	-391.792267	72.859680
13641.400000	-391.822510	72.863785
13641.466667	-391.854614	72.888641
13641.533333	-391.884735	72.921204
13641.600000	-391.956085	72.844452
13641.666667	-391.982880	72.816406
13641.733333	-392.046387	72.822632
13641.800000	-392.011444	72.873230
13641.866667	-392.072693	72.860313
13641.933333	-392.035919	72.883606
13642.000000	-392.070068	72.847542
13642.066667	-392.097534	72.844566
13642.133333	-392.137299	72.818901
13642.200000	-392.173004	72.780411
13642.266667	-392.148163	72.834679
13642.333333	-392.244507	72.798859
13642.400000	-392.221619	72.786491
13642.466667	-392.241852	72.771461
13642.533333	-392.279633	72.739143
13642.600000	-392.316528	72.760056
13642.666667	-392.274841	72.762329
13642.733333	-392.380493	72.747757
13642.800000	-392.408813	72.732964
13642.866667	-392.393921	72.722641
13642.933333	-392.410065	72.785271
13643.000000	-392.467102	72.732559
13643.066667	-392.457397	72.740311
13643.133333	-392.501831	72.743721
13643.200000	-392.600342	72.709015
13643.266667	-392.603149	72.730530
13643.333333	-392.611755	72.750214
13643.400000	-392.626740	72.721756
13643.466667	-392.681335	72.761414
13643.533333	-392.700195	72.765892
13643.600000	-392.738007	72.767723
13643.666667	-392.737244	72.769897
13643.733333	-392.791809	72.793076
13643.800000	-392.812256	72.779198
13643.866667	-392.837250	72.795563
13643.933333	-392.830475	72.788918
13644.000000	-392.851776	72.755615
13644.066667	-392.937714	72.804031
13644.133333	-392.962952	72.733017
13644.200000	-392.927032	72.782822
13644.266667	-392.994720	72.788277
13644.333333	-393.038300	72.757324
13644.400000	-393.036743	72.753456
13644.466667	-393.119049	72.691399
13644.533333	-393.046600	72.745880
13644.600000	-393.142792	72.668610
13644.666667	-393.159821	72.663742
13644.733333	-393.205414	72.665840
13644.800000	-393.144287	72.735039
13644.866667	-393.223816	72.663460
13644.933333	-393.291626	72.583092
13645.000000	-393.348785	72.667931
13645.066667	-393.337158	72.638214
13645.133333	-393.374207	72.618652
13645.200000	-393.424896	72.624741
13645.266667	-393.506165	72.593262
13645.333333	-393.464233	72.652733
13645.400000	-393.505463	72.623817
13645.466667	-393.469940	72.677277
13645.533333	-393.571808	72.622429
13645.600000	-393.562469	72.664223
13645.666667	-393.621613	72.684402
13645.733333	-393.588013	72.664719
13645.800000	-393.647430	72.682358
13645.866667	-393.624237	72.696342
13645.933333	-393.667694	72.663109
13646.000000	-393.703033	72.671303
13646.066667	-393.770050	72.681908
13646.133333	-393.789948	72.650772
13646.200000	-393.845825	72.616776
13646.266667	-393.810699	72.685852
13646.333333	-393.871460	72.624451
13646.400000	-393.931366	72.591179
13646.466667	-393.925903	72.605453
13646.533333	-393.955597	72.554871
13646.600000	-393.972809	72.558922
13646.666667	-394.007233	72.560150
13646.733333	-394.070099	72.493683
13646.800000	-394.100891	72.551064
13646.866667	-394.080994	72.541000
13646.933333	-394.070679	72.522324
13647.000000	-394.110107	72.512794
13647.066667	-394.117889	72.594147
13647.133333	-394.129425	72.549347
13647.200000	-394.210907	72.548645
13647.266667	-394.211060	72.524437
13647.333333	-394.276642	72.499687
13647.400000	-394.280396	72.534119
13647.466667	-394.362244	72.496910
13647.533333	-394.385254	72.510040
13647.600000	-394.394989	72.541939
13647.666667	-394.467041	72.491417
13647.733333	-394.448395	72.579224
13647.800000	-394.441620	72.576012
13647.866667	-394.583984	72.491295
13647.933333	-394.592010	72.501038
13648.000000	-394.597900	72.540321
13648.066667	-394.587891	72.567741
13648.133333	-394.630157	72.584969
13648.200000	-394.646606	72.561371
13648.266667	-394.719818	72.528419
13648.333333	-394.731689	72.539017
13648.400000	-394.761841	72.546883
13648.466667	-394.729950	72.567741
13648.533333	-394.812469	72.484505
13648.600000	-394.811188	72.531212
13648.666667	-394.858856	72.515282
13648.733333	-394.843781	72.498955
13648.800000	-394.908447	72.455032
13648.866667	-394.960632	72.473923
13648.933333	-394.951080	72.500908
13649.000000	-395.008148	72.445099
13649.066667	-395.038544	72.427063
13649.133333	-395.002716	72.478943
13649.200000	-395.035370	72.449013
13649.266667	-395.089172	72.420891
13649.333333	-395.142303	72.420891
13649.400000	-395.180573	72.404831
13649.466667	-395.166626	72.476532
13649.533333	-395.196899	72.446060
13649.600000	-395.277405	72.445755
13649.666667	-395.286377	72.443245
13649.733333	-395.345795	72.446060
13649.800000	-395.355713	72.431175
13649.866667	-395.382202	72.449692
13649.933333	-395.382080	72.474655
13650.000000	-395.447479	72.441093
13650.066667	-395.471252	72.453995
13650.133333	-395.469604	72.443123
13650.200000	-395.522736	72.464500
13650.266667	-395.544800	72.452728
13650.333333	-395.584900	72.399597
13650.400000	-395.638153	72.402931
13650.466667	-395.607208	72.464821
13650.533333	-395.646240	72.408539
13650.600000	-395.726532	72.400848
13650.666667	-395.703217	72.385872
13650.733333	-395.740845	72.424446
13650.800000	-395.715393	72.416290
13650.866667	-395.783356	72.415947
13650.933333	-395.853607	72.350624
13651.000000	-395.877319	72.324326
13651.066667	-395.871063	72.367493
13651.133333	-395.867798	72.328102
13651.200000	-395.908783	72.324211
13651.266667	-395.894348	72.355888
13651.333333	-395.998901	72.306595
13651.400000	-395.984528	72.371643
13651.466667	-396.091461	72.246010
13651.533333	-396.080414	72.322975
13651.600000	-396.170624	72.279060
13651.666667	-396.100189	72.363586
13651.733333	-396.191528	72.265533
13651.800000	-396.240753	72.283806
13651.866667	-396.265076	72.294098
13651.933333	-396.282562	72.344589
13652.000000	-396.336853	72.288170
13652.066667	-396.264832	72.396507
13652.133333	-396.398529	72.363571
13652.200000	-396.406067	72.340851
13652.266667	-396.428619	72.328102
13652.333333	-396.465179	72.315895
13652.400000	-396.549469	72.329437
13652.466667	-396.552887	72.294899
13652.533333	-396.561523	72.312195
13652.600000	-396.619537	72.282127
13652.666667	-396.582306	72.305092
13652.733333	-396.646057	72.292496
13652.800000	-396.681671	72.270882
13652.866667	-396.600830	72.319489
13652.933333	-396.675110	72.281273
13653.000000	-396.816284	72.203667
13653.066667	-396.765015	72.212891
13653.133333	-396.790924	72.222221
13653.200000	-396.852722	72.207085
13653.266667	-396.897247	72.191216
13653.333333	-396.915924	72.177513
13653.400000	-396.922089	72.190697
13653.466667	-396.976562	72.176323
13653.533333	-396.996033	72.109299
13653.600000	-396.999512	72.200577
13653.666667	-397.064819	72.188080
13653.733333	-397.085846	72.207718
13653.800000	-397.098999	72.188721
13653.866667	-397.201477	72.175728
13653.933333	-397.174042	72.167297
13654.000000	-397.182373	72.234756
13654.066667	-397.308014	72.172874
13654.133333	-397.303223	72.187561
13654.200000	-397.320557	72.255005
13654.266667	-397.370941	72.172958
13654.333333	-397.404541	72.204025
13654.400000	-397.443451	72.178795
13654.466667	-397.460754	72.209671
13654.533333	-397.523712	72.205444
13654.600000	-397.547913	72.194092
13654.666667	-397.585724	72.200478
13654.733333	-397.524780	72.233582
13654.800000	-397.618011	72.178665
13654.866667	-397.643890	72.183723
13654.933333	-397.723297	72.114685
13655.000000	-397.769562	72.097267
13655.066667	-397.779572	72.112511
13655.133333	-397.799622	72.125511
13655.200000	-397.809662	72.092842
13655.266667	-397.855072	72.079323
13655.333333	-397.826233	72.107468
13655.400000	-397.927063	72.081612
13655.466667	-397.898132	72.109985
13655.533333	-397.901520	72.093102
13655.600000	-398.020905	72.022713
13655.666667	-398.048553	72.063194
13655.733333	-398.069275	72.042152
13655.800000	-398.106903	72.015060
13655.866667	-398.132690	72.080986
13655.933333	-398.080292	72.084160
13656.000000	-398.203583	72.049530
13656.066667	-398.236053	72.065018
13656.133333	-398.257507	72.053238
13656.200000	-398.309631	72.072845
13656.266667	-398.351532	72.036804
13656.333333	-398.432831	72.035553
13656.400000	-398.421509	72.053154
13656.466667	-398.430328	72.088081
13656.533333	-398.493042	72.086952
13656.600000	-398.519806	72.107468
13656.666667	-398.525238	72.096382
13656.733333	-398.616669	72.039467
13656.800000	-398.654388	72.020409
13656.866667	-398.708984	72.039368
13656.933333	-398.654053	72.061050
13657.000000	-398.744202	72.030556
13657.066667	-398.670593	72.085213
13657.133333	-398.769104	71.972023
13657.200000	-398.832947	71.967216
13657.266667	-398.835968	71.968094
13657.333333	-398.903473	71.916931
13657.400000	-398.946930	71.940628
13657.466667	-398.903046	71.985535
13657.533333	-398.942261	71.973793
13657.600000	-398.974579	71.978249
13657.666667	-399.081329	71.866486
13657.733333	-399.048279	71.949142
13657.800000	-399.087921	71.888771
13657.866667	-399.086273	71.913223
13657.933333	-399.134399	71.914246
13658.000000	-399.150970	71.939461
13658.066667	-399.163025	71.936493
13658.133333	-399.258362	71.875954
13658.200000	-399.251923	71.937782
13658.266667	-399.282745	71.923355
13658.333333	-399.297516	71.922440
13658.400000	-399.368378	71.921295
13658.466667	-399.373413	71.935104
13658.533333	-399.422363	71.972778
13658.600000	-399.507080	71.978027
13658.666667	-399.449799	71.977936
13658.733333	-399.568298	71.876801
13658.800000	-399.630890	71.894241
13658.866667	-399.604614	71.935509
13658.933333	-399.676788	71.927917
13659.000000	-399.678406	71.945511
13659.066667	-399.701660	71.922897
13659.133333	-399.748169	71.890045
13659.200000	-399.763947	71.864784
13659.266667	-399.819214	71.867294
13659.333333	-399.780670	71.897141
13659.400000	-399.806763	71.921631
13659.466667	-399.824982	71.877953
13659.533333	-399.936066	71.918938
13659.600000	-399.936066	71.918938
13659.666667	-399.928284	71.863937
13659.733333	-399.903778	71.865074
13659.800000	-400.019836	71.773651
13659.866667	-400.027313	71.809204
13659.933333	-400.196411	71.740631
13660.000000	-400.196411	71.740631
13660.066667	-400.203644	71.799194
13660.133333	-400.185883	71.801994
13660.200000	-400.228577	71.799484
13660.266667	-400.271515	71.821594
13660.333333	-400.302399	71.859398
13660.400000	-400.302399	71.859398
13660.466667	-400.356689	71.855125
13660.533333	-400.382172	71.808647
13660.600000	-400.341949	71.883049
13660.666667	-400.408386	71.850456
13660.733333	-400.553833	71.829620
13660.800000	-400.524353	71.881752
13660.866667	-400.524353	71.881752
13660.933333	-400.567749	71.871651
13661.000000	-400.638763	71.801331
13661.066667	-400.656342	71.807953
13661.133333	-400.751862	71.807335
13661.200000	-400.754761	71.819572
13661.266667	-400.754761	71.819572
13661.333333	-400.814178	71.822197
13661.400000	-400.807007	71.750763
13661.466667	-400.851471	71.727890
13661.533333	-400.907990	71.731697
13661.600000	-400.910828	71.718826
13661.666667	-400.910828	71.718826
13661.733333	-400.977814	71.716248
13661.800000	-401.020111	71.657623
13661.866667	-400.999695	71.698212
13661.933333	-401.044769	71.718826
13662.000000	-401.076996	71.658287
13662.066667	-401.125031	71.688622
13662.133333	-401.125031	71.688622
13662.200000	-401.155426	71.637970
13662.266667	-401.169525	71.679329
13662.333333	-401.286926	71.636391
13662.400000	-401.260345	71.703247
13662.466667	-401.381409	71.631210
13662.533333	-401.381409	71.631210
13662.600000	-401.368835	71.688972
13662.666667	-401.353821	71.692261
13662.733333	-401.450500	71.706146
13662.800000	-401.519073	71.758873
13662.866667	-401.537842	71.693687
13662.933333	-401.537842	71.693687
13663.000000	-401.588409	71.730415
13663.066667	-401.577271	71.742058
13663.133333	-401.609680	71.751289
13663.200000	-401.644836	71.715874
13663.266667	-401.721771	71.663582
13663.333333	-401.721771	71.663582
13663.400000	-401.732086	71.660355
13663.466667	-401.760864	71.673981
13663.533333	-401.827545	71.613708
13663.600000	-401.846039	71.598557
13663.666667	-401.889709	71.610634
13663.733333	-401.903168	71.594101
13663.800000	-401.903168	71.594101
13663.866667	-401.961304	71.551628
13663.933333	-401.979797	71.580986
13664.000000	-402.074890	71.577812
13664.066667	-402.068817	71.562256
13664.133333	-402.163849	71.504044
13664.200000	-402.163849	71.504044
13664.266667	-402.121552	71.538506
13664.333333	-402.273163	71.502754
13664.400000	-402.244720	71.576485
13664.466667	-402.258942	71.585541
13664.533333	-402.302917	71.532509
13664.600000	-402.302917	71.532509
13664.666667	-402.322052	71.575157
13664.733333	-402.441650	71.529907
13664.800000	-402.530426	71.539536
13664.866667	-402.518829	71.555992
13664.933333	-402.521942	71.580994
13665.000000	-402.600891	71.531624
13665.066667	-402.600891	71.531624
13665.133333	-402.650879	71.553741
13665.200000	-402.646973	71.588814
13665.266667	-402.686279	71.576569
13665.333333	-402.737427	71.580353
13665.400000	-402.771484	71.540604
13665.466667	-402.771484	71.540604
13665.533333	-402.788727	71.535927
13665.600000	-402.829468	71.510376
13665.666667	-402.892761	71.465248
13665.733333	-402.894318	71.452209
13665.800000	-402.928070	71.467339
13665.866667	-402.928070	71.467339
13665.933333	-402.927338	71.503716
13666.000000	-403.027679	71.444351
13666.066667	-403.030548	71.415154
13666.133333	-403.088562	71.468117
13666.200000	-403.130829	71.413033
13666.266667	-403.130829	71.413033
13666.333333	-403.186340	71.409950
13666.400000	-403.210297	71.450737
13666.466667	-403.252441	71.383247
13666.533333	-403.293762	71.460068
13666.600000	-403.299286	71.427719
13666.666667	-403.294403	71.468445
13666.733333	-403.314209	71.498581
13666.800000	-403.433685	71.417282
13666.866667	-403.481689	71.434090
13666.933333	-403.491669	71.427734
13667.000000	-403.588562	71.432892
13667.066667	-403.569183	71.445702
13667.133333	-403.586792	71.483482
13667.200000	-403.662415	71.427734
13667.266667	-403.704559	71.366974
13667.333333	-403.758179	71.456772
13667.400000	-403.734619	71.452110
13667.466667	-403.843567	71.403267
13667.533333	-403.859009	71.388046
13667.600000	-403.819702	71.422478
13667.666667	-403.907074	71.408241
13667.733333	-403.878510	71.391350
13667.800000	-403.989838	71.305908
13667.866667	-403.960358	71.308212
13667.933333	-403.989288	71.319786
13668.000000	-404.035492	71.313110
13668.066667	-404.035919	71.349091
13668.133333	-404.047211	71.311890
13668.200000	-404.087646	71.291321
13668.266667	-404.162994	71.268112
13668.333333	-404.205505	71.262878
13668.400000	-404.197327	71.292953
13668.466667	-404.217438	71.292259
13668.533333	-404.326904	71.257523
13668.600000	-404.324585	71.273842
13668.666667	-404.383636	71.195732
13668.733333	-404.459198	71.229828
13668.800000	-404.450470	71.287788
13668.866667	-404.495758	71.304703
13668.933333	-404.523865	71.301125
13669.000000	-404.536530	71.321388
13669.066667	-404.590607	71.284775
13669.133333	-404.605988	71.297821
13669.200000	-404.644196	71.290619
13669.266667	-404.702637	71.239510
13669.333333	-404.655457	71.339249
13669.400000	-404.753143	71.325623
13669.466667	-404.813873	71.273270
13669.533333	-404.856934	71.244141
13669.600000	-404.922302	71.203957
13669.666667	-404.958954	71.164986
13669.733333	-404.978271	71.193321
13669.800000	-405.046387	71.182198
13669.866667	-405.004547	71.186348
13669.933333	-405.081665	71.173698
13670.000000	-405.060730	71.200737
13670.066667	-405.054230	71.188431
13670.133333	-405.163269	71.167122
13670.200000	-405.145386	71.136612
13670.266667	-405.169006	71.147728
13670.333333	-405.194458	71.174522
13670.400000	-405.260742	71.143227
13670.466667	-405.264221	71.149536
13670.533333	-405.256836	71.170509
13670.600000	-405.306458	71.136696
13670.666667	-405.342346	71.121086
13670.733333	-405.346100	71.158043
13670.800000	-405.462006	71.119743
13670.866667	-405.446503	71.122444
13670.933333	-405.452087	71.131439
13671.000000	-405.417053	71.192223
13671.066667	-405.587646	71.128967
13671.133333	-405.596222	71.157387
13671.200000	-405.663574	71.168335
13671.266667	-405.715698	71.156883
13671.333333	-405.726807	71.140854
13671.400000	-405.727631	71.163551
13671.466667	-405.775635	71.165474
13671.533333	-405.805634	71.156342
13671.600000	-405.797241	71.170509
13671.666667	-405.872681	71.162308
13671.733333	-405.825317	71.174110
13671.800000	-405.906921	71.179153
13671.866667	-405.849213	71.171806
13671.933333	-405.887360	71.190315
13672.000000	-405.935822	71.136848
13672.066667	-405.979218	71.089638
13672.133333	-406.055389	71.094299
13672.200000	-406.079376	71.102303
13672.266667	-406.118744	71.036827
13672.333333	-406.118134	71.067879
13672.400000	-406.167450	71.036827
13672.466667	-406.240601	70.980293
13672.533333	-406.228943	71.037224
13672.600000	-406.296326	70.966461
13672.666667	-406.302094	71.048958
13672.733333	-406.365356	71.032394
13672.800000	-406.357910	71.016258
13672.866667	-406.406403	71.012321
13672.933333	-406.326355	71.115585
13673.000000	-406.409607	71.085526
13673.066667	-406.488434	71.020477
13673.133333	-406.529388	71.040771
13673.200000	-406.484558	71.085548
13673.266667	-406.576721	71.057182
13673.333333	-406.571472	71.126312
13673.400000	-406.620270	71.107117
13673.466667	-406.686310	71.071533
13673.533333	-406.744843	71.054291
13673.600000	-406.728119	71.074997
13673.666667	-406.817596	71.069733
13673.733333	-406.810547	71.079575
13673.800000	-406.922668	71.031982
13673.866667	-406.870331	71.099182
13673.933333	-406.872894	71.054573
13674.000000	-406.939880	71.047783
13674.066667	-406.967834	71.051971
13674.133333	-406.973389	70.964066
13674.200000	-406.962616	71.041908
13674.266667	-407.065643	70.946548
13674.333333	-407.077362	70.909668
13674.400000	-407.126648	70.942169
13674.466667	-407.125366	70.896843
13674.533333	-407.096558	70.950821
13674.600000	-407.180664	70.906364
13674.666667	-407.196106	70.948090
13674.733333	-407.219574	70.942665
13674.800000	-407.330811	70.870232
13674.866667	-407.374359	70.886009
13674.933333	-407.408112	70.860023
13675.000000	-407.372650	70.849434
13675.066667	-407.456635	70.902550
13675.133333	-407.473053	70.895401
13675.200000	-407.467712	70.900276
13675.266667	-407.502625	70.975021
13675.333333	-407.576141	70.921562
13675.400000	-407.616577	70.909752
13675.466667	-407.631531	70.940880
13675.533333	-407.636841	70.916664
13675.600000	-407.648254	70.928482
13675.666667	-407.669983	70.971657
13675.733333	-407.792664	70.875618
13675.800000	-407.823456	70.906105
13675.866667	-407.791412	70.933235
13675.933333	-407.777069	70.953758
13676.000000	-407.902008	70.872620
13676.066667	-407.940643	70.850723
13676.133333	-407.939453	70.897697
13676.200000	-407.926544	70.843834
13676.266667	-407.964813	70.924583
13676.333333	-408.045837	70.823639
13676.400000	-408.042236	70.866348
13676.466667	-408.063019	70.830116
13676.533333	-408.122620	70.762596
13676.600000	-408.106812	70.832687
13676.666667	-408.120117	70.802292
13676.733333	-408.191132	70.718796
13676.800000	-408.165863	70.802193
13676.866667	-408.212402	70.806931
13676.933333	-408.225220	70.819695
13677.000000	-408.298126	70.781555
13677.066667	-408.328094	70.791328
13677.133333	-408.346649	70.786659
13677.200000	-408.379852	70.757401
13677.266667	-408.409607	70.753815
13677.333333	-408.405518	70.809578
13677.400000	-408.448700	70.824951
13677.466667	-408.487579	70.805733
13677.533333	-408.540710	70.761665
13677.600000	-408.613861	70.807175
13677.666667	-408.592499	70.845818
13677.733333	-408.693939	70.778130
13677.800000	-408.683807	70.788895
13677.866667	-408.700562	70.805641
13677.933333	-408.695862	70.799576
13678.000000	-408.768829	70.820000
13678.066667	-408.794586	70.794052
13678.133333	-408.746643	70.778793
13678.200000	-408.871857	70.746391
13678.266667	-408.848236	70.770149
13678.333333	-408.876923	70.794937
13678.400000	-408.968658	70.729599
13678.466667	-408.901123	70.795204
13678.533333	-408.962311	70.753761
13678.600000	-408.977570	70.732147
13678.666667	-408.938263	70.753189
13678.733333	-409.022400	70.728783
13678.800000	-409.008820	70.789558
13678.866667	-409.109283	70.660362
13678.933333	-409.101410	70.657677
13679.000000	-409.137177	70.703888
13679.066667	-409.189636	70.648041
13679.133333	-409.204071	70.661140
13679.200000	-409.242432	70.656067
13679.266667	-409.346375	70.636391
13679.333333	-409.309570	70.661507
13679.400000	-409.325928	70.684731
13679.466667	-409.380493	70.667625
13679.533333	-409.438599	70.675552
13679.600000	-409.416351	70.693901
13679.666667	-409.468689	70.662086
13679.733333	-409.522827	70.657677
13679.800000	-409.534515	70.661858
13679.866667	-409.509735	70.676193
13679.933333	-409.608215	70.666695
13680.000000	-409.682648	70.692162
