3360.066667	-400.379822	72.746223
3360.133333	-400.318726	72.711449
3360.200000	-400.234741	72.766991
3360.266667	-400.185242	72.706139
3360.333333	-400.117004	72.675537
3360.400000	-400.078339	72.683060
3360.466667	-400.049500	72.621429
3360.533333	-400.022461	72.687752
3360.600000	-399.960938	72.642685
3360.666667	-399.933044	72.604393
3360.733333	-399.863220	72.606644
3360.800000	-399.835297	72.644119
3360.866667	-399.786957	72.635033
3360.933333	-399.731964	72.643890
3361.000000	-399.700806	72.652145
3361.066667	-399.665741	72.630737
3361.133333	-399.638397	72.619598
3361.200000	-399.636414	72.684776
3361.266667	-399.596252	72.638374
3361.333333	-399.583649	72.715523
3361.400000	-399.530975	72.723076
3361.466667	-399.478882	72.759529
3361.533333	-399.425293	72.757080
3361.600000	-399.407532	72.830734
3361.666667	-399.322083	72.866348
3361.733333	-399.300201	72.813484
3361.800000	-399.237976	72.865181
3361.866667	-399.206177	72.831863
3361.933333	-399.185913	72.812973
3362.000000	-399.125519	72.798241
3362.066667	-399.072052	72.813629
3362.133333	-399.037201	72.844971
3362.200000	-398.987030	72.879524
3362.266667	-398.929474	72.859451
3362.333333	-398.855927	72.806900
3362.400000	-398.831512	72.771713
3362.466667	-398.763123	72.712952
3362.533333	-398.736053	72.731537
3362.600000	-398.655273	72.765594
3362.666667	-398.668823	72.847008
3362.733333	-398.619446	72.792854
3362.800000	-398.590790	72.827080
3362.866667	-398.516113	72.819046
3362.933333	-398.497620	72.834984
3363.000000	-398.446228	72.867241
3363.066667	-398.413391	72.814476
3363.133333	-398.359589	72.861794
3363.200000	-398.291656	72.933029
3363.266667	-398.266174	72.926346
3363.333333	-398.174561	72.925812
3363.400000	-398.204559	72.882889
3363.466667	-398.160339	72.970284
3363.533333	-398.114227	72.923416
3363.600000	-398.061584	72.933701
3363.666667	-398.071381	72.972694
3363.733333	-398.042297	72.988014
3363.800000	-397.961517	72.963669
3363.866667	-397.991150	72.955795
3363.933333	-397.944031	72.905098
3364.000000	-397.916840	72.968163
3364.066667	-397.846710	72.977547
3364.133333	-397.812592	72.944267
3364.200000	-397.821014	72.899124
3364.266667	-397.763580	72.910683
3364.333333	-397.707611	72.904510
3364.400000	-397.667480	72.917702
3364.466667	-397.626587	72.892151
3364.533333	-397.546814	72.883690
3364.600000	-397.511566	72.902328
3364.666667	-397.451447	72.887474
3364.733333	-397.410248	72.936188
3364.800000	-397.381226	72.983147
3364.866667	-397.333801	72.916145
3364.933333	-397.299347	72.885696
3365.000000	-397.252808	72.830215
3365.066667	-397.198181	72.834908
3365.133333	-397.181366	72.880219
3365.200000	-397.168823	72.951820
3365.266667	-397.085114	72.908241
3365.333333	-397.027954	72.955612
3365.400000	-396.995056	72.951057
3365.466667	-396.942566	72.943169
3365.533333	-396.846680	72.965004
3365.600000	-396.838501	72.947968
3365.666667	-396.893616	73.054787
3365.733333	-396.822235	72.999123
3365.800000	-396.825256	73.060158
3365.866667	-396.768738	73.037392
3365.933333	-396.721802	73.127144
3366.000000	-396.658905	73.049706
3366.066667	-396.639313	73.058502
3366.133333	-396.568298	73.057762
3366.200000	-396.553314	73.053368
3366.266667	-396.519928	73.122353
3366.333333	-396.450195	73.034866
3366.400000	-396.435150	73.064690
3366.466667	-396.391693	73.066170
3366.533333	-396.356628	73.078743
3366.600000	-396.259705	73.030731
3366.666667	-396.212128	73.009041
3366.733333	-396.188690	72.992661
3366.800000	-396.123108	73.033287
3366.866667	-396.111481	72.995842
3366.933333	-396.096771	73.023888
3367.000000	-396.055084	73.017700
3367.066667	-396.001709	73.022171
3367.133333	-395.947357	72.989456
3367.200000	-395.914490	73.019714
3367.266667	-395.869446	73.048798
3367.333333	-395.843567	73.004387
3367.400000	-395.796112	73.021729
3367.466667	-395.762421	73.085876
3367.533333	-395.710388	73.130524
3367.600000	-395.716888	73.112526
3367.666667	-395.671021	73.099556
3367.733333	-395.641144	73.149780
3367.800000	-395.569061	73.120270
3367.866667	-395.550140	73.161896
3367.933333	-395.513000	73.175140
3368.000000	-395.501038	73.193924
3368.066667	-395.462494	73.271423
3368.133333	-395.414825	73.287773
3368.200000	-395.376831	73.265717
3368.266667	-395.321411	73.283844
3368.333333	-395.250549	73.280853
3368.400000	-395.220062	73.275116
3368.466667	-395.157043	73.268616
3368.533333	-395.083557	73.234482
3368.600000	-395.041260	73.218918
3368.666667	-395.014160	73.151245
3368.733333	-394.975952	73.201820
3368.800000	-394.938843	73.220467
3368.866667	-394.893738	73.226440
3368.933333	-394.863800	73.196396
3369.000000	-394.767517	73.133087
3369.066667	-394.707397	73.208870
3369.133333	-394.631348	73.178986
3369.200000	-394.616211	73.193390
3369.266667	-394.551880	73.193512
3369.333333	-394.503448	73.241745
3369.400000	-394.459869	73.265076
3369.466667	-394.430054	73.283821
3369.533333	-394.423004	73.289078
3369.600000	-394.362000	73.277321
3369.666667	-394.336792	73.267807
3369.733333	-394.273590	73.330582
3369.800000	-394.224091	73.348442
3369.866667	-394.226929	73.409706
3369.933333	-394.182892	73.379082
3370.000000	-394.090485	73.342499
3370.066667	-394.072449	73.340492
3370.133333	-394.046997	73.383392
3370.200000	-393.986237	73.353409
3370.266667	-393.905975	73.390182
3370.333333	-393.883881	73.399559
3370.400000	-393.799377	73.388832
3370.466667	-393.764374	73.334557
3370.533333	-393.716675	73.392052
3370.600000	-393.671143	73.392120
3370.666667	-393.606934	73.406807
3370.733333	-393.609375	73.352867
3370.800000	-393.540558	73.385544
3370.866667	-393.492371	73.369499
3370.933333	-393.438049	73.370476
3371.000000	-393.373718	73.360245
3371.066667	-393.378601	73.338989
3371.133333	-393.289886	73.357513
3371.200000	-393.238129	73.395081
3371.266667	-393.197998	73.379082
3371.333333	-393.129242	73.387070
3371.400000	-393.085632	73.350952
3371.466667	-393.069885	73.450638
3371.533333	-393.072540	73.393219
3371.600000	-393.020386	73.489822
3371.666667	-392.955383	73.458069
3371.733333	-392.878326	73.467056
3371.800000	-392.848816	73.434448
3371.866667	-392.799957	73.536530
3371.933333	-392.747559	73.517441
3372.000000	-392.701202	73.587944
3372.066667	-392.646545	73.605988
3372.133333	-392.632294	73.643005
3372.200000	-392.564117	73.593140
3372.266667	-392.522064	73.591698
3372.333333	-392.475159	73.573967
3372.400000	-392.420685	73.649712
3372.466667	-392.344055	73.704010
3372.533333	-392.293518	73.648048
3372.600000	-392.256104	73.695541
3372.666667	-392.192383	73.683205
3372.733333	-392.167603	73.695564
3372.800000	-392.123444	73.686775
3372.866667	-392.081390	73.648911
3372.933333	-392.039520	73.700653
3373.000000	-391.988190	73.672386
3373.066667	-391.935089	73.712181
3373.133333	-391.865662	73.640694
3373.200000	-391.842896	73.637573
3373.266667	-391.810974	73.584846
3373.333333	-391.765930	73.578445
3373.400000	-391.722076	73.605888
3373.466667	-391.694061	73.644577
3373.533333	-391.604645	73.665909
3373.600000	-391.614624	73.674782
3373.666667	-391.508789	73.674736
3373.733333	-391.534821	73.730904
3373.800000	-391.473297	73.772202
3373.866667	-391.400421	73.748146
3373.933333	-391.371613	73.747665
3374.000000	-391.384308	73.795631
3374.066667	-391.327698	73.844406
3374.133333	-391.264862	73.851288
3374.200000	-391.220428	73.865639
3374.266667	-391.178406	73.905556
3374.333333	-391.105225	73.828873
3374.400000	-391.119019	73.835823
3374.466667	-391.047241	73.883797
3374.533333	-391.000427	73.892090
3374.600000	-390.960754	73.902443
3374.666667	-390.888000	73.923416
3374.733333	-390.845398	73.831039
3374.800000	-390.803864	73.835106
3374.866667	-390.718231	73.869881
3374.933333	-390.645386	73.815636
3375.000000	-390.649811	73.825523
3375.066667	-390.588776	73.875381
3375.133333	-390.543549	73.860794
3375.200000	-390.508148	73.828773
3375.266667	-390.438599	73.829437
3375.333333	-390.392365	73.832291
3375.400000	-390.357208	73.818146
3375.466667	-390.341888	73.774597
3375.533333	-390.253174	73.781944
3375.600000	-390.251587	73.769997
3375.666667	-390.144226	73.728065
3375.733333	-390.130890	73.768768
3375.800000	-390.071960	73.727737
3375.866667	-390.027466	73.826355
3375.933333	-389.999451	73.837776
3376.000000	-389.990051	73.820923
3376.066667	-389.871735	73.880188
3376.133333	-389.846619	73.875038
3376.200000	-389.820709	73.934807
3376.266667	-389.754852	73.925774
3376.333333	-389.705627	73.924171
3376.400000	-389.672485	73.983704
3376.466667	-389.591827	73.979675
3376.533333	-389.567902	73.971443
3376.600000	-389.548096	73.975319
3376.666667	-389.483917	73.985001
3376.733333	-389.471558	74.039833
3376.800000	-389.452393	74.045105
3376.866667	-389.371063	74.007835
3376.933333	-389.298096	73.999939
3377.000000	-389.234619	73.997620
3377.066667	-389.171997	73.971573
3377.133333	-389.123932	73.951149
3377.200000	-389.044769	73.951225
3377.266667	-389.050873	73.982147
3377.333333	-388.971100	73.948708
3377.400000	-388.969635	73.907799
3377.466667	-388.901581	73.895912
3377.533333	-388.836456	73.886787
3377.600000	-388.825562	73.894104
3377.666667	-388.755005	73.952049
3377.733333	-388.744965	73.907036
3377.800000	-388.698273	73.958916
3377.866667	-388.615234	73.951591
3377.933333	-388.564362	74.006706
3378.000000	-388.554779	73.999237
3378.066667	-388.486176	73.997589
3378.133333	-388.420410	73.962234
3378.200000	-388.385986	73.925865
3378.266667	-388.341919	74.023354
3378.333333	-388.348480	74.037132
3378.400000	-388.281494	74.102043
3378.466667	-388.252777	74.080185
3378.533333	-388.157471	74.126968
3378.600000	-388.152527	74.161087
3378.666667	-388.089630	74.156059
3378.733333	-388.073273	74.244263
3378.800000	-388.012238	74.183723
3378.866667	-387.968475	74.125351
3378.933333	-387.884064	74.136604
3379.000000	-387.827789	74.139709
3379.066667	-387.781067	74.117081
3379.133333	-387.731567	74.041504
3379.200000	-387.691071	74.099594
3379.266667	-387.652222	74.065155
3379.333333	-387.640503	74.095680
3379.400000	-387.554688	74.084717
3379.466667	-387.510223	74.068207
3379.533333	-387.442993	74.097305
3379.600000	-387.393066	74.114464
3379.666667	-387.339355	74.112144
3379.733333	-387.276093	74.155701
3379.800000	-387.226685	74.132690
3379.866667	-387.179718	74.114265
3379.933333	-387.191986	74.108162
3380.000000	-387.124176	74.122444
3380.066667	-387.124176	74.122444
3380.133333	-387.128906	74.104210
3380.200000	-387.091156	74.081642
3380.266667	-387.026550	74.102921
3380.333333	-386.944153	74.120964
3380.400000	-386.909882	74.248077
3380.466667	-386.909882	74.248077
3380.533333	-386.856201	74.260956
3380.600000	-386.809052	74.246986
3380.666667	-386.743958	74.275948
3380.733333	-386.699249	74.307800
3380.800000	-386.603821	74.302277
3380.866667	-386.603821	74.302277
3380.933333	-386.561920	74.260330
3381.000000	-386.531250	74.281509
3381.066667	-386.471436	74.354340
3381.133333	-386.474152	74.320763
3381.200000	-386.362152	74.344505
3381.266667	-386.362152	74.344505
3381.333333	-386.294006	74.347870
3381.400000	-386.239044	74.362923
3381.466667	-386.170135	74.334526
3381.533333	-386.154358	74.323860
3381.600000	-386.021851	74.324699
3381.666667	-385.960480	74.358734
3381.733333	-385.960480	74.358734
3381.800000	-385.958252	74.378960
3381.866667	-385.901367	74.354836
3381.933333	-385.862030	74.321251
3382.000000	-385.736786	74.354820
3382.066667	-385.721375	74.400169
3382.133333	-385.721375	74.400169
3382.200000	-385.698578	74.480583
3382.266667	-385.581299	74.418388
3382.333333	-385.519592	74.418243
3382.400000	-385.476288	74.478226
3382.466667	-385.447662	74.482979
3382.533333	-385.447662	74.482979
3382.600000	-385.399841	74.510101
3382.666667	-385.400726	74.487549
3382.733333	-385.345978	74.532455
3382.800000	-385.230988	74.529549
3382.866667	-385.187775	74.541046
3382.933333	-385.131439	74.552223
3383.000000	-385.131439	74.552223
3383.066667	-385.052948	74.541695
3383.133333	-385.010742	74.529205
3383.200000	-384.950989	74.555305
3383.266667	-384.907471	74.555931
3383.333333	-384.857941	74.581612
3383.400000	-384.857941	74.581612
3383.466667	-384.778412	74.529266
3383.533333	-384.746979	74.498825
3383.600000	-384.632263	74.498947
3383.666667	-384.616333	74.624084
3383.733333	-384.563477	74.524422
3383.800000	-384.563477	74.524422
3383.866667	-384.513947	74.547333
3383.933333	-384.430695	74.556229
3384.000000	-384.347961	74.564804
3384.066667	-384.296722	74.513496
3384.133333	-384.259949	74.527481
3384.200000	-384.222076	74.517502
3384.266667	-384.222076	74.517502
3384.333333	-384.143463	74.504921
3384.400000	-384.085815	74.643692
3384.466667	-384.021545	74.625282
3384.533333	-384.007721	74.653008
3384.600000	-383.968689	74.657166
3384.666667	-383.968689	74.657166
3384.733333	-383.921692	74.666161
3384.800000	-383.878052	74.659622
3384.866667	-383.841125	74.665558
3384.933333	-383.778168	74.750885
3385.000000	-383.732849	74.689888
3385.066667	-383.732849	74.689888
3385.133333	-383.663239	74.751541
3385.200000	-383.593231	74.750954
3385.266667	-383.563446	74.709679
3385.333333	-383.532288	74.753326
3385.400000	-383.462250	74.744736
3385.466667	-383.462250	74.744736
3385.533333	-383.439178	74.722984
3385.600000	-383.344757	74.747536
3385.666667	-383.245819	74.783676
3385.733333	-383.202118	74.711319
3385.800000	-383.160583	74.751450
3385.866667	-383.100372	74.762329
3385.933333	-383.100372	74.762329
3386.000000	-383.030975	74.751656
3386.066667	-382.979309	74.776825
3386.133333	-382.907379	74.766258
3386.200000	-382.873505	74.824509
3386.266667	-382.831512	74.767014
3386.333333	-382.831512	74.767014
3386.400000	-382.755493	74.848946
3386.466667	-382.707581	74.863914
3386.533333	-382.680756	74.890724
3386.600000	-382.609375	74.826073
3386.666667	-382.577087	74.883347
3386.733333	-382.577087	74.883347
3386.800000	-382.498749	74.951035
3386.866667	-382.472321	75.021347
3386.933333	-382.408295	75.015778
3387.000000	-382.366089	74.992340
3387.066667	-382.331696	74.946503
3387.133333	-382.312866	74.981606
3387.200000	-382.238708	74.946442
3387.266667	-382.223450	74.953293
3387.333333	-382.205505	75.007401
3387.400000	-382.168213	74.985069
3387.466667	-382.131653	74.982063
3387.533333	-382.058014	74.977669
3387.600000	-382.022034	74.942642
3387.666667	-381.922424	74.894775
3387.733333	-381.872833	74.937431
3387.800000	-381.798248	74.902740
3387.866667	-381.726685	74.889793
3387.933333	-381.709686	74.880760
3388.000000	-381.686005	74.905479
3388.066667	-381.628113	74.931648
3388.133333	-381.584900	74.956627
3388.200000	-381.540802	74.952866
3388.266667	-381.490479	74.980270
3388.333333	-381.455627	74.999962
3388.400000	-381.407104	75.031517
3388.466667	-381.378693	75.043968
3388.533333	-381.338287	75.018463
3388.600000	-381.277435	75.070290
3388.666667	-381.222382	75.037651
3388.733333	-381.196350	75.102173
3388.800000	-381.130890	75.111588
3388.866667	-381.109192	75.142052
3388.933333	-381.074066	75.065521
3389.000000	-381.028625	75.096588
3389.066667	-380.983398	75.079521
3389.133333	-380.925781	75.059036
3389.200000	-380.892670	75.154190
3389.266667	-380.860413	75.130241
3389.333333	-380.801178	75.135437
3389.400000	-380.727509	75.099564
3389.466667	-380.675323	75.125298
3389.533333	-380.619690	75.066338
3389.600000	-380.587952	75.095467
3389.666667	-380.530457	75.095001
3389.733333	-380.501587	75.152740
3389.800000	-380.467285	75.169922
3389.866667	-380.395966	75.136482
3389.933333	-380.355347	75.172714
3390.000000	-380.275574	75.134811
3390.066667	-380.188477	75.087852
3390.133333	-380.190063	75.151863
3390.200000	-380.126190	75.091232
3390.266667	-380.090637	75.154686
3390.333333	-380.008759	75.092216
3390.400000	-379.967743	75.108322
3390.466667	-379.947449	75.141106
3390.533333	-379.894379	75.085228
3390.600000	-379.857971	75.078964
3390.666667	-379.829620	75.093277
3390.733333	-379.732941	75.118172
3390.800000	-379.671906	75.057907
3390.866667	-379.647736	75.168098
3390.933333	-379.573547	75.147423
3391.000000	-379.528076	75.181984
3391.066667	-379.530426	75.192558
3391.133333	-379.472626	75.190407
3391.200000	-379.436127	75.188805
3391.266667	-379.345703	75.201080
3391.333333	-379.323639	75.230881
3391.400000	-379.296112	75.309608
3391.466667	-379.235138	75.340576
3391.533333	-379.163452	75.350220
3391.600000	-379.144592	75.345192
3391.666667	-379.101746	75.350464
3391.733333	-379.035767	75.308899
3391.800000	-379.033600	75.277672
3391.866667	-378.967468	75.244759
3391.933333	-378.889038	75.227554
3392.000000	-378.843781	75.208519
3392.066667	-378.818970	75.213318
3392.133333	-378.781036	75.218338
3392.200000	-378.711639	75.200096
3392.266667	-378.645691	75.152031
3392.333333	-378.612610	75.224869
3392.400000	-378.570953	75.253265
3392.466667	-378.546692	75.214478
3392.533333	-378.494537	75.236481
3392.600000	-378.426056	75.263870
3392.666667	-378.423004	75.280006
3392.733333	-378.359436	75.266991
3392.800000	-378.317108	75.300377
3392.866667	-378.255981	75.283936
3392.933333	-378.187256	75.262421
3393.000000	-378.088318	75.279953
3393.066667	-378.068115	75.336533
3393.133333	-378.045715	75.368942
3393.200000	-378.012909	75.330551
3393.266667	-377.975952	75.390961
3393.333333	-377.936096	75.321884
3393.400000	-377.921997	75.377975
3393.466667	-377.880859	75.442009
3393.533333	-377.808807	75.358650
3393.600000	-377.767273	75.351646
3393.666667	-377.719910	75.405144
3393.733333	-377.666168	75.418053
3393.800000	-377.606567	75.387001
3393.866667	-377.562714	75.374550
3393.933333	-377.500854	75.326294
3394.000000	-377.473175	75.345551
3394.066667	-377.444794	75.392410
3394.133333	-377.387665	75.347946
3394.200000	-377.326996	75.330116
3394.266667	-377.312439	75.406410
3394.333333	-377.282837	75.419350
3394.400000	-377.220551	75.372757
3394.466667	-377.147583	75.374725
3394.533333	-377.135956	75.410713
3394.600000	-377.058289	75.347076
3394.666667	-377.025696	75.367722
3394.733333	-376.966003	75.386566
3394.800000	-376.958984	75.409706
3394.866667	-376.896515	75.448311
3394.933333	-376.862457	75.504456
3395.000000	-376.785736	75.454773
3395.066667	-376.778351	75.506828
3395.133333	-376.648499	75.473625
3395.200000	-376.601776	75.519638
3395.266667	-376.585541	75.456985
3395.333333	-376.520050	75.444984
3395.400000	-376.459747	75.487938
3395.466667	-376.452789	75.509995
3395.533333	-376.387115	75.522385
3395.600000	-376.388245	75.558945
3395.666667	-376.323822	75.536118
3395.733333	-376.298645	75.553764
3395.800000	-376.229675	75.500046
3395.866667	-376.165680	75.499847
3395.933333	-376.097839	75.500702
3396.000000	-376.053925	75.457039
3396.066667	-376.021759	75.483696
3396.133333	-376.004639	75.538155
3396.200000	-375.961700	75.582146
3396.266667	-375.957489	75.513474
3396.333333	-375.930969	75.544662
3396.400000	-375.822998	75.509193
3396.466667	-375.777557	75.548851
3396.533333	-375.707123	75.541191
3396.600000	-375.669373	75.461769
3396.666667	-375.598663	75.533455
3396.733333	-375.567688	75.465118
3396.800000	-375.515778	75.527313
3396.866667	-375.479858	75.558815
3396.933333	-375.411346	75.544609
3397.000000	-375.353668	75.564896
3397.066667	-375.301086	75.596222
3397.133333	-375.265839	75.548790
3397.200000	-375.261108	75.529465
3397.266667	-375.210968	75.565376
3397.333333	-375.199799	75.617889
3397.400000	-375.125671	75.609039
3397.466667	-375.098358	75.575157
3397.533333	-375.067932	75.610168
3397.600000	-375.040192	75.599480
3397.666667	-374.987701	75.643570
3397.733333	-374.947266	75.659843
3397.800000	-374.899078	75.742058
3397.866667	-374.817108	75.658920
3397.933333	-374.808319	75.705795
3398.000000	-374.733582	75.668724
3398.066667	-374.716888	75.743927
3398.133333	-374.639618	75.688225
3398.200000	-374.617889	75.721870
3398.266667	-374.559113	75.649948
3398.333333	-374.535492	75.740074
3398.400000	-374.467102	75.722641
3398.466667	-374.473175	75.744637
3398.533333	-374.401245	75.739029
3398.600000	-374.369995	75.687813
3398.666667	-374.340210	75.633369
3398.733333	-374.249084	75.650604
3398.800000	-374.235077	75.680977
3398.866667	-374.182587	75.676155
3398.933333	-374.118256	75.731987
3399.000000	-374.089264	75.711227
3399.066667	-374.004272	75.761833
3399.133333	-373.988708	75.762405
3399.200000	-373.956024	75.729378
3399.266667	-373.896454	75.737991
3399.333333	-373.901001	75.734695
3399.400000	-373.867828	75.798416
3399.466667	-373.843292	75.786469
3399.533333	-373.795288	75.817764
3399.600000	-373.756897	75.765884
3399.666667	-373.728210	75.790527
3399.733333	-373.641602	75.777809
3399.800000	-373.601318	75.803642
3399.866667	-373.531158	75.838562
3399.933333	-373.513611	75.835060
3400.000000	-373.511414	75.902473
3400.066667	-373.427246	75.905647
3400.133333	-373.393341	75.890343
3400.200000	-373.351074	75.877609
3400.266667	-373.310577	75.933083
3400.333333	-373.298218	75.967651
3400.400000	-373.268127	75.971497
3400.466667	-373.153656	75.964119
3400.533333	-373.135773	75.990471
3400.600000	-373.135773	75.990471
3400.666667	-373.009705	75.913239
3400.733333	-372.969269	75.929138
3400.866667	-372.976196	75.906250
3400.933333	-372.842163	75.838844
3401.000000	-372.794800	75.870842
3401.066667	-372.787262	75.937874
3401.133333	-372.721924	75.833061
3401.200000	-372.686951	75.849319
3401.266667	-372.666412	75.868500
3401.333333	-372.590973	75.894684
3401.400000	-372.546417	75.879532
3401.466667	-372.556610	75.903633
3401.533333	-372.498230	75.922546
3401.600000	-372.457397	75.910690
3401.666667	-372.387451	75.943626
3401.733333	-372.325867	75.936150
3401.800000	-372.304718	75.954102
3401.866667	-372.300476	75.937515
3401.933333	-372.248138	75.974503
3402.000000	-372.232178	75.949425
3402.066667	-372.190643	75.952393
3402.133333	-372.171326	76.013069
3402.200000	-372.104340	75.976974
3402.266667	-372.088379	75.995506
3402.333333	-372.032684	76.047218
3402.400000	-372.036743	75.997513
3402.466667	-372.012695	75.984093
3402.533333	-371.913788	75.961929
3402.600000	-371.934753	75.962135
3402.666667	-371.852142	75.948792
3402.733333	-371.819000	75.980606
3402.800000	-371.773315	75.938370
3402.866667	-371.731384	75.930557
3402.933333	-371.684814	75.963776
3403.000000	-371.633636	75.936768
3403.066667	-371.609406	75.994888
3403.133333	-371.551178	75.982170
3403.200000	-371.528687	76.003677
3403.266667	-371.463226	75.967262
3403.333333	-371.437927	75.992294
3403.400000	-371.397217	75.993912
3403.466667	-371.411285	75.961868
3403.533333	-371.340393	76.066673
3403.600000	-371.304626	76.049820
3403.666667	-371.283600	76.055313
3403.733333	-371.236969	76.129311
3403.800000	-371.187256	76.107651
3403.866667	-371.177582	76.112648
3403.933333	-371.136261	76.191849
3404.000000	-371.052368	76.135597
3404.066667	-371.040100	76.158737
3404.133333	-371.003662	76.177223
3404.200000	-370.929382	76.154121
3404.266667	-370.916443	76.181625
3404.333333	-370.846588	76.168320
3404.400000	-370.843597	76.245064
3404.466667	-370.779907	76.196152
3404.533333	-370.753876	76.189331
3404.600000	-370.712952	76.200867
3404.666667	-370.707825	76.255669
3404.733333	-370.647125	76.258904
3404.800000	-370.591309	76.233986
3404.866667	-370.546539	76.260208
3404.933333	-370.489410	76.268654
3405.000000	-370.436951	76.192825
3405.066667	-370.378571	76.204575
3405.133333	-370.382263	76.209312
3405.200000	-370.344818	76.198219
3405.266667	-370.290985	76.195259
3405.333333	-370.251221	76.210121
3405.400000	-370.232391	76.226921
3405.466667	-370.213989	76.233330
3405.533333	-370.166443	76.270706
3405.600000	-370.124023	76.291580
3405.666667	-370.087036	76.296440
3405.733333	-370.074524	76.280464
3405.800000	-370.032318	76.334663
3405.866667	-370.044434	76.311218
3405.933333	-369.985474	76.317139
3406.000000	-369.971741	76.313820
3406.066667	-369.944031	76.336594
3406.133333	-369.897369	76.306488
3406.200000	-369.890900	76.342735
3406.266667	-369.821259	76.297295
3406.333333	-369.803009	76.277748
3406.400000	-369.768433	76.324249
3406.466667	-369.707397	76.303795
3406.533333	-369.666046	76.327385
3406.600000	-369.624512	76.272888
3406.666667	-369.640411	76.265160
3406.733333	-369.568268	76.324211
3406.800000	-369.562317	76.310043
3406.866667	-369.490417	76.339584
3406.933333	-369.484589	76.361526
3407.000000	-369.437897	76.305824
3407.066667	-369.387848	76.318237
3407.133333	-369.339874	76.346672
3407.200000	-369.327301	76.351631
3407.266667	-369.287598	76.354156
3407.333333	-369.237030	76.359116
3407.400000	-369.185425	76.326744
3407.466667	-369.149109	76.407936
3407.533333	-369.114227	76.376648
3407.600000	-369.067993	76.371544
3407.666667	-368.999939	76.444420
3407.733333	-368.999115	76.411484
3407.800000	-368.966278	76.493301
3407.866667	-368.972870	76.475311
3407.933333	-368.917236	76.525040
3408.000000	-368.885620	76.502571
3408.066667	-368.894745	76.507004
3408.133333	-368.880432	76.513519
3408.200000	-368.815796	76.553040
3408.266667	-368.752869	76.535042
3408.333333	-368.735931	76.596794
3408.400000	-368.696442	76.591919
3408.466667	-368.659027	76.549950
3408.533333	-368.592072	76.546593
3408.600000	-368.549896	76.563843
3408.666667	-368.579346	76.528450
3408.733333	-368.481323	76.598259
3408.800000	-368.440582	76.633339
3408.866667	-368.409668	76.628693
3408.933333	-368.358093	76.586296
3409.000000	-368.308807	76.569443
3409.066667	-368.273529	76.606689
3409.133333	-368.228302	76.574814
3409.200000	-368.194458	76.569702
3409.266667	-368.155029	76.544029
3409.333333	-368.108582	76.591492
3409.400000	-368.113159	76.530792
3409.466667	-368.095154	76.598648
3409.533333	-368.030640	76.631371
3409.600000	-367.985901	76.679718
3409.666667	-367.941132	76.662018
3409.733333	-367.916107	76.675903
3409.800000	-367.888763	76.703629
3409.866667	-367.882996	76.696617
3409.933333	-367.836151	76.653908
3410.000000	-367.766815	76.565186
3410.066667	-367.747314	76.569740
3410.133333	-367.730957	76.625412
3410.200000	-367.690399	76.580063
3410.266667	-367.637451	76.602119
3410.333333	-367.629608	76.594452
3410.400000	-367.592773	76.659058
3410.466667	-367.552979	76.664833
3410.533333	-367.514832	76.653862
3410.600000	-367.465851	76.672722
3410.666667	-367.450928	76.657318
3410.733333	-367.401367	76.607445
3410.800000	-367.355408	76.692978
3410.866667	-367.285065	76.631027
3410.933333	-367.235962	76.627342
3411.000000	-367.192169	76.576408
3411.066667	-367.179810	76.601540
3411.133333	-367.105133	76.610191
3411.200000	-367.053070	76.603203
3411.266667	-367.015289	76.584450
3411.333333	-366.989014	76.630211
3411.400000	-367.001190	76.607521
3411.466667	-366.957550	76.625580
3411.533333	-366.915680	76.653648
3411.600000	-366.847778	76.660744
3411.666667	-366.805756	76.647964
3411.733333	-366.777588	76.597214
3411.800000	-366.707825	76.587990
3411.866667	-366.709412	76.629021
3411.933333	-366.701416	76.650734
3412.000000	-366.639679	76.549721
3412.066667	-366.620422	76.582809
3412.133333	-366.595581	76.598831
3412.200000	-366.561310	76.583191
3412.266667	-366.506531	76.649475
3412.333333	-366.501862	76.646072
3412.400000	-366.475800	76.724098
3412.466667	-366.442047	76.708061
3412.533333	-366.410553	76.715904
3412.600000	-366.359344	76.754471
3412.666667	-366.328369	76.739304
3412.733333	-366.273682	76.792671
3412.800000	-366.288788	76.771858
3412.866667	-366.244751	76.699272
3412.933333	-366.204071	76.773918
3413.000000	-366.175995	76.788612
3413.066667	-366.151245	76.798790
3413.133333	-366.094055	76.772552
3413.200000	-366.072418	76.717537
3413.266667	-366.026489	76.700684
3413.333333	-365.985352	76.683289
3413.400000	-365.946167	76.658318
3413.466667	-365.908325	76.645447
3413.533333	-365.886658	76.663910
3413.600000	-365.816223	76.659050
3413.666667	-365.759674	76.669243
3413.733333	-365.753052	76.597717
3413.800000	-365.697296	76.699028
3413.866667	-365.689972	76.653511
3413.933333	-365.633484	76.738960
3414.000000	-365.597717	76.725952
3414.066667	-365.551880	76.701073
3414.133333	-365.550964	76.751709
3414.200000	-365.481415	76.730988
3414.266667	-365.436859	76.748543
3414.333333	-365.455444	76.759895
3414.400000	-365.406189	76.787422
3414.466667	-365.374023	76.835472
3414.533333	-365.332031	76.830818
3414.600000	-365.316864	76.797722
3414.666667	-365.297882	76.886261
3414.733333	-365.236450	76.859787
3414.800000	-365.232788	76.916473
3414.866667	-365.208710	76.831741
3414.933333	-365.203094	76.828499
3415.000000	-365.200043	76.860962
3415.066667	-365.144836	76.834694
3415.133333	-365.072388	76.862038
3415.200000	-365.010223	76.844276
3415.266667	-365.010223	76.844276
3415.333333	-364.987122	76.795174
3415.400000	-364.973206	76.845581
3415.466667	-364.916687	76.863083
3415.533333	-364.878387	76.854225
3415.600000	-364.830750	76.758705
3415.666667	-364.811676	76.763474
3415.733333	-364.755646	76.762444
3415.800000	-364.739868	76.773354
3415.866667	-364.691986	76.756203
3415.933333	-364.658966	76.750458
3416.000000	-364.601105	76.789040
3416.066667	-364.601105	76.789040
3416.133333	-364.542389	76.787422
3416.200000	-364.499481	76.786514
3416.266667	-364.494385	76.809082
3416.333333	-364.448395	76.831970
3416.400000	-364.400848	76.819649
3416.466667	-364.399994	76.831833
3416.533333	-364.386108	76.896278
3416.600000	-364.336945	76.912338
3416.666667	-364.326691	76.921608
3416.733333	-364.301575	76.976776
3416.800000	-364.195923	76.930794
3416.866667	-364.135925	76.955399
3416.933333	-364.135925	76.955399
3417.000000	-364.127808	76.962273
3417.066667	-364.096283	76.983910
3417.133333	-364.079407	76.971436
3417.200000	-364.041046	76.970818
3417.266667	-363.925842	77.027687
3417.333333	-363.925842	77.027687
3417.400000	-363.920929	76.969460
3417.466667	-363.914062	77.006195
3417.533333	-363.897400	76.965431
3417.600000	-363.866638	76.977486
3417.666667	-363.773346	76.957489
3417.733333	-363.773346	76.957489
3417.800000	-363.751343	77.003120
3417.866667	-363.699371	77.014771
3417.933333	-363.644867	76.990952
3418.000000	-363.593903	76.971107
3418.066667	-363.571686	77.031769
3418.133333	-363.514343	77.036934
3418.200000	-363.514343	77.036934
3418.266667	-363.503479	77.038391
3418.333333	-363.510468	77.021545
3418.400000	-363.460815	77.064690
3418.466667	-363.439545	77.059151
3418.533333	-363.398041	77.083809
3418.600000	-363.398041	77.083809
3418.666667	-363.386108	77.084747
3418.733333	-363.335388	77.115562
3418.800000	-363.294983	77.122215
3418.866667	-363.242706	77.121964
3418.933333	-363.186249	77.117676
3419.000000	-363.186249	77.117676
3419.066667	-363.175354	77.156433
3419.133333	-363.115326	77.140961
3419.200000	-363.074921	77.161018
3419.266667	-362.988922	77.231644
3419.333333	-362.984528	77.155823
3419.400000	-362.948425	77.191444
3419.466667	-362.948425	77.191444
3419.533333	-362.889984	77.153915
3419.600000	-362.861053	77.187386
3419.666667	-362.777374	77.124931
3419.733333	-362.719238	77.140991
3419.800000	-362.647797	77.101402
3419.866667	-362.647797	77.101402
3419.933333	-362.632324	77.099258
3420.000000	-362.555908	77.135323
