2100.066667	-370.161072	76.677216
2100.133333	-370.204926	76.728203
2100.200000	-370.211792	76.748177
2100.266667	-370.178162	76.808136
2100.333333	-370.172546	76.804321
2100.400000	-370.158691	76.855705
2100.466667	-370.158691	76.855705
2100.533333	-370.108032	76.852119
2100.600000	-370.061554	76.796387
2100.666667	-370.013275	76.807854
2100.733333	-369.991455	76.825485
2100.800000	-369.886017	76.795105
2100.866667	-369.865204	76.730316
2100.933333	-369.865204	76.730316
2101.000000	-369.839142	76.738068
2101.066667	-369.822327	76.762718
2101.133333	-369.758636	76.745033
2101.200000	-369.728668	76.718132
2101.266667	-369.728241	76.812569
2101.333333	-369.728241	76.812569
2101.400000	-369.698975	76.765305
2101.466667	-369.653015	76.822540
2101.533333	-369.626129	76.730301
2101.600000	-369.615295	76.770454
2101.666667	-369.594513	76.761162
2101.733333	-369.594513	76.761162
2101.800000	-369.606903	76.739906
2101.866667	-369.573364	76.838104
2101.933333	-369.578735	76.761208
2102.000000	-369.517212	76.829849
2102.066667	-369.515137	76.837021
2102.133333	-369.495300	76.786835
2102.200000	-369.495300	76.786835
2102.266667	-369.453766	76.770279
2102.333333	-369.393890	76.833405
2102.400000	-369.337891	76.790497
2102.466667	-369.353699	76.852142
2102.533333	-369.334320	76.860008
2102.600000	-369.334320	76.860008
2102.666667	-369.365173	76.851959
2102.733333	-369.348663	76.830887
2102.800000	-369.304871	76.770355
2102.866667	-369.256500	76.865593
2102.933333	-369.180756	76.872620
2103.000000	-369.180756	76.872620
2103.066667	-369.126312	76.858925
2103.133333	-369.130249	76.876793
2103.200000	-369.056671	76.819710
2103.266667	-369.012756	76.821434
2103.333333	-368.980896	76.832565
2103.400000	-368.980896	76.832565
2103.466667	-368.971558	76.828598
2103.533333	-368.951111	76.854202
2103.600000	-368.947479	76.851006
2103.666667	-368.915314	76.936157
2103.733333	-368.928528	76.949883
2103.800000	-368.873535	76.917206
2103.866667	-368.873535	76.917206
2103.933333	-368.893799	77.016594
2104.000000	-368.825653	77.061653
2104.066667	-368.825897	76.964622
2104.133333	-368.849274	77.001221
2104.200000	-368.805267	76.984795
2104.266667	-368.805267	76.984795
2104.333333	-368.744690	77.076881
2104.400000	-368.671509	76.986778
2104.466667	-368.680817	77.080872
2104.533333	-368.626984	77.095123
2104.600000	-368.652618	77.016869
2104.666667	-368.652618	77.016869
2104.733333	-368.613800	77.080490
2104.800000	-368.499054	77.061234
2104.866667	-368.486359	77.057854
2104.933333	-368.510773	77.012741
2105.000000	-368.514618	77.021538
2105.066667	-368.482178	77.046478
2105.133333	-368.482178	77.046478
2105.200000	-368.453522	77.054497
2105.266667	-368.384735	76.968704
2105.333333	-368.377319	76.926308
2105.400000	-368.352142	77.046448
2105.466667	-368.312988	76.946823
2105.533333	-368.312988	76.946823
2105.600000	-368.281219	76.937187
2105.666667	-368.247253	76.983681
2105.733333	-368.174377	76.967308
2105.800000	-368.133850	76.952728
2105.866667	-368.102234	77.010826
2105.933333	-368.102234	77.010826
2106.000000	-368.059875	77.060486
2106.066667	-367.999420	77.071426
2106.133333	-367.998657	77.151466
2106.200000	-367.987793	77.115234
2106.266667	-367.987610	77.163872
2106.333333	-367.998840	77.172058
2106.400000	-367.989105	77.161987
2106.466667	-367.947876	77.192375
2106.533333	-367.958954	77.121010
2106.600000	-367.949188	77.122261
2106.666667	-367.918945	77.114403
2106.733333	-367.873535	77.120171
2106.800000	-367.856049	77.016914
2106.866667	-367.792633	77.047165
2106.933333	-367.780304	76.991730
2107.000000	-367.752594	77.024239
2107.066667	-367.738586	77.033279
2107.133333	-367.724060	77.009995
2107.200000	-367.708740	77.003937
2107.266667	-367.722076	77.015465
2107.333333	-367.681763	76.982521
2107.400000	-367.634460	76.996063
2107.466667	-367.619110	76.935005
2107.533333	-367.604279	76.963943
2107.600000	-367.573669	76.919373
2107.666667	-367.505249	76.985924
2107.733333	-367.488098	77.050766
2107.800000	-367.440033	76.975761
2107.866667	-367.414062	76.992302
2107.933333	-367.404205	76.982857
2108.000000	-367.389069	76.990524
2108.066667	-367.420959	76.977333
2108.133333	-367.389832	77.028374
2108.200000	-367.444183	76.982018
2108.266667	-367.402924	77.061127
2108.333333	-367.408112	77.044289
2108.400000	-367.335815	77.096420
2108.466667	-367.291992	77.126953
2108.533333	-367.255768	77.092453
2108.600000	-367.192841	77.118225
2108.666667	-367.188110	77.151802
2108.733333	-367.130890	77.148804
2108.800000	-367.125244	77.075676
2108.866667	-367.095093	77.143005
2108.933333	-367.100647	77.145706
2109.000000	-367.048615	77.100037
2109.066667	-367.020203	77.122025
2109.133333	-367.052612	77.106361
2109.200000	-367.010559	77.146286
2109.266667	-366.975800	77.081444
2109.333333	-366.945770	76.996529
2109.400000	-366.899658	77.043022
2109.466667	-366.895111	77.038513
2109.533333	-366.849030	76.953018
2109.600000	-366.817566	76.920967
2109.666667	-366.803101	76.921692
2109.733333	-366.772827	76.946518
2109.800000	-366.719849	76.892212
2109.866667	-366.689911	77.009003
2109.933333	-366.685516	76.980568
2110.000000	-366.668152	77.022476
2110.066667	-366.605225	76.964760
2110.133333	-366.622986	76.960915
2110.200000	-366.611786	76.976318
2110.266667	-366.571655	77.008308
2110.333333	-366.598175	77.067627
2110.400000	-366.549561	77.017006
2110.466667	-366.538208	77.045120
2110.533333	-366.513611	77.030243
2110.600000	-366.521027	77.036812
2110.666667	-366.481873	76.982941
2110.733333	-366.436249	77.046387
2110.800000	-366.439819	77.078247
2110.866667	-366.437958	77.041145
2110.933333	-366.426575	77.075844
2111.000000	-366.406616	77.060280
2111.066667	-366.407593	77.045555
2111.133333	-366.372314	77.088905
2111.200000	-366.347931	77.109413
2111.266667	-366.334656	77.060631
2111.333333	-366.288300	77.128632
2111.400000	-366.263489	77.075150
2111.466667	-366.273834	77.019966
2111.533333	-366.223877	77.055992
2111.600000	-366.224976	77.102509
2111.666667	-366.183044	77.121544
2111.733333	-366.140259	77.185249
2111.800000	-366.116028	77.094345
2111.866667	-366.120026	77.092560
2111.933333	-366.107880	77.095573
2112.000000	-366.083069	77.080292
2112.066667	-366.048370	77.007317
2112.133333	-366.013916	77.028725
2112.200000	-366.021118	77.029343
2112.266667	-366.014801	76.996750
2112.333333	-365.997406	77.021393
2112.400000	-366.027374	76.999847
2112.466667	-365.982574	77.014175
2112.533333	-365.954224	77.024696
2112.600000	-365.959961	77.067490
2112.666667	-365.938904	77.048935
2112.733333	-365.875122	77.180153
2112.800000	-365.843933	77.111198
2112.866667	-365.832703	77.093552
2112.933333	-365.839905	77.147003
2113.000000	-365.843719	77.131096
2113.066667	-365.831818	77.133614
2113.133333	-365.824829	77.176628
2113.200000	-365.823212	77.112190
2113.266667	-365.770325	77.158165
2113.333333	-365.760101	77.161842
2113.400000	-365.723541	77.133873
2113.466667	-365.686523	77.108368
2113.533333	-365.645111	77.107384
2113.600000	-365.650177	77.055504
2113.666667	-365.599152	77.035843
2113.733333	-365.564636	77.055252
2113.800000	-365.562103	77.028015
2113.866667	-365.596039	76.968124
2113.933333	-365.576721	77.069908
2114.000000	-365.562683	77.018898
2114.066667	-365.554596	77.039871
2114.133333	-365.478149	77.036591
2114.200000	-365.484100	77.078186
2114.266667	-365.425323	77.122169
2114.333333	-365.380798	77.043213
2114.400000	-365.380737	77.082886
2114.466667	-365.322815	77.138611
2114.533333	-365.331360	77.146255
2114.600000	-365.298645	77.166397
2114.666667	-365.278320	77.228645
2114.733333	-365.227325	77.211998
2114.800000	-365.225739	77.257927
2114.866667	-365.198761	77.268074
2114.933333	-365.178833	77.314964
2115.000000	-365.190948	77.331917
2115.066667	-365.177185	77.320694
2115.133333	-365.163086	77.327095
2115.200000	-365.146332	77.345306
2115.266667	-365.135101	77.356697
2115.333333	-365.118744	77.395638
2115.400000	-365.102844	77.395523
2115.466667	-365.073242	77.339638
2115.533333	-365.020538	77.290634
2115.600000	-364.985474	77.232689
2115.666667	-364.933929	77.217354
2115.733333	-364.890259	77.241730
2115.800000	-364.896698	77.283852
2115.866667	-364.834473	77.249496
2115.933333	-364.781219	77.217728
2116.000000	-364.779602	77.201164
2116.066667	-364.754333	77.178299
2116.133333	-364.727417	77.221901
2116.200000	-364.714111	77.255806
2116.266667	-364.715912	77.267021
2116.333333	-364.704773	77.273354
2116.400000	-364.687439	77.264023
2116.466667	-364.678528	77.290413
2116.533333	-364.715698	77.311920
2116.600000	-364.682068	77.327789
2116.666667	-364.645416	77.285591
2116.733333	-364.642914	77.339630
2116.800000	-364.667511	77.340645
2116.866667	-364.640442	77.333359
2116.933333	-364.662842	77.337898
2117.000000	-364.645172	77.387817
2117.066667	-364.627075	77.366394
2117.133333	-364.615234	77.410858
2117.200000	-364.620605	77.370468
2117.266667	-364.614563	77.412544
2117.333333	-364.601318	77.391327
2117.400000	-364.576324	77.369209
2117.466667	-364.553619	77.379723
2117.533333	-364.516205	77.385689
2117.600000	-364.482697	77.337502
2117.666667	-364.471222	77.320511
2117.733333	-364.450012	77.333092
2117.800000	-364.447784	77.290710
2117.866667	-364.417145	77.307755
2117.933333	-364.410858	77.290733
2118.000000	-364.411255	77.289337
2118.066667	-364.385651	77.247559
2118.133333	-364.349121	77.224388
2118.200000	-364.331940	77.210861
2118.266667	-364.294708	77.232468
2118.333333	-364.265686	77.242020
2118.400000	-364.271606	77.229874
2118.466667	-364.272675	77.246933
2118.533333	-364.205078	77.219406
2118.600000	-364.239563	77.275665
2118.666667	-364.250946	77.239502
2118.733333	-364.205780	77.221970
2118.800000	-364.189514	77.248688
2118.866667	-364.167389	77.291626
2118.933333	-364.173981	77.301346
2119.000000	-364.143311	77.334915
2119.066667	-364.202179	77.415207
2119.133333	-364.145782	77.346344
2119.200000	-364.148285	77.455864
2119.266667	-364.126556	77.401596
2119.333333	-364.175018	77.410454
2119.400000	-364.147797	77.431389
2119.466667	-364.151550	77.475136
2119.533333	-364.108612	77.443687
2119.600000	-364.079468	77.505295
2119.666667	-364.065826	77.499008
2119.733333	-364.012543	77.497757
2119.800000	-363.991119	77.490097
2119.866667	-364.005127	77.544434
2119.933333	-363.987671	77.515892
2120.000000	-363.986938	77.491699
2120.066667	-363.988220	77.447929
2120.133333	-363.982178	77.440392
2120.200000	-363.937958	77.382507
2120.266667	-363.948090	77.392303
2120.333333	-363.931610	77.326904
2120.400000	-363.861664	77.379845
2120.466667	-363.918884	77.316208
2120.533333	-363.858154	77.386314
2120.600000	-363.846863	77.396286
2120.666667	-363.794861	77.311653
2120.733333	-363.812347	77.405663
2120.800000	-363.763702	77.395844
2120.866667	-363.794800	77.336571
2120.933333	-363.782745	77.377960
2121.000000	-363.776428	77.460518
2121.066667	-363.753052	77.430656
2121.133333	-363.761597	77.452347
2121.200000	-363.730774	77.508018
2121.266667	-363.734009	77.460861
2121.333333	-363.758209	77.458076
2121.400000	-363.760498	77.471786
2121.466667	-363.697998	77.520157
2121.533333	-363.723389	77.502571
2121.600000	-363.771637	77.501732
2121.666667	-363.775299	77.518684
2121.733333	-363.741211	77.470177
2121.800000	-363.785828	77.460297
2121.866667	-363.729584	77.457535
2121.933333	-363.723022	77.433250
2122.000000	-363.694336	77.424591
2122.066667	-363.663605	77.387611
2122.133333	-363.673798	77.308220
2122.200000	-363.631775	77.365639
2122.266667	-363.617676	77.350555
2122.333333	-363.581390	77.279686
2122.400000	-363.536957	77.336792
2122.466667	-363.519562	77.330200
2122.533333	-363.528870	77.360130
2122.600000	-363.503296	77.332329
2122.666667	-363.521790	77.299767
2122.733333	-363.505463	77.325203
2122.800000	-363.509338	77.328560
2122.866667	-363.489716	77.377724
2122.933333	-363.473175	77.415894
2123.000000	-363.469452	77.369247
2123.066667	-363.453369	77.445778
2123.133333	-363.479675	77.409569
2123.200000	-363.444153	77.454185
2123.266667	-363.432068	77.470367
2123.333333	-363.417084	77.470451
2123.400000	-363.449402	77.519196
2123.466667	-363.410645	77.469559
2123.533333	-363.454041	77.461060
2123.600000	-363.407928	77.476067
2123.666667	-363.423706	77.511978
2123.733333	-363.439636	77.535622
2123.800000	-363.425690	77.521782
2123.866667	-363.411194	77.481956
2123.933333	-363.383484	77.506836
2124.000000	-363.363464	77.481689
2124.066667	-363.362274	77.496048
2124.133333	-363.387390	77.467194
2124.200000	-363.320801	77.506157
2124.266667	-363.349457	77.476143
2124.333333	-363.311981	77.402374
2124.400000	-363.266113	77.415192
2124.466667	-363.239471	77.382629
2124.533333	-363.232910	77.339798
2124.600000	-363.214294	77.335251
2124.666667	-363.194855	77.292274
2124.733333	-363.181793	77.280838
2124.800000	-363.226685	77.312233
2124.866667	-363.186615	77.294548
2124.933333	-363.198944	77.297791
2125.000000	-363.190308	77.321175
2125.066667	-363.171967	77.275169
2125.133333	-363.166321	77.301773
2125.200000	-363.193054	77.328590
2125.266667	-363.177795	77.277809
2125.333333	-363.157928	77.306290
2125.400000	-363.165405	77.389442
2125.466667	-363.152527	77.306656
2125.533333	-363.144562	77.360710
2125.600000	-363.161682	77.403015
2125.666667	-363.110229	77.421478
2125.733333	-363.143005	77.365982
2125.800000	-363.160156	77.391418
2125.866667	-363.134064	77.419472
2125.933333	-363.111755	77.414482
2126.000000	-363.117920	77.382751
2126.066667	-363.060852	77.348297
2126.133333	-363.055786	77.332581
2126.200000	-363.044281	77.303024
2126.266667	-363.050079	77.350922
2126.333333	-363.045410	77.283455
2126.400000	-362.952911	77.318748
2126.466667	-362.967163	77.281059
2126.533333	-363.005981	77.251289
2126.600000	-362.958405	77.182198
2126.666667	-362.937042	77.220001
2126.733333	-362.905762	77.245262
2126.800000	-362.904510	77.252571
2126.866667	-362.913788	77.244247
2126.933333	-362.848969	77.248222
2127.000000	-362.891052	77.201012
2127.066667	-362.850983	77.253006
2127.133333	-362.847778	77.283104
2127.200000	-362.841797	77.271996
2127.266667	-362.877289	77.304329
2127.333333	-362.815338	77.300591
2127.400000	-362.829468	77.335831
2127.466667	-362.815063	77.298393
2127.533333	-362.827332	77.338295
2127.600000	-362.816650	77.310112
2127.666667	-362.818542	77.385284
2127.733333	-362.830292	77.426071
2127.800000	-362.837524	77.402710
2127.866667	-362.837250	77.369934
2127.933333	-362.837677	77.430405
2128.000000	-362.851715	77.364044
2128.066667	-362.866821	77.426483
2128.133333	-362.846680	77.383247
2128.200000	-362.836182	77.409492
2128.266667	-362.861847	77.365616
2128.333333	-362.837311	77.355522
2128.400000	-362.849670	77.361053
2128.466667	-362.796814	77.310219
2128.533333	-362.790680	77.335342
2128.600000	-362.825226	77.326645
2128.666667	-362.779022	77.334045
2128.733333	-362.769806	77.378120
2128.800000	-362.750885	77.379456
2128.866667	-362.758453	77.326935
2128.933333	-362.742035	77.339577
2129.000000	-362.705078	77.275925
2129.066667	-362.734467	77.274147
2129.133333	-362.724609	77.322266
2129.200000	-362.703156	77.304054
2129.266667	-362.680145	77.325272
2129.333333	-362.662048	77.313545
2129.400000	-362.665649	77.355347
2129.466667	-362.677704	77.323967
2129.533333	-362.667694	77.334869
2129.600000	-362.642975	77.365349
2129.666667	-362.648590	77.398041
2129.733333	-362.644165	77.380157
2129.800000	-362.615662	77.378082
2129.866667	-362.660492	77.398018
2129.933333	-362.642426	77.355042
2130.000000	-362.610687	77.379875
2130.066667	-362.595245	77.404358
2130.133333	-362.571960	77.398872
2130.200000	-362.584869	77.345688
2130.266667	-362.570496	77.355652
2130.333333	-362.562714	77.434959
2130.400000	-362.557892	77.388664
2130.466667	-362.522552	77.416061
2130.533333	-362.554565	77.433174
2130.600000	-362.541779	77.394249
2130.666667	-362.517303	77.391838
2130.733333	-362.498352	77.437019
2130.800000	-362.523499	77.403625
2130.866667	-362.520172	77.426781
2130.933333	-362.497894	77.380768
2131.000000	-362.513123	77.395782
2131.066667	-362.488739	77.459526
2131.133333	-362.464142	77.412254
2131.200000	-362.470825	77.421440
2131.266667	-362.448792	77.483185
2131.333333	-362.486176	77.431465
2131.400000	-362.464996	77.446281
2131.466667	-362.446991	77.472977
2131.533333	-362.435699	77.441246
2131.600000	-362.430786	77.470619
2131.666667	-362.418793	77.498283
2131.733333	-362.429047	77.485519
2131.800000	-362.425629	77.467201
2131.866667	-362.400543	77.498047
2131.933333	-362.425323	77.460602
2132.000000	-362.421906	77.462852
2132.066667	-362.413879	77.509964
2132.133333	-362.427948	77.488930
2132.200000	-362.460876	77.523544
2132.266667	-362.421326	77.464973
2132.333333	-362.408081	77.493782
2132.400000	-362.425018	77.498199
2132.466667	-362.435608	77.498466
2132.533333	-362.431580	77.468506
2132.600000	-362.408905	77.494446
2132.666667	-362.400177	77.477509
2132.733333	-362.376526	77.457703
2132.800000	-362.393311	77.434441
2132.866667	-362.381226	77.444397
2132.933333	-362.374512	77.433968
2133.000000	-362.373871	77.412514
2133.066667	-362.381653	77.427422
2133.133333	-362.362885	77.459709
2133.200000	-362.340454	77.416901
2133.266667	-362.329315	77.486069
2133.333333	-362.353699	77.451088
2133.400000	-362.356812	77.418594
2133.466667	-362.339478	77.465569
2133.533333	-362.363495	77.428276
2133.600000	-362.372223	77.432190
2133.666667	-362.307220	77.485619
2133.733333	-362.318634	77.479721
2133.800000	-362.356903	77.500603
2133.866667	-362.370178	77.454056
2133.933333	-362.347717	77.446419
2134.000000	-362.383209	77.464470
2134.066667	-362.327911	77.402702
2134.133333	-362.365540	77.472008
2134.200000	-362.375000	77.482491
2134.266667	-362.356720	77.460258
2134.333333	-362.379150	77.505768
2134.400000	-362.369568	77.496399
2134.466667	-362.343658	77.488701
2134.533333	-362.334106	77.498009
2134.600000	-362.334747	77.468376
2134.666667	-362.300934	77.483002
2134.733333	-362.354065	77.447128
2134.800000	-362.316711	77.472847
2134.866667	-362.297424	77.439980
2134.933333	-362.309204	77.431992
2135.000000	-362.275726	77.473717
2135.066667	-362.276428	77.488876
2135.133333	-362.299866	77.472549
2135.200000	-362.276978	77.461555
2135.266667	-362.275696	77.439903
2135.333333	-362.256592	77.477036
2135.400000	-362.295715	77.469833
2135.466667	-362.283325	77.435081
2135.533333	-362.301147	77.454216
2135.600000	-362.293365	77.443108
2135.666667	-362.303986	77.429993
2135.733333	-362.311432	77.433327
2135.800000	-362.276794	77.424156
2135.866667	-362.308990	77.447968
2135.933333	-362.320068	77.456970
2136.000000	-362.294220	77.455872
2136.066667	-362.306580	77.503578
2136.133333	-362.306580	77.503578
2136.200000	-362.334045	77.531090
2136.266667	-362.315430	77.526741
2136.333333	-362.297272	77.472885
2136.400000	-362.341156	77.491737
2136.466667	-362.294861	77.449844
2136.533333	-362.294861	77.449844
2136.600000	-362.292694	77.491562
2136.666667	-362.306366	77.467072
2136.733333	-362.281036	77.492790
2136.800000	-362.272247	77.494972
2136.866667	-362.305817	77.437065
2136.933333	-362.305817	77.437065
2137.000000	-362.261169	77.445564
2137.066667	-362.272949	77.400284
2137.133333	-362.236664	77.488853
2137.200000	-362.240051	77.442917
2137.266667	-362.270386	77.465820
2137.333333	-362.296417	77.475319
2137.400000	-362.296417	77.475319
2137.466667	-362.246582	77.527847
2137.533333	-362.279846	77.437721
2137.600000	-362.279358	77.462105
2137.666667	-362.259399	77.459358
2137.733333	-362.275116	77.472847
2137.800000	-362.275116	77.472847
2137.866667	-362.261200	77.448334
2137.933333	-362.278931	77.498337
2138.000000	-362.286285	77.478737
2138.066667	-362.308655	77.488907
2138.133333	-362.310333	77.431358
2138.200000	-362.310333	77.431358
2138.266667	-362.311157	77.475914
2138.333333	-362.317383	77.507080
2138.400000	-362.305115	77.495926
2138.466667	-362.341248	77.485397
2138.533333	-362.328705	77.496292
2138.600000	-362.328705	77.496292
2138.666667	-362.326080	77.504105
2138.733333	-362.346680	77.542953
2138.800000	-362.321655	77.520767
2138.866667	-362.345093	77.483147
2138.933333	-362.345856	77.487564
2139.000000	-362.300629	77.429459
2139.066667	-362.300629	77.429459
2139.133333	-362.338318	77.443352
2139.200000	-362.339722	77.455704
2139.266667	-362.325531	77.441086
2139.333333	-362.308777	77.460999
2139.400000	-362.296722	77.500687
2139.466667	-362.296722	77.500687
2139.533333	-362.289093	77.480652
2139.600000	-362.311920	77.424995
2139.666667	-362.317780	77.448044
2139.733333	-362.313690	77.461540
2139.800000	-362.316620	77.451637
2139.866667	-362.316620	77.451637
2139.933333	-362.349670	77.469246
2140.000000	-362.359985	77.483490
2140.066667	-362.377838	77.466774
2140.133333	-362.383301	77.477974
2140.200000	-362.362396	77.472977
2140.266667	-362.395752	77.492569
2140.333333	-362.395752	77.492569
2140.400000	-362.384491	77.496529
2140.466667	-362.403290	77.486893
2140.533333	-362.416809	77.462906
2140.600000	-362.427826	77.476295
2140.666667	-362.413300	77.515373
2140.733333	-362.413300	77.515373
2140.800000	-362.447144	77.484779
2140.866667	-362.395538	77.461151
2140.933333	-362.388947	77.499229
2141.000000	-362.415558	77.433708
2141.066667	-362.409973	77.463997
2141.133333	-362.409973	77.463997
2141.200000	-362.391602	77.461502
2141.266667	-362.385040	77.460243
2141.333333	-362.397858	77.447540
2141.400000	-362.383850	77.442314
2141.466667	-362.380310	77.481285
2141.533333	-362.392853	77.440895
2141.600000	-362.392853	77.440895
2141.666667	-362.369873	77.464600
2141.733333	-362.365173	77.427361
2141.800000	-362.374268	77.423973
2141.866667	-362.356781	77.452965
2141.933333	-362.393402	77.503059
2142.000000	-362.393402	77.503059
2142.066667	-362.398102	77.483650
2142.133333	-362.414185	77.457520
2142.200000	-362.418427	77.450989
2142.266667	-362.416443	77.461876
2142.333333	-362.419434	77.419800
2142.400000	-362.419434	77.419800
2142.466667	-362.453796	77.448250
2142.533333	-362.402374	77.485237
2142.600000	-362.413391	77.482430
2142.666667	-362.453186	77.451546
2142.733333	-362.476440	77.452583
2142.800000	-362.476440	77.452583
2142.866667	-362.478088	77.440506
2142.933333	-362.509857	77.457527
2143.000000	-362.454407	77.423180
2143.066667	-362.490997	77.407867
2143.133333	-362.449646	77.394173
2143.200000	-362.497101	77.432083
2143.266667	-362.523193	77.366982
2143.333333	-362.555054	77.333664
2143.400000	-362.523956	77.378159
2143.466667	-362.564453	77.335472
2143.533333	-362.511444	77.390633
2143.600000	-362.513062	77.341759
2143.666667	-362.512482	77.360138
2143.733333	-362.572144	77.365044
2143.800000	-362.567749	77.339531
2143.866667	-362.584808	77.355659
2143.933333	-362.568298	77.319580
2144.000000	-362.603851	77.333656
2144.066667	-362.622223	77.365723
2144.133333	-362.622955	77.336014
2144.200000	-362.637329	77.338226
2144.266667	-362.649567	77.315796
2144.333333	-362.648743	77.286674
2144.400000	-362.699646	77.340454
2144.466667	-362.649292	77.322433
2144.533333	-362.666992	77.341942
2144.600000	-362.687439	77.396736
2144.666667	-362.699493	77.388504
2144.733333	-362.733704	77.404655
2144.800000	-362.717010	77.342865
2144.866667	-362.741119	77.376350
2144.933333	-362.707397	77.385597
2145.000000	-362.777039	77.364906
2145.066667	-362.740356	77.335022
2145.133333	-362.730286	77.389122
2145.200000	-362.756439	77.354538
2145.266667	-362.748718	77.394470
2145.333333	-362.767517	77.390327
2145.400000	-362.743866	77.405113
2145.466667	-362.801270	77.365189
2145.533333	-362.763184	77.375786
2145.600000	-362.774139	77.358131
2145.666667	-362.813568	77.282196
2145.733333	-362.814819	77.329300
2145.800000	-362.824127	77.341400
2145.866667	-362.804016	77.349220
2145.933333	-362.806702	77.352242
2146.000000	-362.832916	77.324181
2146.066667	-362.845215	77.348297
2146.133333	-362.819305	77.320541
2146.200000	-362.856537	77.275703
2146.266667	-362.827881	77.365082
2146.333333	-362.816284	77.364082
2146.400000	-362.837524	77.307014
2146.466667	-362.818604	77.330872
2146.533333	-362.819672	77.349602
2146.600000	-362.862610	77.351578
2146.666667	-362.859467	77.341431
2146.733333	-362.880920	77.314590
2146.800000	-362.890900	77.271164
2146.866667	-362.933807	77.314552
2146.933333	-362.907379	77.329170
2147.000000	-362.948944	77.340378
2147.066667	-362.918518	77.305725
2147.133333	-362.949646	77.378662
2147.200000	-362.929169	77.384315
2147.266667	-362.990356	77.253639
2147.333333	-363.009399	77.344124
2147.400000	-362.978058	77.299500
2147.466667	-362.979279	77.254448
2147.533333	-362.997467	77.261551
2147.600000	-362.995239	77.236702
2147.666667	-363.011108	77.209213
2147.733333	-363.036377	77.251640
2147.800000	-363.055542	77.263069
2147.866667	-363.020081	77.270615
2147.933333	-363.002930	77.247574
2148.000000	-363.070770	77.240112
2148.066667	-363.062744	77.246857
2148.133333	-363.021088	77.246193
2148.200000	-363.032745	77.289040
2148.266667	-363.058289	77.349976
2148.333333	-363.070526	77.327888
2148.400000	-363.113373	77.326500
2148.466667	-363.110016	77.368423
2148.533333	-363.116211	77.409233
2148.600000	-363.173096	77.430367
2148.666667	-363.154572	77.415718
2148.733333	-363.196045	77.490402
2148.800000	-363.228577	77.440643
2148.866667	-363.237061	77.471710
2148.933333	-363.258026	77.554451
2149.000000	-363.260406	77.548584
2149.066667	-363.261658	77.580467
2149.133333	-363.261139	77.590370
2149.200000	-363.304047	77.548279
2149.266667	-363.311768	77.590500
2149.333333	-363.349152	77.577530
2149.400000	-363.324799	77.605545
2149.466667	-363.333191	77.518105
2149.533333	-363.336609	77.529785
2149.600000	-363.356903	77.514656
2149.666667	-363.328339	77.549149
2149.733333	-363.360748	77.484993
2149.800000	-363.320465	77.461197
2149.866667	-363.342682	77.442596
2149.933333	-363.366089	77.438080
2150.000000	-363.392639	77.416336
2150.066667	-363.346375	77.424492
2150.133333	-363.359344	77.453850
2150.200000	-363.381012	77.412735
2150.266667	-363.435730	77.415825
2150.333333	-363.464691	77.447762
2150.400000	-363.510406	77.397659
2150.466667	-363.482727	77.454407
2150.533333	-363.501953	77.423973
2150.600000	-363.512451	77.458801
2150.666667	-363.541046	77.455879
2150.733333	-363.550171	77.434822
2150.800000	-363.570587	77.446724
2150.866667	-363.608276	77.465416
2150.933333	-363.657379	77.482712
2151.000000	-363.697693	77.541748
2151.066667	-363.657990	77.514999
2151.133333	-363.754974	77.500008
2151.200000	-363.756805	77.534660
2151.266667	-363.725739	77.505615
2151.333333	-363.718994	77.547531
2151.400000	-363.734528	77.555733
2151.466667	-363.738770	77.552483
2151.533333	-363.765686	77.533943
2151.600000	-363.746826	77.538155
2151.666667	-363.750061	77.516701
2151.733333	-363.785492	77.477737
2151.800000	-363.818512	77.482063
2151.866667	-363.863617	77.495636
2151.933333	-363.901306	77.460663
2152.000000	-363.856873	77.463028
2152.066667	-363.889862	77.349289
2152.133333	-363.893127	77.386833
2152.200000	-363.942078	77.315514
2152.266667	-363.972839	77.384033
2152.333333	-363.954498	77.378693
2152.400000	-363.972961	77.343613
2152.466667	-364.004578	77.393585
2152.533333	-364.008759	77.366600
2152.600000	-364.090240	77.379662
2152.666667	-364.133514	77.360069
2152.733333	-364.134918	77.397285
2152.800000	-364.142059	77.300850
2152.866667	-364.187286	77.378944
2152.933333	-364.166504	77.369377
2153.000000	-364.223938	77.386551
2153.066667	-364.170013	77.448975
2153.133333	-364.250977	77.422226
2153.200000	-364.256165	77.439819
2153.266667	-364.299652	77.446877
2153.333333	-364.312164	77.405792
2153.400000	-364.345734	77.458633
2153.466667	-364.398529	77.454414
2153.533333	-364.408081	77.471886
2153.600000	-364.446289	77.409492
2153.666667	-364.431061	77.358421
2153.733333	-364.475250	77.296928
2153.800000	-364.465027	77.367653
2153.866667	-364.469574	77.365486
2153.933333	-364.495789	77.337051
2154.000000	-364.510925	77.300026
2154.066667	-364.560852	77.350601
2154.133333	-364.559845	77.307480
2154.200000	-364.592102	77.277405
2154.266667	-364.597565	77.322159
2154.333333	-364.605011	77.269897
2154.400000	-364.601257	77.258926
2154.466667	-364.620514	77.271080
2154.533333	-364.626923	77.234680
2154.600000	-364.661987	77.294579
2154.666667	-364.694458	77.325142
2154.733333	-364.694336	77.309723
2154.800000	-364.762146	77.283615
2154.866667	-364.736359	77.236343
2154.933333	-364.809143	77.253769
2155.000000	-364.824188	77.229164
2155.066667	-364.889771	77.212791
2155.133333	-364.929413	77.235146
2155.200000	-364.972534	77.279442
2155.266667	-365.053345	77.298515
2155.333333	-365.054321	77.290581
2155.400000	-365.139709	77.289497
2155.466667	-365.138947	77.266296
2155.533333	-365.141907	77.294281
2155.600000	-365.150970	77.330734
2155.666667	-365.198517	77.308678
2155.733333	-365.217041	77.284149
2155.800000	-365.230530	77.273529
2155.866667	-365.276367	77.186867
2155.933333	-365.321991	77.162003
2156.000000	-365.361481	77.142776
2156.066667	-365.387268	77.093643
2156.133333	-365.420898	77.069687
2156.200000	-365.477631	77.100807
2156.266667	-365.515442	77.035583
2156.333333	-365.525360	77.058937
2156.400000	-365.526825	77.025520
2156.466667	-365.538208	76.946693
2156.533333	-365.567627	76.946014
2156.600000	-365.595795	76.987862
2156.666667	-365.591431	76.945213
2156.733333	-365.658722	76.999031
2156.800000	-365.719116	77.045044
2156.866667	-365.765076	77.040382
2156.933333	-365.766205	77.055847
2157.000000	-365.796234	77.046486
2157.066667	-365.834473	77.110680
2157.133333	-365.833710	77.059692
2157.200000	-365.823212	77.046005
2157.266667	-365.887970	77.053101
2157.333333	-365.955475	77.053368
2157.400000	-365.957397	77.090179
2157.466667	-365.999756	77.162575
2157.533333	-366.025543	77.138741
2157.600000	-366.048462	77.151123
2157.666667	-366.071808	77.187958
2157.733333	-366.082153	77.202499
2157.800000	-366.151001	77.188377
2157.866667	-366.105652	77.178848
2157.933333	-366.123810	77.164215
2158.000000	-366.186584	77.122314
2158.066667	-366.220398	77.133675
2158.133333	-366.276215	77.081406
2158.200000	-366.288300	77.064507
2158.266667	-366.295624	76.981392
2158.333333	-366.328094	76.962166
2158.400000	-366.387146	77.021889
2158.466667	-366.359955	76.940987
2158.533333	-366.402985	76.988777
2158.600000	-366.393677	76.962524
2158.666667	-366.398254	76.974831
2158.733333	-366.471893	76.907555
2158.800000	-366.452576	76.973740
2158.866667	-366.477997	76.998108
2158.933333	-366.519562	76.970207
2159.000000	-366.524567	76.998703
2159.066667	-366.596649	77.000542
2159.133333	-366.623505	76.974380
2159.200000	-366.624939	76.987541
2159.266667	-366.661652	77.014526
2159.333333	-366.726379	76.985489
2159.400000	-366.812439	76.966301
2159.466667	-366.796692	77.028770
2159.533333	-366.846954	76.983398
2159.600000	-366.850647	77.005287
2159.666667	-366.906647	77.038513
2159.733333	-366.911896	77.082527
2159.800000	-366.957184	77.056084
2159.866667	-366.977814	77.101036
2159.933333	-367.011139	77.114647
2160.000000	-367.020355	77.137856
