12480.066667	-396.842285	72.273392
12480.133333	-396.865540	72.252899
12480.200000	-396.911438	72.214569
12480.266667	-396.816101	72.275276
12480.333333	-396.869019	72.286133
12480.400000	-396.875397	72.221344
12480.466667	-396.868103	72.218544
12480.533333	-396.850708	72.239296
12480.600000	-396.880249	72.246101
12480.666667	-396.847778	72.202354
12480.733333	-396.875610	72.233513
12480.800000	-396.824738	72.242653
12480.866667	-396.852753	72.220909
12480.933333	-396.844604	72.236610
12481.000000	-396.856018	72.206230
12481.066667	-396.856903	72.202156
12481.133333	-396.811371	72.245728
12481.200000	-396.800781	72.217743
12481.266667	-396.864044	72.147354
12481.333333	-396.777100	72.245728
12481.400000	-396.791290	72.245728
12481.466667	-396.806427	72.241722
12481.533333	-396.822357	72.227165
12481.600000	-396.805237	72.292145
12481.666667	-396.784698	72.294640
12481.733333	-396.853333	72.249931
12481.800000	-396.794708	72.252983
12481.866667	-396.842438	72.261375
12481.933333	-396.807098	72.269554
12482.000000	-396.719910	72.349869
12482.066667	-396.765381	72.329674
12482.133333	-396.766937	72.285355
12482.200000	-396.815369	72.271973
12482.266667	-396.819733	72.292305
12482.333333	-396.812744	72.295807
12482.400000	-396.867401	72.222954
12482.466667	-396.837982	72.280144
12482.533333	-396.800873	72.269432
12482.600000	-396.802612	72.229958
12482.666667	-396.774231	72.295227
12482.733333	-396.833466	72.240639
12482.800000	-396.788666	72.259285
12482.866667	-396.816833	72.240639
12482.933333	-396.802795	72.223160
12483.000000	-396.774750	72.241005
12483.066667	-396.811554	72.209366
12483.133333	-396.744781	72.250046
12483.200000	-396.829102	72.229225
12483.266667	-396.794434	72.214790
12483.333333	-396.844788	72.226059
12483.400000	-396.767090	72.235474
12483.466667	-396.785370	72.214996
12483.533333	-396.790100	72.236275
12483.600000	-396.736176	72.295219
12483.666667	-396.820068	72.223701
12483.733333	-396.767731	72.256966
12483.800000	-396.806610	72.256035
12483.866667	-396.808075	72.237404
12483.933333	-396.748260	72.285164
12484.000000	-396.771759	72.248947
12484.066667	-396.772980	72.279037
12484.133333	-396.807831	72.242180
12484.200000	-396.813904	72.282959
12484.266667	-396.776520	72.301407
12484.333333	-396.784637	72.293777
12484.400000	-396.815521	72.247940
12484.466667	-396.743378	72.307587
12484.533333	-396.757874	72.304375
12484.600000	-396.797028	72.294495
12484.666667	-396.803711	72.260567
12484.733333	-396.792999	72.261375
12484.800000	-396.814178	72.263733
12484.866667	-396.787659	72.218262
12484.933333	-396.786072	72.237511
12485.000000	-396.790100	72.232727
12485.066667	-396.781738	72.244278
12485.133333	-396.776520	72.251320
12485.200000	-396.843109	72.229225
12485.266667	-396.777679	72.257263
12485.333333	-396.777679	72.257263
12485.400000	-396.773529	72.253380
12485.466667	-396.802612	72.240639
12485.533333	-396.771759	72.237076
12485.600000	-396.752380	72.225899
12485.666667	-396.825928	72.231934
12485.733333	-396.825928	72.231934
12485.800000	-396.779449	72.234680
12485.866667	-396.745392	72.235123
12485.933333	-396.775909	72.246231
12486.000000	-396.808289	72.247246
12486.066667	-396.776520	72.282166
12486.133333	-396.776520	72.282166
12486.200000	-396.791290	72.236275
12486.266667	-396.812195	72.224258
12486.333333	-396.770630	72.294342
12486.400000	-396.772278	72.285164
12486.466667	-396.800232	72.280983
12486.533333	-396.782410	72.274323
12486.600000	-396.782410	72.274323
12486.666667	-396.795868	72.279243
12486.733333	-396.796539	72.247246
12486.800000	-396.744659	72.328384
12486.866667	-396.779449	72.289459
12486.933333	-396.777679	72.254921
12487.000000	-396.777679	72.254921
12487.066667	-396.775940	72.290970
12487.133333	-396.786133	72.223488
12487.200000	-396.734283	72.277733
12487.266667	-396.773560	72.249275
12487.333333	-396.786621	72.211685
12487.400000	-396.786621	72.211685
12487.466667	-396.752563	72.224358
12487.533333	-396.780701	72.213120
12487.600000	-396.746826	72.243011
12487.666667	-396.718719	72.292686
12487.733333	-396.793640	72.231544
12487.800000	-396.793640	72.231544
12487.866667	-396.744659	72.223923
12487.933333	-396.803223	72.215309
12488.000000	-396.784912	72.231926
12488.066667	-396.757355	72.269806
12488.133333	-396.763550	72.255486
12488.200000	-396.757996	72.291458
12488.266667	-396.757996	72.291458
12488.333333	-396.711243	72.304710
12488.400000	-396.788818	72.235855
12488.466667	-396.766937	72.296112
12488.533333	-396.833832	72.231544
12488.600000	-396.778290	72.263458
12488.666667	-396.778290	72.263458
12488.733333	-396.728638	72.328461
12488.800000	-396.784698	72.277122
12488.866667	-396.741028	72.277336
12488.933333	-396.761200	72.296692
12489.000000	-396.747559	72.248093
12489.066667	-396.747559	72.248093
12489.133333	-396.745453	72.294495
12489.200000	-396.754333	72.237404
12489.266667	-396.741913	72.260483
12489.333333	-396.727051	72.260521
12489.400000	-396.742828	72.224457
12489.466667	-396.707123	72.269806
12489.533333	-396.707123	72.269806
12489.600000	-396.782410	72.239006
12489.666667	-396.746124	72.256950
12489.733333	-396.753784	72.243492
12489.800000	-396.764099	72.239822
12489.866667	-396.768829	72.210274
12489.933333	-396.768829	72.210274
12490.000000	-396.734131	72.231941
12490.066667	-396.763977	72.220024
12490.133333	-396.764526	72.241096
12490.200000	-396.706177	72.310738
12490.266667	-396.724640	72.292206
12490.333333	-396.724640	72.292206
12490.400000	-396.722717	72.294189
12490.466667	-396.784180	72.272911
12490.533333	-396.736908	72.301277
12490.600000	-396.732941	72.275505
12490.666667	-396.728638	72.341370
12490.733333	-396.728638	72.341370
12490.800000	-396.791931	72.251320
12490.866667	-396.732178	72.314278
12490.933333	-396.744934	72.264099
12491.000000	-396.754456	72.262909
12491.066667	-396.725861	72.268860
12491.133333	-396.721558	72.254005
12491.200000	-396.721558	72.254005
12491.266667	-396.703522	72.299049
12491.333333	-396.675415	72.302933
12491.400000	-396.735321	72.288452
12491.466667	-396.769958	72.228363
12491.533333	-396.730194	72.251099
12491.600000	-396.730194	72.251099
12491.666667	-396.765381	72.246407
12491.733333	-396.710388	72.230743
12491.800000	-396.746124	72.174751
12491.866667	-396.690826	72.250458
12491.933333	-396.697632	72.251961
12492.000000	-396.697632	72.251961
12492.066667	-396.731018	72.241005
12492.133333	-396.695007	72.244064
12492.200000	-396.742554	72.210495
12492.266667	-396.736908	72.295372
12492.333333	-396.709198	72.236702
12492.400000	-396.698822	72.326126
12492.466667	-396.685394	72.322678
12492.533333	-396.728638	72.269371
12492.600000	-396.642426	72.334381
12492.666667	-396.669891	72.322472
12492.733333	-396.734131	72.282570
12492.800000	-396.695709	72.301849
12492.866667	-396.714264	72.254059
12492.933333	-396.712097	72.295372
12493.000000	-396.732086	72.273148
12493.066667	-396.674896	72.319176
12493.133333	-396.697296	72.298645
12493.200000	-396.679962	72.280212
12493.266667	-396.722687	72.243492
12493.333333	-396.722687	72.242294
12493.400000	-396.755829	72.250458
12493.466667	-396.619812	72.326012
12493.533333	-396.667114	72.242043
12493.600000	-396.643616	72.289291
12493.666667	-396.658203	72.282761
12493.733333	-396.718018	72.237457
12493.800000	-396.713104	72.220772
12493.866667	-396.690582	72.273148
12493.933333	-396.669037	72.228729
12494.000000	-396.701141	72.265022
12494.066667	-396.608002	72.272675
12494.133333	-396.650818	72.271248
12494.200000	-396.724609	72.234352
12494.266667	-396.645844	72.259018
12494.333333	-396.688690	72.260811
12494.400000	-396.662720	72.278397
12494.466667	-396.639709	72.298546
12494.533333	-396.638824	72.280006
12494.600000	-396.626984	72.321373
12494.666667	-396.687042	72.277855
12494.733333	-396.656189	72.337860
12494.800000	-396.685181	72.256386
12494.866667	-396.658539	72.300484
12494.933333	-396.678406	72.296974
12495.000000	-396.661774	72.320442
12495.066667	-396.726288	72.277641
12495.133333	-396.643402	72.344917
12495.200000	-396.677216	72.322426
12495.266667	-396.616180	72.352402
12495.333333	-396.630554	72.343872
12495.400000	-396.687500	72.294792
12495.466667	-396.654297	72.313019
12495.533333	-396.680389	72.289291
12495.600000	-396.591553	72.334373
12495.666667	-396.632965	72.296265
12495.733333	-396.606323	72.335625
12495.800000	-396.658478	72.255722
12495.866667	-396.690399	72.214790
12495.933333	-396.585632	72.288277
12496.000000	-396.611755	72.281593
12496.066667	-396.569031	72.326233
12496.133333	-396.618988	72.227760
12496.200000	-396.641510	72.232727
12496.266667	-396.598511	72.269119
12496.333333	-396.589935	72.288940
12496.400000	-396.683136	72.224594
12496.466667	-396.601776	72.262344
12496.533333	-396.601105	72.282570
12496.600000	-396.643677	72.287926
12496.666667	-396.589325	72.324951
12496.733333	-396.662598	72.296410
12496.800000	-396.635284	72.274094
12496.866667	-396.580627	72.332031
12496.933333	-396.621124	72.313255
12497.000000	-396.632812	72.280823
12497.066667	-396.625824	72.289291
12497.133333	-396.586975	72.347321
12497.200000	-396.598297	72.333191
12497.266667	-396.598511	72.305901
12497.333333	-396.585785	72.354385
12497.400000	-396.645844	72.306114
12497.466667	-396.552856	72.298508
12497.533333	-396.556702	72.311745
12497.600000	-396.625824	72.289970
12497.666667	-396.606384	72.297668
12497.733333	-396.587128	72.321465
12497.800000	-396.521912	72.355133
12497.866667	-396.582428	72.305046
12497.933333	-396.544067	72.314499
12498.000000	-396.643494	72.235474
12498.066667	-396.563171	72.274094
12498.133333	-396.535645	72.295219
12498.200000	-396.544464	72.274590
12498.266667	-396.542877	72.284126
12498.333333	-396.549866	72.330818
12498.400000	-396.509735	72.321465
12498.466667	-396.560425	72.286461
12498.533333	-396.514130	72.286644
12498.600000	-396.524139	72.297310
12498.666667	-396.574432	72.289970
12498.733333	-396.509003	72.305153
12498.800000	-396.555450	72.306221
12498.866667	-396.503448	72.350510
12498.933333	-396.478058	72.387886
12499.000000	-396.550476	72.319061
12499.066667	-396.579834	72.306732
12499.133333	-396.577362	72.302460
12499.200000	-396.553131	72.335571
12499.266667	-396.506927	72.320244
12499.333333	-396.535522	72.307388
12499.400000	-396.529236	72.339012
12499.466667	-396.562256	72.304939
12499.533333	-396.507355	72.326286
12499.600000	-396.494720	72.314789
12499.666667	-396.507599	72.345940
12499.733333	-396.506683	72.337860
12499.800000	-396.516876	72.300735
12499.866667	-396.514130	72.266861
12499.933333	-396.551056	72.277122
12500.000000	-396.511902	72.286911
12500.066667	-396.522217	72.277855
12500.133333	-396.476868	72.320488
12500.200000	-396.505035	72.229988
12500.266667	-396.478088	72.265823
12500.333333	-396.502747	72.275673
12500.400000	-396.499969	72.312408
12500.466667	-396.505981	72.252899
12500.533333	-396.511169	72.284729
12500.600000	-396.501923	72.283157
12500.666667	-396.452637	72.358597
12500.733333	-396.533264	72.264374
12500.800000	-396.480988	72.349548
12500.866667	-396.494843	72.305374
12500.933333	-396.489166	72.275948
12501.000000	-396.519867	72.307289
12501.066667	-396.483643	72.315132
12501.133333	-396.521851	72.325012
12501.200000	-396.512390	72.327461
12501.266667	-396.505280	72.332031
12501.333333	-396.529633	72.367966
12501.400000	-396.496674	72.300606
12501.466667	-396.526154	72.286827
12501.533333	-396.466949	72.333191
12501.600000	-396.516632	72.308273
12501.666667	-396.471069	72.315735
12501.733333	-396.467712	72.320587
12501.800000	-396.492004	72.313408
12501.866667	-396.459442	72.355301
12501.933333	-396.441254	72.281792
12502.000000	-396.486908	72.321419
12502.066667	-396.456940	72.268692
12502.133333	-396.474548	72.315735
12502.200000	-396.473450	72.299957
12502.266667	-396.444763	72.251419
12502.333333	-396.458405	72.285843
12502.400000	-396.415344	72.334343
12502.466667	-396.461639	72.281593
12502.533333	-396.444000	72.276978
12502.600000	-396.442627	72.268188
12502.666667	-396.423401	72.295227
12502.733333	-396.441193	72.321861
12502.800000	-396.447540	72.297531
12502.866667	-396.455780	72.288628
12502.933333	-396.432678	72.350647
12503.000000	-396.396515	72.313095
12503.066667	-396.462402	72.315804
12503.133333	-396.462280	72.295807
12503.200000	-396.396667	72.320587
12503.266667	-396.447968	72.334328
12503.333333	-396.424469	72.327232
12503.400000	-396.479828	72.368507
12503.466667	-396.466339	72.335533
12503.533333	-396.453125	72.356377
12503.600000	-396.421814	72.335510
12503.666667	-396.390717	72.324753
12503.733333	-396.426880	72.321281
12503.800000	-396.391022	72.327347
12503.866667	-396.431091	72.300735
12503.933333	-396.398071	72.350449
12504.000000	-396.404694	72.342361
12504.066667	-396.392975	72.336617
12504.133333	-396.441254	72.309830
12504.200000	-396.412903	72.275787
12504.266667	-396.407593	72.297394
12504.333333	-396.364624	72.327278
12504.400000	-396.394318	72.276527
12504.466667	-396.424530	72.251732
12504.533333	-396.395416	72.250572
12504.600000	-396.352386	72.297119
12504.666667	-396.384247	72.282761
12504.733333	-396.452148	72.282578
12504.800000	-396.329102	72.301773
12504.866667	-396.382629	72.294792
12504.933333	-396.412415	72.262062
12505.000000	-396.374878	72.326317
12505.066667	-396.407379	72.281792
12505.133333	-396.396240	72.282570
12505.200000	-396.352386	72.342499
12505.266667	-396.362244	72.333191
12505.333333	-396.356354	72.321373
12505.400000	-396.326782	72.367203
12505.466667	-396.353760	72.316772
12505.533333	-396.358307	72.316833
12505.600000	-396.348877	72.288971
12505.666667	-396.300293	72.335495
12505.733333	-396.343933	72.349236
12505.800000	-396.400391	72.313637
12505.866667	-396.331421	72.333191
12505.933333	-396.336151	72.332016
12506.000000	-396.360107	72.263023
12506.066667	-396.327942	72.306221
12506.133333	-396.327911	72.326286
12506.200000	-396.302887	72.316444
12506.266667	-396.268890	72.297737
12506.333333	-396.246796	72.329712
12506.400000	-396.362976	72.243980
12506.466667	-396.234955	72.295517
12506.533333	-396.266022	72.303986
12506.600000	-396.268433	72.240273
12506.666667	-396.264862	72.247421
12506.733333	-396.185669	72.334389
12506.800000	-396.250275	72.245888
12506.866667	-396.205536	72.301407
12506.933333	-396.191132	72.351738
12507.000000	-396.208344	72.313255
12507.066667	-396.162506	72.359192
12507.133333	-396.182037	72.341499
12507.200000	-396.184967	72.356827
12507.266667	-396.205048	72.326103
12507.333333	-396.191010	72.311333
12507.400000	-396.143372	72.350716
12507.466667	-396.152557	72.390877
12507.533333	-396.128326	72.351349
12507.600000	-396.124695	72.405617
12507.666667	-396.152557	72.352028
12507.733333	-396.080505	72.443428
12507.800000	-396.066437	72.422318
12507.866667	-396.057312	72.440742
12507.933333	-396.077698	72.391525
12508.000000	-396.105377	72.388832
12508.066667	-396.069885	72.406258
12508.133333	-396.044067	72.413795
12508.200000	-396.046173	72.366676
12508.266667	-395.990356	72.395103
12508.333333	-396.002533	72.404320
12508.400000	-396.012482	72.371887
12508.466667	-395.983887	72.375908
12508.533333	-395.977509	72.375244
12508.600000	-395.944794	72.381088
12508.666667	-395.914734	72.429726
12508.733333	-395.877563	72.431343
12508.800000	-395.947968	72.393944
12508.866667	-395.927338	72.369072
12508.933333	-395.888184	72.412933
12509.000000	-395.963470	72.351883
12509.066667	-395.888702	72.405617
12509.133333	-395.906677	72.411156
12509.200000	-395.915802	72.378456
12509.266667	-395.857697	72.446945
12509.333333	-395.861206	72.419975
12509.400000	-395.857819	72.397194
12509.466667	-395.917511	72.395348
12509.533333	-395.873535	72.445633
12509.600000	-395.847626	72.469757
12509.666667	-395.828796	72.466225
12509.733333	-395.773651	72.464386
12509.800000	-395.853973	72.426369
12509.866667	-395.831055	72.441414
12509.933333	-395.820923	72.460838
12510.000000	-395.760223	72.462860
12510.066667	-395.783112	72.452583
12510.133333	-395.842438	72.397690
12510.200000	-395.750854	72.438324
12510.266667	-395.731018	72.445335
12510.333333	-395.729645	72.420761
12510.400000	-395.734619	72.416779
12510.466667	-395.745026	72.398605
12510.533333	-395.766388	72.415703
12510.600000	-395.750244	72.362976
12510.666667	-395.722839	72.371590
12510.733333	-395.728790	72.315323
12510.800000	-395.687103	72.414200
12510.866667	-395.721649	72.326157
12510.933333	-395.663269	72.430412
12511.000000	-395.623169	72.379471
12511.066667	-395.575684	72.369690
12511.133333	-395.584106	72.425285
12511.200000	-395.595184	72.433655
12511.266667	-395.563843	72.469643
12511.333333	-395.642700	72.408539
12511.400000	-395.548096	72.473915
12511.466667	-395.560730	72.442459
12511.533333	-395.546021	72.460152
12511.600000	-395.563843	72.468460
12511.666667	-395.525452	72.450203
12511.733333	-395.463470	72.491692
12511.800000	-395.432068	72.515205
12511.866667	-395.490814	72.489868
12511.933333	-395.512817	72.450661
12512.000000	-395.476013	72.481514
12512.066667	-395.485779	72.480904
12512.133333	-395.463654	72.509102
12512.200000	-395.434509	72.479141
12512.266667	-395.356934	72.516136
12512.333333	-395.367065	72.508118
12512.400000	-395.329620	72.509789
12512.466667	-395.345215	72.531380
12512.533333	-395.292603	72.523476
12512.600000	-395.305786	72.487389
12512.666667	-395.345215	72.469223
12512.733333	-395.322144	72.475227
12512.800000	-395.276123	72.472565
12512.866667	-395.244843	72.468582
12512.933333	-395.298737	72.480904
12513.000000	-395.255035	72.494942
12513.066667	-395.257477	72.434807
12513.133333	-395.205017	72.513557
12513.200000	-395.234985	72.475090
12513.266667	-395.233795	72.479782
12513.333333	-395.200104	72.474464
12513.400000	-395.228455	72.470184
12513.466667	-395.226013	72.477997
12513.533333	-395.203644	72.477997
12513.600000	-395.175903	72.484467
12513.666667	-395.198029	72.480972
12513.733333	-395.213867	72.441078
12513.800000	-395.209869	72.505753
12513.866667	-395.116516	72.502205
12513.933333	-395.148529	72.524231
12514.000000	-395.124817	72.513069
12514.066667	-395.114258	72.500114
12514.133333	-395.104797	72.511444
12514.200000	-395.085632	72.493378
12514.266667	-395.029755	72.557182
12514.333333	-395.037537	72.494652
12514.400000	-395.031067	72.468460
12514.466667	-395.020386	72.536072
12514.533333	-394.940674	72.530861
12514.600000	-394.979736	72.500359
12514.666667	-394.920319	72.499435
12514.733333	-394.955994	72.528847
12514.800000	-394.926300	72.504219
12514.866667	-394.944031	72.446510
12514.933333	-394.909668	72.497475
12515.000000	-394.861023	72.500229
12515.066667	-394.855743	72.479103
12515.133333	-394.876587	72.488022
12515.200000	-394.881561	72.463715
12515.266667	-394.819855	72.486885
12515.333333	-394.797760	72.504181
12515.400000	-394.793854	72.501022
12515.466667	-394.790405	72.502724
12515.533333	-394.774933	72.528206
12515.600000	-394.723663	72.552490
12515.666667	-394.713928	72.556618
12515.733333	-394.771393	72.519936
12515.800000	-394.721252	72.514252
12515.866667	-394.681152	72.597908
12515.933333	-394.718994	72.540764
12516.000000	-394.748291	72.544281
12516.066667	-394.722137	72.508606
12516.133333	-394.677704	72.584160
12516.200000	-394.696960	72.575462
12516.266667	-394.694427	72.565559
12516.333333	-394.655762	72.556618
12516.400000	-394.661682	72.554359
12516.466667	-394.656830	72.519653
12516.533333	-394.572906	72.588211
12516.600000	-394.572815	72.573120
12516.666667	-394.547882	72.549812
12516.733333	-394.580353	72.517761
12516.800000	-394.555237	72.533348
12516.866667	-394.558014	72.525192
12516.933333	-394.524323	72.518478
12517.000000	-394.503571	72.538681
12517.066667	-394.510132	72.484482
12517.133333	-394.525482	72.510269
12517.200000	-394.464722	72.492065
12517.266667	-394.481201	72.504250
12517.333333	-394.387787	72.547462
12517.400000	-394.357300	72.559235
12517.466667	-394.360748	72.551636
12517.533333	-394.347900	72.551636
12517.600000	-394.386444	72.555145
12517.666667	-394.335968	72.574539
12517.733333	-394.332336	72.579781
12517.800000	-394.337585	72.561790
12517.866667	-394.361877	72.539215
12517.933333	-394.297211	72.555641
12518.000000	-394.325073	72.625481
12518.066667	-394.316345	72.568390
12518.133333	-394.304749	72.587753
12518.200000	-394.244263	72.584938
12518.266667	-394.209991	72.635757
12518.333333	-394.244873	72.650810
12518.400000	-394.208801	72.622757
12518.466667	-394.121277	72.659111
12518.533333	-394.096954	72.663445
12518.600000	-394.138489	72.633408
12518.666667	-394.126892	72.622711
12518.733333	-394.090424	72.658035
12518.800000	-394.073242	72.624229
12518.866667	-394.056549	72.643814
12518.933333	-394.057068	72.620667
12519.000000	-394.074127	72.595268
12519.066667	-394.019531	72.612892
12519.133333	-394.032166	72.608162
12519.200000	-394.074402	72.541405
12519.266667	-394.004578	72.598785
12519.333333	-394.039124	72.576797
12519.400000	-394.017303	72.580841
12519.466667	-393.977570	72.591354
12519.533333	-393.974335	72.577065
12519.600000	-393.981232	72.616173
12519.666667	-393.953064	72.591354
12519.733333	-393.942993	72.570503
12519.800000	-393.908691	72.611305
12519.866667	-393.853760	72.640312
12519.933333	-393.893707	72.611481
12520.000000	-393.906494	72.603638
12520.066667	-393.884949	72.619217
12520.133333	-393.869598	72.631035
12520.200000	-393.735138	72.743179
12520.266667	-393.874329	72.575485
12520.333333	-393.843506	72.622940
12520.400000	-393.727875	72.690224
12520.466667	-393.799591	72.640442
12520.533333	-393.799591	72.640442
12520.600000	-393.754944	72.685402
12520.666667	-393.698730	72.672104
12520.733333	-393.713959	72.678482
12520.800000	-393.682037	72.681305
12520.866667	-393.650482	72.675568
12520.933333	-393.650482	72.675568
12521.000000	-393.629730	72.639328
12521.066667	-393.650055	72.621475
12521.133333	-393.608429	72.672104
12521.200000	-393.620117	72.627571
12521.266667	-393.543030	72.666122
12521.333333	-393.543030	72.666122
12521.400000	-393.508270	72.685806
12521.466667	-393.538940	72.639214
12521.533333	-393.493744	72.654671
12521.600000	-393.516571	72.659302
12521.666667	-393.469879	72.621971
12521.733333	-393.469879	72.621971
12521.800000	-393.485291	72.641617
12521.866667	-393.426758	72.687492
12521.933333	-393.431610	72.665405
12522.000000	-393.427368	72.634583
12522.066667	-393.360992	72.750320
12522.133333	-393.404633	72.713890
12522.200000	-393.404633	72.713890
12522.266667	-393.403931	72.700928
12522.333333	-393.394867	72.700401
12522.400000	-393.356110	72.683640
12522.466667	-393.379608	72.685196
12522.533333	-393.319855	72.737747
12522.600000	-393.319855	72.737747
12522.666667	-393.314087	72.693672
12522.733333	-393.275360	72.689697
12522.800000	-393.182556	72.789803
12522.866667	-393.216675	72.740067
12522.933333	-393.151672	72.736214
12523.000000	-393.151672	72.736214
12523.066667	-393.212433	72.737350
12523.133333	-393.081055	72.744705
12523.200000	-393.096619	72.726768
12523.266667	-393.075592	72.730690
12523.333333	-393.042908	72.752106
12523.400000	-392.964966	72.738144
12523.466667	-392.964966	72.738144
12523.533333	-393.043182	72.670837
12523.600000	-392.979279	72.719704
12523.666667	-392.993134	72.734276
12523.733333	-392.971802	72.742050
12523.800000	-392.923584	72.763580
12523.866667	-392.923584	72.763580
12523.933333	-392.918213	72.774467
12524.000000	-392.906067	72.733131
12524.066667	-392.880371	72.760063
12524.133333	-392.854462	72.766220
12524.200000	-392.916290	72.780739
12524.266667	-392.916290	72.780739
12524.333333	-392.883270	72.741417
12524.400000	-392.858490	72.796692
12524.466667	-392.779449	72.822235
12524.533333	-392.824432	72.789314
12524.600000	-392.791779	72.815186
12524.666667	-392.791779	72.815186
12524.733333	-392.759766	72.837814
12524.800000	-392.744598	72.781822
12524.866667	-392.750061	72.767006
12524.933333	-392.739441	72.768272
12525.000000	-392.699524	72.764084
12525.066667	-392.661041	72.766586
12525.133333	-392.661041	72.766586
12525.200000	-392.643158	72.803215
12525.266667	-392.588165	72.782341
12525.333333	-392.622345	72.756981
12525.400000	-392.556458	72.770386
12525.466667	-392.611298	72.744286
12525.533333	-392.611298	72.744286
12525.600000	-392.535034	72.732262
12525.666667	-392.492340	72.749954
12525.733333	-392.426392	72.828835
12525.800000	-392.497375	72.746864
12525.866667	-392.476746	72.810486
12525.933333	-392.476746	72.810486
12526.000000	-392.478394	72.742645
12526.066667	-392.478394	72.742645
12526.133333	-392.414429	72.828247
12526.200000	-392.336243	72.868095
12526.266667	-392.359100	72.869781
12526.333333	-392.314819	72.890762
12526.400000	-392.314819	72.890762
12526.466667	-392.351501	72.824989
12526.533333	-392.318298	72.839752
12526.600000	-392.293518	72.856842
12526.666667	-392.290405	72.864319
12526.733333	-392.287018	72.822365
12526.800000	-392.287018	72.822365
12526.866667	-392.308655	72.798653
12526.933333	-392.266693	72.805481
12527.000000	-392.272064	72.812141
12527.066667	-392.237305	72.814034
12527.133333	-392.183258	72.815643
12527.200000	-392.183258	72.815643
12527.266667	-392.171997	72.806633
12527.333333	-392.171600	72.788780
12527.400000	-392.160767	72.810188
12527.466667	-392.140686	72.776070
12527.533333	-392.124634	72.790466
12527.600000	-392.108490	72.792229
12527.666667	-392.108490	72.792229
12527.733333	-392.023987	72.821609
12527.800000	-392.024841	72.817566
12527.866667	-391.982819	72.825417
12527.933333	-391.953735	72.837059
12528.000000	-391.967896	72.809502
12528.066667	-391.986572	72.807999
12528.133333	-391.978333	72.843323
12528.200000	-391.957245	72.839806
12528.266667	-391.949554	72.869522
12528.333333	-391.928894	72.855598
12528.400000	-391.938080	72.863922
12528.466667	-391.903687	72.867683
12528.533333	-391.860413	72.886124
12528.600000	-391.832611	72.894814
12528.666667	-391.839844	72.886902
12528.733333	-391.881622	72.865051
12528.800000	-391.792145	72.967026
12528.866667	-391.743774	72.941948
12528.933333	-391.788483	72.925491
12529.000000	-391.732086	72.874985
12529.066667	-391.733582	72.911049
12529.133333	-391.722687	72.893753
12529.200000	-391.728546	72.866776
12529.266667	-391.716003	72.907928
12529.333333	-391.652954	72.908356
12529.400000	-391.696472	72.865326
12529.466667	-391.631897	72.856529
12529.533333	-391.627716	72.871468
12529.600000	-391.608124	72.849854
12529.666667	-391.636047	72.826584
12529.733333	-391.596130	72.836281
12529.800000	-391.561096	72.807640
12529.866667	-391.560425	72.824257
12529.933333	-391.590027	72.823242
12530.000000	-391.516510	72.862106
12530.066667	-391.548950	72.876389
12530.133333	-391.454742	72.924103
12530.200000	-391.505707	72.799187
12530.266667	-391.447327	72.862373
12530.333333	-391.449799	72.895462
12530.400000	-391.407593	72.932465
12530.466667	-391.381439	72.925415
12530.533333	-391.391693	72.890587
12530.600000	-391.362579	72.955750
12530.666667	-391.382111	72.890343
12530.733333	-391.376923	72.909966
12530.800000	-391.311157	72.894440
12530.866667	-391.314423	72.903679
12530.933333	-391.223297	73.023430
12531.000000	-391.277344	72.923218
12531.066667	-391.271820	72.981354
12531.133333	-391.211304	73.037209
12531.200000	-391.171265	72.964333
12531.266667	-391.163300	72.982880
12531.333333	-391.171875	72.967262
12531.400000	-391.150818	72.953423
12531.466667	-391.089264	72.957825
12531.533333	-391.096863	72.927788
12531.600000	-391.040253	72.965057
12531.666667	-391.077972	72.918579
12531.733333	-391.098846	72.927856
12531.800000	-391.041962	72.893913
12531.866667	-391.043701	72.890228
12531.933333	-391.020233	72.916031
12532.000000	-391.019073	72.896095
12532.066667	-390.993530	72.853767
12532.133333	-390.960907	72.882782
12532.200000	-390.962769	72.856224
12532.266667	-390.970642	72.855278
12532.333333	-390.817474	72.979851
12532.400000	-390.872894	72.923912
12532.466667	-390.810333	73.015709
12532.533333	-390.858398	72.987564
12532.600000	-390.831970	73.013931
12532.666667	-390.813507	72.965401
12532.733333	-390.715790	73.027794
12532.800000	-390.709137	73.021065
12532.866667	-390.729706	73.036430
12532.933333	-390.665405	73.047066
12533.000000	-390.670502	73.031761
12533.066667	-390.618591	73.042480
12533.133333	-390.618439	73.060844
12533.200000	-390.602722	73.022415
12533.266667	-390.525665	73.048691
12533.333333	-390.564697	73.049133
12533.400000	-390.589783	72.993881
12533.466667	-390.596802	72.997948
12533.533333	-390.456055	73.060677
12533.600000	-390.497192	73.039169
12533.666667	-390.501038	73.034149
12533.733333	-390.442230	72.990974
12533.800000	-390.409546	73.030228
12533.866667	-390.405304	73.003723
12533.933333	-390.383423	73.011917
12534.000000	-390.363770	73.026619
12534.066667	-390.355804	73.025223
12534.133333	-390.332092	73.034149
12534.200000	-390.331207	73.006142
12534.266667	-390.349426	72.997849
12534.333333	-390.273132	73.044281
12534.400000	-390.262787	72.983864
12534.466667	-390.167999	73.056526
12534.533333	-390.144287	73.098694
12534.600000	-390.238251	73.051712
12534.666667	-390.159546	73.055344
12534.733333	-390.124268	73.104836
12534.800000	-390.154724	73.087242
12534.866667	-390.120544	73.090797
12534.933333	-390.072693	73.117043
12535.000000	-390.048248	73.143173
12535.066667	-390.036316	73.127121
12535.133333	-389.930389	73.167801
12535.200000	-389.998749	73.147629
12535.266667	-389.997620	73.155266
12535.333333	-389.916718	73.183411
12535.400000	-389.904083	73.170380
12535.466667	-389.906036	73.142303
12535.533333	-389.885803	73.124336
12535.600000	-389.859680	73.153893
12535.666667	-389.840576	73.108025
12535.733333	-389.881531	73.069656
12535.800000	-389.845184	73.075523
12535.866667	-389.794373	73.056290
12535.933333	-389.729980	73.093063
12536.000000	-389.725677	73.089020
12536.066667	-389.730957	73.066330
12536.133333	-389.711426	73.060959
12536.200000	-389.632874	73.085464
12536.266667	-389.653503	73.098785
12536.333333	-389.588013	73.066299
12536.400000	-389.578796	73.091408
12536.466667	-389.596161	73.125641
12536.533333	-389.556061	73.118202
12536.600000	-389.502319	73.100677
12536.666667	-389.586334	73.067162
12536.733333	-389.463226	73.164330
12536.800000	-389.460907	73.148102
12536.866667	-389.469910	73.127762
12536.933333	-389.421936	73.157303
12537.000000	-389.430450	73.183960
12537.066667	-389.361359	73.180771
12537.133333	-389.360199	73.195786
12537.200000	-389.323853	73.184990
12537.266667	-389.273132	73.211197
12537.333333	-389.281799	73.198540
12537.400000	-389.233093	73.224556
12537.466667	-389.226624	73.250900
12537.533333	-389.221619	73.194618
12537.600000	-389.231659	73.165977
12537.666667	-389.160431	73.186546
12537.733333	-389.188965	73.167976
12537.800000	-389.117706	73.166916
12537.866667	-389.123718	73.137283
12537.933333	-389.126038	73.129135
12538.000000	-389.068054	73.157677
12538.066667	-389.096985	73.131401
12538.133333	-388.994598	73.158730
12538.200000	-388.976471	73.169983
12538.266667	-388.935699	73.140816
12538.333333	-389.022369	73.114388
12538.400000	-388.888245	73.226799
12538.466667	-388.844086	73.180626
12538.533333	-388.842529	73.178520
12538.600000	-388.814819	73.220612
12538.666667	-388.782715	73.192963
12538.733333	-388.794464	73.182777
12538.800000	-388.736206	73.208267
12538.866667	-388.717865	73.269814
12538.933333	-388.758453	73.224602
12539.000000	-388.732300	73.244530
12539.066667	-388.662384	73.290810
12539.133333	-388.652435	73.314156
12539.200000	-388.616180	73.306549
12539.266667	-388.673615	73.251427
12539.333333	-388.591156	73.280579
12539.400000	-388.551666	73.313583
12539.466667	-388.540924	73.289925
12539.533333	-388.507172	73.293869
12539.600000	-388.576263	73.256760
12539.666667	-388.533234	73.275314
12539.733333	-388.479126	73.317032
12539.800000	-388.394592	73.322792
12539.866667	-388.419434	73.300438
12539.933333	-388.415619	73.267845
12540.000000	-388.334229	73.312126
