14760.066667	-294.391724	98.029404
14760.133333	-294.426697	98.113899
14760.200000	-294.199493	97.966339
14760.266667	-294.160248	98.071960
14760.333333	-294.136627	98.209991
14760.400000	-294.207916	98.033318
14760.466667	-294.248993	98.181183
14760.533333	-294.128571	98.052391
14760.600000	-294.148346	98.063393
14760.666667	-294.078094	98.005035
14760.733333	-294.130493	98.075401
14760.800000	-294.097107	98.062050
14760.866667	-293.919678	98.130157
14760.933333	-294.037872	98.078270
14761.000000	-293.899536	98.009285
14761.066667	-293.862915	98.067780
14761.133333	-293.961365	97.966103
14761.200000	-293.930939	98.026276
14761.266667	-293.790100	98.106079
14761.333333	-293.803741	97.932327
14761.400000	-293.746643	97.966454
14761.466667	-293.753571	98.055611
14761.533333	-293.772949	98.061264
14761.600000	-293.658905	98.039078
14761.666667	-293.699432	98.109497
14761.733333	-293.690643	98.083199
14761.800000	-293.549164	98.042992
14761.866667	-293.513947	98.066498
14761.933333	-293.535156	98.167412
14762.000000	-293.581146	98.100693
14762.066667	-293.477783	98.156517
14762.133333	-293.402649	98.117699
14762.200000	-293.409332	98.195602
14762.266667	-293.312836	98.226685
14762.333333	-293.348969	98.146484
14762.400000	-293.291748	98.242378
14762.466667	-293.396820	98.247681
14762.533333	-293.226013	98.147743
14762.600000	-293.265289	98.162201
14762.666667	-293.140259	98.203255
14762.733333	-293.242737	98.174423
14762.800000	-293.209015	98.222313
14762.866667	-292.994568	98.052979
14762.933333	-293.103729	98.276253
14763.000000	-293.166809	98.163422
14763.066667	-293.145355	98.147385
14763.133333	-292.974091	98.125168
14763.200000	-292.958405	98.193253
14763.266667	-292.907867	98.194916
14763.333333	-292.897644	98.151329
14763.400000	-292.772308	98.138123
14763.466667	-292.703827	98.168633
14763.533333	-292.752197	98.053925
14763.600000	-292.808746	98.203072
14763.666667	-292.600128	98.075745
14763.733333	-292.739014	98.230392
14763.800000	-292.608124	98.262039
14763.866667	-292.560791	98.207039
14763.933333	-292.631226	98.292984
14764.000000	-292.520905	98.165298
14764.066667	-292.594879	98.264877
14764.133333	-292.614014	98.269310
14764.200000	-292.542542	98.302101
14764.266667	-292.452942	98.238113
14764.333333	-292.498962	98.184471
14764.400000	-292.336700	98.305183
14764.466667	-292.435883	98.263321
14764.533333	-292.491333	98.268044
14764.600000	-292.224976	98.169144
14764.666667	-292.428253	98.254501
14764.733333	-292.282288	98.257042
14764.800000	-292.323364	98.170280
14764.866667	-292.267456	98.262375
14764.933333	-292.166473	98.256371
14765.000000	-292.378387	98.247574
14765.066667	-292.104156	98.174355
14765.133333	-292.029327	98.208000
14765.200000	-292.242615	98.229294
14765.266667	-291.922150	98.199905
14765.333333	-291.896362	98.211044
14765.400000	-291.929657	98.265228
14765.466667	-291.834503	98.121368
14765.533333	-291.719116	98.278542
14765.600000	-291.758362	98.205078
14765.666667	-291.678101	98.182274
14765.733333	-291.797241	98.178925
14765.800000	-291.717102	98.220901
14765.866667	-291.796692	98.267624
14765.933333	-291.674286	98.217834
14766.000000	-291.714996	98.174484
14766.066667	-291.690369	98.345131
14766.133333	-291.583679	98.235184
14766.200000	-291.682343	98.252777
14766.266667	-291.609039	98.330635
14766.333333	-291.587769	98.226448
14766.400000	-291.777771	98.435989
14766.466667	-291.516724	98.373672
14766.533333	-291.430420	98.371414
14766.600000	-291.236694	98.319313
14766.666667	-291.490906	98.332092
14766.733333	-291.365326	98.420143
14766.800000	-291.407654	98.347847
14766.866667	-291.222626	98.284782
14766.933333	-291.217041	98.243095
14767.000000	-291.231995	98.325546
14767.066667	-291.269440	98.410042
14767.133333	-291.133362	98.267647
14767.200000	-291.232086	98.337219
14767.266667	-291.071411	98.309830
14767.333333	-291.167511	98.312744
14767.400000	-291.097168	98.308365
14767.466667	-291.005188	98.302490
14767.533333	-291.050018	98.227890
14767.600000	-291.049866	98.360161
14767.666667	-291.062225	98.286362
14767.733333	-290.831696	98.257477
14767.800000	-290.958130	98.278542
14767.866667	-290.874237	98.290352
14767.933333	-290.885925	98.440125
14768.000000	-290.680145	98.297638
14768.066667	-290.902313	98.327721
14768.133333	-290.807404	98.304092
14768.200000	-290.749420	98.355118
14768.266667	-290.711761	98.293457
14768.333333	-290.826569	98.275703
14768.400000	-290.667084	98.463409
14768.466667	-290.634247	98.523155
14768.533333	-290.506256	98.428375
14768.600000	-290.462738	98.448563
14768.666667	-290.442627	98.351662
14768.733333	-290.515930	98.439796
14768.800000	-290.434052	98.439316
14768.866667	-290.466675	98.274590
14768.933333	-290.336212	98.355965
14769.000000	-290.384064	98.405586
14769.066667	-290.293457	98.353165
14769.133333	-290.268005	98.442139
14769.200000	-290.230194	98.352417
14769.266667	-290.150330	98.467819
14769.333333	-290.017395	98.511169
14769.400000	-290.215240	98.339088
14769.466667	-290.200562	98.457291
14769.533333	-290.044403	98.362076
14769.600000	-290.159302	98.410248
14769.666667	-290.099274	98.384613
14769.733333	-289.775879	98.343712
14769.800000	-289.911743	98.477852
14769.866667	-290.009155	98.369003
14769.933333	-289.929779	98.484322
14770.000000	-290.077423	98.408485
14770.066667	-289.975464	98.399208
14770.133333	-289.762268	98.552597
14770.200000	-289.883026	98.489388
14770.266667	-289.841858	98.433083
14770.333333	-289.758606	98.411919
14770.400000	-289.610809	98.362663
14770.466667	-289.776764	98.350052
14770.533333	-289.826477	98.503502
14770.600000	-289.556244	98.420486
14770.666667	-289.641937	98.463379
14770.733333	-289.489136	98.544853
14770.800000	-289.591248	98.446823
14770.866667	-289.385742	98.510498
14770.933333	-289.424133	98.463737
14771.000000	-289.474365	98.576118
14771.066667	-289.536560	98.522964
14771.133333	-289.430695	98.561592
14771.200000	-289.454803	98.487846
14771.266667	-289.364044	98.555283
14771.333333	-289.261414	98.535423
14771.400000	-289.393890	98.384796
14771.466667	-289.168640	98.473083
14771.533333	-289.309479	98.423111
14771.600000	-289.213593	98.473831
14771.666667	-289.251617	98.523453
14771.733333	-289.311523	98.362213
14771.800000	-289.249146	98.528587
14771.866667	-289.150940	98.529533
14771.933333	-288.984894	98.480995
14772.000000	-289.147583	98.544746
14772.066667	-289.042572	98.459732
14772.133333	-288.924225	98.475929
14772.200000	-289.036591	98.541023
14772.266667	-288.933685	98.510643
14772.333333	-288.821411	98.489639
14772.400000	-288.806274	98.460480
14772.466667	-288.745148	98.490082
14772.533333	-288.738342	98.508667
14772.600000	-288.801117	98.590828
14772.666667	-288.842010	98.583542
14772.733333	-288.830292	98.623466
14772.800000	-288.703918	98.580070
14772.866667	-288.712189	98.557579
14772.933333	-288.741455	98.658699
14773.000000	-288.664612	98.607346
14773.066667	-288.726288	98.651230
14773.133333	-288.583496	98.595886
14773.200000	-288.607361	98.545311
14773.266667	-288.394379	98.511482
14773.333333	-288.560486	98.510612
14773.400000	-288.473511	98.548065
14773.466667	-288.546173	98.562706
14773.533333	-288.342072	98.472343
14773.600000	-288.458649	98.562027
14773.666667	-288.308411	98.551682
14773.733333	-288.516785	98.586349
14773.800000	-288.338776	98.526787
14773.866667	-288.126984	98.609215
14773.933333	-288.212250	98.593987
14774.000000	-288.060425	98.543381
14774.066667	-288.283356	98.562706
14774.133333	-288.094635	98.522629
14774.200000	-288.144623	98.589951
14774.266667	-287.905609	98.456505
14774.333333	-287.992920	98.588585
14774.400000	-287.825409	98.486252
14774.466667	-287.966309	98.582214
14774.533333	-288.032288	98.650642
14774.600000	-287.948059	98.677162
14774.666667	-287.983032	98.657112
14774.733333	-288.074127	98.653793
14774.800000	-287.933685	98.603699
14774.866667	-287.886993	98.616287
14774.933333	-287.955994	98.654350
14775.000000	-287.802887	98.616859
14775.066667	-287.694977	98.643097
14775.133333	-287.742981	98.640472
14775.200000	-287.624023	98.608810
14775.266667	-287.712860	98.588837
14775.333333	-287.527618	98.641258
14775.400000	-287.537323	98.583542
14775.466667	-287.609955	98.684776
14775.533333	-287.728973	98.558411
14775.600000	-287.525421	98.690338
14775.666667	-287.491455	98.575150
14775.733333	-287.511749	98.608322
14775.800000	-287.565094	98.633469
14775.866667	-287.320038	98.600327
14775.933333	-287.313080	98.563995
14776.000000	-287.301880	98.606049
14776.066667	-287.440765	98.634216
14776.133333	-287.439606	98.684891
14776.200000	-287.266052	98.686752
14776.266667	-287.411926	98.680283
14776.333333	-287.278778	98.563957
14776.400000	-287.228943	98.682114
14776.466667	-287.252625	98.727577
14776.533333	-287.291595	98.664680
14776.600000	-287.113312	98.635414
14776.666667	-287.200653	98.717934
14776.733333	-287.004669	98.710175
14776.800000	-287.147217	98.599213
14776.866667	-287.158356	98.733299
14776.933333	-286.978577	98.701385
14777.000000	-286.925781	98.612686
14777.066667	-287.038086	98.677818
14777.133333	-286.961945	98.692116
14777.200000	-286.874115	98.712265
14777.266667	-286.845428	98.732971
14777.333333	-286.911682	98.677971
14777.400000	-286.633453	98.716957
14777.466667	-286.752594	98.680283
14777.533333	-286.782318	98.726730
14777.600000	-286.614441	98.667641
14777.666667	-286.935028	98.751801
14777.733333	-286.747772	98.746712
14777.800000	-286.539856	98.566238
14777.866667	-286.672516	98.736198
14777.933333	-286.701477	98.602196
14778.000000	-286.544495	98.722237
14778.066667	-286.522095	98.722908
14778.133333	-286.488525	98.599777
14778.200000	-286.415619	98.681747
14778.266667	-286.470642	98.724182
14778.333333	-286.332672	98.652527
14778.400000	-286.414642	98.698280
14778.466667	-286.292419	98.636398
14778.533333	-286.475098	98.649033
14778.600000	-286.507050	98.751854
14778.666667	-286.343719	98.729980
14778.733333	-286.240662	98.738052
14778.800000	-286.456329	98.673149
14778.866667	-286.113983	98.718460
14778.933333	-286.213165	98.653511
14779.000000	-286.163025	98.845261
14779.066667	-286.332977	98.752411
14779.133333	-286.161957	98.720901
14779.200000	-286.228485	98.706261
14779.266667	-286.064545	98.652885
14779.333333	-286.164490	98.735573
14779.400000	-286.087219	98.879768
14779.466667	-286.191772	98.910660
14779.533333	-285.912415	98.763245
14779.600000	-286.049469	98.853180
14779.666667	-286.182343	98.791771
14779.733333	-285.971649	98.827034
14779.800000	-285.951965	98.810501
14779.866667	-285.696747	98.785034
14779.933333	-285.911926	98.849426
14780.000000	-285.825867	98.750664
14780.066667	-285.761688	98.795341
14780.133333	-285.740021	98.727470
14780.200000	-285.755646	98.763229
14780.266667	-285.678650	98.770027
14780.333333	-285.688507	98.839775
14780.400000	-285.393799	98.752014
14780.466667	-285.596100	98.820045
14780.533333	-285.693176	98.818741
14780.600000	-285.384583	98.683510
14780.666667	-285.410278	98.739212
14780.733333	-285.583527	98.715401
14780.800000	-285.541687	98.836739
14780.866667	-285.440765	98.853920
14780.933333	-285.365784	98.737495
14781.000000	-285.316010	98.883499
14781.066667	-285.241394	98.833733
14781.133333	-285.364777	98.943092
14781.200000	-285.273193	98.845825
14781.266667	-285.449371	98.897278
14781.333333	-285.192688	98.915451
14781.400000	-285.323486	98.915886
14781.466667	-285.403931	98.949203
14781.533333	-285.010742	98.846535
14781.600000	-285.138641	98.834175
14781.666667	-285.157654	98.929077
14781.733333	-284.958405	98.833443
14781.800000	-284.962219	98.829971
14781.866667	-285.000946	98.820045
14781.933333	-284.964417	98.880676
14782.000000	-284.986328	98.856049
14782.066667	-285.037842	98.951256
14782.133333	-284.937225	98.887917
14782.200000	-284.966888	98.875641
14782.266667	-285.001129	98.849815
14782.333333	-284.804626	98.793579
14782.400000	-284.815430	98.802078
14782.466667	-284.796753	98.889328
14782.533333	-284.737854	98.879616
14782.600000	-284.791595	98.822586
14782.666667	-284.754547	98.951218
14782.733333	-284.825165	98.892860
14782.800000	-284.602448	98.883987
14782.866667	-284.811707	99.013939
14782.933333	-284.640900	98.873932
14783.000000	-284.719940	98.931107
14783.066667	-284.546936	98.899284
14783.133333	-284.502197	98.911331
14783.200000	-284.516846	98.897278
14783.266667	-284.559692	98.892906
14783.333333	-284.623444	98.893822
14783.400000	-284.339417	98.977333
14783.466667	-284.292419	98.963623
14783.533333	-284.362030	98.929626
14783.600000	-284.286224	99.098061
14783.666667	-284.342682	99.003029
14783.733333	-284.247223	98.928566
14783.800000	-284.441040	99.019913
14783.866667	-284.175720	98.986305
14783.933333	-284.327393	98.908508
14784.000000	-284.236603	99.048103
14784.066667	-284.124512	98.979973
14784.133333	-284.183167	98.925682
14784.200000	-284.117432	99.036377
14784.266667	-283.958130	98.907639
14784.333333	-284.034027	98.912621
14784.400000	-284.110077	98.892952
14784.466667	-284.128906	98.866188
14784.533333	-284.001312	98.980362
14784.600000	-284.010406	98.941414
14784.666667	-283.941010	99.005081
14784.733333	-283.750580	98.828125
14784.800000	-284.009399	99.023697
14784.866667	-283.736786	98.901802
14784.933333	-283.904602	98.982903
14785.000000	-283.985657	98.898819
14785.066667	-283.685638	99.002747
14785.133333	-283.625214	99.043045
14785.200000	-283.750214	98.967369
14785.266667	-283.586273	98.939880
14785.333333	-283.914124	99.055946
14785.400000	-283.756165	99.111382
14785.466667	-283.690063	98.960281
14785.533333	-283.638763	99.016129
14785.600000	-283.720245	99.052666
14785.666667	-283.726410	99.061493
14785.733333	-283.552185	98.963730
14785.800000	-283.621948	99.009941
14785.866667	-283.579987	99.048103
14785.933333	-283.423737	99.037300
14786.000000	-283.493378	99.043823
14786.066667	-283.594086	99.092628
14786.133333	-283.497528	99.071259
14786.200000	-283.450287	99.019913
14786.266667	-283.246063	98.984154
14786.333333	-283.215607	98.962639
14786.400000	-283.327789	99.075111
14786.466667	-283.365509	99.038567
14786.533333	-283.208191	99.034355
14786.600000	-283.137299	99.015411
14786.666667	-283.112610	98.995956
14786.733333	-283.112610	98.995956
14786.800000	-283.253082	98.969513
14786.866667	-283.249878	99.042435
14786.933333	-283.153046	98.992897
14787.000000	-283.000183	98.953468
14787.066667	-282.861694	98.881996
14787.133333	-282.861694	98.881996
14787.200000	-283.048706	99.068527
14787.266667	-283.081299	99.004822
14787.333333	-282.943909	98.979675
14787.400000	-282.915405	99.072639
14787.466667	-282.909302	99.067970
14787.533333	-282.909302	99.067970
14787.600000	-282.783752	99.035675
14787.666667	-282.922211	99.091370
14787.733333	-283.026245	99.077446
14787.800000	-282.810455	99.139046
14787.866667	-282.835297	99.066841
14787.933333	-282.835297	99.066841
14788.000000	-282.734253	99.082581
14788.066667	-282.820892	99.123207
14788.133333	-282.659912	99.132500
14788.200000	-282.727478	99.032547
14788.266667	-282.668060	99.181274
14788.333333	-282.570770	99.027374
14788.400000	-282.570770	99.027374
14788.466667	-282.605865	99.019913
14788.533333	-282.637299	99.056053
14788.600000	-282.489624	99.070381
14788.666667	-282.518372	99.129257
14788.733333	-282.492401	99.083344
14788.800000	-282.492401	99.083344
14788.866667	-282.370819	98.968842
14788.933333	-282.463409	99.069046
14789.000000	-282.461639	99.077225
14789.066667	-282.507996	99.098778
14789.133333	-282.417175	99.096169
14789.200000	-282.417175	99.096169
14789.266667	-282.305542	99.161247
14789.333333	-282.242798	99.179970
14789.400000	-282.148743	99.054779
14789.466667	-282.226654	99.126007
14789.533333	-282.282715	99.092934
14789.600000	-282.144226	99.099854
14789.666667	-282.144226	99.099854
14789.733333	-282.067291	99.113052
14789.800000	-282.127045	99.132225
14789.866667	-282.024933	99.112236
14789.933333	-282.201843	99.162094
14790.000000	-282.061951	99.210587
14790.066667	-282.061951	99.210587
14790.133333	-282.133911	99.089325
14790.200000	-282.004364	99.137070
14790.266667	-281.930084	99.189270
14790.333333	-281.818726	99.061714
14790.400000	-281.783752	99.104141
14790.466667	-281.783752	99.104141
14790.533333	-281.721832	99.093254
14790.600000	-281.791321	99.148262
14790.666667	-281.748138	99.143333
14790.733333	-281.730957	99.089516
14790.800000	-281.909088	99.097549
14790.866667	-281.921356	99.182037
14790.933333	-281.921356	99.182037
14791.000000	-281.694672	99.183273
14791.066667	-281.770630	99.102699
14791.133333	-281.915680	99.310188
14791.200000	-281.724030	99.196678
14791.266667	-281.634827	99.165573
14791.333333	-281.634827	99.165573
14791.400000	-281.661865	99.034859
14791.466667	-281.675934	99.278084
14791.533333	-281.453278	99.194099
14791.600000	-281.675934	99.191536
14791.666667	-281.597504	99.186569
14791.733333	-281.597504	99.186569
14791.800000	-281.597290	99.266037
14791.866667	-281.478210	99.318298
14791.933333	-281.398285	99.262848
14792.000000	-281.391418	99.233055
14792.066667	-281.427399	99.169197
14792.133333	-281.427399	99.169197
14792.200000	-281.395447	99.204231
14792.266667	-281.239899	99.280296
14792.333333	-281.156158	99.303185
14792.400000	-281.302673	99.286751
14792.466667	-281.203674	99.152496
14792.533333	-281.231689	99.270683
14792.600000	-281.231689	99.270683
14792.666667	-281.097778	99.076462
14792.733333	-280.998291	99.200661
14792.800000	-281.097778	99.198311
14792.866667	-281.010681	99.243393
14792.933333	-281.089081	99.246849
14793.000000	-281.089081	99.246849
14793.066667	-281.099915	99.115990
14793.133333	-281.026428	99.225281
14793.200000	-281.052185	99.105484
14793.266667	-281.002869	99.120926
14793.333333	-280.913849	99.171173
14793.400000	-280.913849	99.171173
14793.466667	-281.055054	99.315506
14793.533333	-280.898560	99.281670
14793.600000	-280.863892	99.298630
14793.666667	-280.929626	99.269295
14793.733333	-280.767456	99.235992
14793.800000	-280.748199	99.143982
14793.866667	-280.870270	99.302277
14793.933333	-280.862793	99.167847
14794.000000	-280.810913	99.278839
14794.066667	-280.665741	99.294373
14794.133333	-280.773376	99.284698
14794.200000	-280.742004	99.259560
14794.266667	-280.933197	99.371452
14794.333333	-280.674988	99.160690
14794.400000	-280.436707	99.214279
14794.466667	-280.670227	99.316856
14794.533333	-280.567627	99.307457
14794.600000	-280.547485	99.187691
14794.666667	-280.517609	99.303185
14794.733333	-280.394775	99.203911
14794.800000	-280.466309	99.296692
14794.866667	-280.549438	99.229469
14794.933333	-280.345276	99.295395
14795.000000	-280.399231	99.199463
14795.066667	-280.570312	99.224823
14795.133333	-280.585938	99.341911
14795.200000	-280.423615	99.338593
14795.266667	-280.544525	99.303596
14795.333333	-280.302856	99.175766
14795.400000	-280.250580	99.308136
14795.466667	-280.308594	99.292053
14795.533333	-280.270142	99.344139
14795.600000	-280.258179	99.276649
14795.666667	-280.392609	99.312035
14795.733333	-280.200500	99.230804
14795.800000	-280.263275	99.245087
14795.866667	-280.238007	99.300499
14795.933333	-280.141876	99.215340
14796.000000	-280.237701	99.267776
14796.066667	-280.156799	99.284157
14796.133333	-280.210022	99.266953
14796.200000	-280.179810	99.275871
14796.266667	-280.089539	99.292427
14796.333333	-280.104919	99.323105
14796.400000	-280.145477	99.380203
14796.466667	-280.154541	99.313599
14796.533333	-279.999847	99.396233
14796.600000	-280.016388	99.418724
14796.666667	-280.075958	99.312119
14796.733333	-279.926666	99.307999
14796.800000	-280.038910	99.364433
14796.866667	-279.966553	99.370224
14796.933333	-279.858521	99.310341
14797.000000	-279.902344	99.318245
14797.066667	-279.860107	99.295486
14797.133333	-279.754395	99.271286
14797.200000	-279.666718	99.274414
14797.266667	-279.853455	99.346634
14797.333333	-279.761169	99.271393
14797.400000	-279.728668	99.247856
14797.466667	-279.681366	99.281326
14797.533333	-279.770325	99.284958
14797.600000	-279.683136	99.310387
14797.666667	-279.715668	99.214333
14797.733333	-279.620636	99.334503
14797.800000	-279.585327	99.367081
14797.866667	-279.575012	99.327850
14797.933333	-279.687988	99.336250
14798.000000	-279.602234	99.396759
14798.066667	-279.611969	99.381500
14798.133333	-279.536774	99.371185
14798.200000	-279.596649	99.427376
14798.266667	-279.606964	99.303185
14798.333333	-279.614349	99.287186
14798.400000	-279.570190	99.379288
14798.466667	-279.574066	99.416733
14798.533333	-279.546875	99.464165
14798.600000	-279.468079	99.296219
14798.666667	-279.480804	99.261131
14798.733333	-279.503540	99.335533
14798.800000	-279.405579	99.391708
14798.866667	-279.293732	99.348999
14798.933333	-279.300690	99.302277
14799.000000	-279.349762	99.394730
14799.066667	-279.398926	99.431549
14799.133333	-279.483582	99.387917
14799.200000	-279.436523	99.261673
14799.266667	-279.295837	99.411720
14799.333333	-279.051666	99.307877
14799.400000	-279.102173	99.202309
14799.466667	-279.185791	99.400238
14799.533333	-279.043579	99.371529
14799.600000	-279.121918	99.344215
14799.666667	-279.239502	99.369255
14799.733333	-279.284088	99.317429
14799.800000	-279.277618	99.372139
14799.866667	-278.987885	99.333305
14799.933333	-279.179474	99.462112
14800.000000	-279.261810	99.459885
14800.066667	-279.046997	99.411812
14800.133333	-279.143250	99.473686
14800.200000	-279.043579	99.460381
14800.266667	-279.072052	99.430374
14800.333333	-279.047089	99.466476
14800.400000	-279.011200	99.430344
14800.466667	-279.076477	99.384422
14800.533333	-278.906708	99.387604
14800.600000	-278.898010	99.418068
14800.666667	-278.743835	99.402771
14800.733333	-278.912598	99.402161
14800.800000	-278.740204	99.436096
14800.866667	-278.865631	99.482140
14800.933333	-278.747650	99.473236
14801.000000	-278.935669	99.424240
14801.066667	-278.757660	99.372719
14801.133333	-278.728333	99.460320
14801.200000	-278.634735	99.505104
14801.266667	-278.707581	99.384201
14801.333333	-278.772736	99.410767
14801.400000	-278.686951	99.522507
14801.466667	-278.751373	99.375145
14801.533333	-278.654236	99.410133
14801.600000	-278.670929	99.410194
14801.666667	-278.673340	99.393967
14801.733333	-278.616486	99.461998
14801.800000	-278.714691	99.478271
14801.866667	-278.534363	99.329597
14801.933333	-278.625641	99.465141
14802.000000	-278.440002	99.426849
14802.066667	-278.550812	99.445343
14802.133333	-278.520630	99.450981
14802.200000	-278.595581	99.415581
14802.266667	-278.594910	99.470665
14802.333333	-278.526276	99.439285
14802.400000	-278.501587	99.521812
14802.466667	-278.523438	99.509598
14802.533333	-278.428223	99.441605
14802.600000	-278.551392	99.482941
14802.666667	-278.453918	99.460320
14802.733333	-278.403442	99.533203
14802.800000	-278.558594	99.513802
14802.866667	-278.416290	99.407204
14802.933333	-278.476532	99.470238
14803.000000	-278.502411	99.523132
14803.066667	-278.513489	99.619759
14803.133333	-278.186127	99.438187
14803.200000	-278.214233	99.504219
14803.266667	-278.281464	99.544624
14803.333333	-278.327576	99.438736
14803.400000	-278.255493	99.444153
14803.466667	-278.138000	99.389252
14803.533333	-278.161102	99.452271
14803.600000	-278.161774	99.433762
14803.666667	-278.237793	99.422089
14803.733333	-278.053925	99.440361
14803.800000	-278.005585	99.459007
14803.866667	-278.071259	99.444687
14803.933333	-278.055420	99.535561
14804.000000	-278.010101	99.456749
14804.066667	-278.044281	99.568947
14804.133333	-277.977203	99.475647
14804.200000	-277.975891	99.537773
14804.266667	-277.995514	99.559364
14804.333333	-277.912079	99.518349
14804.400000	-277.984741	99.586464
14804.466667	-277.862579	99.490379
14804.533333	-277.952179	99.576767
14804.600000	-277.870209	99.644691
14804.666667	-277.901489	99.596489
14804.733333	-277.983612	99.577133
14804.800000	-277.904053	99.575630
14804.866667	-277.871033	99.496399
14804.933333	-277.929291	99.539864
14805.000000	-277.817383	99.535561
14805.066667	-277.896759	99.541878
14805.133333	-277.872345	99.550537
14805.200000	-277.830627	99.564407
14805.266667	-277.791626	99.467346
14805.333333	-277.775604	99.520668
14805.400000	-277.747925	99.487152
14805.466667	-277.671600	99.591560
14805.533333	-277.488190	99.529106
14805.600000	-277.686432	99.498482
14805.666667	-277.626953	99.496178
14805.733333	-277.559814	99.511215
14805.800000	-277.608032	99.459885
14805.866667	-277.454254	99.402641
14805.933333	-277.578186	99.491554
14806.000000	-277.445099	99.505768
14806.066667	-277.486450	99.502243
14806.133333	-277.484222	99.544624
14806.200000	-277.510345	99.433044
14806.266667	-277.316010	99.593338
14806.333333	-277.331451	99.461906
14806.400000	-277.352325	99.566902
14806.466667	-277.447174	99.553574
14806.533333	-277.226532	99.485237
14806.600000	-277.300873	99.588676
14806.666667	-277.329773	99.515533
14806.733333	-277.305298	99.679726
14806.800000	-277.298737	99.618713
14806.866667	-277.120880	99.631874
14806.933333	-277.327576	99.637955
14807.000000	-277.121979	99.773903
14807.066667	-277.288452	99.590286
14807.133333	-277.216400	99.599052
14807.200000	-277.271515	99.713448
14807.266667	-277.087708	99.626945
14807.333333	-277.031525	99.564499
14807.400000	-277.034180	99.613022
14807.466667	-277.134888	99.613022
14807.533333	-277.074707	99.596008
14807.600000	-277.125397	99.550377
14807.666667	-276.846436	99.541878
14807.733333	-277.041443	99.620682
14807.800000	-276.891754	99.561821
14807.866667	-277.058258	99.575340
14807.933333	-277.071564	99.576813
14808.000000	-276.911011	99.535561
14808.066667	-276.937469	99.542053
14808.133333	-276.887024	99.573189
14808.200000	-277.012634	99.586174
14808.266667	-276.940430	99.553909
14808.333333	-276.990204	99.588074
14808.400000	-276.827423	99.746201
14808.466667	-276.917999	99.638145
14808.533333	-276.839661	99.658691
14808.600000	-276.692444	99.563225
14808.666667	-276.946625	99.643387
14808.733333	-276.648926	99.598755
14808.800000	-276.554230	99.753822
14808.866667	-276.496124	99.581673
14808.933333	-276.739075	99.729210
14809.000000	-276.660461	99.600441
14809.066667	-276.539368	99.790878
14809.133333	-276.548523	99.726982
14809.200000	-276.485779	99.719582
14809.266667	-276.584137	99.609016
14809.333333	-276.521759	99.569145
14809.400000	-276.371490	99.593658
14809.466667	-276.569427	99.608719
14809.533333	-276.372772	99.630768
14809.600000	-276.491547	99.613892
14809.666667	-276.408752	99.567657
14809.733333	-276.612122	99.526764
14809.800000	-276.353119	99.509888
14809.866667	-276.372772	99.622108
14809.933333	-276.365326	99.694672
14810.000000	-276.319031	99.675171
14810.066667	-276.257202	99.561821
14810.133333	-276.303741	99.535561
14810.200000	-276.359711	99.667412
14810.266667	-276.240784	99.570976
14810.333333	-276.283844	99.720703
14810.400000	-276.212402	99.580078
14810.466667	-276.399414	99.730309
14810.533333	-276.061401	99.576569
14810.600000	-276.300537	99.624084
14810.666667	-276.171539	99.723801
14810.733333	-276.139069	99.624771
14810.800000	-276.204926	99.754272
14810.866667	-276.122528	99.748924
14810.933333	-276.036346	99.706429
14811.000000	-276.203308	99.621155
14811.066667	-276.141205	99.568756
14811.133333	-275.895538	99.657288
14811.200000	-275.983002	99.773903
14811.266667	-276.100372	99.615479
14811.333333	-275.980774	99.762375
14811.400000	-275.930939	99.774582
14811.466667	-275.961151	99.726936
14811.533333	-275.915955	99.701546
14811.600000	-276.036407	99.704605
14811.666667	-275.954315	99.706429
14811.733333	-275.679993	99.593773
14811.800000	-275.986633	99.692329
14811.866667	-275.831848	99.643745
14811.933333	-275.627014	99.664665
14812.000000	-275.820251	99.651993
14812.066667	-275.772156	99.723480
14812.133333	-275.668091	99.687401
14812.200000	-275.742615	99.695435
14812.266667	-275.735352	99.630081
14812.333333	-275.621399	99.577660
14812.400000	-275.678223	99.605026
14812.466667	-275.734344	99.772728
14812.533333	-275.676117	99.605026
14812.600000	-275.533844	99.612579
14812.666667	-275.583069	99.673592
14812.733333	-275.639709	99.692085
14812.800000	-275.464447	99.745949
14812.866667	-275.521179	99.711220
14812.933333	-275.743195	99.772247
14813.000000	-275.519318	99.728104
14813.066667	-275.637756	99.819580
14813.133333	-275.552612	99.679977
14813.200000	-275.518250	99.741844
14813.266667	-275.448486	99.721466
14813.333333	-275.544861	99.772636
14813.400000	-275.610870	99.724998
14813.466667	-275.565674	99.788055
14813.533333	-275.373230	99.697121
14813.600000	-275.429047	99.647446
14813.666667	-275.592804	99.834930
14813.733333	-275.248932	99.708466
14813.800000	-275.362244	99.728119
14813.866667	-275.302032	99.689148
14813.933333	-275.221069	99.690033
14814.000000	-275.268158	99.682167
14814.066667	-275.262299	99.683220
14814.133333	-275.146118	99.719528
14814.200000	-275.334564	99.606178
14814.266667	-275.279114	99.629654
14814.333333	-275.228943	99.677574
14814.400000	-275.061249	99.724655
14814.466667	-274.960999	99.736046
14814.533333	-275.200104	99.732773
14814.600000	-275.145752	99.689995
14814.666667	-275.268646	99.724762
14814.733333	-275.004028	99.715698
14814.800000	-275.148132	99.790878
14814.866667	-275.203156	99.698990
14814.933333	-275.102539	99.713806
14815.000000	-275.009644	99.812515
14815.066667	-275.069641	99.728050
14815.133333	-275.086517	99.689545
14815.200000	-274.921600	99.749542
14815.266667	-274.875671	99.690933
14815.333333	-274.966614	99.786667
14815.400000	-274.935699	99.702141
14815.466667	-274.950989	99.699867
14815.533333	-274.990692	99.776192
14815.600000	-274.974823	99.804893
14815.666667	-274.895203	99.731316
14815.733333	-274.762604	99.678696
14815.800000	-274.800781	99.714149
14815.866667	-274.803802	99.763382
14815.933333	-274.838837	99.777908
14816.000000	-274.770447	99.705276
14816.066667	-274.896729	99.595146
14816.133333	-274.777893	99.767944
14816.200000	-274.887482	99.743767
14816.266667	-274.694946	99.746002
14816.333333	-274.776978	99.731384
14816.400000	-274.799622	99.796616
14816.466667	-274.753815	99.654732
14816.533333	-274.780304	99.758423
14816.600000	-274.645416	99.735886
14816.666667	-274.745758	99.691322
14816.733333	-274.700897	99.806900
14816.800000	-274.659454	99.703957
14816.866667	-274.569580	99.770630
14816.933333	-274.751343	99.734741
14817.000000	-274.701813	99.828186
14817.066667	-274.583282	99.813454
14817.133333	-274.614716	99.781609
14817.200000	-274.500580	99.744110
14817.266667	-274.634277	99.787086
14817.333333	-274.398254	99.657745
14817.400000	-274.665222	99.813126
14817.466667	-274.572449	99.792313
14817.533333	-274.631775	99.878265
14817.600000	-274.585785	99.876556
14817.666667	-274.618286	99.802513
14817.733333	-274.521179	99.891876
14817.800000	-274.611542	99.799530
14817.866667	-274.423279	99.773567
14817.933333	-274.334534	99.781822
14818.000000	-274.317230	99.819580
14818.066667	-274.324066	99.769852
14818.133333	-274.290375	99.736702
14818.200000	-274.202423	99.742722
14818.266667	-274.388123	99.784698
14818.333333	-274.250977	99.797623
14818.400000	-274.474182	99.705429
14818.466667	-274.223663	99.652802
14818.533333	-274.092255	99.816841
14818.600000	-274.238800	99.804390
14818.666667	-274.167969	99.725777
14818.733333	-274.094055	99.759087
14818.800000	-274.099457	99.658691
14818.866667	-274.101501	99.799110
14818.933333	-274.252136	99.783279
14819.000000	-274.165100	99.753418
14819.066667	-273.914246	99.740211
14819.133333	-274.094421	99.894730
14819.200000	-273.951660	99.843643
14819.266667	-274.118805	99.850967
14819.333333	-274.140594	99.871506
14819.400000	-274.165344	99.798134
14819.466667	-273.948029	99.840767
14819.533333	-274.053619	99.773590
14819.600000	-274.040009	99.803032
14819.666667	-274.055817	99.901581
14819.733333	-274.113434	99.911728
14819.800000	-274.105103	99.883026
14819.866667	-274.090973	99.786034
14819.933333	-274.057800	99.824921
14820.000000	-273.926239	99.827126
