4380.066667	-199.039978	102.288628
4380.133333	-199.253220	102.379822
4380.200000	-199.395508	102.348717
4380.266667	-199.260681	102.219376
4380.333333	-199.324722	102.259056
4380.400000	-199.525345	102.389038
4380.466667	-199.421234	102.369766
4380.533333	-199.400330	102.349007
4380.600000	-199.378769	102.180725
4380.666667	-199.490234	102.268776
4380.733333	-199.596741	102.249413
4380.800000	-199.569077	102.358688
4380.866667	-199.579788	102.265739
4380.933333	-199.598358	102.291878
4381.000000	-199.689957	102.243843
4381.066667	-199.776993	102.255898
4381.133333	-199.737915	102.194740
4381.200000	-199.761002	102.286995
4381.266667	-199.864655	102.428650
4381.333333	-199.809036	102.307800
4381.400000	-199.820251	102.369942
4381.466667	-199.800659	102.235382
4381.533333	-199.917999	102.278015
4381.600000	-200.218063	102.400208
4381.666667	-200.054565	102.337852
4381.733333	-200.267502	102.427032
4381.800000	-200.095093	102.305161
4381.866667	-200.208389	102.283600
4381.933333	-200.147385	102.282219
4382.000000	-200.296875	102.311890
4382.066667	-200.501968	102.386505
4382.133333	-200.333221	102.223625
4382.200000	-200.470215	102.345818
4382.266667	-200.443649	102.207237
4382.333333	-200.476273	102.238495
4382.400000	-200.481216	102.170280
4382.466667	-200.566803	102.201584
4382.533333	-200.546738	102.196297
4382.600000	-200.677032	102.274315
4382.666667	-200.748978	102.224327
4382.733333	-200.823654	102.268776
4382.800000	-200.752136	102.180061
4382.866667	-200.760773	102.164368
4382.933333	-200.748093	102.158806
4383.000000	-201.101852	102.320236
4383.066667	-200.863922	102.093369
4383.133333	-201.086197	102.280327
4383.200000	-201.046616	102.140770
4383.266667	-201.205444	102.274513
4383.333333	-201.205597	102.272659
4383.400000	-201.184830	102.276657
4383.466667	-201.180984	102.235466
4383.533333	-201.200592	102.199417
4383.600000	-201.423080	102.250870
4383.666667	-201.361481	102.246651
4383.733333	-201.442474	102.322746
4383.800000	-201.338272	102.208443
4383.866667	-201.367340	102.275589
4383.933333	-201.538651	102.339813
4384.000000	-201.598480	102.184525
4384.066667	-201.689484	102.288925
4384.133333	-201.485016	102.257408
4384.200000	-201.760162	102.256294
4384.266667	-201.695847	102.234505
4384.333333	-201.862534	102.368576
4384.400000	-201.888474	102.208900
4384.466667	-201.866714	102.238197
4384.533333	-201.844177	102.095955
4384.600000	-201.956207	102.158241
4384.666667	-202.062469	102.274818
4384.733333	-202.043671	102.152969
4384.800000	-201.875214	102.103668
4384.866667	-201.938492	102.087654
4384.933333	-202.193192	102.153305
4385.000000	-202.286789	102.099365
4385.066667	-202.151337	102.125008
4385.133333	-202.102600	102.026619
4385.200000	-202.282349	102.125443
4385.266667	-202.344421	102.174461
4385.333333	-202.319244	102.168900
4385.400000	-202.423935	102.129326
4385.466667	-202.482498	102.209488
4385.533333	-202.500671	102.215775
4385.600000	-202.518082	102.160889
4385.666667	-202.566971	102.136169
4385.733333	-202.689636	102.169746
4385.800000	-202.760132	102.224518
4385.866667	-202.665421	102.242363
4385.933333	-202.968399	102.285233
4386.000000	-202.825150	102.220367
4386.066667	-203.003571	102.275658
4386.133333	-202.961441	102.248093
4386.200000	-202.924530	102.183731
4386.266667	-203.255325	102.264633
4386.333333	-203.152542	102.266365
4386.400000	-202.978928	102.117081
4386.466667	-203.166412	102.071877
4386.533333	-202.941345	102.057823
4386.600000	-203.136307	102.115143
4386.666667	-203.266113	102.169487
4386.733333	-203.119492	102.006958
4386.800000	-203.455994	102.117996
4386.866667	-203.321884	102.079498
4386.933333	-203.548508	101.975945
4387.000000	-203.358459	101.987503
4387.066667	-203.289383	101.839661
4387.133333	-203.417770	102.165848
4387.200000	-203.465103	102.092278
4387.266667	-203.461441	102.084099
4387.333333	-203.502029	102.078728
4387.400000	-203.604462	102.079468
4387.466667	-203.714645	102.194016
4387.533333	-203.823181	102.072502
4387.600000	-203.775208	102.128113
4387.666667	-203.826431	102.159370
4387.733333	-203.975540	102.146088
4387.800000	-203.682007	102.002037
4387.866667	-203.951904	102.223045
4387.933333	-204.223282	102.286194
4388.000000	-204.160706	102.220734
4388.066667	-204.276459	102.226189
4388.133333	-204.149506	102.057205
4388.200000	-204.226242	102.123604
4388.266667	-204.323334	102.271729
4388.333333	-204.247620	102.271217
4388.400000	-204.222870	102.155602
4388.466667	-204.296371	101.969635
4388.533333	-204.344223	102.112190
4388.600000	-204.481110	102.200607
4388.666667	-204.378540	101.984146
4388.733333	-204.372269	101.840523
4388.800000	-204.383789	102.003586
4388.866667	-204.348236	101.957932
4388.933333	-204.595215	101.978935
4389.000000	-204.691040	102.046181
4389.066667	-204.595932	102.003044
4389.133333	-204.600418	101.904671
4389.200000	-204.921356	101.996605
4389.266667	-204.638718	101.942856
4389.333333	-204.606262	101.934654
4389.400000	-204.926498	102.008530
4389.466667	-204.825455	101.961555
4389.533333	-204.949997	102.045364
4389.600000	-204.896088	101.946671
4389.666667	-205.026688	102.026123
4389.733333	-205.111542	102.130455
4389.800000	-205.163406	102.114296
4389.866667	-205.212357	102.144341
4389.933333	-205.354919	102.062424
4390.000000	-205.384216	102.031006
4390.066667	-205.319977	102.019608
4390.133333	-205.303482	102.144127
4390.200000	-205.330399	102.094444
4390.266667	-205.554352	102.153114
4390.333333	-205.530609	102.054352
4390.400000	-205.482727	102.056656
4390.466667	-205.558701	102.065910
4390.533333	-205.675568	102.089012
4390.600000	-205.652435	101.943130
4390.666667	-205.552292	102.002266
4390.733333	-205.647278	101.842224
4390.800000	-205.732376	101.960915
4390.866667	-205.796646	102.050255
4390.933333	-205.753723	101.888092
4391.000000	-205.747986	101.784042
4391.066667	-205.918503	101.839844
4391.133333	-205.861282	101.810936
4391.200000	-205.861023	101.765907
4391.266667	-205.979279	101.833801
4391.333333	-205.868866	101.764526
4391.400000	-206.000046	101.786400
4391.466667	-206.264404	102.017662
4391.533333	-206.002228	101.807991
4391.600000	-206.285858	101.981033
4391.666667	-206.340088	101.927299
4391.733333	-206.377090	102.024017
4391.800000	-206.266846	101.976875
4391.866667	-206.098022	101.880707
4391.933333	-206.419861	101.906166
4392.000000	-206.452240	101.964592
4392.066667	-206.427032	101.955490
4392.133333	-206.465363	102.004417
4392.200000	-206.352325	101.868698
4392.266667	-206.535416	102.001488
4392.333333	-206.528763	101.994186
4392.400000	-206.672180	101.956848
4392.466667	-206.707230	101.939629
4392.533333	-206.799286	101.900406
4392.600000	-206.833618	101.965477
4392.666667	-206.866501	101.924789
4392.733333	-206.859360	101.920715
4392.800000	-206.957794	102.025139
4392.866667	-206.757385	101.848244
4392.933333	-206.955200	101.875015
4393.000000	-206.928940	101.836983
4393.066667	-206.964966	101.767807
4393.133333	-207.069901	101.849937
4393.200000	-206.939087	101.708969
4393.266667	-207.099670	101.855049
4393.333333	-207.238358	101.791405
4393.400000	-207.251968	101.916191
4393.466667	-207.263748	101.754753
4393.533333	-207.184143	101.821564
4393.600000	-207.350662	101.809196
4393.666667	-207.350128	101.809418
4393.733333	-207.327606	101.843102
4393.800000	-207.451569	101.814407
4393.866667	-207.384399	101.781616
4393.933333	-207.456604	101.875893
4394.000000	-207.604950	101.875267
4394.066667	-207.560699	101.855125
4394.133333	-207.673996	101.864746
4394.200000	-207.553864	101.777199
4394.266667	-207.673508	101.852531
4394.333333	-207.873474	101.888252
4394.400000	-207.821426	101.956505
4394.466667	-207.671707	101.919373
4394.533333	-207.773270	101.845161
4394.600000	-208.024628	101.975540
4394.666667	-207.939545	102.018494
4394.733333	-207.928925	101.831688
4394.800000	-207.838898	101.884071
4394.866667	-208.003616	101.766289
4394.933333	-208.145340	101.803452
4395.000000	-208.166290	101.886108
4395.066667	-208.319153	101.813698
4395.133333	-208.205017	101.806976
4395.200000	-208.183777	101.681023
4395.266667	-208.035492	101.637444
4395.333333	-208.243240	101.753090
4395.400000	-208.107620	101.631119
4395.466667	-208.326263	101.750732
4395.533333	-208.344528	101.631050
4395.600000	-208.309937	101.632607
4395.666667	-208.354218	101.737396
4395.733333	-208.292114	101.742615
4395.800000	-208.628143	101.812485
4395.866667	-208.472397	101.684311
4395.933333	-208.624466	101.814163
4396.000000	-208.733566	101.800758
4396.066667	-208.608002	101.783226
4396.133333	-208.860077	101.842751
4396.200000	-208.898987	101.820198
4396.266667	-208.850739	101.803825
4396.333333	-208.917160	101.876129
4396.400000	-208.907089	101.748093
4396.466667	-208.887222	101.812981
4396.533333	-208.866989	101.694748
4396.600000	-208.993607	101.796028
4396.666667	-209.062561	101.870743
4396.733333	-209.051819	101.845215
4396.800000	-209.176086	101.853714
4396.866667	-209.089417	101.691429
4396.933333	-209.080017	101.755608
4397.000000	-209.158783	101.783546
4397.066667	-209.222412	101.825859
4397.133333	-209.164474	101.712204
4397.200000	-209.343063	101.695602
4397.266667	-209.129349	101.592995
4397.333333	-209.186768	101.473488
4397.400000	-209.406006	101.631691
4397.466667	-209.402191	101.679771
4397.533333	-209.541565	101.585960
4397.600000	-209.680664	101.538177
4397.666667	-209.447372	101.621117
4397.733333	-209.587540	101.666374
4397.800000	-209.695572	101.647964
4397.866667	-209.574982	101.686272
4397.933333	-209.622269	101.677971
4398.000000	-209.669861	101.609695
4398.066667	-209.727234	101.698204
4398.133333	-209.784225	101.764137
4398.200000	-209.717667	101.571640
4398.266667	-209.820007	101.680702
4398.333333	-209.939499	101.736481
4398.400000	-209.916885	101.808464
4398.466667	-209.936569	101.782494
4398.533333	-210.171814	101.814766
4398.600000	-210.100693	101.808830
4398.666667	-209.964218	101.660286
4398.733333	-210.047379	101.712006
4398.800000	-210.139023	101.698448
4398.866667	-210.062515	101.672920
4398.933333	-210.234909	101.686905
4399.000000	-210.354492	101.688774
4399.066667	-210.219971	101.682541
4399.133333	-210.261993	101.623474
4399.200000	-210.274521	101.527191
4399.266667	-210.212402	101.581070
4399.333333	-210.405121	101.606224
4399.400000	-210.322937	101.485497
4399.466667	-210.496414	101.629478
4399.533333	-210.509415	101.567848
4399.600000	-210.485184	101.477669
4399.666667	-210.475204	101.455627
4399.733333	-210.353104	101.543358
4399.800000	-210.615372	101.638039
4399.866667	-210.562347	101.588661
4399.933333	-210.556412	101.508873
4400.000000	-210.622284	101.444389
4400.066667	-210.694366	101.446236
4400.133333	-210.933548	101.624405
4400.200000	-210.820068	101.657578
4400.266667	-210.912964	101.605797
4400.333333	-210.762680	101.598778
4400.400000	-211.010483	101.589081
4400.466667	-210.855423	101.631615
4400.533333	-211.037155	101.675751
4400.600000	-210.863495	101.537254
4400.666667	-211.035675	101.606529
4400.733333	-211.284836	101.700279
4400.800000	-211.197372	101.668427
4400.866667	-211.336945	101.724701
4400.933333	-211.134583	101.611801
4401.000000	-211.298492	101.538521
4401.066667	-211.309738	101.582901
4401.133333	-211.361465	101.693970
4401.200000	-211.179565	101.560806
4401.266667	-211.303864	101.470657
4401.333333	-211.349701	101.585640
4401.400000	-211.570175	101.627747
4401.466667	-211.424789	101.531853
4401.533333	-211.493500	101.478920
4401.600000	-211.505722	101.613014
4401.666667	-211.485107	101.537514
4401.733333	-211.456207	101.436844
4401.800000	-211.734024	101.591446
4401.866667	-211.826233	101.488304
4401.933333	-211.793854	101.514931
4402.000000	-211.915588	101.459602
4402.066667	-211.774490	101.472054
4402.133333	-211.926437	101.573616
4402.200000	-212.004105	101.469284
4402.266667	-211.895767	101.491844
4402.333333	-212.029984	101.586205
4402.400000	-212.144058	101.582893
4402.466667	-211.990173	101.597313
4402.533333	-212.205399	101.532990
4402.600000	-212.203293	101.560577
4402.666667	-212.303360	101.668320
4402.733333	-212.201065	101.687523
4402.800000	-212.049759	101.588242
4402.866667	-212.417313	101.696892
4402.933333	-212.210205	101.597923
4403.000000	-212.267593	101.476097
4403.066667	-212.339996	101.562332
4403.133333	-212.362122	101.545502
4403.200000	-212.383438	101.466400
4403.266667	-212.320724	101.525475
4403.333333	-212.440079	101.413368
4403.400000	-212.558044	101.491623
4403.466667	-212.575668	101.456505
4403.533333	-212.442123	101.369911
4403.600000	-212.578690	101.421280
4403.666667	-212.553680	101.312813
4403.733333	-212.618347	101.455627
4403.800000	-212.669434	101.324638
4403.866667	-212.660645	101.307045
4403.933333	-212.703201	101.446503
4404.000000	-212.579559	101.245651
4404.066667	-212.877548	101.362747
4404.133333	-212.811249	101.352142
4404.200000	-212.777161	101.361778
4404.266667	-212.893509	101.427788
4404.333333	-212.849411	101.349747
4404.400000	-212.984467	101.393257
4404.466667	-212.983505	101.516853
4404.533333	-213.242767	101.476044
4404.600000	-213.147064	101.326469
4404.666667	-213.199921	101.459648
4404.733333	-213.163635	101.477448
4404.800000	-213.327240	101.559639
4404.866667	-213.309860	101.439453
4404.933333	-213.225098	101.430069
4405.000000	-213.503281	101.586121
4405.066667	-213.476105	101.405418
4405.133333	-213.571320	101.496994
4405.200000	-213.417282	101.482811
4405.266667	-213.572052	101.587830
4405.333333	-213.342789	101.372574
4405.400000	-213.422150	101.384087
4405.466667	-213.298737	101.328949
4405.533333	-213.744659	101.478897
4405.600000	-213.591949	101.403702
4405.666667	-213.604614	101.363998
4405.733333	-213.640976	101.360413
4405.800000	-213.687347	101.379501
4405.866667	-213.802078	101.437958
4405.933333	-213.666595	101.334251
4406.000000	-213.713745	101.337883
4406.066667	-213.767914	101.366676
4406.133333	-213.818237	101.281113
4406.200000	-213.932983	101.449600
4406.266667	-214.121201	101.346588
4406.333333	-213.993011	101.322044
4406.400000	-214.069504	101.365814
4406.466667	-214.256836	101.460869
4406.533333	-214.216721	101.379524
4406.600000	-214.152878	101.367157
4406.666667	-214.077927	101.305504
4406.733333	-214.256836	101.479042
4406.800000	-214.316452	101.446976
4406.866667	-214.317337	101.470665
4406.933333	-214.435318	101.531105
4407.000000	-214.128128	101.375549
4407.066667	-214.378357	101.540970
4407.133333	-214.417145	101.411041
4407.200000	-214.370087	101.399864
4407.266667	-214.428391	101.340179
4407.333333	-214.359055	101.444489
4407.400000	-214.455078	101.307419
4407.466667	-214.739090	101.385498
4407.533333	-214.532639	101.354408
4407.600000	-214.442612	101.283195
4407.666667	-214.694809	101.316338
4407.733333	-214.679657	101.382790
4407.800000	-214.605347	101.202400
4407.866667	-214.689102	101.270607
4407.933333	-214.715485	101.206985
4408.000000	-214.935074	101.237450
4408.066667	-214.865662	101.366554
4408.133333	-214.927811	101.274879
4408.200000	-214.817627	101.327156
4408.266667	-214.840240	101.143044
4408.333333	-214.847824	101.247078
4408.400000	-215.056473	101.298386
4408.466667	-215.062195	101.354607
4408.533333	-215.026001	101.175804
4408.600000	-215.096313	101.323090
4408.666667	-215.078995	101.198662
4408.733333	-215.245148	101.347771
4408.800000	-215.140015	101.237289
4408.866667	-215.182724	101.373848
4408.933333	-215.397125	101.457512
4409.000000	-215.397125	101.457512
4409.066667	-215.331940	101.309731
4409.133333	-215.385147	101.352554
4409.200000	-215.253632	101.286949
4409.266667	-215.432465	101.417297
4409.333333	-215.537766	101.438934
4409.400000	-215.537766	101.438934
4409.466667	-215.632935	101.449791
4409.533333	-215.503433	101.277725
4409.600000	-215.485184	101.273438
4409.666667	-215.794678	101.347404
4409.733333	-215.634323	101.242599
4409.800000	-215.634323	101.242599
4409.866667	-215.818909	101.242805
4409.933333	-215.717865	101.176628
4410.000000	-215.737656	101.231758
4410.066667	-215.615662	101.126251
4410.133333	-215.879578	101.185059
4410.200000	-215.758789	101.042778
4410.266667	-215.758789	101.042778
4410.333333	-215.736038	101.174988
4410.400000	-216.023422	101.262390
4410.466667	-215.836334	101.083458
4410.533333	-216.026001	101.251366
4410.600000	-216.159180	101.267319
4410.666667	-216.159180	101.267319
4410.733333	-215.977951	101.100304
4410.800000	-216.089447	101.221451
4410.866667	-215.995895	101.246742
4410.933333	-216.245102	101.117264
4411.000000	-216.303070	101.347160
4411.066667	-216.303070	101.347160
4411.133333	-216.116287	101.200806
4411.200000	-216.254028	101.130707
4411.266667	-216.296341	101.266129
4411.333333	-216.430710	101.237244
4411.400000	-216.659698	101.343925
4411.466667	-216.529114	101.284744
4411.533333	-216.529114	101.284744
4411.600000	-216.405807	101.199150
4411.666667	-216.543381	101.274750
4411.733333	-216.744217	101.239952
4411.800000	-216.638046	101.265678
4411.866667	-216.733612	101.216690
4411.933333	-216.733612	101.216690
4412.000000	-216.831299	101.244392
4412.066667	-216.753830	101.156364
4412.133333	-216.672913	101.073570
4412.200000	-216.840179	101.170975
4412.266667	-216.763397	101.118805
4412.333333	-216.763397	101.118805
4412.400000	-216.966141	101.079468
4412.466667	-216.643509	101.008446
4412.533333	-216.960541	101.070015
4412.600000	-216.913132	101.128601
4412.666667	-216.907288	101.137939
4412.733333	-217.094955	101.241882
4412.800000	-217.094955	101.241882
4412.866667	-216.900665	101.146996
4412.933333	-217.157135	101.143921
4413.000000	-217.034317	101.115532
4413.066667	-217.317780	101.221367
4413.133333	-217.352142	101.185059
4413.200000	-217.352142	101.185059
4413.266667	-217.291672	101.191360
4413.333333	-217.441956	101.167953
4413.400000	-217.542786	101.215675
4413.466667	-217.416595	101.129013
4413.533333	-217.350235	101.166290
4413.600000	-217.350235	101.166290
4413.666667	-217.384781	101.150017
4413.733333	-217.482452	101.186821
4413.800000	-217.480011	101.212891
4413.866667	-217.529526	101.142288
4413.933333	-217.533691	101.160294
4414.000000	-217.533691	101.160294
4414.066667	-217.587845	101.086143
4414.133333	-217.573975	101.043106
4414.200000	-217.774094	101.022789
4414.266667	-217.762527	101.057701
4414.333333	-217.839340	101.088860
4414.400000	-217.992996	101.062462
4414.466667	-217.992996	101.062462
4414.533333	-217.835373	101.077957
4414.600000	-217.943222	101.120850
4414.666667	-217.979660	101.068504
4414.733333	-217.851440	100.955658
4414.800000	-217.672607	100.981285
4414.866667	-217.672607	100.981285
4414.933333	-218.148987	101.125954
4415.000000	-218.051590	101.074715
4415.066667	-218.035995	101.049416
4415.133333	-218.124252	101.084755
4415.200000	-218.048721	101.106194
4415.266667	-218.048721	101.106194
4415.333333	-218.195038	101.097664
4415.400000	-218.279739	101.084755
4415.466667	-218.344482	101.193199
4415.533333	-218.221329	101.143692
4415.600000	-218.262405	100.979248
4415.666667	-218.331039	101.127312
4415.733333	-218.353409	101.096939
4415.800000	-218.302521	100.968430
4415.866667	-218.384201	101.016106
4415.933333	-218.434601	101.161644
4416.000000	-218.456955	100.965683
4416.066667	-218.676559	101.118729
4416.133333	-218.654816	101.038551
4416.200000	-218.536057	101.017586
4416.266667	-218.520157	100.990471
4416.333333	-218.625793	100.941452
4416.400000	-218.709061	101.053589
4416.466667	-218.778061	100.987595
4416.533333	-218.474091	100.856316
4416.600000	-218.656143	100.928719
4416.666667	-218.834579	101.063629
4416.733333	-218.737411	101.024193
4416.800000	-218.773254	100.958107
4416.866667	-218.942902	101.027679
4416.933333	-218.888535	100.963638
4417.000000	-218.861771	101.031189
4417.066667	-218.824738	101.022102
4417.133333	-218.878845	101.018402
4417.200000	-218.997528	101.107788
4417.266667	-218.960831	101.034241
4417.333333	-219.066055	101.122940
4417.400000	-218.997177	101.079102
4417.466667	-219.072495	101.068504
4417.533333	-219.056534	101.118073
4417.600000	-219.159698	101.061974
4417.666667	-218.970276	101.135567
4417.733333	-219.091965	100.998840
4417.800000	-219.089157	101.059113
4417.866667	-219.136139	101.019753
4417.933333	-219.084671	101.026527
4418.000000	-219.356018	101.052139
4418.066667	-219.257980	101.122368
4418.133333	-219.194427	100.930916
4418.200000	-219.339722	101.009216
4418.266667	-219.364990	101.021111
4418.333333	-219.439468	100.984543
4418.400000	-219.478638	101.044991
4418.466667	-219.561295	101.005890
4418.533333	-219.441635	100.977394
4418.600000	-219.397629	100.842033
4418.666667	-219.455505	100.915726
4418.733333	-219.462097	100.835968
4418.800000	-219.442734	100.877838
4418.866667	-219.595123	100.998375
4418.933333	-219.545227	100.855507
4419.000000	-219.721207	100.970840
4419.066667	-219.767181	101.012985
4419.133333	-219.618744	100.920952
4419.200000	-219.622467	100.941566
4419.266667	-219.686127	101.050301
4419.333333	-219.816696	101.019524
4419.400000	-219.741455	100.968292
4419.466667	-219.968674	100.988274
4419.533333	-219.928253	101.093300
4419.600000	-219.904114	101.128098
4419.666667	-219.966644	101.038330
4419.733333	-220.001694	101.116341
4419.800000	-219.818848	100.906410
4419.866667	-220.060165	101.123619
4419.933333	-220.098801	101.046432
4420.000000	-220.081696	101.033112
4420.066667	-220.059189	101.044136
4420.133333	-219.992279	101.104546
4420.200000	-219.976913	101.065392
4420.266667	-220.220200	101.074600
4420.333333	-219.920441	100.912025
4420.400000	-220.196930	100.919510
4420.466667	-220.180313	100.938797
4420.533333	-220.207336	100.929550
4420.600000	-220.210144	100.890442
4420.666667	-220.265244	100.916183
4420.733333	-220.220413	100.903076
4420.800000	-220.088104	100.854660
4420.866667	-220.088486	100.765404
4420.933333	-220.139557	100.798927
4421.000000	-220.349487	100.832878
4421.066667	-220.166840	100.808304
4421.133333	-220.475601	100.912003
4421.200000	-220.396149	100.865501
4421.266667	-220.441360	100.987213
4421.333333	-220.541779	101.044128
4421.400000	-220.546219	100.909615
4421.466667	-220.571915	100.918587
4421.533333	-220.591049	100.929832
4421.600000	-220.763809	101.020653
4421.666667	-220.581161	101.023300
4421.733333	-220.686462	101.001122
4421.800000	-220.540070	101.000977
4421.866667	-220.799820	100.924690
4421.933333	-220.503769	100.927498
4422.000000	-220.523880	100.970200
4422.066667	-220.682922	101.078949
4422.133333	-220.752945	100.977631
4422.200000	-220.796829	101.052002
4422.266667	-220.837265	101.034546
4422.333333	-220.816971	100.937553
4422.400000	-220.973724	100.942139
4422.466667	-220.995148	100.848076
4422.533333	-220.891144	101.020432
4422.600000	-221.009674	100.876526
4422.666667	-220.706757	100.835396
4422.733333	-221.113251	100.961525
4422.800000	-220.888458	100.705666
4422.866667	-220.800018	100.838173
4422.933333	-220.849609	100.736748
4423.000000	-221.112381	100.796288
4423.066667	-221.039444	100.939026
4423.133333	-220.944916	100.835571
4423.200000	-221.018875	100.863625
4423.266667	-221.272034	101.043106
4423.333333	-221.015564	100.830452
4423.400000	-221.136230	100.860527
4423.466667	-221.176147	100.951965
4423.533333	-221.295959	100.760857
4423.600000	-221.339371	101.044640
4423.666667	-221.374146	100.916481
4423.733333	-221.198212	100.870934
4423.800000	-221.407196	101.019730
4423.866667	-221.327469	101.034416
4423.933333	-221.395203	100.908333
4424.000000	-221.545166	100.965065
4424.066667	-221.390137	100.945694
4424.133333	-221.610031	101.013031
4424.200000	-221.534409	100.953735
4424.266667	-221.482849	100.934067
4424.333333	-221.409515	100.882683
4424.400000	-221.465240	100.881424
4424.466667	-221.459442	100.808510
4424.533333	-221.474380	100.911827
4424.600000	-221.451508	100.874115
4424.666667	-221.505859	100.914886
4424.733333	-221.443939	100.824669
4424.800000	-221.744415	100.873375
4424.866667	-221.532974	100.802826
4424.933333	-221.668884	100.862862
4425.000000	-221.726059	100.778641
4425.066667	-221.710953	100.793251
4425.133333	-221.553833	100.704399
4425.200000	-221.653580	100.884720
4425.266667	-221.806900	100.752785
4425.333333	-221.829803	100.866814
4425.400000	-221.997559	100.891769
4425.466667	-221.793076	100.714607
4425.533333	-221.899246	100.875671
4425.600000	-221.878983	100.781464
4425.666667	-221.919113	100.826553
4425.733333	-221.887894	100.811531
4425.800000	-222.108963	100.971260
4425.866667	-221.995926	100.926865
4425.933333	-221.902191	100.946648
4426.000000	-222.089249	101.017456
4426.066667	-222.046494	101.008728
4426.133333	-222.212509	100.945961
4426.200000	-222.109940	100.969650
4426.266667	-222.189194	100.981659
4426.333333	-222.155182	101.009216
4426.400000	-222.248993	100.897926
4426.466667	-222.229416	100.860596
4426.533333	-222.172729	100.919792
4426.600000	-222.296860	100.847244
4426.666667	-222.185898	100.885574
4426.733333	-222.120728	100.764694
4426.800000	-222.160141	100.753967
4426.866667	-222.408173	100.895798
4426.933333	-222.408951	100.691902
4427.000000	-222.368591	100.693199
4427.066667	-222.427841	100.725418
4427.133333	-222.282013	100.654274
4427.200000	-222.478363	100.703011
4427.266667	-222.597382	100.804726
4427.333333	-222.406540	100.721840
4427.400000	-222.404465	100.582901
4427.466667	-222.397446	100.678696
4427.533333	-222.473358	100.624573
4427.600000	-222.770996	100.837158
4427.666667	-222.608398	100.785355
4427.733333	-222.542496	100.689064
4427.800000	-222.741623	100.827927
4427.866667	-222.726944	100.852097
4427.933333	-222.741776	100.707108
4428.000000	-222.865402	100.840645
4428.066667	-222.949860	100.892502
4428.133333	-222.915024	100.792191
4428.200000	-222.894043	100.918381
4428.266667	-222.902100	100.888962
4428.333333	-222.844742	100.714996
4428.400000	-222.885803	100.871742
4428.466667	-222.910080	100.776581
4428.533333	-222.969193	100.751213
4428.600000	-222.975479	100.916420
4428.666667	-223.036438	100.714607
4428.733333	-223.025574	100.802711
4428.800000	-222.959717	100.735901
4428.866667	-223.170731	100.715439
4428.933333	-223.042969	100.769226
4429.000000	-223.248978	100.850113
4429.066667	-223.164001	100.694778
4429.133333	-223.158234	100.731255
4429.200000	-223.298615	100.686432
4429.266667	-223.114243	100.644516
4429.333333	-223.443024	100.785225
4429.400000	-223.398804	100.742691
4429.466667	-223.341797	100.688042
4429.533333	-223.377884	100.744652
4429.600000	-223.418213	100.697456
4429.666667	-223.465530	100.649208
4429.733333	-223.514999	100.774643
4429.800000	-223.392044	100.693306
4429.866667	-223.524506	100.606331
4429.933333	-223.395355	100.632904
4430.000000	-223.657776	100.724541
4430.066667	-223.694702	100.826111
4430.133333	-223.608139	100.769478
4430.200000	-223.681900	100.746872
4430.266667	-223.753662	100.922600
4430.333333	-223.751678	100.741722
4430.400000	-223.657669	100.652138
4430.466667	-223.887039	100.702950
4430.533333	-223.906235	100.829559
4430.600000	-223.804871	100.736748
4430.666667	-223.641525	100.706932
4430.733333	-223.925018	100.713821
4430.800000	-223.924820	100.693291
4430.866667	-224.039124	100.789337
4430.933333	-223.977997	100.677956
4431.000000	-223.939728	100.632225
4431.066667	-223.968475	100.579468
4431.133333	-224.017258	100.624146
4431.200000	-224.059906	100.518600
4431.266667	-224.063080	100.671021
4431.333333	-224.194229	100.600632
4431.400000	-224.144791	100.680672
4431.466667	-224.249664	100.641731
4431.533333	-224.204086	100.653381
4431.600000	-224.207047	100.584969
4431.666667	-224.335617	100.674919
4431.733333	-224.143341	100.669083
4431.800000	-224.213669	100.499657
4431.866667	-224.171844	100.597908
4431.933333	-224.445175	100.669312
4432.000000	-224.415619	100.660110
4432.066667	-224.429596	100.619720
4432.133333	-224.266159	100.532059
4432.200000	-224.363297	100.560684
4432.266667	-224.688736	100.687416
4432.333333	-224.676453	100.603096
4432.400000	-224.723160	100.716103
4432.466667	-224.495026	100.541496
4432.533333	-224.579803	100.778198
4432.600000	-224.582092	100.596054
4432.666667	-224.717285	100.655205
4432.733333	-224.695740	100.604393
4432.800000	-224.635544	100.536194
4432.866667	-224.996826	100.700195
4432.933333	-224.940353	100.650467
4433.000000	-224.883652	100.640244
4433.066667	-225.017334	100.715309
4433.133333	-224.795395	100.545197
4433.200000	-224.998734	100.537979
4433.266667	-224.947968	100.559898
4433.333333	-225.209671	100.509224
4433.400000	-224.895203	100.346642
4433.466667	-225.024384	100.440689
4433.533333	-225.130356	100.479599
4433.600000	-225.190826	100.503113
4433.666667	-225.214417	100.493469
4433.733333	-225.206711	100.486969
4433.800000	-225.275238	100.536522
4433.866667	-225.097260	100.484161
4433.933333	-225.353775	100.560760
4434.000000	-225.380585	100.619728
4434.066667	-225.375214	100.539322
4434.133333	-225.513733	100.553040
4434.200000	-225.408798	100.631264
4434.266667	-225.515045	100.616364
4434.333333	-225.429428	100.525169
4434.400000	-225.439316	100.492004
4434.466667	-225.814682	100.694595
4434.533333	-225.548843	100.580719
4434.600000	-225.549927	100.534737
4434.666667	-225.745789	100.562355
4434.733333	-225.822037	100.708977
4434.800000	-225.864716	100.743187
4434.866667	-225.960663	100.610916
4434.933333	-225.894272	100.596481
4435.000000	-225.967300	100.706161
4435.066667	-226.035217	100.727356
4435.133333	-225.856491	100.524406
4435.200000	-225.913330	100.578812
4435.266667	-226.194656	100.656616
4435.333333	-226.083374	100.577408
4435.400000	-226.228226	100.561615
4435.466667	-226.146652	100.552048
4435.533333	-226.177811	100.465630
4435.600000	-225.960464	100.325882
4435.666667	-226.103378	100.355888
4435.733333	-226.070312	100.341255
4435.800000	-226.316803	100.373604
4435.866667	-226.290192	100.418373
4435.933333	-226.396835	100.356804
4436.000000	-226.266830	100.274574
4436.066667	-226.480225	100.435959
4436.133333	-226.426056	100.517693
4436.200000	-226.537231	100.608292
4436.266667	-226.409958	100.487328
4436.333333	-226.542908	100.469795
4436.400000	-226.578247	100.456360
4436.466667	-226.707413	100.610962
4436.533333	-226.661682	100.534386
4436.600000	-226.627914	100.655182
4436.666667	-226.788422	100.573410
4436.733333	-226.730759	100.533234
4436.800000	-226.795425	100.591827
4436.866667	-226.585190	100.452080
4436.933333	-226.783829	100.572075
4437.000000	-227.036850	100.521408
4437.066667	-226.923019	100.525482
4437.133333	-227.032928	100.511444
4437.200000	-227.192947	100.522316
4437.266667	-227.042496	100.494263
4437.333333	-226.986588	100.347313
4437.400000	-227.219437	100.402435
4437.466667	-227.116837	100.354233
4437.533333	-227.220047	100.487999
4437.600000	-227.142807	100.427559
4437.666667	-227.293594	100.371307
4437.733333	-227.426865	100.328140
4437.800000	-227.399399	100.353493
4437.866667	-227.253082	100.348465
4437.933333	-227.383011	100.341194
4438.000000	-227.504089	100.340805
4438.066667	-227.535355	100.317360
4438.133333	-227.504776	100.338638
4438.200000	-227.433044	100.236961
4438.266667	-227.616470	100.308807
4438.333333	-227.736740	100.402107
4438.400000	-227.648270	100.371040
4438.466667	-227.752365	100.394966
4438.533333	-227.732590	100.355392
4438.600000	-227.888901	100.443954
4438.666667	-227.988922	100.348885
4438.733333	-228.003403	100.437851
4438.800000	-228.162888	100.501724
4438.866667	-227.905457	100.418900
4438.933333	-228.088272	100.479523
4439.000000	-227.949387	100.509590
4439.066667	-228.226044	100.523888
4439.133333	-228.154175	100.382950
4439.200000	-228.283249	100.338326
4439.266667	-228.226913	100.429871
4439.333333	-228.239670	100.375633
4439.400000	-228.321335	100.425072
4439.466667	-228.255981	100.291916
4439.533333	-228.379959	100.366699
4439.600000	-228.363007	100.318642
4439.666667	-228.437012	100.225960
4439.733333	-228.403702	100.328331
4439.800000	-228.541733	100.336441
4439.866667	-228.454742	100.226418
4439.933333	-228.589966	100.307350
4440.000000	-228.661819	100.142754
