480.066667	-222.906631	99.927216
480.133333	-222.977966	100.009415
480.200000	-221.933945	99.682518
480.266667	-220.990631	99.405434
480.333333	-222.995377	99.993141
480.400000	-223.076263	99.921394
480.466667	-223.155487	99.946335
480.533333	-223.234619	99.945290
480.600000	-223.174805	99.830147
480.666667	-223.256699	99.809898
480.733333	-223.272812	99.763214
480.800000	-222.024979	99.341156
480.866667	-223.257736	99.691681
480.933333	-223.270462	99.562691
481.000000	-223.210648	99.500351
481.066667	-223.171906	99.436417
481.133333	-223.371429	99.410484
481.200000	-223.284073	99.341156
481.266667	-222.229477	99.613609
481.333333	-223.315674	99.285400
481.400000	-223.265045	99.320564
481.466667	-223.419739	99.326569
481.533333	-223.375214	99.256104
481.600000	-223.614227	99.425774
481.666667	-223.418762	99.440231
481.733333	-223.619156	99.642975
481.800000	-221.231308	98.958443
481.866667	-222.565231	99.458984
481.933333	-223.862701	99.697685
482.000000	-223.684265	99.689018
482.066667	-223.914581	99.842728
482.133333	-222.633209	99.550232
482.200000	-220.718369	99.071091
482.266667	-224.104233	99.944122
482.333333	-224.038116	99.916763
482.400000	-221.801407	99.318443
482.466667	-224.118866	99.969040
482.533333	-224.103271	99.924370
482.600000	-224.119202	99.852699
482.666667	-224.084869	99.784752
482.733333	-224.106308	99.860832
482.800000	-224.124161	99.686440
482.866667	-224.090576	99.588722
482.933333	-224.127350	99.572945
483.000000	-224.176804	99.561867
483.066667	-224.263229	99.525215
483.133333	-224.034805	99.363602
483.200000	-223.050049	99.607231
483.266667	-224.133377	99.138069
483.333333	-224.176697	99.368080
483.400000	-224.186020	99.215355
483.466667	-223.307587	99.418503
483.533333	-224.391296	99.230278
483.600000	-224.431915	99.207512
483.666667	-224.519318	99.267784
483.733333	-224.444061	99.246849
483.800000	-224.615677	99.358246
483.866667	-224.644989	99.409004
483.933333	-224.611526	99.458099
484.000000	-222.434525	99.857033
484.066667	-224.772812	99.548965
484.133333	-224.793671	99.700912
484.200000	-224.889511	99.770287
484.266667	-224.823334	99.846947
484.333333	-224.919617	99.861710
484.400000	-225.010895	99.878464
484.466667	-225.115112	99.896942
484.533333	-224.986969	99.846550
484.600000	-225.120377	99.882744
484.666667	-225.131866	99.870903
484.733333	-225.205627	99.802109
484.800000	-225.053955	99.737312
484.866667	-225.023102	99.651604
484.933333	-225.021561	99.573853
485.000000	-222.917816	99.022102
485.066667	-225.144684	99.558083
485.133333	-225.246719	99.363434
485.200000	-225.331665	99.365211
485.266667	-225.286255	99.151253
485.333333	-225.247635	99.321571
485.400000	-224.085388	98.986633
485.466667	-225.260834	99.211067
485.533333	-224.226196	98.827744
485.600000	-225.483353	99.084213
485.666667	-225.408844	99.254555
485.733333	-225.436951	99.216263
485.800000	-225.527145	99.261810
485.866667	-225.373260	99.249168
485.933333	-223.358124	99.274399
486.000000	-225.664536	99.355240
486.066667	-225.694641	99.446953
486.133333	-225.624573	99.496071
486.200000	-225.742004	99.582039
486.266667	-225.775818	99.581978
486.333333	-225.913177	99.646835
486.400000	-223.822708	99.173393
486.466667	-225.797791	99.733101
486.533333	-226.043549	99.732895
486.600000	-226.134644	99.792328
486.666667	-226.180389	99.778419
486.733333	-226.331406	99.802399
486.800000	-226.261627	99.777626
486.866667	-226.078415	99.719994
486.933333	-226.244202	99.680214
487.000000	-226.204758	99.555496
487.066667	-226.330368	99.565239
487.133333	-226.329453	99.541519
487.200000	-226.167084	99.434273
487.266667	-226.383911	99.267319
487.333333	-226.203247	99.250023
487.400000	-226.338745	99.235870
487.466667	-226.296677	99.102089
487.533333	-226.415543	99.188179
487.600000	-226.291794	99.081490
487.666667	-226.447510	99.104256
487.733333	-225.336960	98.865059
487.800000	-225.235428	98.813637
487.866667	-226.570740	99.180542
487.933333	-226.609650	99.167702
488.000000	-224.422882	98.667839
488.066667	-226.646729	99.237198
488.133333	-226.772491	99.319092
488.200000	-226.711578	99.308174
488.266667	-225.566086	99.155548
488.333333	-226.943069	99.526558
488.400000	-226.859024	99.548668
488.466667	-226.994675	99.611755
488.533333	-227.118484	99.751434
488.600000	-225.908142	99.408478
488.666667	-225.955795	99.924408
488.733333	-227.042801	99.569176
488.800000	-227.174973	99.719017
488.866667	-227.230591	99.708542
488.933333	-227.340714	99.663605
489.000000	-226.119659	99.289238
489.066667	-227.230148	99.581673
489.133333	-227.304565	99.560318
489.200000	-227.231293	99.495033
489.266667	-227.275986	99.427551
489.333333	-227.277817	99.271362
489.400000	-225.200729	99.142143
489.466667	-227.503098	99.228592
489.533333	-227.362793	99.234169
489.600000	-227.349716	99.152649
489.666667	-226.285965	98.993042
489.733333	-227.459457	99.113739
489.800000	-227.415100	99.056259
489.866667	-227.522629	99.051437
489.933333	-227.421036	98.960442
490.000000	-226.554260	98.700920
490.066667	-227.677505	99.065582
490.133333	-226.441162	99.213058
490.200000	-227.746475	99.132957
490.266667	-227.914871	99.244705
490.333333	-227.881439	99.272202
490.400000	-227.873566	99.347610
490.466667	-227.824753	99.362793
490.533333	-227.953339	99.445496
490.600000	-225.967133	99.456406
490.666667	-225.926529	98.964226
490.733333	-227.983887	99.586403
490.800000	-228.200455	99.576553
490.866667	-227.213318	99.322334
490.933333	-228.417236	99.619347
491.000000	-227.072769	99.255844
491.066667	-226.049026	99.023979
491.133333	-228.219635	99.567352
491.200000	-228.372726	99.469040
491.266667	-228.530609	99.547256
491.333333	-228.330109	99.339752
491.400000	-228.344772	99.309258
491.466667	-228.489746	99.315704
491.533333	-228.565598	99.140396
491.600000	-228.409317	99.172005
491.666667	-228.594559	99.157448
491.733333	-228.622269	99.075844
491.800000	-227.428268	98.721786
491.866667	-226.422424	98.376549
491.933333	-228.629761	98.955383
492.000000	-228.745804	98.978912
492.066667	-228.628860	98.897575
492.133333	-228.702377	99.058090
492.200000	-228.796234	98.930779
492.266667	-227.751404	99.167053
492.333333	-228.831757	99.100410
492.400000	-229.024124	99.192444
492.466667	-226.835632	98.619873
492.533333	-229.159332	99.349030
492.600000	-229.159332	99.349030
492.666667	-229.149292	99.389771
492.733333	-228.195343	99.096527
492.800000	-229.355972	99.530937
492.866667	-229.485229	99.508644
492.933333	-229.363785	99.493851
493.000000	-229.363785	99.493851
493.066667	-229.569733	99.547256
493.133333	-229.507141	99.570908
493.200000	-229.548492	99.526627
493.266667	-229.435577	99.466240
493.333333	-227.474380	98.876030
493.400000	-227.474380	98.876030
493.466667	-228.578583	99.018135
493.533333	-228.522156	98.893539
493.600000	-229.645569	99.165939
493.666667	-229.682968	99.174286
493.733333	-228.649704	99.182396
493.800000	-229.750122	98.903809
493.866667	-229.750122	98.903809
493.933333	-229.842331	98.921959
494.000000	-229.815704	98.917976
494.066667	-227.772568	99.117218
494.133333	-229.825500	98.915886
494.200000	-229.911896	98.773972
494.266667	-229.911896	98.773972
494.333333	-229.965805	98.877884
494.400000	-228.839645	99.097809
494.466667	-230.082413	98.993637
494.533333	-230.188095	99.043877
494.600000	-230.198730	99.155602
494.666667	-230.198730	99.155602
494.733333	-231.997299	99.073730
494.800000	-230.392181	99.245461
494.866667	-230.324768	99.399208
494.933333	-230.497375	99.392799
495.000000	-230.788544	99.462662
495.066667	-230.726578	99.454109
495.133333	-230.726578	99.454109
495.200000	-230.718903	99.380333
495.266667	-230.817017	99.455597
495.333333	-230.915787	99.354019
495.400000	-231.029831	99.348541
495.466667	-230.823578	99.232002
495.533333	-230.823578	99.232002
495.600000	-230.804520	99.146790
495.666667	-230.967972	99.195389
495.733333	-230.852432	98.997307
495.800000	-231.029343	98.936172
495.866667	-230.975174	98.976303
495.933333	-230.975174	98.976303
496.000000	-230.984787	98.815384
496.066667	-230.985367	98.757996
496.133333	-231.156708	98.850456
496.200000	-231.089767	98.804840
496.266667	-231.091919	98.800011
496.333333	-231.091919	98.800011
496.400000	-231.138809	98.812988
496.466667	-231.312943	98.811226
496.533333	-231.510712	99.000580
496.600000	-231.460037	98.966621
496.666667	-231.560272	99.037827
496.733333	-230.440765	98.795227
496.800000	-230.440765	98.795227
496.866667	-230.525467	98.847198
496.933333	-231.740921	99.233208
497.000000	-231.918167	99.374062
497.066667	-231.847366	99.402328
497.133333	-231.971542	99.327370
497.200000	-231.971542	99.327370
497.266667	-230.824997	99.254585
497.333333	-232.118546	99.356117
497.400000	-232.013702	99.234329
497.466667	-232.364807	99.307831
497.533333	-232.176224	99.096527
497.600000	-232.176224	99.096527
497.666667	-232.179657	99.201149
497.733333	-231.125076	98.771858
497.800000	-232.262405	98.958443
497.866667	-232.251587	98.937805
497.933333	-232.264832	98.833870
498.000000	-232.360229	98.825043
498.066667	-232.360229	98.825043
498.133333	-232.424850	98.704102
498.200000	-232.473557	98.757751
498.266667	-232.439346	98.687057
498.333333	-232.431412	98.644775
498.400000	-230.010391	98.292213
498.466667	-230.010391	98.292213
498.533333	-232.651398	98.698997
498.600000	-232.694901	98.879524
498.666667	-232.881226	98.879028
498.733333	-232.968109	98.904861
498.800000	-232.989365	98.974915
498.866667	-232.989365	98.974915
498.933333	-232.922180	99.162041
499.000000	-232.971695	99.157272
499.066667	-233.145569	99.182487
499.133333	-233.229248	99.207130
499.200000	-233.137451	99.128029
499.266667	-235.094498	99.373802
499.333333	-233.376663	99.263832
499.400000	-233.355408	99.315125
499.466667	-233.430649	99.174599
499.533333	-233.381714	99.098885
499.600000	-233.521423	99.242874
499.666667	-232.381729	99.234665
499.733333	-233.411545	98.993347
499.800000	-233.596176	98.914085
499.866667	-233.613632	98.845871
499.933333	-231.166931	98.288948
500.000000	-233.605194	98.857002
500.066667	-233.645996	98.737221
500.133333	-233.559082	98.685661
500.200000	-233.737366	98.613426
500.266667	-232.491913	98.199944
500.333333	-233.776581	98.533928
500.400000	-233.806625	98.461357
500.466667	-233.958725	98.668602
500.533333	-232.795364	98.694618
500.600000	-233.963562	98.626190
500.666667	-234.085281	98.695915
500.733333	-232.916489	98.476448
500.800000	-234.072784	98.745224
500.866667	-234.171387	98.836845
500.933333	-234.270203	98.887062
501.000000	-234.330185	98.994240
501.066667	-234.438065	99.025429
501.133333	-234.362656	99.039192
501.200000	-234.526627	99.125122
501.266667	-234.628983	99.071709
501.333333	-233.253342	98.853027
501.400000	-234.607529	99.089806
501.466667	-233.554199	98.812202
501.533333	-234.867859	99.145203
501.600000	-234.903992	99.037384
501.666667	-234.818726	99.101791
501.733333	-234.986038	99.016586
501.800000	-234.790833	98.954613
501.866667	-234.944595	98.876534
501.933333	-234.881165	98.866882
502.000000	-234.997696	98.767212
502.066667	-233.873215	98.898483
502.133333	-234.894699	98.675232
502.200000	-235.016647	98.533775
502.266667	-235.096008	98.583519
502.333333	-235.064011	98.440498
502.400000	-235.067398	98.565071
502.466667	-233.933945	98.576324
502.533333	-234.941666	98.430885
502.600000	-235.230667	98.426483
502.666667	-235.207382	98.468613
502.733333	-235.292282	98.524773
502.800000	-235.273361	98.497948
502.866667	-235.496414	98.614723
502.933333	-235.590286	98.681274
503.000000	-235.548676	98.681641
503.066667	-234.402145	98.320297
503.133333	-235.508286	98.737221
503.200000	-235.777695	98.841713
503.266667	-235.790070	98.889549
503.333333	-234.676712	98.899178
503.400000	-235.931198	98.958328
503.466667	-233.770920	98.457405
503.533333	-235.876617	99.100998
503.600000	-236.245377	99.116516
503.666667	-235.045441	99.253891
503.733333	-236.229034	99.071106
503.800000	-236.279175	99.070503
503.866667	-236.469879	98.953827
503.933333	-236.338135	98.997047
504.000000	-236.277451	98.851738
504.066667	-236.345886	98.686546
504.133333	-236.445374	98.713737
504.200000	-236.392700	98.599220
504.266667	-235.302841	98.589661
504.333333	-236.431168	98.430496
504.400000	-236.504959	98.436234
504.466667	-235.220474	98.490471
504.533333	-236.488144	98.407890
504.600000	-236.523560	98.361977
504.666667	-236.497772	98.285576
504.733333	-235.438843	98.174866
504.800000	-235.539352	98.631866
504.866667	-236.707458	98.453751
504.933333	-236.646622	98.435944
505.000000	-236.923035	98.627312
505.066667	-236.992706	98.565720
505.133333	-236.996063	98.674736
505.200000	-237.067001	98.688629
505.266667	-237.149765	98.728561
505.333333	-237.096741	98.803833
505.400000	-237.175720	98.792877
505.466667	-237.324600	98.878090
505.533333	-237.229691	98.844704
505.600000	-237.375641	98.988792
505.666667	-237.377731	98.931435
505.733333	-237.369568	98.931076
505.800000	-237.605057	98.943573
505.866667	-237.661545	98.948746
505.933333	-237.567352	98.913223
506.000000	-237.660507	98.835030
506.066667	-237.549332	98.835678
506.133333	-237.562469	98.669838
506.200000	-237.622620	98.597275
506.266667	-234.331375	98.143341
506.333333	-236.504776	98.671471
506.400000	-237.684875	98.474640
506.466667	-237.717377	98.363037
506.533333	-237.782761	98.344925
506.600000	-237.876480	98.310692
506.666667	-237.945770	98.289803
506.733333	-237.931030	98.301720
506.800000	-236.756897	97.946571
506.866667	-238.031113	98.249237
506.933333	-238.024048	98.330635
507.000000	-238.034500	98.345039
507.066667	-238.227249	98.393181
507.133333	-236.022598	98.688530
507.200000	-238.269989	98.483223
507.266667	-238.359833	98.560486
507.333333	-236.137726	97.927910
507.400000	-236.346329	98.112022
507.466667	-238.631058	98.717766
507.533333	-238.728043	98.763954
507.600000	-237.433441	98.884476
507.666667	-238.741501	98.847504
507.733333	-238.929138	98.858940
507.800000	-238.901733	98.856300
507.866667	-238.981735	98.926949
507.933333	-238.824707	98.807503
508.000000	-238.924835	98.806534
508.066667	-239.076202	98.763908
508.133333	-236.547623	98.056084
508.200000	-239.074509	98.605759
508.266667	-239.064178	98.544624
508.333333	-239.079590	98.503754
508.400000	-239.098602	98.384468
508.466667	-239.146271	98.407158
508.533333	-239.373154	98.318344
508.600000	-239.140686	98.251740
508.666667	-239.345383	98.164276
508.733333	-238.154800	97.870941
508.800000	-239.181046	98.152359
508.866667	-239.194595	98.140396
508.933333	-239.497498	98.135330
509.000000	-239.427261	98.105186
509.066667	-239.441330	98.159218
509.133333	-239.467239	98.169090
509.200000	-239.572281	98.246071
509.266667	-239.685577	98.261368
509.333333	-239.833084	98.408600
509.400000	-239.819778	98.432922
509.466667	-240.157898	98.577591
509.533333	-239.906296	98.528008
509.600000	-240.157852	98.604240
509.666667	-238.928589	98.760963
509.733333	-240.135254	98.702194
509.800000	-237.936996	99.049568
509.866667	-240.295975	98.745537
509.933333	-240.211105	98.726707
510.000000	-240.246292	98.774475
510.066667	-239.041794	98.707809
510.133333	-240.427231	98.673279
510.200000	-240.428467	98.730591
510.266667	-240.625824	98.738792
510.333333	-240.428345	98.525490
510.400000	-239.376022	98.209534
510.466667	-240.350876	98.335236
510.533333	-240.431625	98.359055
510.600000	-238.312500	98.249390
510.666667	-239.516754	97.963226
510.733333	-240.637085	98.176254
510.800000	-240.613693	98.126938
510.866667	-240.575043	98.059929
510.933333	-240.723251	98.090469
511.000000	-240.760971	98.043236
511.066667	-240.781494	98.021713
511.133333	-240.896225	98.112396
511.200000	-240.818802	98.136734
511.266667	-240.965652	98.055809
511.333333	-240.924057	98.149445
511.400000	-241.110687	98.173073
511.466667	-241.201019	98.347557
511.533333	-241.163574	98.360001
511.600000	-241.394104	98.432571
511.666667	-241.277374	98.413628
511.733333	-240.112915	98.249969
511.800000	-241.386490	98.527359
511.866667	-241.431290	98.521278
511.933333	-241.716232	98.615143
512.000000	-241.558167	98.640610
512.066667	-241.603043	98.690117
512.133333	-241.681396	98.601845
512.200000	-241.680145	98.642281
512.266667	-241.821518	98.624458
512.333333	-241.782822	98.517395
512.400000	-241.834518	98.522285
512.466667	-241.873260	98.412888
512.533333	-241.758759	98.341263
512.600000	-241.809845	98.338890
512.666667	-241.896515	98.283707
512.733333	-240.581436	97.889160
512.800000	-239.494965	97.811020
512.866667	-240.645660	97.875496
512.933333	-242.030701	98.059563
513.000000	-242.030212	97.884125
513.066667	-241.940536	98.035530
513.133333	-240.733536	97.763237
513.200000	-242.240906	97.946091
513.266667	-242.055161	97.999931
513.333333	-242.074707	98.055428
513.400000	-241.168381	98.258568
513.466667	-242.375595	98.028900
513.533333	-242.459518	98.121765
513.600000	-242.466644	98.223892
513.666667	-242.605591	98.229019
513.733333	-242.664520	98.365952
513.800000	-242.579163	98.279205
513.866667	-242.665497	98.442993
513.933333	-241.634872	98.130486
514.000000	-241.463211	98.643227
514.066667	-242.825241	98.500259
514.133333	-242.967377	98.469368
514.200000	-242.926743	98.476364
514.266667	-241.886414	98.137375
514.333333	-240.826218	97.987831
514.400000	-243.076492	98.577347
514.466667	-243.196960	98.448975
514.533333	-242.010269	98.608208
514.600000	-243.133591	98.446190
514.666667	-243.170197	98.171463
514.733333	-243.224594	98.214813
514.800000	-243.257767	98.112099
514.866667	-242.079636	97.735855
514.933333	-242.043976	98.147026
515.000000	-243.274048	97.941238
515.066667	-242.156509	97.813904
515.133333	-243.207840	97.728683
515.200000	-243.378632	97.917931
515.266667	-243.419708	97.835922
515.333333	-243.459167	97.825897
515.400000	-243.507721	97.877495
515.466667	-243.729324	97.904030
515.533333	-243.448761	97.902504
515.600000	-241.349716	97.414032
515.666667	-243.601547	97.976059
515.733333	-243.719803	97.992126
515.800000	-243.942566	98.168541
515.866667	-242.756805	97.794998
515.933333	-243.886810	98.267349
516.000000	-244.128769	98.311104
516.066667	-244.141754	98.316345
516.133333	-244.173035	98.391968
516.200000	-244.256912	98.449280
516.266667	-244.249741	98.528893
516.333333	-244.287766	98.472450
516.400000	-244.234100	98.445221
516.466667	-244.321686	98.400795
516.533333	-244.433014	98.360161
516.600000	-244.524704	98.343292
516.666667	-244.535431	98.191940
516.733333	-244.511475	98.194077
516.800000	-244.516068	98.144272
516.866667	-243.253784	98.285980
516.933333	-244.662476	97.962631
517.000000	-244.583862	97.923569
517.066667	-244.567581	97.945137
517.133333	-244.687698	97.797913
517.200000	-244.838364	97.794258
517.266667	-244.690903	97.740730
517.333333	-244.775452	97.735580
517.400000	-244.797699	97.702255
517.466667	-244.827606	97.795090
517.533333	-244.884033	97.778175
517.600000	-244.966675	97.751282
517.666667	-243.679382	97.597504
517.733333	-245.060150	97.812752
517.800000	-245.074661	97.917847
517.866667	-245.217834	97.992668
517.933333	-244.106659	97.778732
518.000000	-245.307938	98.066017
518.066667	-245.496552	98.155624
518.133333	-245.439621	98.205345
518.200000	-245.518188	98.254135
518.266667	-245.523911	98.271103
518.333333	-245.621231	98.249733
518.400000	-245.745758	98.363205
518.466667	-245.725159	98.326027
518.533333	-244.419342	98.269035
518.600000	-245.819473	98.385582
518.666667	-245.713287	98.242050
518.733333	-244.564575	98.290901
518.800000	-245.833206	98.122002
518.866667	-244.568268	97.758453
518.933333	-244.662064	97.721542
519.000000	-244.628952	97.702759
519.066667	-245.885559	97.828003
519.133333	-243.269302	97.627762
519.200000	-244.652985	97.498375
519.266667	-245.979919	97.660065
519.333333	-246.105133	97.718590
519.400000	-245.979095	97.600624
519.466667	-246.167435	97.669487
519.533333	-246.256409	97.634705
519.600000	-246.278931	97.700302
519.666667	-246.408386	97.681412
519.733333	-246.438599	97.794281
519.800000	-246.483780	97.798347
519.866667	-246.414734	97.641754
519.933333	-246.577240	97.784683
520.000000	-246.654297	97.848701
520.066667	-246.656601	97.987953
520.133333	-246.711884	97.898918
520.200000	-246.668427	98.049309
520.266667	-246.811020	98.048340
520.333333	-246.636429	97.965271
520.400000	-246.961670	98.149673
520.466667	-247.099274	98.209747
520.533333	-247.135422	98.156403
520.600000	-247.171982	98.245087
520.666667	-247.078323	98.162277
520.733333	-247.155304	98.069908
520.800000	-247.233948	98.195511
520.866667	-247.257828	98.135689
520.933333	-247.234497	98.023705
521.000000	-247.145248	98.003273
521.066667	-247.241104	97.957054
521.133333	-247.302826	97.827438
521.200000	-247.356720	97.705101
521.266667	-247.509598	97.793495
521.333333	-247.534805	97.638405
521.400000	-247.364548	97.554329
521.466667	-247.458282	97.534782
521.533333	-247.426544	97.594589
521.600000	-247.425766	97.567398
521.666667	-247.617081	97.552963
521.733333	-243.597305	96.917625
521.800000	-247.606873	97.525887
521.866667	-246.565384	97.542900
521.933333	-247.775375	97.646713
522.000000	-246.508331	97.883896
522.066667	-247.840622	97.704987
522.133333	-246.787781	97.510773
522.200000	-248.203278	97.892204
522.266667	-248.106201	97.899429
522.333333	-246.835159	97.633102
522.400000	-248.192169	97.943008
522.466667	-247.146454	98.235451
522.533333	-250.022995	97.781242
522.600000	-248.383575	98.094040
522.666667	-248.497711	98.112396
522.733333	-248.441345	98.031853
522.800000	-248.420471	98.141289
522.866667	-248.601242	97.937958
522.933333	-248.767807	98.087730
523.000000	-248.514679	97.919594
523.066667	-248.729126	97.902504
523.133333	-248.608444	97.681541
523.200000	-247.605591	97.538696
523.266667	-248.729324	97.660622
523.333333	-248.794937	97.683937
523.400000	-248.827332	97.574387
523.466667	-248.877945	97.545494
523.533333	-248.755692	97.447784
523.600000	-248.853333	97.334801
523.666667	-248.843369	97.344353
523.733333	-248.844025	97.417847
523.800000	-248.883957	97.352470
523.866667	-248.839691	97.331543
523.933333	-249.192657	97.524361
524.000000	-249.159592	97.504570
524.066667	-249.178360	97.524651
524.133333	-248.123947	97.778732
524.200000	-249.368118	97.662636
524.266667	-245.741272	97.189514
524.333333	-249.544342	97.734322
524.400000	-249.494568	97.707336
524.466667	-249.646317	97.750053
524.533333	-249.613495	97.837646
524.600000	-249.639114	97.872742
524.666667	-247.256424	97.397858
524.733333	-248.661514	97.675941
524.800000	-248.720398	97.879433
524.866667	-250.073990	98.068710
524.933333	-250.062241	98.026810
525.000000	-250.154434	98.007179
525.066667	-250.094452	97.924469
525.133333	-250.096497	97.862801
525.200000	-250.072067	97.764839
525.266667	-248.906494	97.334801
525.333333	-250.175781	97.695511
525.400000	-250.332764	97.594460
525.466667	-250.235138	97.463440
525.533333	-250.308731	97.437172
525.600000	-250.254868	97.346558
525.666667	-250.261017	97.381218
525.733333	-250.378372	97.274582
525.800000	-249.046494	96.960808
525.866667	-250.391174	97.270180
525.933333	-250.404877	97.263618
526.000000	-250.459854	97.282753
526.066667	-250.592728	97.283905
526.133333	-250.544708	97.349106
526.200000	-249.601486	97.088684
526.266667	-250.674759	97.403900
526.333333	-250.815338	97.510162
526.400000	-250.887985	97.585564
526.466667	-251.008408	97.641579
526.533333	-251.037476	97.745285
526.600000	-248.457703	97.309364
526.666667	-251.105545	97.710182
526.733333	-251.266495	97.836098
526.800000	-250.096130	97.914871
526.866667	-250.109589	98.041916
526.933333	-251.449722	97.883804
527.000000	-251.550735	97.753700
527.066667	-251.515640	97.789597
527.133333	-251.519974	97.758194
527.200000	-251.740631	97.735680
527.266667	-251.683823	97.675339
527.333333	-251.722122	97.615982
527.400000	-251.705826	97.499222
527.466667	-251.839310	97.574387
527.533333	-251.706894	97.395477
527.600000	-251.777191	97.356628
527.666667	-251.712433	97.369247
527.733333	-251.864578	97.292908
527.800000	-251.864578	97.292908
527.866667	-251.924271	97.228615
527.933333	-252.050079	97.183403
528.000000	-250.690903	97.282059
528.066667	-252.001328	97.045128
528.133333	-252.258530	97.187759
528.200000	-252.258530	97.187759
528.266667	-252.180435	97.156448
528.333333	-252.303894	97.294556
528.400000	-252.387131	97.380562
528.466667	-252.510452	97.354874
528.533333	-252.569077	97.560196
528.600000	-252.569077	97.560196
528.666667	-252.732224	97.570442
528.733333	-252.812469	97.627594
528.800000	-252.646317	97.672264
528.866667	-251.449356	97.853714
528.933333	-253.007217	97.733658
529.000000	-251.781616	97.433525
529.066667	-251.781616	97.433525
529.133333	-251.865707	97.534271
529.200000	-253.045685	97.653328
529.266667	-253.074127	97.688683
529.333333	-253.213272	97.645607
529.400000	-253.271729	97.570442
529.466667	-253.271729	97.570442
529.533333	-255.006668	97.094177
529.600000	-253.257904	97.322647
529.666667	-253.265167	97.281662
529.733333	-253.418900	97.226967
529.800000	-252.187546	96.799156
529.866667	-252.187546	96.799156
529.933333	-253.367249	97.056854
530.000000	-253.472656	97.148766
530.066667	-253.502228	97.065361
530.133333	-253.382797	96.873268
530.200000	-253.549988	97.084770
530.266667	-253.825745	97.130714
530.333333	-253.825745	97.130714
530.400000	-253.776947	97.124031
530.466667	-253.804306	97.204384
530.533333	-254.053864	97.264519
530.600000	-254.008316	97.392204
530.666667	-252.891922	97.258675
530.733333	-252.891922	97.258675
530.800000	-254.151291	97.484711
530.866667	-254.212662	97.527969
530.933333	-254.441162	97.596062
531.000000	-254.486633	97.668701
531.066667	-254.510468	97.672424
531.133333	-254.510468	97.672424
531.200000	-254.526398	97.632622
531.266667	-254.684357	97.592949
531.333333	-254.786469	97.524467
531.400000	-252.106354	96.909004
531.466667	-254.683167	97.382729
531.533333	-254.683167	97.382729
531.600000	-253.487976	97.075172
531.666667	-254.706772	97.260956
531.733333	-254.845062	97.149506
531.800000	-253.524887	96.788528
531.866667	-254.943710	97.150467
531.933333	-254.846695	96.980019
532.000000	-254.846695	96.980019
532.066667	-254.871582	96.948914
532.133333	-255.161163	96.997986
532.200000	-255.144867	96.908928
532.266667	-255.226181	96.932671
532.333333	-253.981689	96.704742
532.400000	-253.981689	96.704742
532.466667	-255.088760	96.966537
532.533333	-255.305008	97.050034
532.600000	-251.635635	96.211899
532.666667	-255.417282	97.060844
532.733333	-255.559570	97.219284
532.800000	-255.559570	97.219284
532.866667	-255.624237	97.210251
532.933333	-254.434753	97.110336
533.000000	-256.067444	97.541580
533.066667	-255.920715	97.455353
533.133333	-255.838150	97.487556
533.200000	-256.072174	97.581612
533.266667	-256.072174	97.581612
533.333333	-254.917664	97.670181
533.400000	-256.208008	97.563324
533.466667	-256.497406	97.528793
533.533333	-256.406464	97.413048
533.600000	-256.236298	97.308983
533.666667	-256.236298	97.308983
533.733333	-255.163300	97.308601
533.800000	-253.996872	96.612816
533.866667	-256.359924	96.994293
533.933333	-256.353729	97.054047
534.000000	-256.543213	96.966240
534.066667	-256.543213	96.966240
534.133333	-256.521301	96.756477
534.200000	-256.612091	96.736732
534.266667	-256.596161	96.738579
534.333333	-256.703369	96.763779
534.400000	-255.544846	96.715317
534.466667	-254.323196	96.182877
534.533333	-254.405746	96.271851
534.600000	-256.845123	96.833771
534.666667	-257.017303	96.891457
534.733333	-255.816086	96.715279
534.800000	-257.136566	97.049545
534.866667	-257.353363	97.185852
534.933333	-256.121155	96.941704
535.000000	-257.329193	97.170929
535.066667	-256.086151	96.897751
535.133333	-257.440674	97.230515
535.200000	-256.370209	97.466972
535.266667	-255.167236	97.096474
535.333333	-257.890991	97.493881
535.400000	-256.568665	97.117653
535.466667	-256.361206	96.941566
535.533333	-256.558990	97.542625
535.600000	-257.919647	97.305260
535.666667	-257.992035	97.257339
535.733333	-256.735474	97.061905
535.800000	-257.913177	97.176979
535.866667	-257.982910	97.035446
535.933333	-257.989594	96.936668
536.000000	-257.983612	96.909302
536.066667	-256.775421	97.082161
536.133333	-258.147186	96.770470
536.200000	-258.108582	96.756584
536.266667	-258.087952	96.689232
536.333333	-256.763855	96.450195
536.400000	-258.251526	96.745110
536.466667	-258.173401	96.659164
536.533333	-258.283966	96.590225
536.600000	-258.530945	96.685242
536.666667	-258.500854	96.651329
536.733333	-258.618164	96.823013
536.800000	-258.682220	96.830727
536.866667	-258.776154	96.833885
536.933333	-258.898621	97.085251
537.000000	-258.803650	97.054680
537.066667	-258.722870	96.929962
537.133333	-258.965973	97.081642
537.200000	-258.959137	97.153000
537.266667	-259.081604	97.208817
537.333333	-259.193085	97.201187
537.400000	-257.958221	97.475914
537.466667	-256.830719	97.522194
537.533333	-259.338104	97.214897
537.600000	-259.312714	97.234650
537.666667	-259.470001	97.238899
537.733333	-259.481995	97.222404
537.800000	-259.579437	97.216423
537.866667	-259.504059	97.068748
537.933333	-259.518799	96.970482
538.000000	-259.559143	96.943039
538.066667	-259.464996	96.749168
538.133333	-259.577820	96.716812
538.200000	-259.623901	96.763573
538.266667	-255.747269	96.214752
538.333333	-258.397430	96.238884
538.400000	-259.835388	96.492508
538.466667	-259.805237	96.504272
538.533333	-259.781952	96.467316
538.600000	-259.869537	96.465157
538.666667	-259.986877	96.598297
538.733333	-259.947601	96.498657
538.800000	-260.152008	96.555519
538.866667	-260.267365	96.646698
538.933333	-260.353943	96.690651
539.000000	-260.296082	96.727257
539.066667	-260.386749	96.932335
539.133333	-260.545715	96.818253
539.200000	-260.492188	96.891632
539.266667	-260.647003	97.003922
539.333333	-260.724030	97.052841
539.400000	-260.747528	97.126572
539.466667	-260.827667	97.045113
539.533333	-258.379028	96.569389
539.600000	-261.049805	97.172417
539.666667	-260.950104	97.087601
539.733333	-261.085510	97.061073
539.800000	-261.078522	97.052887
539.866667	-261.002625	96.999290
539.933333	-261.253601	97.027893
540.000000	-261.190613	96.894188
