14100.066667	-318.895142	95.275284
14100.133333	-318.786377	95.311264
14100.200000	-318.761169	95.313805
14100.266667	-318.674774	95.234177
14100.333333	-318.888336	95.320610
14100.400000	-318.923340	95.330910
14100.466667	-318.846832	95.380318
14100.533333	-318.837921	95.269173
14100.600000	-318.912170	95.288055
14100.666667	-318.864410	95.334396
14100.733333	-318.895630	95.321594
14100.800000	-318.836945	95.283356
14100.866667	-318.786957	95.234520
14100.933333	-318.811432	95.342644
14101.000000	-318.873230	95.291679
14101.066667	-318.885101	95.353165
14101.133333	-318.901978	95.353188
14101.200000	-318.929413	95.289864
14101.266667	-318.883118	95.196114
14101.333333	-318.934479	95.234627
14101.400000	-318.785736	95.219063
14101.466667	-318.873871	95.231323
14101.533333	-318.878906	95.238297
14101.600000	-319.003723	95.283272
14101.666667	-319.012451	95.283356
14101.733333	-319.024689	95.144737
14101.800000	-318.976807	95.181725
14101.866667	-318.992645	95.242279
14101.933333	-319.018951	95.142021
14102.000000	-318.933594	95.164925
14102.066667	-319.005066	95.188988
14102.133333	-319.002991	95.194511
14102.200000	-319.137787	95.206436
14102.266667	-319.031769	95.171432
14102.333333	-319.011383	95.315277
14102.400000	-319.214355	95.200806
14102.466667	-319.002869	95.225746
14102.533333	-319.033997	95.150421
14102.600000	-319.202423	95.230675
14102.666667	-319.122772	95.298820
14102.733333	-319.036102	95.201721
14102.800000	-319.179871	95.267220
14102.866667	-319.137878	95.341301
14102.933333	-319.155212	95.277260
14103.000000	-319.060211	95.304596
14103.066667	-319.275269	95.268936
14103.133333	-319.317139	95.277283
14103.200000	-319.092712	95.307899
14103.266667	-319.414551	95.301842
14103.333333	-319.248993	95.200546
14103.400000	-319.185242	95.271141
14103.466667	-319.335327	95.230690
14103.533333	-319.274139	95.271210
14103.600000	-319.034515	95.154793
14103.666667	-319.173920	95.164627
14103.733333	-319.207153	95.224770
14103.800000	-319.217865	95.346687
14103.866667	-319.327118	95.188477
14103.933333	-319.208374	95.153320
14104.000000	-319.304413	95.104355
14104.066667	-319.162567	95.187973
14104.133333	-319.417358	95.083839
14104.200000	-319.425934	95.156723
14104.266667	-319.441223	95.151772
14104.333333	-319.569458	95.204468
14104.400000	-319.468262	95.176819
14104.466667	-319.471497	95.233032
14104.533333	-319.535675	95.181656
14104.600000	-319.396515	95.252502
14104.666667	-319.447449	95.169868
14104.733333	-319.535339	95.214897
14104.800000	-319.483795	95.266579
14104.866667	-319.673950	95.240273
14104.933333	-319.461517	95.243538
14105.000000	-319.536835	95.325455
14105.066667	-319.560913	95.255219
14105.133333	-319.613281	95.204285
14105.200000	-319.677429	95.236122
14105.266667	-319.618134	95.240669
14105.333333	-319.724152	95.316399
14105.400000	-319.640594	95.168297
14105.466667	-319.624481	95.266823
14105.533333	-319.574860	95.065407
14105.600000	-319.628723	95.135605
14105.666667	-319.599945	95.238907
14105.733333	-319.865265	95.203941
14105.800000	-319.652802	95.204865
14105.866667	-319.736420	95.101524
14105.933333	-319.729492	95.152641
14106.000000	-319.705811	95.133278
14106.066667	-319.749329	95.038254
14106.133333	-319.726074	95.095390
14106.200000	-319.780396	95.102913
14106.266667	-319.811249	95.176353
14106.333333	-319.776093	95.084885
14106.400000	-319.780365	95.097336
14106.466667	-319.818878	95.116447
14106.533333	-319.679596	95.092514
14106.600000	-319.812805	95.194511
14106.666667	-319.765259	95.147629
14106.733333	-319.870178	95.157410
14106.800000	-319.935730	95.122070
14106.866667	-319.964325	95.234177
14106.933333	-319.963409	95.147606
14107.000000	-319.828888	95.172577
14107.066667	-320.230133	95.244713
14107.133333	-319.983795	95.227684
14107.200000	-319.941833	95.151443
14107.266667	-320.159058	95.130318
14107.333333	-319.874023	95.075249
14107.400000	-319.931091	95.241791
14107.466667	-320.008240	95.166222
14107.533333	-320.129395	95.264648
14107.600000	-320.116455	95.100578
14107.666667	-320.012268	95.134865
14107.733333	-320.086182	95.159302
14107.800000	-320.111145	95.176888
14107.866667	-320.093964	95.115936
14107.933333	-320.156281	95.101967
14108.000000	-320.247772	95.082718
14108.066667	-320.045776	95.094543
14108.133333	-320.119141	95.103394
14108.200000	-320.246948	95.058586
14108.266667	-320.048920	95.106285
14108.333333	-320.285217	95.011681
14108.400000	-320.387390	95.138344
14108.466667	-320.317902	95.135681
14108.533333	-320.236755	95.114082
14108.600000	-320.159515	94.993431
14108.666667	-320.391083	95.119476
14108.733333	-320.394836	95.114441
14108.800000	-320.445984	95.141884
14108.866667	-320.463196	95.116066
14108.933333	-320.395844	95.024063
14109.000000	-320.378052	95.129501
14109.066667	-320.322449	95.000427
14109.133333	-320.531586	95.205063
14109.200000	-320.458008	95.089127
14109.266667	-320.523712	95.179024
14109.333333	-320.382172	95.068283
14109.400000	-320.520599	95.203720
14109.466667	-320.508698	95.105453
14109.533333	-320.505859	95.060585
14109.600000	-320.574127	95.062485
14109.666667	-320.536591	95.124794
14109.733333	-320.562531	95.059891
14109.800000	-320.589111	95.031593
14109.866667	-320.542633	95.010521
14109.933333	-320.644165	95.123360
14110.000000	-320.642883	95.036629
14110.066667	-320.451141	94.948570
14110.133333	-320.665833	95.102684
14110.200000	-320.738647	95.017830
14110.266667	-320.659119	95.125504
14110.333333	-320.589172	95.103897
14110.400000	-320.667175	95.062828
14110.466667	-320.712646	95.024002
14110.533333	-320.737427	94.950844
14110.600000	-320.723450	95.114479
14110.666667	-320.693542	94.966316
14110.733333	-320.807465	95.128975
14110.800000	-320.975281	95.010635
14110.866667	-320.755432	95.001396
14110.933333	-320.953552	95.067879
14111.000000	-320.994202	94.978500
14111.066667	-320.832520	95.037834
14111.133333	-320.937531	95.036484
14111.200000	-320.980408	95.107384
14111.266667	-320.933533	95.112442
14111.333333	-320.864807	95.162239
14111.400000	-321.129730	95.142494
14111.466667	-321.049927	95.266380
14111.533333	-321.122192	95.088165
14111.600000	-321.108459	95.152603
14111.666667	-321.052155	95.048248
14111.733333	-321.142181	95.143997
14111.800000	-321.146118	95.096870
14111.866667	-321.231689	95.017799
14111.933333	-321.231689	95.017799
14112.000000	-321.153778	94.935547
14112.066667	-321.117035	94.990700
14112.133333	-321.196899	95.060120
14112.200000	-321.311737	95.004402
14112.266667	-321.238342	95.003754
14112.333333	-321.238342	95.003754
14112.400000	-321.216339	94.930771
14112.466667	-321.169495	94.922607
14112.533333	-321.286346	94.948570
14112.600000	-321.224884	94.863525
14112.666667	-321.360443	95.057968
14112.733333	-321.360443	95.057968
14112.800000	-321.256195	94.915497
14112.866667	-321.285126	94.918114
14112.933333	-321.352234	95.036781
14113.000000	-321.345703	94.986916
14113.066667	-321.428986	95.053352
14113.133333	-321.395996	95.082733
14113.200000	-321.395996	95.082733
14113.266667	-321.385468	95.009834
14113.333333	-321.427460	95.030563
14113.400000	-321.342133	95.003128
14113.466667	-321.411316	95.093674
14113.533333	-321.506805	95.038857
14113.600000	-321.506805	95.038857
14113.666667	-321.567627	94.970261
14113.733333	-321.468445	94.964104
14113.800000	-321.789551	94.993805
14113.866667	-321.440430	94.986916
14113.933333	-321.707489	95.005486
14114.000000	-321.707489	95.005486
14114.066667	-321.698517	94.947243
14114.133333	-321.457275	94.955063
14114.200000	-321.866089	95.045059
14114.266667	-321.594757	94.832985
14114.333333	-321.783844	94.902641
14114.400000	-321.806274	94.921761
14114.466667	-321.806274	94.921761
14114.533333	-321.714691	94.928993
14114.600000	-321.722473	94.915352
14114.666667	-321.808594	94.911270
14114.733333	-321.864136	94.800957
14114.800000	-321.965729	94.957222
14114.866667	-321.965729	94.957222
14114.933333	-321.691315	94.852776
14115.000000	-322.003906	95.042908
14115.066667	-321.925415	94.964600
14115.133333	-321.905823	94.944878
14115.200000	-322.093384	95.056755
14115.266667	-322.093384	95.056755
14115.333333	-321.999908	94.971138
14115.400000	-321.929016	94.807648
14115.466667	-322.047028	95.083839
14115.533333	-322.065247	95.097862
14115.600000	-322.084229	94.950043
14115.666667	-322.084229	94.950043
14115.733333	-322.030884	94.996849
14115.800000	-322.079926	94.973579
14115.866667	-322.135040	94.982704
14115.933333	-322.080231	94.904381
14116.000000	-322.210358	94.926720
14116.066667	-322.142487	95.075249
14116.133333	-322.142487	95.075249
14116.200000	-322.104889	94.775818
14116.266667	-322.121216	94.781586
14116.333333	-322.121857	94.862778
14116.400000	-322.132324	94.814423
14116.466667	-322.254517	94.860809
14116.533333	-322.254517	94.860809
14116.600000	-322.054993	94.908134
14116.666667	-322.244843	94.810097
14116.733333	-322.163239	94.808311
14116.800000	-322.128296	94.801003
14116.866667	-322.192017	94.812744
14116.933333	-322.192017	94.812744
14117.000000	-322.203735	94.868515
14117.066667	-322.417084	94.860626
14117.133333	-322.355713	94.845207
14117.200000	-322.351379	94.879135
14117.266667	-322.488617	94.917946
14117.333333	-322.445831	94.956459
14117.400000	-322.445831	94.956459
14117.466667	-322.403992	94.906105
14117.533333	-322.409943	94.959213
14117.600000	-322.435242	94.924767
14117.666667	-322.610840	94.900482
14117.733333	-322.506653	94.872841
14117.800000	-322.506653	94.872841
14117.866667	-322.680542	94.976875
14117.933333	-322.537750	94.874786
14118.000000	-322.573059	94.961761
14118.066667	-322.678040	94.804184
14118.133333	-322.471527	94.917946
14118.200000	-322.471527	94.917946
14118.266667	-322.456543	94.862312
14118.333333	-322.420837	94.850655
14118.400000	-322.763275	94.791161
14118.466667	-322.559906	94.835075
14118.533333	-322.556488	94.755905
14118.600000	-322.809662	94.730972
14118.666667	-322.590546	94.885788
14118.733333	-322.661438	94.816757
14118.800000	-322.761169	94.750282
14118.866667	-322.819550	94.822685
14118.933333	-322.728027	94.714226
14119.000000	-322.870789	94.732628
14119.066667	-322.753235	94.798615
14119.133333	-322.847473	94.767723
14119.200000	-322.946198	94.795464
14119.266667	-322.777496	94.740341
14119.333333	-322.671661	94.804840
14119.400000	-322.819977	94.851105
14119.466667	-322.770630	94.823074
14119.533333	-322.784210	94.791161
14119.600000	-322.878052	94.970078
14119.666667	-322.825867	94.844475
14119.733333	-322.818146	94.795975
14119.800000	-322.873047	94.814835
14119.866667	-322.999786	94.876862
14119.933333	-322.915192	94.894669
14120.000000	-323.024261	94.961441
14120.066667	-322.887115	94.851959
14120.133333	-322.851532	94.847107
14120.200000	-322.812805	94.774841
14120.266667	-322.924377	94.841682
14120.333333	-322.903473	94.883507
14120.400000	-322.998291	94.775871
14120.466667	-323.056793	94.778580
14120.533333	-322.965332	94.877167
14120.600000	-323.083923	94.798790
14120.666667	-322.830414	94.659126
14120.733333	-323.075073	94.757416
14120.800000	-323.136932	94.767860
14120.866667	-322.941162	94.723610
14120.933333	-323.080933	94.751793
14121.000000	-323.024475	94.773148
14121.066667	-323.108490	94.721405
14121.133333	-323.141449	94.810532
14121.200000	-322.952667	94.674973
14121.266667	-323.226776	94.781303
14121.333333	-323.055939	94.713707
14121.400000	-323.268188	94.822021
14121.466667	-323.039276	94.778580
14121.533333	-323.237549	94.821655
14121.600000	-323.223724	94.824226
14121.666667	-323.315857	94.812309
14121.733333	-323.291229	94.762688
14121.800000	-323.130951	94.800385
14121.866667	-323.363251	94.869209
14121.933333	-323.083008	94.849709
14122.000000	-323.315460	94.904465
14122.066667	-323.376740	94.807121
14122.133333	-323.331696	94.920082
14122.200000	-323.287567	94.835930
14122.266667	-323.508667	94.868835
14122.333333	-323.316711	94.795975
14122.400000	-323.468231	94.836914
14122.466667	-323.364288	94.744858
14122.533333	-323.517853	94.793839
14122.600000	-323.360962	94.666672
14122.666667	-323.400116	94.737724
14122.733333	-323.481476	94.738205
14122.800000	-323.483307	94.800674
14122.866667	-323.369415	94.759628
14122.933333	-323.389557	94.780640
14123.000000	-323.488312	94.703346
14123.066667	-323.613800	94.725143
14123.133333	-323.571808	94.672081
14123.200000	-323.622223	94.748734
14123.266667	-323.510590	94.695419
14123.333333	-323.490570	94.791161
14123.400000	-323.595062	94.750137
14123.466667	-323.465973	94.684494
14123.533333	-323.502289	94.875221
14123.600000	-323.604797	94.805305
14123.666667	-323.678223	94.772018
14123.733333	-323.494324	94.759598
14123.800000	-323.717957	94.874931
14123.866667	-323.643341	94.773949
14123.933333	-323.621460	94.764565
14124.000000	-323.625244	94.721046
14124.066667	-323.664856	94.780403
14124.133333	-323.700470	94.892464
14124.200000	-323.597717	94.908615
14124.266667	-323.769714	94.822304
14124.333333	-323.647064	94.766563
14124.400000	-323.647583	94.793900
14124.466667	-323.734039	94.798439
14124.533333	-323.742310	94.849258
14124.600000	-323.704041	94.786064
14124.666667	-323.772156	94.790047
14124.733333	-323.714722	94.733925
14124.800000	-323.667542	94.792274
14124.866667	-323.606873	94.771111
14124.933333	-323.861725	94.657455
14125.000000	-323.713898	94.785004
14125.066667	-323.699280	94.735222
14125.133333	-323.642242	94.708893
14125.200000	-323.803070	94.709740
14125.266667	-323.748383	94.696671
14125.333333	-323.758789	94.810081
14125.400000	-323.655762	94.710289
14125.466667	-323.643494	94.731377
14125.533333	-323.848114	94.736534
14125.600000	-323.851044	94.810997
14125.666667	-323.700104	94.750137
14125.733333	-323.948669	94.851746
14125.800000	-323.696869	94.736435
14125.866667	-323.902985	94.876038
14125.933333	-323.623199	94.690132
14126.000000	-323.787628	94.758888
14126.066667	-323.829193	94.791687
14126.133333	-323.967621	94.760460
14126.200000	-323.766479	94.823441
14126.266667	-323.933746	94.715363
14126.333333	-323.807922	94.905899
14126.400000	-323.913025	94.777641
14126.466667	-323.765472	94.825661
14126.533333	-323.847504	94.860489
14126.600000	-323.839264	94.686501
14126.666667	-323.807312	94.769829
14126.733333	-323.770233	94.751678
14126.800000	-323.755829	94.729858
14126.866667	-323.819336	94.777657
14126.933333	-323.785339	94.586281
14127.000000	-323.846344	94.689835
14127.066667	-323.680481	94.614098
14127.133333	-323.783356	94.635902
14127.200000	-323.846771	94.747154
14127.266667	-323.885895	94.652611
14127.333333	-323.809021	94.629791
14127.400000	-323.917206	94.695511
14127.466667	-323.864532	94.753479
14127.533333	-324.014740	94.764656
14127.600000	-323.763458	94.681137
14127.666667	-323.749146	94.717751
14127.733333	-323.894958	94.662445
14127.800000	-324.097534	94.719788
14127.866667	-323.873901	94.736237
14127.933333	-324.044586	94.791733
14128.000000	-323.879517	94.710747
14128.066667	-323.932404	94.721046
14128.133333	-323.984558	94.767639
14128.200000	-324.084351	94.796997
14128.266667	-323.988617	94.768158
14128.333333	-323.835144	94.781967
14128.400000	-323.942780	94.809250
14128.466667	-323.862000	94.802650
14128.533333	-323.917114	94.762375
14128.600000	-323.971222	94.721008
14128.666667	-323.858063	94.729546
14128.733333	-323.957916	94.796204
14128.800000	-323.897919	94.736732
14128.866667	-323.914459	94.733070
14128.933333	-323.900940	94.740448
14129.000000	-324.089966	94.763496
14129.066667	-324.034729	94.788330
14129.133333	-323.869080	94.626122
14129.200000	-323.819580	94.669731
14129.266667	-323.928680	94.721085
14129.333333	-323.848602	94.712349
14129.400000	-323.982117	94.636139
14129.466667	-323.952942	94.562569
14129.533333	-324.042267	94.676323
14129.600000	-324.007355	94.776001
14129.666667	-323.906494	94.617317
14129.733333	-323.837341	94.752884
14129.800000	-324.020905	94.648125
14129.866667	-323.974701	94.716858
14129.933333	-324.043701	94.732178
14130.000000	-324.085999	94.701019
14130.066667	-323.814728	94.698547
14130.133333	-324.026642	94.767548
14130.200000	-324.146088	94.732178
14130.266667	-324.004669	94.735832
14130.333333	-323.925720	94.787827
14130.400000	-324.000458	94.715607
14130.466667	-323.896576	94.781540
14130.533333	-324.149689	94.894989
14130.600000	-324.028656	94.860474
14130.666667	-324.108246	94.758888
14130.733333	-323.965790	94.705467
14130.800000	-324.115631	94.771111
14130.866667	-324.056519	94.724373
14130.933333	-324.069275	94.743874
14131.000000	-324.227417	94.828911
14131.066667	-323.974701	94.748383
14131.133333	-324.002686	94.709404
14131.200000	-324.034637	94.703560
14131.266667	-323.899200	94.642921
14131.333333	-323.796906	94.695473
14131.400000	-323.988708	94.657005
14131.466667	-324.037781	94.675529
14131.533333	-324.009796	94.693207
14131.600000	-323.979614	94.667374
14131.666667	-324.069794	94.700066
14131.733333	-323.896362	94.674759
14131.800000	-324.059998	94.719696
14131.866667	-323.646912	94.550453
14131.933333	-323.851654	94.718948
14132.000000	-323.914520	94.730446
14132.066667	-323.991699	94.747566
14132.133333	-324.256866	94.746346
14132.200000	-323.943878	94.716347
14132.266667	-323.756836	94.648125
14132.333333	-323.985840	94.705467
14132.400000	-324.179535	94.773811
14132.466667	-324.033356	94.845940
14132.533333	-324.091827	94.848564
14132.600000	-323.959259	94.847595
14132.666667	-324.155151	94.868179
14132.733333	-323.833557	94.728256
14132.800000	-323.970551	94.756805
14132.866667	-324.058014	94.818184
14132.933333	-323.988708	94.710670
14133.000000	-323.907928	94.723274
14133.066667	-324.023102	94.757484
14133.133333	-323.999054	94.790581
14133.200000	-324.182007	94.742180
14133.266667	-324.002350	94.689728
14133.333333	-323.788147	94.616409
14133.400000	-323.932312	94.748192
14133.466667	-323.743866	94.642921
14133.533333	-324.023407	94.654701
14133.600000	-323.992706	94.629036
14133.666667	-324.063354	94.734001
14133.733333	-323.920898	94.612579
14133.800000	-323.913971	94.667984
14133.866667	-323.732941	94.745903
14133.933333	-323.814056	94.619522
14134.000000	-323.916260	94.697777
14134.066667	-323.945770	94.727730
14134.133333	-323.828918	94.731331
14134.200000	-323.794037	94.721382
14134.266667	-323.919067	94.716599
14134.333333	-324.034119	94.709740
14134.400000	-323.943665	94.825935
14134.466667	-323.850464	94.852165
14134.533333	-323.964844	94.800461
14134.600000	-324.117462	94.845940
14134.666667	-324.022247	94.751160
14134.733333	-323.848511	94.800957
14134.800000	-323.919373	94.777328
14134.866667	-323.736603	94.782166
14134.933333	-323.752289	94.682167
14135.000000	-323.952911	94.863785
14135.066667	-323.710449	94.810959
14135.133333	-323.978088	94.797394
14135.200000	-323.841858	94.662811
14135.266667	-323.884796	94.784248
14135.333333	-323.878448	94.830009
14135.400000	-323.789520	94.708092
14135.466667	-323.844910	94.714943
14135.533333	-323.729858	94.718826
14135.600000	-324.005035	94.673340
14135.666667	-323.754639	94.650330
14135.733333	-323.873901	94.765686
14135.800000	-323.880249	94.713234
14135.866667	-323.826080	94.730370
14135.933333	-323.751770	94.721359
14136.000000	-323.798157	94.755325
14136.066667	-323.728821	94.761787
14136.133333	-323.673340	94.819237
14136.200000	-323.690613	94.709412
14136.266667	-323.726959	94.723549
14136.333333	-323.611328	94.726974
14136.400000	-323.762512	94.841606
14136.466667	-323.739838	94.754082
14136.533333	-323.840454	94.816704
14136.600000	-323.656555	94.772720
14136.666667	-323.789795	94.728256
14136.733333	-323.717590	94.813591
14136.800000	-323.807770	94.765564
14136.866667	-323.914948	94.817947
14136.933333	-323.582123	94.826614
14137.000000	-323.704865	94.885872
14137.066667	-323.748230	94.931747
14137.133333	-323.649109	94.743286
14137.200000	-323.729401	94.981880
14137.266667	-323.626587	94.701256
14137.333333	-323.765564	94.803886
14137.400000	-324.039246	94.825592
14137.466667	-323.748596	94.871750
14137.533333	-323.785522	94.764854
14137.600000	-323.636627	94.778580
14137.666667	-323.671631	94.715126
14137.733333	-323.658966	94.742752
14137.800000	-323.624817	94.828575
14137.866667	-323.688019	94.762497
14137.933333	-323.634979	94.748558
14138.000000	-323.692352	94.695419
14138.066667	-323.628296	94.636246
14138.133333	-323.713989	94.673782
14138.200000	-323.657928	94.798439
14138.266667	-323.656494	94.720383
14138.333333	-323.737549	94.742210
14138.400000	-323.729858	94.747757
14138.466667	-323.679016	94.783623
14138.533333	-323.668823	94.775757
14138.600000	-323.657806	94.802162
14138.666667	-323.616943	94.817970
14138.733333	-323.676208	94.774582
14138.800000	-323.595245	94.769333
14138.866667	-323.756561	94.749985
14138.933333	-323.662720	94.808380
14139.000000	-323.733490	94.897049
14139.066667	-323.596191	94.813171
14139.133333	-323.650421	94.839859
14139.200000	-323.606659	94.887985
14139.266667	-323.618347	94.842155
14139.333333	-323.655548	94.803604
14139.400000	-323.522858	94.862167
14139.466667	-323.507538	94.791710
14139.533333	-323.490021	94.688866
14139.600000	-323.648193	94.795670
14139.666667	-323.595154	94.770691
14139.733333	-323.463562	94.737122
14139.800000	-323.484589	94.761276
14139.866667	-323.604797	94.783546
14139.933333	-323.461304	94.676323
14140.000000	-323.465210	94.698952
14140.066667	-323.395935	94.616661
14140.133333	-323.523621	94.719398
14140.200000	-323.620941	94.736534
14140.266667	-323.444824	94.713493
14140.333333	-323.469879	94.749184
14140.400000	-323.578064	94.771332
14140.466667	-323.360779	94.743782
14140.533333	-323.467529	94.758888
14140.600000	-323.328857	94.770752
14140.666667	-323.452179	94.786293
14140.733333	-323.315857	94.751678
14140.800000	-323.491730	94.805969
14140.866667	-323.414124	94.767944
14140.933333	-323.463776	94.898926
14141.000000	-323.290619	94.851318
14141.066667	-323.484619	94.814423
14141.133333	-323.591705	94.928871
14141.200000	-323.551788	94.883537
14141.266667	-323.540344	94.798271
14141.333333	-323.507416	94.820633
14141.400000	-323.350983	94.820435
14141.466667	-323.434174	94.845428
14141.533333	-323.405212	94.780281
14141.600000	-323.458313	94.862167
14141.666667	-323.477386	94.830772
14141.733333	-323.540070	94.801918
14141.800000	-323.454559	94.755135
14141.866667	-323.377899	94.736237
14141.933333	-323.515717	94.714668
14142.000000	-323.249969	94.758118
14142.066667	-323.389221	94.718117
14142.133333	-323.498566	94.692062
14142.200000	-323.210297	94.688675
14142.266667	-323.389008	94.667015
14142.333333	-323.240112	94.725914
14142.400000	-323.412201	94.728920
14142.466667	-323.548676	94.819138
14142.533333	-323.413788	94.834564
14142.600000	-323.332611	94.763420
14142.666667	-323.326294	94.748734
14142.733333	-323.307434	94.748001
14142.800000	-323.427338	94.852165
14142.866667	-323.400513	94.822685
14142.933333	-323.378265	94.781754
14143.000000	-323.292328	94.846489
14143.066667	-323.440430	94.841324
14143.133333	-323.344055	94.836212
14143.200000	-323.358948	94.770493
14143.266667	-323.368988	94.901497
14143.333333	-323.227783	94.816521
14143.400000	-323.409149	94.865982
14143.466667	-323.372009	94.833595
14143.533333	-323.216888	94.885750
14143.600000	-323.400665	94.807297
14143.666667	-323.353760	94.967972
14143.733333	-323.152527	94.779541
14143.800000	-323.185028	94.769714
14143.866667	-323.243134	94.849258
14143.933333	-323.250580	94.843391
14144.000000	-323.151428	94.810097
14144.066667	-323.041473	94.671364
14144.133333	-323.170685	94.755623
14144.200000	-323.279419	94.706001
14144.266667	-323.181061	94.780533
14144.333333	-323.180298	94.760353
14144.400000	-323.268372	94.704414
14144.466667	-323.214478	94.761841
14144.533333	-323.232391	94.733528
14144.600000	-323.132599	94.808311
14144.666667	-323.226471	94.702362
14144.733333	-323.061462	94.759651
14144.800000	-323.193420	94.792274
14144.866667	-323.301666	94.833672
14144.933333	-323.256104	94.785332
14145.000000	-323.171448	94.761948
14145.066667	-323.131012	94.824570
14145.133333	-323.158295	94.819771
14145.200000	-323.278900	94.833946
14145.266667	-323.316742	94.876663
14145.333333	-323.493347	94.916756
14145.400000	-323.064423	94.934372
14145.466667	-323.168335	94.853149
14145.533333	-323.272461	94.879478
14145.600000	-323.172455	94.745056
14145.666667	-323.071014	94.828049
14145.733333	-322.995514	94.855164
14145.800000	-323.107880	94.816521
14145.866667	-323.121033	94.846741
14145.933333	-323.107117	94.861732
14146.000000	-323.207367	94.752434
14146.066667	-323.072418	94.768822
14146.133333	-323.057159	94.768112
14146.200000	-323.021942	94.757416
14146.266667	-323.045197	94.761040
14146.333333	-322.964142	94.737724
14146.400000	-323.109589	94.638191
14146.466667	-323.004272	94.666054
14146.533333	-322.923004	94.656891
14146.600000	-322.964203	94.667343
14146.666667	-323.024506	94.765579
14146.733333	-323.024506	94.765579
14146.800000	-323.104370	94.766144
14146.866667	-322.964600	94.707947
14146.933333	-323.029938	94.763580
14147.000000	-323.056488	94.857529
14147.066667	-323.062408	94.820824
14147.133333	-322.937836	94.936676
14147.200000	-323.006470	94.896500
14147.266667	-323.093018	94.920441
14147.333333	-323.184357	94.957794
14147.400000	-322.979279	94.799660
14147.466667	-322.954529	94.868515
14147.533333	-322.954529	94.868515
14147.600000	-323.175507	95.029213
14147.666667	-323.026367	94.779541
14147.733333	-322.916595	94.843056
14147.800000	-322.976654	94.864578
14147.866667	-323.136292	94.890152
14147.933333	-323.037079	94.892365
14148.000000	-323.121735	94.920265
14148.066667	-322.959381	94.768158
14148.133333	-322.965118	94.892342
14148.200000	-322.991058	94.758156
14148.266667	-323.004181	94.824196
14148.333333	-322.935455	94.718010
14148.400000	-322.935455	94.718010
14148.466667	-322.938995	94.681282
14148.533333	-322.915070	94.746559
14148.600000	-322.855377	94.751793
14148.666667	-322.978638	94.761742
14148.733333	-322.959106	94.862167
14148.800000	-322.959106	94.862167
14148.866667	-322.923615	94.805153
14148.933333	-322.962189	94.766266
14149.000000	-322.880463	94.864655
14149.066667	-322.937469	94.823441
14149.133333	-322.859558	94.734406
14149.200000	-322.859558	94.734406
14149.266667	-322.928986	94.787498
14149.333333	-322.944122	94.934731
14149.400000	-322.872467	94.818901
14149.466667	-322.865997	94.922035
14149.533333	-322.926788	94.839302
14149.600000	-322.912262	94.938232
14149.666667	-322.912262	94.938232
14149.733333	-322.820923	94.915817
14149.800000	-322.797913	94.881607
14149.866667	-322.932587	94.937241
14149.933333	-322.944855	94.892387
14150.000000	-322.932159	94.917259
14150.066667	-322.932159	94.917259
14150.133333	-322.974182	94.827744
14150.200000	-322.887634	94.733948
14150.266667	-322.838623	94.816986
14150.333333	-322.822662	94.712936
14150.400000	-322.916595	94.751045
14150.466667	-322.916595	94.751045
14150.533333	-322.884491	94.819511
14150.600000	-322.962708	94.789520
14150.666667	-322.838867	94.826836
14150.733333	-322.818542	94.803192
14150.800000	-323.008698	94.731277
14150.866667	-322.788879	94.689987
14150.933333	-322.788879	94.689987
14151.000000	-322.831207	94.727875
14151.066667	-322.845642	94.833633
14151.133333	-322.802368	94.804497
14151.200000	-322.888489	94.899117
14151.266667	-322.986664	94.898987
14151.333333	-322.986664	94.898987
14151.400000	-322.915955	94.805901
14151.466667	-322.892944	94.850151
14151.533333	-322.861206	94.841774
14151.600000	-322.893951	94.918282
14151.666667	-322.777588	94.901192
14151.733333	-322.777588	94.901192
14151.800000	-322.975128	94.899178
14151.866667	-322.919159	94.921570
14151.933333	-322.847260	94.847595
14152.000000	-322.878784	94.855530
14152.066667	-322.901855	94.887985
14152.133333	-322.901855	94.887985
14152.200000	-322.876617	94.834259
14152.266667	-322.731049	94.789009
14152.333333	-322.803589	94.851105
14152.400000	-322.793457	94.737373
14152.466667	-322.790558	94.832344
14152.533333	-322.850128	94.773666
14152.600000	-322.850128	94.773666
14152.666667	-322.830627	94.812309
14152.733333	-322.892029	94.813171
14152.800000	-322.841705	94.665451
14152.866667	-322.755463	94.773315
14152.933333	-322.860687	94.803131
14153.000000	-322.860687	94.803131
14153.066667	-322.838928	94.777023
14153.133333	-322.728210	94.747757
14153.200000	-322.940430	94.824173
14153.266667	-322.739502	94.815781
14153.333333	-322.816010	94.817375
14153.400000	-322.816010	94.817375
14153.466667	-322.806549	94.862999
14153.533333	-322.847900	94.847221
14153.600000	-322.771790	94.899376
14153.666667	-322.782013	94.894592
14153.733333	-322.690399	95.008186
14153.800000	-322.777496	94.977859
14153.866667	-322.777496	94.977859
14153.933333	-322.810577	94.990379
14154.000000	-322.876648	94.909271
14154.066667	-322.741211	94.862167
14154.133333	-322.723175	94.907906
14154.200000	-322.730713	94.822739
14154.266667	-322.730713	94.822739
14154.333333	-322.752625	94.944878
14154.400000	-322.737122	94.807854
14154.466667	-322.705231	94.788330
14154.533333	-322.607910	94.764145
14154.600000	-322.759399	94.865730
14154.666667	-322.759399	94.865730
14154.733333	-322.767609	94.847107
14154.800000	-322.735107	94.774353
14154.866667	-322.796021	94.771576
14154.933333	-322.804108	94.853172
14155.000000	-322.723419	94.685829
14155.066667	-322.692505	94.782570
14155.133333	-322.794800	94.779907
14155.200000	-322.736664	94.837944
14155.266667	-322.891785	94.781967
14155.333333	-322.778503	94.916756
14155.400000	-322.684814	94.807030
14155.466667	-322.810516	94.849258
14155.533333	-322.702820	94.852127
14155.600000	-322.859863	94.894554
14155.666667	-322.792023	94.870483
14155.733333	-322.696167	94.795563
14155.800000	-322.829987	94.901741
14155.866667	-322.696198	94.907242
14155.933333	-322.748260	94.949142
14156.000000	-322.628021	94.870285
14156.066667	-322.802734	94.861122
14156.133333	-322.726135	94.879425
14156.200000	-322.713257	94.894554
14156.266667	-322.740631	94.894859
14156.333333	-322.784210	94.903389
14156.400000	-322.678741	94.920074
14156.466667	-322.724792	94.808769
14156.533333	-322.674164	94.736153
14156.600000	-322.610260	94.794502
14156.666667	-322.719238	94.807480
14156.733333	-322.698059	94.794746
14156.800000	-322.648102	94.756660
14156.866667	-322.720856	94.758163
14156.933333	-322.754608	94.805450
14157.000000	-322.722137	94.711128
14157.066667	-322.812805	94.772240
14157.133333	-322.665619	94.737495
14157.200000	-322.714905	94.832657
14157.266667	-322.570465	94.757416
14157.333333	-322.703735	94.781143
14157.400000	-322.651093	94.879478
14157.466667	-322.647125	94.793312
14157.533333	-322.577148	94.843658
14157.600000	-322.870575	94.858543
14157.666667	-322.778107	94.894707
14157.733333	-322.818146	94.870872
14157.800000	-322.676605	94.930550
14157.866667	-322.632294	94.925186
14157.933333	-322.757629	95.032951
14158.000000	-322.693909	94.854012
14158.066667	-322.641052	94.938316
14158.133333	-322.714355	94.920441
14158.200000	-322.774963	94.925827
14158.266667	-322.682648	94.887985
14158.333333	-322.718140	94.969749
14158.400000	-322.795013	94.977020
14158.466667	-322.646820	94.881073
14158.533333	-322.695709	94.782158
14158.600000	-322.594391	94.890236
14158.666667	-322.723358	94.887985
14158.733333	-322.596375	94.890266
14158.800000	-322.753967	94.723228
14158.866667	-322.802490	94.894859
14158.933333	-322.595367	94.896645
14159.000000	-322.616852	94.788857
14159.066667	-322.674805	94.792274
14159.133333	-322.649628	94.829239
14159.200000	-322.495209	94.722000
14159.266667	-322.495148	94.794426
14159.333333	-322.661255	94.776428
14159.400000	-322.583954	94.782364
14159.466667	-322.601257	94.780533
14159.533333	-322.577148	94.829659
14159.600000	-322.682098	94.921875
14159.666667	-322.634827	94.863365
14159.733333	-322.731079	94.825302
14159.800000	-322.658783	94.989212
14159.866667	-322.525269	94.991264
14159.933333	-322.787262	94.951828
14160.000000	-322.473633	94.802917
