9060.066667	-271.317078	97.954926
9060.133333	-271.318542	97.934731
9060.200000	-271.243683	97.877602
9060.266667	-271.236542	97.831787
9060.333333	-271.273773	97.901093
9060.400000	-271.245636	97.849274
9060.466667	-271.262756	97.897255
9060.533333	-271.139099	97.745155
9060.600000	-271.193085	97.849380
9060.666667	-271.309784	97.933945
9060.733333	-271.053223	97.803093
9060.800000	-271.127228	97.889549
9060.866667	-271.354065	98.012306
9060.933333	-271.252289	97.949165
9061.000000	-271.201630	97.899933
9061.066667	-271.138702	97.959541
9061.133333	-271.106812	97.837006
9061.200000	-271.202362	97.959076
9061.266667	-271.235992	97.944992
9061.333333	-271.229156	98.018646
9061.400000	-271.192932	97.941681
9061.466667	-271.224060	98.003357
9061.533333	-271.110199	97.946129
9061.600000	-271.143005	97.891190
9061.666667	-271.227692	97.968163
9061.733333	-271.145752	97.908569
9061.800000	-271.181488	97.962059
9061.866667	-271.017700	97.886978
9061.933333	-271.108551	97.901649
9062.000000	-271.237061	97.932251
9062.066667	-271.099731	97.910675
9062.133333	-271.126892	97.909576
9062.200000	-271.139099	97.926918
9062.266667	-271.135590	97.950851
9062.333333	-271.128571	97.847809
9062.400000	-271.110229	97.898422
9062.466667	-271.121887	97.877861
9062.533333	-271.190338	97.937958
9062.600000	-271.137299	97.898422
9062.666667	-271.038574	97.828522
9062.733333	-271.043701	97.860115
9062.800000	-271.084656	97.918121
9062.866667	-271.043701	97.892380
9062.933333	-271.060120	97.963058
9063.000000	-270.968964	97.913101
9063.066667	-271.187653	97.917152
9063.133333	-271.212738	97.960320
9063.200000	-271.149841	97.976044
9063.266667	-271.239960	98.070488
9063.333333	-271.055878	97.913330
9063.400000	-271.159821	97.928009
9063.466667	-271.046844	97.926392
9063.533333	-271.013855	97.898582
9063.600000	-270.997894	98.021584
9063.666667	-270.771820	97.869484
9063.733333	-271.003204	97.950699
9063.800000	-271.005157	97.928932
9063.866667	-270.805969	97.877441
9063.933333	-270.928345	97.892075
9064.000000	-271.023254	97.954391
9064.066667	-271.068939	97.939896
9064.133333	-270.833557	97.862305
9064.200000	-270.879028	97.912857
9064.266667	-270.925568	97.902504
9064.333333	-270.909546	97.858459
9064.400000	-270.786346	97.826111
9064.466667	-271.084869	97.881516
9064.533333	-270.990021	97.886208
9064.600000	-270.990021	97.897896
9064.666667	-270.880615	97.951164
9064.733333	-271.014740	97.896057
9064.800000	-270.743317	97.889549
9064.866667	-270.830261	97.905006
9064.933333	-270.957916	97.963196
9065.000000	-270.912476	97.915665
9065.066667	-270.985687	97.935188
9065.133333	-270.909882	97.969681
9065.200000	-270.790100	97.955383
9065.266667	-270.804596	97.938980
9065.333333	-270.933105	97.971474
9065.400000	-270.933105	97.971474
9065.466667	-270.825104	98.009254
9065.533333	-270.969177	98.006279
9065.600000	-270.961945	97.993607
9065.666667	-270.803741	98.009949
9065.733333	-270.674957	98.001793
9065.800000	-270.674957	98.001793
9065.866667	-270.997375	98.015892
9065.933333	-270.661774	97.858971
9066.000000	-270.693329	97.901031
9066.066667	-270.843903	97.979362
9066.133333	-270.834137	97.963791
9066.200000	-270.834137	97.963791
9066.266667	-270.953949	97.896057
9066.333333	-270.815063	97.890823
9066.400000	-270.853455	97.852608
9066.466667	-271.025787	97.956581
9066.533333	-270.832642	97.878494
9066.600000	-270.690582	97.810471
9066.666667	-270.690582	97.810471
9066.733333	-270.714447	97.870857
9066.800000	-270.748138	97.824997
9066.866667	-270.812073	97.941818
9066.933333	-270.731812	97.921234
9067.000000	-270.931244	97.879646
9067.066667	-270.931244	97.879646
9067.133333	-270.746490	97.929115
9067.200000	-270.677460	97.903862
9067.266667	-270.717834	97.936890
9067.333333	-270.771393	97.984642
9067.400000	-270.808472	97.942757
9067.466667	-270.808472	97.942757
9067.533333	-270.796692	98.029961
9067.600000	-270.821014	97.989754
9067.666667	-270.909698	97.953522
9067.733333	-270.700958	97.962692
9067.800000	-270.905853	98.060570
9067.866667	-270.890991	98.001205
9067.933333	-270.890991	98.001205
9068.000000	-270.684357	97.932716
9068.066667	-270.714172	97.913864
9068.133333	-270.842255	97.884361
9068.200000	-270.684509	97.946304
9068.266667	-270.677826	97.991379
9068.333333	-270.677826	97.991379
9068.400000	-270.685120	97.932213
9068.466667	-270.678986	97.866661
9068.533333	-270.691833	97.876884
9068.600000	-270.609131	97.891243
9068.666667	-270.592682	97.879532
9068.733333	-270.592682	97.879532
9068.800000	-270.743713	97.960434
9068.866667	-270.691711	97.923851
9068.933333	-270.642731	97.930542
9069.000000	-270.749725	97.889130
9069.066667	-270.577057	97.862305
9069.133333	-270.577057	97.862305
9069.200000	-270.707825	97.910927
9069.266667	-270.724640	97.933479
9069.333333	-270.577087	97.866531
9069.400000	-270.542084	97.839638
9069.466667	-270.821716	97.949837
9069.533333	-270.617950	97.962273
9069.600000	-270.617950	97.962273
9069.666667	-270.636139	97.929054
9069.733333	-270.710663	97.968765
9069.800000	-270.631592	98.020439
9069.866667	-270.546875	97.833801
9069.933333	-270.659821	97.926659
9070.000000	-270.659821	97.926659
9070.066667	-270.680298	98.061440
9070.133333	-270.656403	97.944313
9070.200000	-270.804108	98.024200
9070.266667	-270.665466	97.959274
9070.333333	-270.594910	97.896614
9070.400000	-270.594910	97.896614
9070.466667	-270.712646	97.998421
9070.533333	-270.538574	97.950851
9070.600000	-270.698151	97.920448
9070.666667	-270.616516	97.875000
9070.733333	-270.611542	97.840096
9070.800000	-270.651947	97.950836
9070.866667	-270.651947	97.950836
9070.933333	-270.528412	97.855057
9071.000000	-270.594940	97.902176
9071.066667	-270.624847	97.936394
9071.133333	-270.588165	97.909592
9071.200000	-270.608124	97.892120
9071.266667	-270.608124	97.892120
9071.333333	-270.501434	98.005562
9071.400000	-270.636475	97.963097
9071.466667	-270.644135	97.979362
9071.533333	-270.541962	98.016815
9071.600000	-270.523499	98.050102
9071.666667	-270.523499	98.050102
9071.733333	-270.620331	98.002647
9071.800000	-270.611816	97.993317
9071.866667	-270.607117	98.019218
9071.933333	-270.536896	97.982986
9072.000000	-270.583771	97.919304
9072.066667	-270.615295	98.033264
9072.133333	-270.523315	97.914711
9072.200000	-270.669830	98.044640
9072.266667	-270.598145	97.984734
9072.333333	-270.582672	97.952980
9072.400000	-270.647308	98.016907
9072.466667	-270.481567	97.894325
9072.533333	-270.461395	97.976440
9072.600000	-270.451569	97.881401
9072.666667	-270.485779	97.856705
9072.733333	-270.453766	97.843956
9072.800000	-270.543365	97.875000
9072.866667	-270.647400	97.991295
9072.933333	-270.598846	97.832123
9073.000000	-270.455292	98.017952
9073.066667	-270.551910	97.837151
9073.133333	-270.474609	97.915161
9073.200000	-270.405121	97.799339
9073.266667	-270.436646	97.925751
9073.333333	-270.539795	97.923569
9073.400000	-270.596619	97.895439
9073.466667	-270.490204	97.921822
9073.533333	-270.514801	98.037552
9073.600000	-270.511169	97.917442
9073.666667	-270.475525	98.012405
9073.733333	-270.550842	98.019073
9073.800000	-270.541168	98.110374
9073.866667	-270.603516	98.073387
9073.933333	-270.494904	97.922661
9074.000000	-270.420929	97.976524
9074.066667	-270.449951	97.891586
9074.133333	-270.471527	98.022041
9074.200000	-270.531006	97.981232
9074.266667	-270.615143	98.042961
9074.333333	-270.520233	97.981468
9074.400000	-270.496155	98.082367
9074.466667	-270.509033	98.058876
9074.533333	-270.436035	97.979332
9074.600000	-270.544586	97.945602
9074.666667	-270.394714	97.982895
9074.733333	-270.435120	97.923569
9074.800000	-270.337250	97.838043
9074.866667	-270.506836	97.925858
9074.933333	-270.419830	97.920700
9075.000000	-270.508392	97.947990
9075.066667	-270.366638	97.916100
9075.133333	-270.441803	97.852371
9075.200000	-270.501434	97.967178
9075.266667	-270.463043	97.977875
9075.333333	-270.529236	97.873825
9075.400000	-270.384399	97.957077
9075.466667	-270.487183	97.912277
9075.533333	-270.426971	97.866295
9075.600000	-270.429932	97.892075
9075.666667	-270.386047	97.981163
9075.733333	-270.461945	97.958115
9075.800000	-270.458618	98.027924
9075.866667	-270.419128	97.867447
9075.933333	-270.473572	97.973076
9076.000000	-270.511444	97.947639
9076.066667	-270.468079	97.934395
9076.133333	-270.462494	97.961647
9076.200000	-270.500183	98.012077
9076.266667	-270.532745	97.952095
9076.333333	-270.419067	98.021431
9076.400000	-270.382782	98.026497
9076.466667	-270.529266	97.999725
9076.533333	-270.441040	98.061333
9076.600000	-270.530212	97.960083
9076.666667	-270.520050	97.917633
9076.733333	-270.454010	97.996521
9076.800000	-270.496460	98.015762
9076.866667	-270.373352	97.919533
9076.933333	-270.482117	97.913963
9077.000000	-270.481476	97.869011
9077.066667	-270.481720	97.811409
9077.133333	-270.453094	97.845688
9077.200000	-270.376801	97.859467
9077.266667	-270.346313	97.862579
9077.333333	-270.375153	97.862762
9077.400000	-270.525024	97.979546
9077.466667	-270.536011	97.893753
9077.533333	-270.532471	97.942436
9077.600000	-270.476715	97.992935
9077.666667	-270.504761	97.969460
9077.733333	-270.362854	97.912445
9077.800000	-270.456787	98.075089
9077.866667	-270.412109	97.876953
9077.933333	-270.446045	97.882751
9078.000000	-270.562561	97.981255
9078.066667	-270.536072	97.996559
9078.133333	-270.455627	97.948669
9078.200000	-270.547272	97.992935
9078.266667	-270.546265	98.037331
9078.333333	-270.413879	97.929520
9078.400000	-270.501892	98.013794
9078.466667	-270.520721	98.001793
9078.533333	-270.584534	98.110046
9078.600000	-270.549286	98.031525
9078.666667	-270.403320	97.958939
9078.733333	-270.428589	97.947815
9078.800000	-270.477631	97.953072
9078.866667	-270.524292	97.928444
9078.933333	-270.565643	98.004578
9079.000000	-270.494751	97.896461
9079.066667	-270.395721	97.871185
9079.133333	-270.556915	97.907570
9079.200000	-270.558502	97.794350
9079.266667	-270.544739	97.957237
9079.333333	-270.587036	97.926918
9079.400000	-270.528442	97.927849
9079.466667	-270.416443	97.848289
9079.533333	-270.550079	97.922394
9079.600000	-270.633453	97.917519
9079.666667	-270.505341	97.938576
9079.733333	-270.634216	97.906181
9079.800000	-270.555756	97.894241
9079.866667	-270.514679	97.960548
9079.933333	-270.463593	97.923210
9080.000000	-270.524292	97.870514
9080.066667	-270.479797	97.937752
9080.133333	-270.694580	97.940178
9080.200000	-270.548737	97.971153
9080.266667	-270.624420	98.058578
9080.333333	-270.556641	97.820152
9080.400000	-270.522583	97.944633
9080.466667	-270.679169	98.088013
9080.533333	-270.682495	97.951012
9080.600000	-270.499451	97.957367
9080.666667	-270.673035	98.106049
9080.733333	-270.610596	98.026611
9080.800000	-270.512970	98.064926
9080.866667	-270.502411	97.974213
9080.933333	-270.596252	98.033905
9081.000000	-270.584930	97.974739
9081.066667	-270.580078	97.946777
9081.133333	-270.614502	97.948502
9081.200000	-270.491547	97.922661
9081.266667	-270.708923	97.979332
9081.333333	-270.472137	97.974426
9081.400000	-270.646545	97.920372
9081.466667	-270.545837	98.003738
9081.533333	-270.639984	97.893005
9081.600000	-270.559875	97.875954
9081.666667	-270.475433	97.874954
9081.733333	-270.566650	97.813499
9081.800000	-270.535736	97.864326
9081.866667	-270.625671	97.845535
9081.933333	-270.601410	97.996788
9082.000000	-270.587036	97.926918
9082.066667	-270.601807	97.931770
9082.133333	-270.657562	97.939896
9082.200000	-270.682007	97.981255
9082.266667	-270.684509	97.914589
9082.333333	-270.589386	97.964943
9082.400000	-270.693207	98.014389
9082.466667	-270.753784	97.881836
9082.533333	-270.524323	97.945686
9082.600000	-270.856262	98.062767
9082.666667	-270.677460	98.030151
9082.733333	-270.633057	98.062447
9082.800000	-270.571106	98.018791
9082.866667	-270.650513	98.038574
9082.933333	-270.704407	97.954376
9083.000000	-270.636139	97.986374
9083.066667	-270.634613	98.011848
9083.133333	-270.727905	97.966339
9083.200000	-270.566315	97.829803
9083.266667	-270.630707	97.924339
9083.333333	-270.732544	97.981529
9083.400000	-270.606232	97.923798
9083.466667	-270.717957	97.950111
9083.533333	-270.714539	97.904221
9083.600000	-270.642761	97.994904
9083.666667	-270.734467	97.976440
9083.733333	-270.782135	97.871368
9083.800000	-270.757355	97.901031
9083.866667	-270.707947	97.858383
9083.933333	-270.557129	97.840317
9084.000000	-270.556915	97.768410
9084.066667	-270.743805	97.962059
9084.133333	-270.730011	97.949570
9084.200000	-270.747955	97.879532
9084.266667	-270.568054	97.965714
9084.333333	-270.833618	98.065903
9084.400000	-270.683380	97.943336
9084.466667	-270.836395	97.958458
9084.533333	-270.787231	97.949898
9084.600000	-270.872223	97.981445
9084.666667	-270.898743	97.966644
9084.733333	-270.908569	98.071037
9084.800000	-270.696594	97.958206
9084.866667	-270.870331	97.962067
9084.933333	-270.929901	97.957993
9085.000000	-270.701111	98.034996
9085.066667	-270.892639	97.988022
9085.133333	-270.914886	97.960663
9085.200000	-270.954285	98.032318
9085.266667	-270.944489	97.962692
9085.333333	-270.925964	97.899353
9085.400000	-271.099854	98.057579
9085.466667	-270.867523	97.811836
9085.533333	-270.769440	97.958115
9085.600000	-270.679932	97.812515
9085.666667	-270.918976	97.903030
9085.733333	-270.809265	97.822647
9085.800000	-270.848511	97.953644
9085.866667	-270.742188	97.848549
9085.933333	-270.945831	97.973991
9086.000000	-270.707520	97.792725
9086.066667	-270.827820	97.879776
9086.133333	-270.902313	97.904221
9086.200000	-270.861176	97.958710
9086.266667	-270.749542	97.846664
9086.333333	-271.082489	97.951637
9086.400000	-270.844086	98.011963
9086.466667	-270.810364	97.909256
9086.533333	-271.063843	97.863892
9086.600000	-270.803986	97.912430
9086.666667	-271.130341	97.951164
9086.733333	-270.914001	97.972351
9086.800000	-270.894684	97.893753
9086.866667	-271.047119	97.948837
9086.933333	-270.947021	97.854378
9087.000000	-271.077820	97.991486
9087.066667	-271.116943	98.065514
9087.133333	-271.022095	97.860039
9087.200000	-270.996216	97.961220
9087.266667	-271.187012	97.981361
9087.333333	-270.942078	97.889549
9087.400000	-271.125610	98.029022
9087.466667	-271.048431	97.832787
9087.533333	-270.983368	97.859528
9087.600000	-271.071899	97.941010
9087.666667	-271.063782	97.915794
9087.733333	-270.933289	97.889984
9087.800000	-271.105103	97.910629
9087.866667	-271.075989	97.818428
9087.933333	-270.956573	97.737976
9088.000000	-271.037109	97.807007
9088.066667	-270.960907	97.913429
9088.133333	-270.868378	97.827393
9088.200000	-271.113617	97.848778
9088.266667	-271.214630	97.915649
9088.333333	-271.244415	97.921822
9088.400000	-271.316956	98.064522
9088.466667	-271.075439	97.832443
9088.533333	-271.056122	97.866295
9088.600000	-271.189789	98.003662
9088.666667	-271.243256	97.929115
9088.733333	-271.231934	97.953812
9088.800000	-271.227203	97.945168
9088.866667	-271.138458	97.989693
9088.933333	-271.216766	98.033730
9089.000000	-271.178802	97.948669
9089.066667	-271.264130	97.964851
9089.133333	-271.226196	97.883415
9089.200000	-271.204102	97.956192
9089.266667	-271.249695	97.948502
9089.333333	-271.175903	97.908913
9089.400000	-271.334167	97.974586
9089.466667	-271.234680	97.952614
9089.533333	-271.173096	97.894646
9089.600000	-271.237640	97.968163
9089.666667	-271.222443	97.879471
9089.733333	-271.149475	97.935188
9089.800000	-271.290802	97.923279
9089.866667	-271.150787	97.896591
9089.933333	-271.315094	97.947639
9090.000000	-271.293976	97.841957
9090.066667	-271.308929	97.919014
9090.133333	-271.218475	97.893349
9090.200000	-271.287415	97.787796
9090.266667	-271.301361	97.917633
9090.333333	-271.325348	97.863892
9090.400000	-271.254852	97.821121
9090.466667	-271.232605	97.862305
9090.533333	-271.318237	97.920410
9090.600000	-271.218201	97.784157
9090.666667	-271.279541	97.902542
9090.733333	-271.333893	97.936287
9090.800000	-271.320923	97.913193
9090.866667	-271.440002	97.885185
9090.933333	-271.317352	97.969528
9091.000000	-271.458252	97.947151
9091.066667	-271.453705	97.924789
9091.133333	-271.346069	97.865875
9091.200000	-271.465393	97.923798
9091.266667	-271.348755	97.950417
9091.333333	-271.381500	97.899689
9091.400000	-271.382324	97.932953
9091.466667	-271.238708	97.852936
9091.533333	-271.272461	97.824059
9091.600000	-271.345703	97.909592
9091.666667	-271.309357	97.873405
9091.733333	-271.343750	97.919167
9091.800000	-271.394714	97.859558
9091.866667	-271.364502	97.855026
9091.933333	-271.549133	97.840691
9092.000000	-271.368927	97.892433
9092.066667	-271.451080	97.826286
9092.133333	-271.445801	97.774971
9092.200000	-271.450165	97.951660
9092.266667	-271.346741	97.892120
9092.333333	-271.346497	97.791084
9092.400000	-271.416046	97.881653
9092.466667	-271.494171	97.934395
9092.533333	-271.349548	97.793556
9092.600000	-271.377686	97.846878
9092.666667	-271.612366	97.871552
9092.733333	-271.373871	97.834747
9092.800000	-271.532623	97.872459
9092.866667	-271.456604	97.878517
9092.933333	-271.314301	97.815201
9093.000000	-271.408112	97.832443
9093.066667	-271.313965	97.881966
9093.133333	-271.544037	97.867447
9093.200000	-271.460327	97.859528
9093.266667	-271.537506	98.052368
9093.333333	-271.547119	97.894409
9093.400000	-271.615265	97.863525
9093.466667	-271.478455	97.927322
9093.533333	-271.584167	97.891243
9093.600000	-271.529236	97.912918
9093.666667	-271.599579	97.861885
9093.733333	-271.446777	97.840919
9093.800000	-271.606018	97.924606
9093.866667	-271.619080	97.820892
9093.933333	-271.624359	97.945877
9094.000000	-271.742462	97.891373
9094.066667	-271.790833	97.931984
9094.133333	-271.492432	97.845383
9094.200000	-271.617889	97.805740
9094.266667	-271.675964	97.862076
9094.333333	-271.626068	97.732681
9094.400000	-271.704376	97.900719
9094.466667	-271.774414	97.865768
9094.533333	-271.570007	97.895729
9094.600000	-271.597748	97.818199
9094.666667	-271.651794	97.880119
9094.733333	-271.581329	97.887451
9094.800000	-271.737457	97.878410
9094.866667	-271.724762	97.953667
9094.933333	-271.774689	97.902023
9095.000000	-271.787933	97.847588
9095.066667	-271.699127	97.884727
9095.133333	-271.932190	97.884727
9095.200000	-271.719086	97.918724
9095.266667	-271.881470	97.961647
9095.333333	-271.551880	97.775734
9095.400000	-271.908844	97.945244
9095.466667	-271.642578	97.878883
9095.533333	-271.861237	97.924065
9095.600000	-271.869354	97.957108
9095.666667	-271.644409	97.781036
9095.733333	-271.762726	97.918022
9095.800000	-271.988159	97.979805
9095.866667	-271.721893	97.893486
9095.933333	-271.662537	97.767464
9096.000000	-271.783020	97.791084
9096.133333	-271.722473	97.852760
9096.200000	-271.889984	97.919533
9096.266667	-271.911377	97.843422
9096.333333	-271.860535	97.821770
9096.400000	-271.804932	97.895454
9096.466667	-272.044495	97.799515
9096.533333	-271.802582	97.850990
9096.600000	-271.756836	97.779251
9096.666667	-271.930908	97.950539
9096.733333	-271.981201	97.893288
9096.800000	-271.845703	97.859444
9096.866667	-271.936554	97.852821
9096.933333	-271.705902	97.786156
9097.000000	-271.899139	97.848740
9097.066667	-271.891663	97.854996
9097.133333	-271.931732	97.923172
9097.200000	-271.936554	97.871185
9097.266667	-271.917114	97.925217
9097.333333	-272.045074	97.996384
9097.400000	-271.994019	97.906921
9097.466667	-271.986633	97.937958
9097.533333	-272.042877	97.862114
9097.600000	-272.045929	97.917824
9097.666667	-271.836731	97.903152
9097.733333	-272.045166	97.817841
9097.800000	-271.957947	97.866692
9097.866667	-272.002686	97.981316
9097.933333	-272.039368	97.841537
9098.000000	-271.988464	97.918427
9098.066667	-271.955841	97.834160
9098.133333	-272.030518	97.881836
9098.200000	-272.042908	97.781433
9098.266667	-271.954132	97.816925
9098.333333	-271.973785	97.875946
9098.400000	-271.995209	97.725975
9098.466667	-271.972137	97.750694
9098.533333	-272.128693	97.829803
9098.600000	-271.933044	97.788422
9098.666667	-272.078430	97.792725
9098.733333	-271.935638	97.730362
9098.800000	-272.111847	97.881203
9098.866667	-272.035278	97.910294
9098.933333	-272.134705	97.883751
9099.000000	-272.089050	97.849098
9099.066667	-272.024780	97.900307
9099.133333	-272.099609	97.834160
9099.200000	-271.988892	97.820389
9099.266667	-272.125397	97.844635
9099.333333	-272.075928	97.891663
9099.400000	-272.062775	97.872650
9099.466667	-272.106110	97.895836
9099.533333	-272.164490	97.875481
9099.600000	-272.091553	98.005478
9099.666667	-272.182312	97.828514
9099.733333	-271.940338	97.832756
9099.800000	-272.117920	97.933243
9099.866667	-272.120300	97.901062
9099.933333	-272.175751	97.857269
9100.000000	-272.234131	97.877441
9100.066667	-272.066864	97.837410
9100.133333	-271.969574	97.677200
9100.200000	-271.969574	97.677200
9100.266667	-272.097595	97.784721
9100.333333	-271.925781	97.781631
9100.400000	-272.106842	97.804405
9100.466667	-272.209198	97.863892
9100.533333	-272.137543	97.751396
9100.600000	-272.133636	97.805084
9100.666667	-272.148560	97.776031
9100.733333	-272.131989	97.777061
9100.800000	-272.199432	97.734627
9100.866667	-272.241425	97.805519
9100.933333	-272.241425	97.805519
9101.000000	-272.200012	97.811928
9101.066667	-272.118286	97.818657
9101.133333	-272.223328	97.834595
9101.200000	-272.232849	97.826225
9101.266667	-272.175751	97.822845
9101.333333	-272.203583	97.816711
9101.400000	-272.340027	97.989937
9101.466667	-272.340027	97.989937
9101.533333	-272.346497	97.908562
9101.600000	-272.261932	97.845383
9101.666667	-272.138519	97.884895
9101.733333	-272.258423	97.871552
9101.800000	-272.366425	97.847343
9101.866667	-272.366425	97.847343
9101.933333	-272.149292	97.880592
9102.000000	-272.333221	97.841568
9102.066667	-272.290710	97.725914
9102.133333	-272.506927	97.850990
9102.200000	-272.259003	97.762489
9102.266667	-272.259003	97.762489
9102.333333	-272.191986	97.688950
9102.400000	-272.575256	97.778381
9102.466667	-272.360352	97.810013
9102.533333	-272.408264	97.808426
9102.600000	-272.351685	97.716644
9102.666667	-272.351685	97.716644
9102.733333	-272.334717	97.725975
9102.800000	-272.349609	97.805634
9102.866667	-272.420868	97.699356
9102.933333	-272.281921	97.659790
9103.000000	-272.506256	97.657600
9103.066667	-272.346893	97.798538
9103.133333	-272.346893	97.798538
9103.200000	-272.368103	97.674477
9103.266667	-272.532104	97.874718
9103.333333	-272.531006	97.815033
9103.400000	-272.692474	97.894325
9103.466667	-272.543091	97.843956
9103.533333	-272.543091	97.843956
9103.600000	-272.579254	97.802742
9103.666667	-272.669159	97.863808
9103.733333	-272.688049	97.851662
9103.800000	-272.584991	97.869675
9103.866667	-272.656006	97.876205
9103.933333	-272.656006	97.876205
9104.000000	-272.553040	97.754341
9104.066667	-272.662872	97.912682
9104.133333	-272.554779	97.787003
9104.200000	-272.487061	97.805847
9104.266667	-272.777161	97.854996
9104.333333	-272.690979	97.776932
9104.400000	-272.690979	97.776932
9104.466667	-272.604187	97.729744
9104.533333	-272.754547	97.741760
9104.600000	-272.723419	97.829033
9104.666667	-272.687775	97.811089
9104.733333	-272.702911	97.815315
9104.800000	-272.702911	97.815315
9104.866667	-272.680298	97.762329
9104.933333	-272.752411	97.793579
9105.000000	-272.857239	97.845535
9105.066667	-272.693878	97.733337
9105.133333	-272.791351	97.810478
9105.200000	-272.791351	97.810478
9105.266667	-272.764282	97.754669
9105.333333	-272.887970	97.782906
9105.400000	-272.851379	97.792725
9105.466667	-272.712311	97.738976
9105.533333	-272.737427	97.729767
9105.600000	-272.958374	97.795372
9105.666667	-272.958374	97.795372
9105.733333	-272.765411	97.772751
9105.800000	-272.810638	97.813499
9105.866667	-272.900848	97.820389
9105.933333	-272.924713	97.801788
9106.000000	-272.798279	97.783737
9106.066667	-272.798279	97.783737
9106.133333	-272.923065	97.808380
9106.200000	-272.940155	97.856148
9106.266667	-272.967224	97.743065
9106.333333	-272.944611	97.756859
9106.400000	-273.010254	97.839066
9106.466667	-273.010254	97.839066
9106.533333	-272.894409	97.749687
9106.600000	-272.865875	97.737274
9106.666667	-273.111633	97.842667
9106.733333	-272.890442	97.736664
9106.800000	-273.002380	97.718102
9106.866667	-273.002380	97.718102
9106.933333	-272.928192	97.714302
9107.000000	-272.898346	97.597427
9107.066667	-272.969940	97.677559
9107.133333	-272.967560	97.821121
9107.200000	-273.181152	97.764366
9107.266667	-273.088257	97.710762
9107.333333	-273.080688	97.682304
9107.400000	-272.977386	97.761436
9107.466667	-272.993042	97.671165
9107.533333	-272.920258	97.683342
9107.600000	-273.108429	97.784157
9107.666667	-272.995758	97.695900
9107.733333	-273.118195	97.688309
9107.800000	-273.023132	97.698425
9107.866667	-273.280762	97.747253
9107.933333	-273.102020	97.765060
9108.000000	-273.169098	97.875717
9108.066667	-273.133453	97.807755
9108.133333	-273.082977	97.728699
9108.200000	-273.136566	97.766312
9108.266667	-273.244934	97.747208
9108.333333	-273.430603	97.784973
9108.400000	-273.190674	97.733139
9108.466667	-273.302673	97.853340
9108.533333	-273.140991	97.756088
9108.600000	-273.284149	97.807877
9108.666667	-273.339722	97.748940
9108.733333	-273.299866	97.667816
9108.800000	-273.238678	97.728172
9108.866667	-273.417969	97.738930
9108.933333	-273.360291	97.690292
9109.000000	-273.380127	97.678215
9109.066667	-273.332794	97.763763
9109.133333	-273.115448	97.696320
9109.200000	-273.346252	97.667610
9109.266667	-273.300323	97.689384
9109.333333	-273.425446	97.674812
9109.400000	-273.408539	97.830093
9109.466667	-273.289062	97.683960
9109.533333	-273.229370	97.727608
9109.600000	-273.398926	97.784378
9109.666667	-273.534058	97.741852
9109.733333	-273.612488	97.752312
9109.800000	-273.445740	97.676201
9109.866667	-273.416962	97.815758
9109.933333	-273.516724	97.741417
9110.000000	-273.556824	97.806557
9110.066667	-273.584473	97.778893
9110.133333	-273.474762	97.807755
9110.200000	-273.602081	97.796844
9110.266667	-273.493286	97.789139
9110.333333	-273.563110	97.699669
9110.400000	-273.454376	97.747063
9110.466667	-273.511139	97.719032
9110.533333	-273.622498	97.808426
9110.600000	-273.552277	97.700180
9110.666667	-273.697327	97.728172
9110.733333	-273.631561	97.736862
9110.800000	-273.652679	97.719269
9110.866667	-273.622650	97.703346
9110.933333	-273.548523	97.808563
9111.000000	-273.588226	97.686050
9111.066667	-273.693329	97.652954
9111.133333	-273.677216	97.659859
9111.200000	-273.616821	97.732048
9111.266667	-273.728699	97.748940
9111.333333	-273.585876	97.651962
9111.400000	-273.740814	97.734879
9111.466667	-273.750763	97.688583
9111.533333	-273.602814	97.729828
9111.600000	-273.659851	97.678963
9111.666667	-273.617218	97.643700
9111.733333	-273.669647	97.557869
9111.800000	-273.683044	97.683792
9111.866667	-273.701752	97.743889
9111.933333	-273.900085	97.703026
9112.000000	-273.774170	97.676529
9112.066667	-273.701599	97.728729
9112.133333	-273.781219	97.687553
9112.200000	-273.784424	97.624222
9112.266667	-273.866943	97.783081
9112.333333	-273.829773	97.719154
9112.400000	-273.829559	97.796036
9112.466667	-274.021759	97.808006
9112.533333	-273.812958	97.710442
9112.600000	-273.833099	97.752312
9112.666667	-273.927216	97.744308
9112.733333	-274.150635	97.751343
9112.800000	-273.824768	97.688187
9112.866667	-273.846222	97.627327
9112.933333	-274.053009	97.629517
9113.000000	-274.032806	97.566528
9113.066667	-274.080261	97.760597
9113.133333	-274.002655	97.548416
9113.200000	-273.916443	97.526031
9113.266667	-274.095520	97.626495
9113.333333	-274.005066	97.620407
9113.400000	-274.057159	97.619728
9113.466667	-274.094238	97.637802
9113.533333	-274.096252	97.581169
9113.600000	-274.077820	97.590691
9113.666667	-274.118835	97.570816
9113.733333	-274.107971	97.682678
9113.800000	-274.134186	97.641357
9113.866667	-274.049896	97.686302
9113.933333	-273.874451	97.643631
9114.000000	-274.303741	97.502251
9114.066667	-274.137573	97.561867
9114.133333	-274.113647	97.735023
9114.200000	-274.353607	97.757286
9114.266667	-274.336578	97.725327
9114.333333	-274.182404	97.543510
9114.400000	-274.398041	97.793564
9114.466667	-274.238373	97.691757
9114.533333	-274.404053	97.806679
9114.600000	-274.186432	97.602486
9114.666667	-274.317810	97.749214
9114.733333	-274.159119	97.568787
9114.800000	-274.307404	97.644447
9114.866667	-274.417053	97.741486
9114.933333	-274.197235	97.576477
9115.000000	-274.358032	97.705017
9115.066667	-274.469055	97.692093
9115.133333	-274.447083	97.746216
9115.200000	-274.394714	97.646019
9115.266667	-274.445129	97.696754
9115.333333	-274.400574	97.560020
9115.400000	-274.348328	97.523544
9115.466667	-274.577942	97.736618
9115.533333	-274.542358	97.535103
9115.600000	-274.500366	97.539360
9115.666667	-274.538147	97.544716
9115.733333	-274.492554	97.570023
9115.800000	-274.532715	97.572479
9115.866667	-274.623169	97.571922
9115.933333	-274.352753	97.597450
9116.000000	-274.703369	97.708221
9116.066667	-274.681610	97.614494
9116.133333	-274.680481	97.681946
9116.200000	-274.451263	97.645615
9116.266667	-274.521820	97.609177
9116.333333	-274.812592	97.723625
9116.400000	-274.682800	97.625122
9116.466667	-274.675049	97.696739
9116.533333	-274.747833	97.684052
9116.600000	-274.720581	97.556404
9116.666667	-274.758698	97.705185
9116.733333	-274.563782	97.612602
9116.800000	-274.821259	97.600746
9116.866667	-274.967377	97.706947
9116.933333	-274.833893	97.623390
9117.000000	-274.803314	97.624527
9117.066667	-274.973083	97.560341
9117.133333	-275.014069	97.595642
9117.200000	-274.885529	97.570938
9117.266667	-275.101654	97.579346
9117.333333	-275.016724	97.503510
9117.400000	-274.986511	97.500580
9117.466667	-274.849548	97.489395
9117.533333	-275.117310	97.555481
9117.600000	-274.920898	97.558662
9117.666667	-275.134399	97.519234
9117.733333	-275.077118	97.574348
9117.800000	-275.104065	97.465073
9117.866667	-274.976471	97.510216
9117.933333	-274.979889	97.545143
9118.000000	-275.029083	97.571892
9118.066667	-275.203796	97.605812
9118.133333	-275.054016	97.574348
9118.200000	-275.265778	97.689682
9118.266667	-275.091217	97.589096
9118.333333	-275.143555	97.629860
9118.400000	-275.246521	97.605865
9118.466667	-275.198730	97.673164
9118.533333	-275.252808	97.576897
9118.600000	-275.217133	97.532913
9118.666667	-275.240845	97.561539
9118.733333	-275.457520	97.689499
9118.800000	-275.248749	97.654884
9118.866667	-275.093842	97.537041
9118.933333	-275.271545	97.553093
9119.000000	-275.389282	97.582008
9119.066667	-275.184998	97.554764
9119.133333	-275.435699	97.551544
9119.200000	-275.321503	97.550003
9119.266667	-275.473969	97.532478
9119.333333	-275.359131	97.529678
9119.400000	-275.383453	97.464005
9119.466667	-275.428802	97.554520
9119.533333	-275.499054	97.576797
9119.600000	-275.272003	97.472092
9119.666667	-275.294708	97.471100
9119.733333	-275.460938	97.515472
9119.800000	-275.598816	97.519585
9119.866667	-275.360291	97.489876
9119.933333	-275.659698	97.511131
9120.000000	-275.650635	97.491875
