15960.066667	-316.765106	96.082741
15960.133333	-316.727020	96.163239
15960.200000	-316.727020	96.163239
15960.266667	-316.673553	96.068657
15960.333333	-316.798096	96.035965
15960.400000	-316.544464	96.096825
15960.466667	-316.575409	96.047493
15960.533333	-316.660156	96.091553
15960.600000	-316.497894	96.054756
15960.666667	-316.782715	96.089104
15960.733333	-316.478363	96.083466
15960.800000	-316.560547	96.089348
15960.866667	-316.458710	96.064407
15960.933333	-316.446442	96.035446
15961.000000	-316.525665	96.075699
15961.066667	-316.525665	96.075699
15961.133333	-316.472900	96.042664
15961.200000	-316.392212	96.012161
15961.266667	-316.514191	96.018539
15961.333333	-316.231110	96.151428
15961.400000	-316.237366	96.106621
15961.466667	-316.282684	96.047432
15961.533333	-316.278107	96.214417
15961.600000	-316.270844	96.095589
15961.666667	-316.089417	96.139618
15961.733333	-316.206177	96.066513
15961.800000	-316.258087	96.171936
15961.866667	-316.290070	96.076340
15961.933333	-316.180023	96.111656
15962.066667	-316.121704	96.174973
15962.133333	-316.383911	96.278152
15962.200000	-316.178802	96.196030
15962.266667	-316.107849	96.162552
15962.333333	-316.107849	96.162552
15962.400000	-316.067749	96.257530
15962.466667	-316.092834	96.203835
15962.533333	-316.057281	96.163361
15962.600000	-316.069397	96.084198
15962.733333	-316.039764	96.147873
15962.800000	-315.887787	96.106903
15962.866667	-315.999451	96.125916
15963.000000	-315.949554	96.161552
15963.066667	-315.922333	96.013115
15963.133333	-315.922333	96.013115
15963.200000	-315.904419	96.090271
15963.266667	-315.851868	96.019730
15963.333333	-315.878326	96.167458
15963.400000	-315.570343	96.152328
15963.466667	-315.749329	96.130173
15963.533333	-315.716156	96.153664
15963.600000	-315.716156	96.153664
15963.666667	-315.795868	96.159233
15963.733333	-315.969727	96.110397
15963.800000	-315.570831	96.203835
15963.866667	-315.758453	96.280418
15963.933333	-315.797485	96.304123
15964.000000	-315.797485	96.304123
15964.066667	-315.601135	96.220200
15964.133333	-315.700317	96.152725
15964.200000	-315.462769	96.185562
15964.266667	-315.388763	96.210838
15964.333333	-315.657135	96.262192
15964.400000	-315.657135	96.262192
15964.466667	-315.605591	96.273323
15964.533333	-315.492432	96.058891
15964.600000	-315.429321	96.243530
15964.666667	-315.357330	96.199959
15964.733333	-315.384064	96.106903
15964.800000	-315.384064	96.106903
15964.866667	-315.383942	96.086189
15964.933333	-315.405426	96.194824
15965.000000	-315.412994	96.216904
15965.066667	-315.395111	96.163239
15965.133333	-315.338440	96.244751
15965.200000	-315.396179	96.192963
15965.266667	-315.396179	96.192963
15965.333333	-315.243652	96.170158
15965.400000	-315.344360	96.126350
15965.466667	-315.283966	96.247047
15965.533333	-315.255859	96.226135
15965.600000	-315.303802	96.218269
15965.666667	-315.130615	96.163239
15965.733333	-315.315125	96.325462
15965.800000	-315.117432	96.185562
15965.866667	-315.185455	96.212059
15965.933333	-315.392029	96.222824
15966.000000	-315.155701	96.277702
15966.066667	-314.987244	96.251846
15966.133333	-315.241241	96.350578
15966.266667	-314.927246	96.187241
15966.333333	-315.106049	96.220474
15966.400000	-315.047607	96.197098
15966.466667	-314.982056	96.156197
15966.600000	-315.063324	96.270523
15966.666667	-314.898346	96.183174
15966.733333	-314.837769	96.361237
15966.800000	-314.936859	96.150688
15966.866667	-314.776367	96.285736
15966.933333	-314.983521	96.207146
15967.000000	-314.927277	96.233795
15967.066667	-314.852936	96.216949
15967.133333	-314.964325	96.236694
15967.200000	-314.806671	96.244720
15967.266667	-314.863190	96.232285
15967.333333	-314.863190	96.232285
15967.400000	-314.829895	96.309685
15967.466667	-314.769287	96.248253
15967.533333	-314.745667	96.224640
15967.600000	-314.752930	96.273598
15967.666667	-314.787933	96.256927
15967.733333	-314.769928	96.284607
15967.800000	-314.767578	96.240013
15967.866667	-314.812683	96.245949
15967.933333	-314.737762	96.304123
15968.000000	-314.752747	96.264786
15968.066667	-314.805847	96.324120
15968.133333	-314.690521	96.322693
15968.200000	-314.759735	96.259567
15968.266667	-314.755127	96.349800
15968.333333	-314.637970	96.289864
15968.400000	-314.683197	96.351929
15968.466667	-314.696442	96.276024
15968.533333	-314.634857	96.273323
15968.600000	-314.521332	96.234085
15968.666667	-314.602325	96.282738
15968.733333	-314.739227	96.330002
15968.800000	-314.490692	96.219620
15968.866667	-314.498322	96.246010
15968.933333	-314.352112	96.232971
15969.000000	-314.495514	96.259163
15969.133333	-314.454620	96.206245
15969.200000	-314.509094	96.182076
15969.266667	-314.393677	96.317299
15969.333333	-314.480957	96.313835
15969.400000	-314.313507	96.242409
15969.466667	-314.420563	96.329857
15969.533333	-314.310059	96.250854
15969.666667	-314.397766	96.339775
15969.733333	-314.464508	96.344513
15969.800000	-314.281433	96.360199
15969.866667	-314.226166	96.316582
15970.000000	-314.311371	96.327209
15970.066667	-314.363831	96.394928
15970.133333	-314.321289	96.253212
15970.200000	-314.171356	96.277565
15970.266667	-314.258209	96.338593
15970.333333	-314.326691	96.349266
15970.400000	-314.107941	96.388184
15970.466667	-314.283142	96.327827
15970.533333	-314.034058	96.298515
15970.600000	-314.106506	96.368675
15970.666667	-314.280304	96.348724
15970.733333	-314.044617	96.279915
15970.800000	-314.008301	96.311249
15970.866667	-314.021637	96.292847
15970.933333	-314.184418	96.374565
15971.000000	-314.172607	96.397713
15971.066667	-314.010132	96.267441
15971.133333	-313.960297	96.341614
15971.200000	-314.110260	96.280861
15971.266667	-314.123444	96.340355
15971.333333	-314.096313	96.292801
15971.400000	-313.966370	96.415924
15971.466667	-314.021149	96.267738
15971.533333	-313.991425	96.308083
15971.600000	-314.028625	96.320526
15971.666667	-313.863281	96.277847
15971.733333	-313.937042	96.354019
15971.800000	-313.907440	96.278290
15971.866667	-313.835632	96.233971
15971.933333	-313.857178	96.313950
15972.000000	-313.971100	96.309685
15972.066667	-313.773468	96.355896
15972.133333	-313.762268	96.348000
15972.200000	-313.909790	96.248375
15972.266667	-313.826782	96.288033
15972.333333	-313.802551	96.285820
15972.400000	-313.737762	96.461235
15972.466667	-313.887115	96.345451
15972.533333	-313.865723	96.439629
15972.666667	-313.898865	96.300774
15972.733333	-313.936584	96.378960
15972.800000	-313.846466	96.338402
15972.866667	-313.685181	96.325508
15972.933333	-313.631927	96.345764
15973.000000	-313.678864	96.328995
15973.066667	-313.725403	96.289299
15973.133333	-313.777069	96.442047
15973.200000	-313.737457	96.382530
15973.266667	-313.788757	96.402199
15973.400000	-313.587555	96.276756
15973.466667	-313.630920	96.295898
15973.533333	-313.542175	96.476402
15973.600000	-313.542175	96.476402
15973.666667	-313.555023	96.321671
15973.733333	-313.463165	96.321220
15973.800000	-313.466705	96.326202
15973.866667	-313.352173	96.322166
15973.933333	-313.392914	96.232841
15974.000000	-313.336670	96.404274
15974.066667	-313.527100	96.337990
15974.133333	-313.448853	96.404053
15974.200000	-313.370178	96.362801
15974.266667	-313.354340	96.334518
15974.333333	-313.484192	96.420441
15974.400000	-313.346802	96.459961
15974.466667	-313.389313	96.419167
15974.533333	-313.317017	96.586502
15974.600000	-313.292328	96.407951
15974.666667	-313.294403	96.390312
15974.733333	-313.368073	96.381523
15974.800000	-313.373047	96.373444
15974.866667	-313.201324	96.328926
15974.933333	-313.301086	96.587509
15975.000000	-313.380402	96.510719
15975.066667	-313.407501	96.420944
15975.133333	-313.141327	96.327568
15975.200000	-313.162842	96.352982
15975.266667	-313.210083	96.444771
15975.333333	-313.170044	96.357796
15975.400000	-313.200775	96.326523
15975.466667	-313.093475	96.432571
15975.533333	-313.238220	96.321968
15975.600000	-313.201691	96.319969
15975.666667	-313.010468	96.363411
15975.733333	-313.117157	96.340355
15975.800000	-313.189484	96.441818
15975.866667	-313.190125	96.439568
15975.933333	-313.164948	96.354187
15976.000000	-312.912964	96.382530
15976.066667	-313.166138	96.375511
15976.133333	-313.166138	96.375511
15976.200000	-312.977478	96.518715
15976.333333	-313.051208	96.425003
15976.400000	-312.980499	96.492508
15976.466667	-312.847137	96.396027
15976.600000	-313.124268	96.517563
15976.666667	-312.963165	96.528595
15976.733333	-312.922180	96.490433
15976.800000	-312.863495	96.526917
15976.866667	-312.810608	96.414665
15976.933333	-312.810608	96.414665
15977.000000	-312.860718	96.547485
15977.066667	-312.960175	96.451263
15977.133333	-312.813904	96.482048
15977.200000	-312.845734	96.595833
15977.266667	-312.849915	96.490601
15977.333333	-312.851990	96.509796
15977.400000	-312.815002	96.419472
15977.466667	-313.002533	96.411865
15977.533333	-312.845856	96.363068
15977.600000	-312.820740	96.453415
15977.666667	-312.705261	96.320305
15977.733333	-312.773651	96.475685
15977.800000	-312.671204	96.400642
15977.866667	-312.682343	96.386765
15977.933333	-312.673981	96.468887
15978.000000	-312.770721	96.524780
15978.066667	-312.584198	96.462692
15978.133333	-312.626404	96.397514
15978.200000	-312.505341	96.465012
15978.266667	-312.641510	96.423012
15978.333333	-312.611176	96.501335
15978.400000	-312.440491	96.429916
15978.466667	-312.527222	96.444580
15978.533333	-312.370117	96.451523
15978.600000	-312.748932	96.514641
15978.666667	-312.524048	96.462540
15978.733333	-312.581696	96.480980
15978.800000	-312.540344	96.568542
15978.866667	-312.495087	96.531639
15978.933333	-312.460449	96.515686
15979.000000	-312.358215	96.540131
15979.066667	-312.446960	96.557114
15979.133333	-312.341827	96.599190
15979.200000	-312.323486	96.541451
15979.266667	-312.390228	96.506088
15979.333333	-312.086029	96.577805
15979.400000	-312.497925	96.439629
15979.466667	-312.392578	96.387283
15979.533333	-312.342194	96.508720
15979.600000	-312.342194	96.508720
15979.666667	-312.510925	96.533401
15979.733333	-312.522095	96.452072
15979.800000	-312.347229	96.468842
15979.866667	-312.200592	96.473267
15979.933333	-312.350861	96.515617
15980.066667	-312.328796	96.571999
15980.133333	-312.245789	96.403709
15980.200000	-312.271667	96.567131
15980.266667	-312.139923	96.481583
15980.333333	-312.265869	96.510948
15980.400000	-312.125671	96.384781
15980.466667	-312.110168	96.526917
15980.533333	-312.110168	96.526917
15980.600000	-311.969666	96.525093
15980.666667	-312.059174	96.576904
15980.733333	-312.230316	96.502945
15980.800000	-312.060181	96.513618
15980.866667	-312.109833	96.491829
15980.933333	-312.055206	96.527466
15981.000000	-311.959717	96.444672
15981.066667	-311.827301	96.512138
15981.133333	-312.050171	96.605080
15981.200000	-311.989471	96.584167
15981.266667	-311.920319	96.479713
15981.333333	-311.787628	96.550034
15981.400000	-311.892487	96.498459
15981.466667	-311.853271	96.611221
15981.533333	-311.738037	96.621025
15981.600000	-311.712646	96.554321
15981.666667	-311.822632	96.544762
15981.733333	-311.722229	96.461090
15981.800000	-311.878082	96.617920
15981.866667	-311.682495	96.467957
15981.933333	-311.938141	96.612160
15982.000000	-311.827087	96.468071
15982.066667	-311.687958	96.470039
15982.133333	-311.678619	96.516121
15982.200000	-311.624207	96.542374
15982.266667	-311.689301	96.572983
15982.333333	-311.685425	96.504211
15982.400000	-311.577515	96.512688
15982.466667	-311.618958	96.451347
15982.533333	-311.520508	96.523506
15982.600000	-311.552856	96.487007
15982.666667	-311.672638	96.639145
15982.733333	-311.643341	96.513680
15982.800000	-311.519135	96.619438
15982.866667	-311.424530	96.548187
15982.933333	-311.605072	96.685814
15983.000000	-311.514130	96.588623
15983.066667	-311.623260	96.600761
15983.133333	-311.535522	96.575325
15983.266667	-311.558594	96.582115
15983.333333	-311.408508	96.600494
15983.400000	-311.378448	96.591194
15983.466667	-311.486237	96.561218
15983.600000	-311.415192	96.557892
15983.666667	-311.328979	96.552017
15983.733333	-311.420654	96.610443
15983.800000	-311.397186	96.725235
15983.933333	-311.259979	96.627350
15984.000000	-311.350525	96.602463
15984.066667	-311.350525	96.602463
15984.133333	-311.228180	96.594063
15984.200000	-311.238739	96.637917
15984.266667	-311.126099	96.478333
15984.333333	-311.145172	96.596375
15984.400000	-310.920349	96.572731
15984.466667	-311.192596	96.596657
15984.533333	-311.169952	96.559105
15984.600000	-311.037537	96.528168
15984.666667	-311.048950	96.537048
15984.733333	-311.107300	96.601212
15984.800000	-311.024139	96.683426
15984.866667	-310.995514	96.603836
15984.933333	-311.067566	96.634438
15985.000000	-310.844330	96.632050
15985.066667	-310.906494	96.543251
15985.133333	-310.867798	96.689545
15985.200000	-310.914978	96.692940
15985.266667	-311.081512	96.757538
15985.333333	-310.825928	96.734917
15985.400000	-310.853149	96.660240
15985.466667	-310.862396	96.586868
15985.533333	-310.871948	96.649330
15985.600000	-310.682251	96.647560
15985.666667	-310.792236	96.685814
15985.733333	-310.780334	96.707039
15985.800000	-310.748138	96.689270
15985.866667	-310.685089	96.696983
15985.933333	-310.660095	96.586143
15986.000000	-310.728119	96.699463
15986.066667	-310.472290	96.568581
15986.133333	-310.610504	96.662292
15986.200000	-310.557251	96.671982
15986.266667	-310.680267	96.764336
15986.333333	-310.680267	96.764336
15986.400000	-310.541626	96.705673
15986.466667	-310.607849	96.715630
15986.533333	-310.419281	96.667137
15986.600000	-310.411926	96.623474
15986.733333	-310.431519	96.723976
15986.800000	-310.486206	96.681030
15986.866667	-310.366058	96.706703
15986.933333	-310.380554	96.751862
15987.000000	-310.531525	96.696198
15987.066667	-310.220520	96.737846
15987.133333	-310.240326	96.701912
15987.200000	-310.347687	96.772835
15987.266667	-310.225616	96.735474
15987.333333	-310.225616	96.735474
15987.400000	-310.201721	96.721672
15987.466667	-310.294891	96.788567
15987.533333	-310.269958	96.698486
15987.600000	-310.161072	96.618874
15987.666667	-310.184723	96.709007
15987.733333	-310.189972	96.610634
15987.800000	-310.094055	96.799652
15987.866667	-310.127655	96.740181
15987.933333	-310.013702	96.724609
15988.000000	-309.965118	96.649269
15988.066667	-310.119293	96.832069
15988.133333	-310.142456	96.769829
15988.200000	-310.052673	96.775757
15988.266667	-309.805054	96.674782
15988.333333	-309.922211	96.750473
15988.400000	-309.992279	96.668114
15988.466667	-309.933319	96.761147
15988.533333	-309.991821	96.640274
15988.600000	-309.876831	96.761932
15988.666667	-309.852661	96.731239
15988.733333	-309.856659	96.783226
15988.800000	-309.797546	96.827026
15988.866667	-309.689911	96.743309
15988.933333	-309.603607	96.721199
15989.000000	-309.766693	96.813286
15989.066667	-309.669617	96.734184
15989.200000	-309.782990	96.826881
15989.266667	-309.612000	96.759148
15989.333333	-309.612213	96.728210
15989.400000	-309.572052	96.778488
15989.466667	-309.517548	96.767448
15989.533333	-309.480835	96.807098
15989.600000	-309.329865	96.724686
15989.733333	-309.439911	96.806671
15989.800000	-309.282013	96.801003
15989.866667	-309.375031	96.763199
15989.933333	-309.209839	96.861580
15990.000000	-309.274109	96.800568
15990.066667	-309.211395	96.751862
15990.133333	-309.184753	96.822060
15990.200000	-309.362793	96.765648
15990.266667	-309.362793	96.765648
15990.333333	-309.146545	96.770889
15990.400000	-309.134155	96.664864
15990.466667	-309.085663	96.809860
15990.533333	-309.094238	96.836212
15990.600000	-309.168915	96.762321
15990.666667	-309.207184	96.712112
15990.733333	-309.070740	96.770813
15990.800000	-309.037476	96.796028
15990.866667	-309.002319	96.895325
15990.933333	-309.039673	96.860558
15991.000000	-309.001251	96.804489
15991.066667	-309.029419	96.856346
15991.133333	-308.915863	96.876114
15991.200000	-308.721588	96.767448
15991.266667	-308.981384	96.877899
15991.333333	-308.800659	96.783066
15991.400000	-308.767975	96.751709
15991.466667	-308.928741	96.950623
15991.533333	-308.756317	96.839005
15991.600000	-308.872345	96.878517
15991.666667	-308.720032	96.865517
15991.733333	-308.548157	96.839279
15991.800000	-308.598969	96.923721
15991.866667	-308.649628	96.917038
15991.933333	-308.870087	96.885277
15992.000000	-308.532654	96.752586
15992.066667	-308.585297	96.928261
15992.133333	-308.512115	96.866730
15992.200000	-308.482788	96.839371
15992.266667	-308.466248	96.897682
15992.333333	-308.758575	96.796310
15992.400000	-308.503174	96.816833
15992.533333	-308.435883	96.822075
15992.600000	-308.471680	96.896019
15992.666667	-308.314331	96.746559
15992.733333	-308.331329	96.901443
15992.866667	-308.152985	96.894897
15992.933333	-308.175079	96.812599
15993.000000	-308.374084	96.896942
15993.066667	-308.163208	96.943283
15993.133333	-308.030945	96.762230
15993.200000	-308.030945	96.762230
15993.266667	-308.327637	96.992867
15993.333333	-308.148102	96.882683
15993.400000	-308.148285	96.871422
15993.466667	-307.992981	96.870041
15993.533333	-308.014282	96.996887
15993.600000	-308.063416	96.964668
15993.666667	-307.923767	96.985245
15993.733333	-307.960510	96.833870
15993.800000	-307.842438	97.051689
15993.866667	-307.961243	96.983673
15993.933333	-307.894867	97.049431
15994.000000	-307.991577	96.930748
15994.066667	-307.897217	96.912079
15994.133333	-307.848114	96.983429
15994.200000	-307.777344	96.965103
15994.266667	-307.784698	96.900978
15994.333333	-307.832520	96.893806
15994.400000	-307.897064	96.970314
15994.466667	-307.687744	96.877403
15994.533333	-307.659790	96.815674
15994.600000	-307.577911	96.984093
15994.666667	-307.700928	96.940666
15994.733333	-307.793976	96.991165
15994.800000	-307.669952	96.970024
15994.866667	-307.713104	97.035286
15994.933333	-307.493011	96.977486
15995.000000	-307.584747	96.984238
15995.066667	-307.507324	96.932732
15995.133333	-307.456329	96.972229
15995.200000	-307.378143	97.004730
15995.266667	-307.599030	97.000519
15995.400000	-307.349243	96.968536
15995.466667	-307.313538	96.937233
15995.533333	-307.312561	97.031197
15995.600000	-307.279877	97.011292
15995.733333	-307.294922	97.011040
15995.800000	-307.188263	97.021645
15995.866667	-307.131714	97.055061
15995.933333	-307.044067	97.007431
15996.000000	-307.179962	97.039894
15996.066667	-307.266754	97.012115
15996.133333	-307.176239	96.945801
15996.200000	-307.134491	97.003601
15996.266667	-307.131805	97.027237
15996.333333	-307.127228	96.981674
15996.400000	-307.007538	96.977051
15996.466667	-306.959564	97.022850
15996.533333	-306.918701	97.045433
15996.600000	-306.928741	97.010864
15996.666667	-306.928741	97.010864
15996.733333	-306.778900	97.049065
15996.800000	-307.069275	97.007690
15996.866667	-306.885498	97.061295
15996.933333	-306.819275	97.027458
15997.000000	-306.932404	97.074654
15997.066667	-306.932404	97.074654
15997.133333	-306.878632	97.109718
15997.200000	-306.714874	97.015846
15997.266667	-306.733185	97.015877
15997.333333	-306.601624	96.976631
15997.400000	-306.790955	96.998413
15997.466667	-306.678284	97.081032
15997.533333	-306.678284	97.081032
15997.600000	-306.541687	97.084984
15997.666667	-306.501251	97.090179
15997.733333	-306.744568	97.117256
15997.800000	-306.606964	97.111450
15997.866667	-306.620239	97.061554
15997.933333	-306.558716	97.132332
15998.000000	-306.508026	97.119011
15998.066667	-306.456390	97.103424
15998.133333	-306.426849	97.102776
15998.200000	-306.307678	97.111824
15998.266667	-306.312988	97.099785
15998.333333	-306.305695	97.143707
15998.400000	-306.484680	97.163361
15998.466667	-306.354950	97.033203
15998.533333	-306.390472	97.131645
15998.666667	-306.158997	96.998764
15998.733333	-306.262909	97.072441
15998.800000	-306.262512	97.104599
15998.866667	-306.225159	97.067444
15998.933333	-306.102783	97.074348
15999.066667	-306.168213	97.059624
15999.133333	-306.107269	97.038574
15999.200000	-306.313660	97.146004
15999.266667	-306.091339	97.092789
15999.333333	-306.100891	97.047173
15999.400000	-306.065155	97.204643
15999.466667	-306.054718	97.149712
15999.533333	-305.997620	97.234116
15999.600000	-306.163544	97.081917
15999.666667	-306.034668	97.206993
15999.733333	-305.823639	97.133842
15999.800000	-305.911835	97.247444
15999.866667	-305.813293	97.142868
15999.933333	-305.896027	97.190262
16000.000000	-306.001740	97.084412
16000.066667	-305.859528	97.265816
16000.133333	-305.771698	97.130714
16000.200000	-305.965363	97.226028
16000.266667	-305.744049	97.214081
16000.333333	-305.765839	97.146049
16000.400000	-305.813995	97.151680
16000.466667	-305.813995	97.151680
16000.533333	-305.791901	97.190392
16000.600000	-305.796051	97.204079
16000.666667	-305.776489	97.261978
16000.733333	-305.556671	97.135742
16000.800000	-305.599304	97.178711
16000.866667	-305.599304	97.178711
16000.933333	-305.522064	97.169777
16001.000000	-305.641846	97.118370
16001.066667	-305.531952	97.064232
16001.133333	-305.555267	97.209244
16001.200000	-305.518646	97.130989
16001.266667	-305.509552	97.169266
16001.333333	-305.614288	97.087204
16001.400000	-305.529938	97.132393
16001.466667	-305.670380	97.148727
16001.533333	-305.355133	97.200516
16001.600000	-305.354706	97.135742
16001.733333	-305.568817	97.165665
16001.800000	-305.427826	97.232903
16001.866667	-305.374084	97.227814
16002.000000	-305.426086	97.250992
16002.066667	-305.371643	97.223373
16002.133333	-305.215271	97.248543
16002.200000	-305.404785	97.176102
16002.266667	-305.112366	97.264801
16002.333333	-305.381989	97.260185
16002.400000	-305.289429	97.256180
16002.466667	-305.260956	97.279549
16002.533333	-305.263672	97.184113
16002.600000	-305.138794	97.249557
16002.666667	-305.121338	97.261024
16002.733333	-305.201630	97.253113
16002.800000	-305.261169	97.199203
16002.866667	-305.202209	97.225525
16002.933333	-305.193268	97.174049
16003.000000	-305.193268	97.174049
16003.066667	-305.229248	97.298378
16003.133333	-305.067291	97.255348
16003.200000	-304.969116	97.126701
16003.266667	-305.102509	97.273056
16003.333333	-305.001617	97.301842
16003.400000	-305.001617	97.301842
16003.466667	-305.025482	97.337585
16003.533333	-304.948090	97.209320
16003.600000	-305.003937	97.200386
16003.666667	-304.879578	97.198341
16003.733333	-304.839539	97.168472
16003.800000	-305.000458	97.256546
16003.866667	-304.879486	97.287811
16003.933333	-304.972748	97.332375
16004.000000	-304.833771	97.335434
16004.133333	-304.977081	97.236259
16004.200000	-304.967773	97.326790
16004.266667	-304.844940	97.144920
16004.333333	-304.690613	97.342583
16004.400000	-304.711731	97.267830
16004.466667	-304.669586	97.297844
16004.533333	-304.723083	97.328697
16004.600000	-304.728790	97.279434
16004.666667	-304.644379	97.285545
16004.733333	-304.766785	97.344696
16004.800000	-304.636841	97.238792
16004.933333	-304.536865	97.267105
16005.000000	-304.663269	97.361465
16005.066667	-304.555878	97.285309
16005.133333	-304.639496	97.340080
16005.200000	-304.592194	97.265762
16005.266667	-304.554993	97.262924
16005.333333	-304.559875	97.355492
16005.400000	-304.528137	97.116119
16005.466667	-304.810669	97.430679
16005.533333	-304.455383	97.273056
16005.600000	-304.584534	97.293564
16005.666667	-304.470154	97.336182
16005.733333	-304.535156	97.230438
16005.800000	-304.483521	97.288757
16005.866667	-304.323395	97.339325
16005.933333	-304.390350	97.317398
16006.000000	-304.494629	97.277588
16006.066667	-304.435272	97.245247
16006.133333	-304.381378	97.330055
16006.200000	-304.408844	97.353050
16006.266667	-304.356567	97.296188
16006.333333	-304.353607	97.348892
16006.400000	-304.400024	97.315514
16006.466667	-304.326965	97.366692
16006.533333	-304.331360	97.349274
16006.600000	-304.309235	97.378098
16006.666667	-304.352386	97.341660
16006.733333	-304.244019	97.275192
16006.800000	-304.308838	97.307434
16006.866667	-304.102081	97.322769
16006.933333	-304.247162	97.308014
16007.000000	-304.316956	97.254280
16007.066667	-304.238647	97.147224
16007.133333	-304.211823	97.347214
16007.266667	-303.983551	97.257072
16007.333333	-304.155518	97.241005
16007.400000	-304.139191	97.223511
16007.466667	-304.205963	97.379448
16007.533333	-304.009613	97.247856
16007.600000	-303.939667	97.289238
16007.666667	-304.162750	97.285889
16007.800000	-304.009979	97.308601
16007.866667	-304.014679	97.344025
16007.933333	-303.968903	97.254250
16008.000000	-303.863220	97.392029
16008.066667	-303.879333	97.273056
16008.133333	-303.942017	97.202385
16008.200000	-303.945709	97.302063
16008.266667	-303.945709	97.302063
16008.333333	-304.045807	97.366692
16008.400000	-304.086823	97.425140
16008.466667	-303.972839	97.377411
16008.533333	-304.113159	97.368973
16008.600000	-303.983551	97.343140
16008.666667	-304.069244	97.351959
16008.733333	-303.858276	97.280937
16008.800000	-303.831696	97.387817
16008.866667	-303.816559	97.384422
16008.933333	-303.735443	97.354958
16009.000000	-303.863220	97.365761
16009.066667	-303.886536	97.300430
16009.133333	-303.784729	97.383125
16009.200000	-303.797974	97.370667
16009.266667	-303.807556	97.297279
16009.333333	-303.836426	97.334457
16009.400000	-303.822296	97.345566
16009.466667	-303.622314	97.344078
16009.533333	-303.569824	97.328918
16009.600000	-303.605927	97.316322
16009.666667	-303.895874	97.244438
16009.733333	-303.768280	97.271545
16009.800000	-303.632233	97.279434
16009.866667	-303.689667	97.346489
16009.933333	-303.749420	97.437294
16010.000000	-303.700592	97.367638
16010.066667	-303.711334	97.346489
16010.133333	-303.613739	97.327736
16010.266667	-303.507843	97.373146
16010.333333	-303.628143	97.397591
16010.400000	-303.537811	97.370842
16010.533333	-303.364929	97.276321
16010.600000	-303.525146	97.311569
16010.666667	-303.453857	97.349586
16010.800000	-303.452454	97.382645
16010.866667	-303.487640	97.415352
16010.933333	-303.554169	97.374725
16011.000000	-303.474548	97.303757
16011.066667	-303.312469	97.316994
16011.133333	-303.422333	97.338440
16011.200000	-303.422333	97.338440
16011.266667	-303.430939	97.413353
16011.333333	-303.420258	97.425873
16011.400000	-303.406830	97.249329
16011.466667	-303.449066	97.356155
16011.533333	-303.500092	97.323097
16011.600000	-303.312347	97.415108
16011.666667	-303.179138	97.298622
16011.733333	-303.369720	97.425873
16011.800000	-303.460510	97.404282
16011.866667	-303.297302	97.448456
16011.933333	-303.277740	97.354958
16012.000000	-303.181641	97.366692
16012.066667	-303.339264	97.431404
16012.133333	-303.329315	97.436890
16012.200000	-303.220154	97.496765
16012.266667	-303.191711	97.351295
16012.333333	-303.177734	97.450645
16012.400000	-303.327911	97.447006
16012.466667	-303.087952	97.392357
16012.533333	-303.171448	97.435875
16012.600000	-303.054535	97.406639
16012.666667	-303.211243	97.507942
16012.733333	-303.183838	97.394424
16012.800000	-303.289673	97.433762
16012.866667	-303.143951	97.410324
16012.933333	-303.225220	97.335228
16013.000000	-303.137177	97.421188
16013.066667	-303.103790	97.418991
16013.133333	-303.007141	97.318695
16013.200000	-303.042999	97.417999
16013.266667	-303.131836	97.409172
16013.333333	-303.070557	97.499763
16013.400000	-303.086578	97.344025
16013.466667	-303.039642	97.330185
16013.533333	-303.109314	97.373344
16013.600000	-303.046265	97.460411
16013.666667	-302.912537	97.407700
16013.800000	-303.080811	97.456512
16013.866667	-302.939575	97.347328
16013.933333	-303.027130	97.422157
16014.066667	-303.000946	97.372543
16014.133333	-303.146545	97.399696
16014.200000	-302.933990	97.383080
16014.333333	-302.981018	97.394730
16014.400000	-302.946777	97.474670
16014.466667	-303.072418	97.424316
16014.533333	-302.977295	97.352608
16014.600000	-302.892120	97.382790
16014.666667	-302.964996	97.417381
16014.733333	-302.866974	97.401901
16014.800000	-302.987091	97.373558
16014.866667	-302.942535	97.393616
16014.933333	-302.909454	97.489128
16015.000000	-302.866974	97.427994
16015.066667	-302.783813	97.492149
16015.133333	-302.862030	97.510269
16015.200000	-302.845581	97.392357
16015.266667	-302.887848	97.425140
16015.333333	-302.878845	97.373344
16015.400000	-302.774109	97.386169
16015.466667	-302.835449	97.391914
16015.533333	-302.905945	97.424919
16015.600000	-302.682434	97.309738
16015.666667	-302.767792	97.391258
16015.733333	-302.598663	97.428757
16015.800000	-302.792236	97.368050
16015.866667	-302.765045	97.426941
16015.933333	-302.668762	97.321129
16016.000000	-302.784302	97.400703
16016.066667	-302.816437	97.433090
16016.133333	-302.705383	97.432747
16016.200000	-302.624054	97.429489
16016.266667	-302.754364	97.382904
16016.333333	-302.651794	97.383911
16016.400000	-302.660248	97.390190
16016.466667	-302.699982	97.485435
16016.533333	-302.738678	97.475624
16016.600000	-302.663635	97.478043
16016.666667	-302.600708	97.482887
16016.733333	-302.523743	97.230331
16016.800000	-302.665100	97.453545
16016.866667	-302.619446	97.514282
16016.933333	-302.606537	97.454391
16017.000000	-302.609558	97.459549
16017.066667	-302.543030	97.514572
16017.133333	-302.685425	97.434471
16017.200000	-302.539795	97.372948
16017.266667	-302.458527	97.460587
16017.400000	-302.594513	97.472977
16017.466667	-302.616364	97.403145
16017.533333	-302.796326	97.379845
16017.600000	-302.666412	97.529915
16017.733333	-302.443573	97.469170
16017.800000	-302.544220	97.393898
16017.866667	-302.511200	97.362640
16017.933333	-302.421204	97.450485
16018.000000	-302.421204	97.450485
16018.066667	-302.430939	97.399338
16018.133333	-302.535370	97.388969
16018.200000	-302.528625	97.414330
16018.266667	-302.376862	97.465195
16018.333333	-302.533997	97.407784
16018.400000	-302.439270	97.418495
16018.466667	-302.446198	97.443672
16018.533333	-302.511322	97.423691
16018.600000	-302.463135	97.544754
16018.666667	-302.558563	97.467583
16018.733333	-302.493652	97.466087
16018.800000	-302.396851	97.535744
16018.866667	-302.392578	97.401985
16018.933333	-302.391418	97.488770
16019.000000	-302.450623	97.381218
16019.066667	-302.488770	97.455544
16019.133333	-302.481995	97.503418
16019.200000	-302.333252	97.532951
16019.266667	-302.463531	97.569107
16019.333333	-302.457886	97.456261
16019.400000	-302.374939	97.433434
16019.466667	-302.394165	97.438118
16019.533333	-302.281403	97.400810
16019.600000	-302.539612	97.446922
16019.666667	-302.298279	97.513283
16019.733333	-302.382233	97.496765
16019.800000	-302.470276	97.432419
16019.866667	-302.319489	97.422157
16019.933333	-302.355438	97.521126
16020.000000	-302.328796	97.457214
