3120.066667	-376.514496	85.954407
3120.133333	-376.299957	85.847534
3120.200000	-376.437531	85.968117
3120.266667	-376.437927	85.927971
3120.333333	-376.180267	85.997993
3120.400000	-376.245636	85.932571
3120.466667	-376.194000	85.933441
3120.533333	-376.206604	86.011177
3120.600000	-376.117188	85.852821
3120.666667	-376.053650	85.961891
3120.733333	-376.081116	85.885674
3120.800000	-375.906555	85.881645
3120.866667	-375.967834	85.907280
3120.933333	-375.631256	85.912781
3121.000000	-375.728088	85.772453
3121.066667	-375.674957	85.865280
3121.133333	-375.575775	85.839424
3121.200000	-375.596436	85.845535
3121.266667	-375.608215	85.881058
3121.333333	-375.453247	85.778793
3121.400000	-375.494293	85.920868
3121.466667	-375.439789	85.899956
3121.533333	-375.395569	85.864082
3121.600000	-375.290344	85.900826
3121.666667	-375.124237	85.921341
3121.733333	-375.041229	85.911705
3121.800000	-375.425354	86.038025
3121.866667	-375.201447	85.996796
3121.933333	-375.113617	85.870964
3122.000000	-375.104645	86.029213
3122.066667	-375.190308	86.099701
3122.133333	-374.994995	85.985100
3122.200000	-374.982086	86.065628
3122.266667	-374.688507	86.091881
3122.333333	-374.879669	86.206749
3122.400000	-374.892303	86.193214
3122.466667	-374.658020	86.151390
3122.533333	-374.540863	86.043587
3122.600000	-374.403473	85.968513
3122.666667	-374.629974	86.119301
3122.733333	-374.651733	86.173088
3122.800000	-374.498840	86.065735
3122.866667	-374.426025	86.118744
3122.933333	-374.369659	86.103821
3123.000000	-374.228577	86.035461
3123.066667	-374.206696	86.038162
3123.133333	-374.306183	86.149910
3123.200000	-374.122101	86.052994
3123.266667	-374.102417	85.954132
3123.333333	-373.923492	85.978729
3123.400000	-374.116730	85.964485
3123.466667	-374.013062	85.912491
3123.533333	-373.874664	86.056801
3123.600000	-373.861053	86.065765
3123.666667	-374.047272	86.135857
3123.733333	-373.852570	86.086349
3123.800000	-373.710846	85.972542
3123.866667	-373.663696	86.117691
3123.933333	-373.587830	86.166756
3124.000000	-373.680359	86.244499
3124.066667	-373.821777	86.306625
3124.133333	-373.672302	86.234871
3124.200000	-373.400421	86.161140
3124.266667	-373.615234	86.349258
3124.333333	-373.330658	86.184113
3124.400000	-373.270813	86.284439
3124.466667	-373.466034	86.350594
3124.533333	-373.274719	86.270607
3124.600000	-373.331879	86.366135
3124.666667	-373.144287	86.172455
3124.733333	-373.244171	86.369957
3124.800000	-373.156921	86.306625
3124.866667	-372.959778	86.229790
3124.933333	-373.010620	86.320801
3125.000000	-372.987366	86.211472
3125.066667	-372.901794	86.227318
3125.133333	-372.826324	86.256584
3125.200000	-372.716003	86.183266
3125.266667	-372.886963	86.236122
3125.333333	-372.882812	86.198547
3125.400000	-372.703094	86.230431
3125.466667	-372.593231	86.223145
3125.533333	-372.565704	86.215767
3125.600000	-372.513397	86.222527
3125.666667	-372.469391	86.197433
3125.733333	-372.468414	86.240562
3125.800000	-372.412720	86.178413
3125.866667	-372.378296	86.270279
3125.933333	-372.267181	86.279846
3126.000000	-372.378357	86.294731
3126.066667	-372.227875	86.271996
3126.133333	-372.196014	86.352432
3126.200000	-372.168732	86.308792
3126.266667	-372.177582	86.355659
3126.333333	-372.106750	86.500786
3126.400000	-372.095123	86.382225
3126.466667	-372.152588	86.513374
3126.533333	-372.073578	86.401237
3126.600000	-371.867004	86.427116
3126.666667	-371.964142	86.508148
3126.733333	-371.803467	86.371246
3126.800000	-371.865204	86.578354
3126.866667	-371.616913	86.517395
3126.933333	-371.657654	86.537735
3127.000000	-371.658905	86.428719
3127.066667	-371.539490	86.345116
3127.133333	-371.417328	86.513016
3127.200000	-371.361053	86.419701
3127.266667	-371.430847	86.329651
3127.333333	-371.424042	86.417015
3127.400000	-371.528351	86.436844
3127.466667	-371.372711	86.405052
3127.533333	-371.169708	86.348068
3127.600000	-371.134125	86.325790
3127.666667	-371.111847	86.408348
3127.733333	-371.244415	86.393715
3127.800000	-371.244415	86.393715
3127.866667	-370.936279	86.364716
3127.933333	-370.981995	86.446716
3128.000000	-370.981628	86.508636
3128.066667	-370.924591	86.510262
3128.133333	-370.987183	86.618034
3128.200000	-370.987183	86.618034
3128.266667	-370.789185	86.447746
3128.333333	-370.716797	86.490364
3128.400000	-370.672485	86.561081
3128.466667	-370.724182	86.624756
3128.533333	-370.750946	86.603821
3128.600000	-370.750946	86.603821
3128.666667	-370.695740	86.670479
3128.733333	-370.538239	86.638542
3128.800000	-370.432953	86.537346
3128.866667	-370.237549	86.611099
3128.933333	-370.145599	86.552773
3129.000000	-370.145599	86.552773
3129.066667	-370.288757	86.614128
3129.133333	-370.152039	86.681679
3129.200000	-369.990204	86.419159
3129.266667	-370.043213	86.499962
3129.333333	-369.913940	86.513466
3129.400000	-370.027466	86.511398
3129.466667	-370.027466	86.511398
3129.533333	-368.416473	86.366096
3129.600000	-369.947235	86.472824
3129.666667	-369.856873	86.531616
3129.733333	-369.828461	86.505653
3129.800000	-369.808136	86.581535
3129.866667	-369.808136	86.581535
3129.933333	-369.563385	86.419342
3130.000000	-369.469421	86.493973
3130.066667	-369.541901	86.568718
3130.133333	-369.353119	86.535263
3130.200000	-369.443878	86.601402
3130.266667	-369.443878	86.601402
3130.333333	-369.328094	86.589897
3130.400000	-369.421112	86.626068
3130.466667	-369.462982	86.654701
3130.533333	-369.331360	86.833549
3130.600000	-369.197571	86.650757
3130.666667	-369.089569	86.756065
3130.733333	-369.089569	86.756065
3130.800000	-369.068207	86.737373
3130.866667	-369.124695	86.875198
3130.933333	-368.986420	86.618484
3131.000000	-369.173950	86.871971
3131.066667	-368.998077	86.859741
3131.133333	-368.998077	86.859741
3131.200000	-368.919220	86.753403
3131.266667	-368.714111	86.726135
3131.333333	-368.825775	86.714035
3131.400000	-368.774841	86.667320
3131.466667	-368.661804	86.682770
3131.533333	-368.661804	86.682770
3131.600000	-368.731079	86.801674
3131.666667	-368.577209	86.612724
3131.733333	-368.496704	86.556610
3131.800000	-368.596558	86.690872
3131.866667	-368.494873	86.610176
3131.933333	-368.334717	86.648750
3132.000000	-368.334717	86.648750
3132.066667	-368.403503	86.733940
3132.133333	-368.340149	86.680710
3132.200000	-368.261536	86.675934
3132.266667	-368.252502	86.752121
3132.333333	-368.303314	86.822769
3132.400000	-368.303314	86.822769
3132.466667	-368.300537	86.877243
3132.533333	-368.153748	86.818176
3132.600000	-367.934418	86.829376
3132.666667	-368.027161	86.936279
3132.733333	-368.108948	86.834816
3132.800000	-368.108948	86.834816
3132.866667	-367.806458	86.924736
3132.933333	-367.697968	86.957726
3133.000000	-367.790680	86.987381
3133.066667	-367.706757	86.954369
3133.133333	-367.618744	86.909912
3133.200000	-367.618744	86.909912
3133.266667	-367.595123	86.935028
3133.333333	-367.518738	86.870789
3133.400000	-367.481171	86.905807
3133.466667	-367.482941	86.989784
3133.533333	-367.381714	86.819069
3133.600000	-367.405853	86.835419
3133.666667	-367.405853	86.835419
3133.733333	-367.230316	86.798889
3133.800000	-366.973816	86.761185
3133.866667	-367.294098	86.870659
3133.933333	-367.043854	86.719276
3134.000000	-366.996185	86.851555
3134.066667	-366.996185	86.851555
3134.133333	-367.006134	86.738976
3134.200000	-366.965424	86.851227
3134.266667	-366.817749	86.791000
3134.333333	-366.739624	86.817749
3134.400000	-366.831909	86.894844
3134.466667	-366.831909	86.894844
3134.533333	-366.715607	86.810234
3134.600000	-366.878632	86.936073
3134.666667	-366.801117	87.135208
3134.733333	-366.772491	87.106575
3134.800000	-366.551819	86.986855
3134.866667	-366.451660	86.965645
3134.933333	-366.524780	87.021393
3135.000000	-366.554596	87.019653
3135.066667	-366.386475	87.120880
3135.133333	-366.203247	87.106705
3135.200000	-366.358948	87.083153
3135.266667	-366.357483	87.070892
3135.333333	-366.377380	87.120079
3135.400000	-366.389069	87.047501
3135.466667	-366.114563	87.043877
3135.533333	-366.164917	87.112564
3135.600000	-366.084778	87.110413
3135.666667	-366.070404	86.961121
3135.733333	-366.070404	86.961121
3135.800000	-366.065582	87.044525
3135.866667	-365.979797	86.963181
3135.933333	-365.887543	86.937218
3136.000000	-365.840057	86.927864
3136.066667	-365.956085	86.964684
3136.133333	-365.879425	87.005638
3136.200000	-365.805573	86.937546
3136.266667	-365.746979	87.004265
3136.333333	-365.597443	87.017731
3136.400000	-365.764648	87.086334
3136.466667	-365.411072	86.918144
3136.533333	-365.568756	87.132584
3136.600000	-365.490448	86.993568
3136.666667	-365.476227	87.091171
3136.733333	-365.435699	87.064293
3136.800000	-365.468628	87.186134
3136.866667	-365.225861	87.193230
3136.933333	-365.309601	87.166893
3137.000000	-365.335510	87.273407
3137.066667	-365.234955	87.260696
3137.133333	-365.203369	87.167229
3137.200000	-365.224731	87.307014
3137.266667	-365.227081	87.214325
3137.333333	-365.223267	87.160599
3137.400000	-365.048492	87.233315
3137.466667	-364.937622	87.214821
3137.533333	-365.159515	87.214378
3137.600000	-365.029541	87.209549
3137.666667	-364.866058	87.204903
3137.733333	-364.984955	87.144737
3137.800000	-364.873474	87.153687
3137.866667	-364.767609	87.198318
3137.933333	-364.712036	87.183762
3138.000000	-364.613892	87.051300
3138.066667	-364.560638	87.088020
3138.133333	-364.514862	87.107574
3138.200000	-364.600311	87.140648
3138.266667	-364.570679	87.200386
3138.333333	-364.576874	87.333008
3138.400000	-364.543518	87.249756
3138.466667	-364.295502	87.165192
3138.533333	-364.145050	87.205452
3138.600000	-364.378418	87.154434
3138.666667	-364.181335	87.237129
3138.733333	-364.268890	87.373352
3138.800000	-364.148895	87.314453
3138.866667	-364.134247	87.285072
3138.933333	-364.210876	87.416534
3139.000000	-364.054749	87.379959
3139.066667	-364.175842	87.311874
3139.133333	-363.906647	87.287743
3139.200000	-363.918121	87.331696
3139.266667	-363.980682	87.421745
3139.333333	-363.947998	87.552841
3139.400000	-363.942657	87.427612
3139.466667	-363.887146	87.462318
3139.533333	-363.682922	87.336952
3139.600000	-363.779938	87.418098
3139.666667	-363.736176	87.364098
3139.733333	-363.744934	87.424301
3139.800000	-363.497864	87.268967
3139.866667	-363.476044	87.294746
3139.933333	-363.434204	87.347221
3140.000000	-363.244232	87.315079
3140.066667	-363.238251	87.205887
3140.133333	-363.196472	87.220535
3140.200000	-363.138885	87.168198
3140.266667	-363.154175	87.357773
3140.333333	-363.028137	87.146095
3140.400000	-363.208801	87.373291
3140.466667	-363.081329	87.342224
3140.533333	-362.991028	87.304276
3140.600000	-363.073822	87.428177
3140.666667	-362.785797	87.294037
3140.733333	-362.887878	87.303619
3140.800000	-362.716888	87.379364
3140.866667	-362.927734	87.475533
3140.933333	-362.719788	87.428680
3141.000000	-362.741333	87.444901
3141.066667	-362.701172	87.566589
3141.133333	-362.820129	87.601944
3141.200000	-362.608948	87.494469
3141.266667	-362.520325	87.498184
3141.333333	-362.427246	87.472771
3141.400000	-362.603058	87.493858
3141.466667	-362.536469	87.564415
3141.533333	-362.540131	87.565262
3141.600000	-362.517181	87.578690
3141.666667	-362.302612	87.404648
3141.733333	-362.376892	87.510757
3141.800000	-362.163300	87.428017
3141.866667	-362.082703	87.519432
3141.933333	-362.209473	87.551796
3142.000000	-362.124878	87.503777
3142.066667	-361.950378	87.460594
3142.133333	-361.949982	87.354462
3142.200000	-362.037933	87.518456
3142.266667	-361.998047	87.503685
3142.333333	-362.003082	87.494354
3142.400000	-361.929901	87.488014
3142.466667	-361.908966	87.448357
3142.533333	-361.868744	87.463081
3142.600000	-361.724182	87.474380
3142.666667	-361.661774	87.453491
3142.733333	-361.638458	87.446976
3142.800000	-361.524994	87.468040
3142.866667	-361.511536	87.427544
3142.933333	-361.724670	87.565353
3143.000000	-361.462128	87.525558
3143.066667	-361.376343	87.559319
3143.133333	-361.503601	87.613922
3143.200000	-361.590515	87.728882
3143.266667	-361.354340	87.810387
3143.333333	-361.333344	87.698280
3143.400000	-361.248627	87.677895
3143.466667	-361.282898	87.768959
3143.533333	-361.346405	87.814102
3143.600000	-361.079651	87.762733
3143.666667	-361.049500	87.694359
3143.733333	-361.011078	87.714737
3143.800000	-361.114441	87.771889
3143.866667	-360.794312	87.768181
3143.933333	-361.035431	87.653511
3144.000000	-361.016418	87.745796
3144.066667	-360.888275	87.659782
3144.133333	-360.687317	87.756599
3144.200000	-360.714478	87.662834
3144.266667	-360.617523	87.670280
3144.333333	-360.615662	87.672630
3144.400000	-360.636475	87.575592
3144.466667	-360.587524	87.642616
3144.533333	-360.645721	87.710419
3144.600000	-360.448853	87.571159
3144.666667	-360.493652	87.554878
3144.733333	-360.307037	87.632347
3144.800000	-360.420227	87.708488
3144.866667	-360.116394	87.632690
3144.933333	-360.507050	87.728691
3145.000000	-360.089569	87.626801
3145.066667	-360.237793	87.791649
3145.133333	-360.046722	87.749290
3145.200000	-360.096924	87.770157
3145.266667	-360.277069	87.729797
3145.333333	-359.953125	87.751572
3145.400000	-359.950806	87.691994
3145.466667	-360.007904	87.828316
3145.533333	-359.930634	87.828484
3145.600000	-359.639893	87.847740
3145.666667	-359.676300	87.817848
3145.733333	-359.633392	87.776260
3145.800000	-359.868500	87.969498
3145.866667	-359.524048	87.772209
3145.933333	-359.622711	87.836403
3146.000000	-359.574554	87.896545
3146.066667	-359.697845	88.014725
3146.133333	-359.469482	87.957741
3146.200000	-359.388489	87.837151
3146.266667	-359.417755	87.822777
3146.333333	-359.251190	87.704567
3146.400000	-359.096527	87.824097
3146.466667	-359.259125	87.713066
3146.533333	-359.207794	87.815590
3146.600000	-359.258057	87.766151
3146.666667	-359.140106	87.776695
3146.733333	-359.101807	87.835884
3146.800000	-358.955597	87.797981
3146.866667	-358.799225	87.668358
3146.933333	-358.618622	87.692200
3147.000000	-358.709137	87.759285
3147.066667	-358.749268	87.890717
3147.133333	-358.876587	87.905197
3147.200000	-358.639191	87.836220
3147.266667	-358.800537	87.994087
3147.333333	-358.821869	87.957802
3147.400000	-358.555054	87.999428
3147.466667	-358.501251	87.949783
3147.533333	-358.421967	88.034386
3147.600000	-358.516602	88.087456
3147.666667	-358.411835	88.094421
3147.733333	-358.337097	88.118515
3147.800000	-358.465424	88.089066
3147.866667	-358.212372	88.003571
3147.933333	-358.278320	88.104324
3148.000000	-358.272888	88.112244
3148.066667	-358.225403	88.178085
3148.133333	-358.048279	88.035080
3148.200000	-358.167389	88.040756
3148.266667	-358.075836	88.121361
3148.333333	-357.766785	88.027657
3148.400000	-357.683228	88.003410
3148.466667	-357.817474	88.091957
3148.533333	-357.698792	87.961723
3148.600000	-357.561615	87.983093
3148.666667	-357.610870	87.963371
3148.733333	-357.543457	87.895035
3148.800000	-357.510803	87.974251
3148.866667	-357.533600	87.930023
3148.933333	-357.404114	87.981842
3149.000000	-357.420654	88.044495
3149.066667	-357.384003	87.901085
3149.133333	-357.284973	87.925911
3149.200000	-357.285797	88.051277
3149.266667	-357.284332	88.012451
3149.333333	-357.269745	88.184464
3149.400000	-357.197021	88.107567
3149.466667	-357.245697	88.183548
3149.533333	-357.250916	88.201866
3149.600000	-357.073029	88.150047
3149.666667	-357.263916	88.178207
3149.733333	-356.947601	88.235954
3149.800000	-356.863190	88.167305
3149.866667	-356.895691	88.229088
3149.933333	-356.876068	88.245689
3150.000000	-356.866974	88.263855
3150.066667	-356.803101	88.193077
3150.133333	-356.775482	88.291336
3150.200000	-356.823059	88.241119
3150.266667	-356.706635	88.194588
3150.333333	-356.701385	88.233994
3150.400000	-356.411957	88.197525
3150.466667	-356.468994	88.099945
3150.533333	-356.466461	88.230270
3150.600000	-356.447632	88.122292
3150.666667	-356.258026	88.137032
3150.733333	-356.252716	88.048904
3150.800000	-356.145691	88.082428
3150.866667	-356.210876	88.126839
3150.933333	-356.056335	88.148735
3151.000000	-356.089935	88.106293
3151.066667	-356.037994	88.132515
3151.133333	-356.077606	88.196556
3151.200000	-355.886475	88.099876
3151.266667	-355.842529	88.203323
3151.333333	-355.818695	88.170105
3151.400000	-355.740295	88.215248
3151.533333	-355.764496	88.248009
3151.600000	-355.794586	88.289383
3151.666667	-355.624207	88.258202
3151.733333	-355.671204	88.306557
3151.800000	-355.600861	88.369385
3151.866667	-355.467438	88.359253
3151.933333	-355.544647	88.344078
3152.000000	-355.410370	88.434303
3152.066667	-355.508972	88.496246
3152.133333	-355.335785	88.454018
3152.200000	-355.403259	88.468193
3152.266667	-355.249359	88.457764
3152.333333	-355.087860	88.332809
3152.400000	-355.158844	88.456978
3152.466667	-355.146790	88.420921
3152.533333	-355.123108	88.376625
3152.600000	-354.824585	88.318512
3152.666667	-354.734497	88.311852
3152.733333	-354.817627	88.217712
3152.800000	-354.880951	88.234810
3152.866667	-354.746246	88.290611
3152.933333	-354.586334	88.194054
3153.000000	-354.699646	88.333817
3153.066667	-354.618500	88.248222
3153.133333	-354.547943	88.310577
3153.200000	-354.644592	88.289383
3153.266667	-354.462646	88.353645
3153.333333	-354.462677	88.444878
3153.400000	-354.402954	88.353340
3153.466667	-354.499207	88.471794
3153.533333	-354.311035	88.494247
3153.600000	-354.204895	88.452492
3153.666667	-354.314362	88.510742
3153.733333	-354.264343	88.619164
3153.800000	-353.978363	88.433907
3153.866667	-354.106079	88.619354
3153.933333	-353.903046	88.559036
3154.000000	-353.979553	88.553185
3154.066667	-354.031067	88.572739
3154.133333	-353.875183	88.555801
3154.200000	-353.681488	88.497574
3154.266667	-353.833527	88.635895
3154.333333	-353.789276	88.609474
3154.400000	-353.782867	88.513985
3154.466667	-353.686462	88.532127
3154.533333	-353.631226	88.593048
3154.600000	-353.633392	88.482368
3154.666667	-353.545990	88.487854
3154.733333	-353.453583	88.504097
3154.800000	-353.512756	88.407951
3154.866667	-353.555389	88.491783
3154.933333	-353.271393	88.480331
3155.000000	-353.224762	88.478790
3155.066667	-353.227234	88.473206
3155.133333	-353.349030	88.603600
3155.200000	-353.128876	88.552330
3155.266667	-353.190491	88.547974
3155.333333	-353.012512	88.540108
3155.400000	-352.943207	88.476753
3155.466667	-352.814392	88.535789
3155.533333	-353.062134	88.600174
3155.600000	-352.863831	88.580940
3155.666667	-352.729614	88.535263
3155.733333	-352.654694	88.598579
3155.800000	-352.641876	88.556511
3155.866667	-352.885834	88.784706
3155.933333	-352.539581	88.704529
3156.000000	-352.620361	88.634956
3156.066667	-352.703918	88.788048
3156.133333	-352.366821	88.721725
3156.200000	-352.586670	88.718513
3156.266667	-352.399414	88.715424
3156.333333	-352.434723	88.702690
3156.400000	-352.247437	88.734558
3156.466667	-352.197754	88.814796
3156.533333	-352.287476	88.767365
3156.600000	-352.189484	88.728104
3156.666667	-351.980042	88.687271
3156.733333	-352.037842	88.679245
3156.800000	-351.986847	88.713539
3156.866667	-351.889191	88.602699
3156.933333	-351.847809	88.587616
3157.000000	-351.895782	88.674385
3157.066667	-351.644989	88.602463
3157.133333	-351.715546	88.650986
3157.200000	-351.716614	88.593719
3157.266667	-351.647064	88.584335
3157.333333	-351.554138	88.549782
3157.400000	-351.616608	88.634766
3157.466667	-351.453278	88.529282
3157.533333	-351.544617	88.673615
3157.600000	-351.434387	88.688522
3157.666667	-351.367889	88.689919
3157.733333	-351.206085	88.704765
3157.800000	-351.340851	88.716682
3157.866667	-351.303070	88.805290
3157.933333	-351.076263	88.756210
3158.000000	-351.109589	88.693893
3158.066667	-351.221985	88.846939
3158.133333	-351.099731	88.789734
3158.200000	-351.051392	88.860077
3158.266667	-351.297974	88.990067
3158.333333	-351.047089	88.901543
3158.400000	-351.047607	88.900955
3158.466667	-350.747345	88.929970
3158.533333	-350.952576	88.986862
3158.600000	-350.727844	88.929245
3158.666667	-350.819122	89.004440
3158.733333	-350.783813	88.921539
3158.800000	-350.568939	88.882904
3158.866667	-350.649170	88.927315
3158.933333	-350.556061	88.913307
3159.000000	-350.389801	88.823685
3159.066667	-350.540070	88.927536
3159.133333	-350.454590	88.898979
3159.200000	-350.340759	88.892319
3159.266667	-350.300049	88.669403
3159.333333	-350.112122	88.722412
3159.400000	-350.436249	88.955231
3159.466667	-350.253357	88.839752
3159.533333	-350.047852	88.822098
3159.600000	-350.080353	88.758743
3159.666667	-349.946320	88.853134
3159.733333	-349.871552	88.787727
3159.800000	-349.900085	88.922112
3159.866667	-349.895630	88.932465
3159.933333	-349.845551	88.868462
3160.000000	-349.788483	88.939453
3160.066667	-349.807220	88.997398
3160.133333	-349.667847	88.981369
3160.200000	-349.495239	88.918030
3160.266667	-349.564209	89.074539
3160.333333	-349.677368	89.119003
3160.400000	-349.299835	89.007492
3160.466667	-349.408356	89.136284
3160.533333	-349.345398	89.147102
3160.600000	-349.375336	89.164131
3160.666667	-349.235199	89.081108
3160.733333	-349.281952	88.968407
3160.800000	-349.068817	89.064507
3160.866667	-349.079865	89.078522
3160.933333	-349.215393	89.066460
3161.000000	-349.043427	89.001328
3161.066667	-348.984711	89.074524
3161.133333	-348.897583	88.991112
3161.200000	-348.874786	88.997887
3161.266667	-348.931549	89.016182
3161.333333	-348.958008	88.954170
3161.400000	-348.880890	88.926796
3161.466667	-348.937042	89.043068
3161.533333	-348.814819	89.000267
3161.600000	-348.679352	89.075775
3161.666667	-348.529266	88.952873
3161.733333	-348.402527	88.922264
3161.800000	-348.545105	89.109200
3161.866667	-348.671112	89.085388
3161.933333	-348.410095	89.005981
3162.000000	-348.504425	89.105270
3162.066667	-348.210602	88.985260
3162.133333	-348.381683	89.103462
3162.200000	-348.215424	89.192978
3162.266667	-348.250427	89.132942
3162.333333	-348.211487	89.132202
3162.400000	-348.270813	89.112427
3162.466667	-348.034454	89.297424
3162.533333	-348.007355	89.227791
3162.600000	-347.967133	89.286858
3162.666667	-348.081787	89.338837
3162.733333	-347.896881	89.321892
3162.800000	-347.663177	89.237701
3162.866667	-347.804138	89.315941
3162.933333	-347.593109	89.191635
3163.000000	-347.593109	89.191635
3163.066667	-347.730682	89.190094
3163.133333	-347.651459	89.208511
3163.200000	-347.766998	89.191261
3163.266667	-347.544067	89.171730
3163.333333	-347.465576	89.173225
3163.400000	-347.465576	89.173225
3163.466667	-347.361328	89.211891
3163.533333	-347.506866	89.086166
3163.600000	-347.363922	89.212021
3163.666667	-347.337891	89.213875
3163.733333	-347.148468	89.202721
3163.800000	-347.245972	89.250801
3163.866667	-347.062256	89.159920
3163.933333	-347.123566	89.278282
3164.000000	-347.073120	89.167084
3164.066667	-347.128235	89.152740
3164.133333	-346.861847	89.236961
3164.200000	-346.861847	89.236961
3164.266667	-346.881195	89.295349
3164.333333	-346.973755	89.330261
3164.400000	-346.966614	89.267807
3164.466667	-346.779541	89.348824
3164.533333	-346.704895	89.337593
3164.600000	-346.810089	89.518974
3164.666667	-346.810089	89.518974
3164.733333	-346.819061	89.460304
3164.800000	-346.767700	89.488060
3164.866667	-346.351410	89.435417
3164.933333	-346.515442	89.505981
3165.000000	-346.402893	89.492477
3165.066667	-346.402893	89.492477
3165.133333	-346.174652	89.367989
3165.200000	-346.297211	89.445992
3165.266667	-346.245636	89.420326
3165.333333	-346.313080	89.414268
3165.400000	-346.332794	89.516739
3165.466667	-346.038239	89.338562
3165.533333	-345.994049	89.405693
3165.600000	-345.992371	89.426956
3165.666667	-345.887756	89.292198
3165.733333	-346.013275	89.351593
3165.800000	-345.881836	89.341774
3165.866667	-345.607849	89.232895
3165.933333	-345.607849	89.232895
3166.000000	-345.904938	89.420563
3166.066667	-345.551056	89.363831
3166.133333	-345.691467	89.415428
3166.200000	-345.430481	89.447502
3166.266667	-345.555237	89.478767
3166.333333	-345.555237	89.478767
3166.400000	-345.577454	89.486336
3166.466667	-345.433899	89.467194
3166.533333	-345.340637	89.501152
3166.600000	-345.315338	89.548164
3166.666667	-345.253571	89.526291
3166.733333	-345.253571	89.526291
3166.800000	-345.283936	89.626755
3166.866667	-345.185883	89.601105
3166.933333	-345.127930	89.494408
3167.000000	-345.036957	89.629570
3167.066667	-344.901367	89.591560
3167.133333	-344.955078	89.620476
3167.200000	-344.955078	89.620476
3167.266667	-344.824677	89.588928
3167.333333	-344.826813	89.556183
3167.400000	-344.570831	89.473671
3167.466667	-344.682129	89.497009
3167.533333	-344.816162	89.622444
3167.600000	-344.816162	89.622444
3167.666667	-344.579590	89.401054
3167.733333	-344.472137	89.497116
3167.800000	-344.398132	89.451424
3167.866667	-344.440002	89.494606
3167.933333	-344.534546	89.533287
3168.000000	-344.534546	89.533287
3168.066667	-344.388184	89.418396
3168.133333	-344.002869	89.503601
3168.200000	-344.249756	89.544571
3168.266667	-344.225433	89.604530
3168.333333	-344.086914	89.606178
3168.400000	-344.086914	89.606178
3168.466667	-343.956512	89.619354
3168.533333	-344.127899	89.580574
3168.600000	-343.849884	89.658783
3168.666667	-343.920532	89.736412
3168.733333	-343.859650	89.723587
3168.800000	-343.794037	89.819206
3168.866667	-343.794037	89.819206
3168.933333	-343.765900	89.820068
3169.000000	-343.734070	89.782700
3169.066667	-343.600372	89.659470
3169.133333	-343.587646	89.768921
3169.200000	-343.635162	89.834091
3169.266667	-343.635162	89.834091
3169.333333	-343.554169	89.735352
3169.400000	-343.422028	89.636017
3169.466667	-343.513123	89.734917
3169.533333	-343.292389	89.810692
3169.600000	-343.328278	89.713371
3169.666667	-343.328278	89.713371
3169.733333	-343.293732	89.730812
3169.800000	-343.203033	89.749832
3169.866667	-343.222626	89.708679
3169.933333	-342.951660	89.562965
3170.000000	-343.044739	89.659470
3170.066667	-342.900330	89.567024
3170.133333	-342.871307	89.661995
3170.200000	-342.811066	89.617928
3170.266667	-342.853516	89.664665
3170.333333	-342.799072	89.735748
3170.400000	-342.849365	89.771866
3170.466667	-342.709137	89.740097
3170.533333	-342.709137	89.740097
3170.600000	-342.622772	89.900101
3170.666667	-342.501312	89.794510
3170.733333	-342.509216	89.959656
3170.800000	-342.455261	89.885391
3170.866667	-342.632019	89.967316
3170.933333	-342.632019	89.967316
3171.000000	-342.286743	89.978691
3171.066667	-342.380676	89.964912
3171.133333	-342.352844	90.068573
3171.200000	-342.271027	89.888672
3171.266667	-342.156342	89.846436
3171.333333	-342.125336	89.996933
3171.400000	-342.069824	89.960983
3171.466667	-342.122375	89.889076
3171.533333	-341.988007	89.851791
3171.600000	-342.052704	89.800011
3171.666667	-341.984039	89.915497
3171.733333	-341.803741	89.893753
3171.800000	-341.842377	89.894707
3171.866667	-341.849792	89.904755
3171.933333	-341.710876	89.779053
3172.000000	-341.722748	89.952591
3172.066667	-341.505707	89.699219
3172.133333	-341.519562	89.795883
3172.200000	-341.442352	89.742455
3172.266667	-341.522522	89.889549
3172.333333	-341.366791	89.806046
3172.400000	-341.358704	89.769478
3172.466667	-341.367035	90.026733
3172.533333	-341.257721	89.980911
3172.600000	-341.369629	89.994904
3172.666667	-341.349243	89.968536
3172.733333	-341.186829	89.982216
3172.800000	-341.272247	90.049377
3172.866667	-341.178955	90.050743
3172.933333	-341.069092	89.987228
3173.000000	-341.208191	90.086761
3173.066667	-341.167450	90.106499
3173.133333	-340.920929	89.985680
3173.200000	-340.971222	90.167213
3173.266667	-340.725342	90.105125
3173.333333	-341.028809	90.120384
3173.400000	-340.795166	90.077126
3173.466667	-340.622070	90.031273
3173.533333	-340.644012	90.005455
3173.600000	-340.685974	90.013428
3173.666667	-340.626404	90.060043
3173.733333	-340.589233	89.996857
3173.800000	-340.489471	90.038071
3173.866667	-340.473206	90.021400
3173.933333	-340.429565	89.878319
3174.000000	-340.372528	89.908821
3174.066667	-340.363129	89.980911
3174.133333	-340.129364	89.905525
3174.200000	-340.142731	89.941681
3174.266667	-340.116150	89.914978
3174.333333	-340.172089	89.925644
3174.400000	-339.938812	89.888924
3174.466667	-339.884491	89.971344
3174.533333	-339.942780	89.996361
3174.600000	-339.985016	90.183182
3174.666667	-339.735962	90.078934
3174.733333	-339.950073	90.157608
3174.800000	-339.973602	90.102539
3174.866667	-339.676941	90.037788
3174.933333	-339.775909	90.187469
3175.000000	-339.742157	90.307999
3175.066667	-339.615540	90.080635
3175.133333	-339.669739	90.213326
3175.200000	-339.696075	90.244392
3175.266667	-339.478729	90.182587
3175.333333	-339.307800	90.103722
3175.400000	-339.402893	90.288353
3175.466667	-339.212280	90.281723
3175.533333	-339.548157	90.281181
3175.600000	-339.491272	90.307014
3175.666667	-339.242462	90.171440
3175.733333	-339.172119	90.235031
3175.800000	-339.051270	90.208359
3175.866667	-339.092590	90.179398
3175.933333	-338.846283	90.051361
3176.000000	-338.665771	89.990540
3176.066667	-339.001465	90.195160
3176.133333	-338.743408	90.040176
3176.200000	-338.808990	90.129944
3176.266667	-338.658783	90.050026
3176.333333	-338.798004	90.171066
3176.400000	-338.808716	90.209633
3176.466667	-338.787811	90.248680
3176.533333	-338.558350	90.096970
3176.600000	-338.503723	90.184319
3176.666667	-338.530212	90.248367
3176.733333	-338.390503	90.124741
3176.800000	-338.378021	90.153267
3176.866667	-338.406616	90.321381
3176.933333	-338.161316	90.247025
3177.000000	-338.291382	90.349922
3177.066667	-338.313202	90.278229
3177.133333	-338.255768	90.447540
3177.200000	-338.198914	90.318939
3177.266667	-338.072205	90.307770
3177.333333	-337.947357	90.341560
3177.400000	-337.871826	90.409607
3177.466667	-338.053162	90.450142
3177.533333	-337.831421	90.415024
3177.600000	-337.977600	90.487709
3177.666667	-337.685181	90.340775
3177.733333	-337.582703	90.344292
3177.800000	-337.913574	90.557175
3177.866667	-337.565582	90.320869
3177.933333	-337.690308	90.348495
3178.000000	-337.790436	90.470528
3178.066667	-337.414185	90.196709
3178.133333	-337.645020	90.354019
3178.200000	-337.280792	90.226494
3178.266667	-337.293030	90.420639
3178.333333	-337.102203	90.157806
3178.400000	-337.166870	90.179657
3178.466667	-337.165436	90.197655
3178.533333	-337.235138	90.244576
3178.600000	-337.006409	90.196495
3178.666667	-336.915619	90.292053
3178.733333	-336.914185	90.227921
3178.800000	-336.974823	90.359680
3178.866667	-336.715454	90.220383
3178.933333	-336.855591	90.365181
3179.000000	-336.820953	90.411819
3179.066667	-336.800415	90.434059
3179.133333	-336.713928	90.391174
3179.200000	-336.786591	90.536507
3179.266667	-336.635712	90.399734
3179.333333	-336.591095	90.471519
3179.400000	-336.529510	90.525597
3179.466667	-336.604767	90.580803
3179.533333	-336.411896	90.542877
3179.600000	-336.626434	90.493446
3179.666667	-336.389740	90.451782
3179.733333	-336.246582	90.564400
3179.800000	-336.323639	90.595772
3179.866667	-336.341125	90.665146
3179.933333	-336.263458	90.495651
3180.000000	-336.049805	90.466553
