18180.066667	-472.706482	76.753700
18180.133333	-472.843994	76.678307
18180.200000	-472.555878	76.647133
18180.266667	-472.251251	76.757042
18180.333333	-472.383362	76.651962
18180.400000	-472.272308	76.628769
18180.466667	-472.271698	76.767525
18180.533333	-472.265717	76.912025
18180.600000	-472.029388	76.787231
18180.666667	-472.023926	76.903229
18180.733333	-471.888824	77.032990
18180.800000	-471.858887	76.933762
18180.866667	-471.907867	76.948608
18180.933333	-471.753845	77.025436
18181.000000	-471.722900	77.045471
18181.066667	-471.569550	77.056664
18181.133333	-471.356323	76.989502
18181.200000	-471.570557	77.112694
18181.266667	-471.461273	77.022995
18181.333333	-471.117462	77.069519
18181.400000	-471.444824	77.059372
18181.466667	-471.065796	77.168335
18181.533333	-471.338226	77.105675
18181.600000	-470.938385	76.919907
18181.666667	-470.841827	76.956718
18181.733333	-470.951172	76.933960
18181.800000	-470.572479	76.884171
18181.866667	-470.843597	77.020210
18181.933333	-470.814301	77.000679
18182.000000	-470.757263	76.788490
18182.066667	-470.523224	77.025436
18182.133333	-470.377563	77.024223
18182.200000	-470.383514	77.110138
18182.266667	-470.408813	77.020645
18182.333333	-470.209229	77.054543
18182.400000	-470.235779	77.077896
18182.466667	-470.157959	77.205513
18182.533333	-470.280823	77.303505
18182.600000	-469.716583	77.347321
18182.666667	-469.722534	77.240540
18182.733333	-469.951477	77.216393
18182.800000	-470.059784	77.189087
18182.866667	-469.777008	77.238266
18182.933333	-469.575836	77.374191
18183.000000	-469.576874	77.229530
18183.066667	-469.702728	77.353958
18183.133333	-469.306641	77.415138
18183.200000	-469.348846	77.250313
18183.266667	-469.211426	77.450508
18183.333333	-469.143707	77.532005
18183.400000	-469.332855	77.518661
18183.466667	-469.042175	77.441284
18183.533333	-469.032318	77.418816
18183.600000	-468.905884	77.456711
18183.666667	-468.884827	77.416229
18183.733333	-468.645020	77.357658
18183.800000	-468.675293	77.321945
18183.866667	-468.670929	77.390213
18183.933333	-468.457367	77.309944
18184.000000	-468.544403	77.370209
18184.066667	-468.479065	77.371559
18184.133333	-468.363037	77.348923
18184.200000	-468.325714	77.386566
18184.266667	-468.314423	77.410011
18184.333333	-468.400970	77.450974
18184.400000	-468.321899	77.352524
18184.466667	-468.076782	77.405029
18184.533333	-468.174835	77.482361
18184.600000	-468.049530	77.481804
18184.666667	-467.974609	77.451103
18184.733333	-467.798370	77.562454
18184.800000	-467.624695	77.636719
18184.866667	-467.738770	77.543648
18184.933333	-467.562469	77.553474
18185.000000	-467.543427	77.632072
18185.066667	-467.500336	77.653229
18185.133333	-467.302582	77.659378
18185.200000	-467.364532	77.881561
18185.266667	-467.266968	77.748726
18185.333333	-467.251465	77.788200
18185.400000	-467.001373	77.705482
18185.466667	-467.078003	77.846878
18185.533333	-466.977997	77.698418
18185.600000	-466.908447	77.654831
18185.666667	-466.727539	77.898720
18185.733333	-466.641174	77.603348
18185.800000	-466.824127	77.818993
18185.866667	-466.650604	77.726044
18185.933333	-466.829712	77.754196
18186.000000	-466.477539	77.761444
18186.066667	-466.539062	77.623795
18186.133333	-466.224335	77.663902
18186.200000	-466.318420	77.615089
18186.266667	-466.218231	77.764542
18186.333333	-466.214478	77.637863
18186.400000	-465.847321	77.675751
18186.466667	-465.980377	77.654755
18186.533333	-466.157043	77.714844
18186.600000	-465.982269	77.701233
18186.666667	-465.753815	77.846878
18186.733333	-465.888519	77.737427
18186.800000	-465.678711	77.841347
18186.866667	-465.653809	77.927109
18186.933333	-465.611298	77.864487
18187.000000	-465.489685	77.849709
18187.066667	-465.247040	78.085457
18187.133333	-465.473694	77.917580
18187.200000	-465.258698	78.009201
18187.266667	-465.348938	78.039024
18187.333333	-464.980042	78.026077
18187.400000	-464.996796	78.026360
18187.466667	-464.966248	77.970482
18187.533333	-465.067932	78.059746
18187.600000	-464.909729	78.140694
18187.666667	-464.836792	77.993263
18187.733333	-464.757477	77.952988
18187.800000	-464.615784	78.045250
18187.866667	-464.582489	78.156715
18187.933333	-464.423004	78.049332
18188.000000	-464.608765	78.026588
18188.066667	-464.452332	77.861549
18188.133333	-464.213440	77.975983
18188.200000	-464.174957	77.969681
18188.266667	-464.144257	77.984779
18188.333333	-463.989105	77.977013
18188.400000	-464.091461	77.914360
18188.466667	-463.814362	78.042007
18188.533333	-464.050507	78.043602
18188.600000	-463.671387	78.085434
18188.666667	-463.752441	78.054932
18188.733333	-463.712677	78.075058
18188.800000	-463.376831	78.172089
18188.866667	-463.475708	78.280281
18188.933333	-463.188354	78.177223
18189.000000	-463.368469	78.161377
18189.066667	-463.321869	78.251648
18189.133333	-463.228241	78.248413
18189.200000	-463.361542	78.287117
18189.266667	-463.168335	78.311020
18189.333333	-463.196014	78.335609
18189.400000	-462.945282	78.453842
18189.466667	-462.873352	78.324898
18189.533333	-462.721252	78.351540
18189.600000	-462.901031	78.371811
18189.666667	-462.670746	78.477905
18189.733333	-462.338409	78.363274
18189.800000	-462.569855	78.327980
18189.866667	-462.374359	78.349739
18189.933333	-462.370117	78.271751
18190.000000	-462.448273	78.373955
18190.066667	-462.232544	78.243187
18190.133333	-462.078186	78.349792
18190.200000	-461.996765	78.455963
18190.266667	-461.851196	78.311638
18190.333333	-461.927917	78.320885
18190.400000	-461.709991	78.282234
18190.466667	-461.743317	78.240913
18190.533333	-461.727448	78.333847
18190.600000	-461.559052	78.447189
18190.666667	-461.364410	78.234177
18190.733333	-461.409027	78.276871
18190.800000	-461.319489	78.365265
18190.866667	-461.274689	78.523209
18190.933333	-461.265503	78.476631
18191.000000	-461.238251	78.429352
18191.066667	-460.996399	78.518196
18191.133333	-461.118042	78.504715
18191.200000	-460.984283	78.480637
18191.266667	-460.847626	78.547707
18191.333333	-460.867920	78.505287
18191.400000	-460.797760	78.612183
18191.466667	-460.494232	78.597641
18191.533333	-460.855835	78.604263
18191.600000	-460.681915	78.740646
18191.666667	-460.472412	78.711327
18191.733333	-460.358032	78.766708
18191.800000	-460.180328	78.794319
18191.866667	-460.207489	78.724953
18191.933333	-460.273163	78.771912
18192.000000	-460.074982	78.713539
18192.066667	-459.969086	78.700699
18192.133333	-460.051514	78.652214
18192.200000	-459.775940	78.781448
18192.266667	-459.888611	78.660530
18192.333333	-459.769928	78.733818
18192.400000	-459.739349	78.629837
18192.466667	-459.728577	78.564873
18192.533333	-459.636871	78.659912
18192.600000	-459.501740	78.703171
18192.666667	-459.510590	78.751518
18192.733333	-459.277374	78.627571
18192.800000	-459.311676	78.757477
18192.866667	-459.074127	78.732559
18192.933333	-459.192780	78.804283
18193.000000	-459.041107	78.771591
18193.066667	-458.861328	78.765991
18193.133333	-458.847626	78.779266
18193.200000	-458.757355	78.880669
18193.266667	-458.599457	78.928337
18193.333333	-458.759033	78.903427
18193.400000	-458.536316	78.819702
18193.466667	-458.578735	78.939720
18193.533333	-458.560730	78.911186
18193.600000	-458.179443	78.984756
18193.666667	-458.293427	78.951500
18193.733333	-458.296783	78.873940
18193.800000	-458.336670	79.079193
18193.866667	-458.048950	79.050270
18193.933333	-458.010498	79.006104
18194.000000	-457.709320	78.925552
18194.066667	-457.979767	78.991684
18194.133333	-457.866455	78.988693
18194.200000	-457.963257	79.056808
18194.266667	-457.783020	79.089333
18194.333333	-457.676392	78.882904
18194.400000	-457.518707	79.085617
18194.466667	-457.539673	79.101593
18194.533333	-457.242249	79.000534
18194.600000	-457.296478	78.923012
18194.666667	-457.271790	79.021164
18194.733333	-457.232849	78.903648
18194.800000	-456.963928	79.107185
18194.866667	-456.980286	79.015022
18194.933333	-456.975494	78.864662
18195.000000	-456.829071	79.040779
18195.066667	-456.749359	78.996857
18195.133333	-456.801117	79.060616
18195.200000	-456.548462	79.070518
18195.266667	-456.590057	79.125534
18195.333333	-456.525970	79.118607
18195.400000	-456.438995	79.067711
18195.466667	-456.416748	79.199654
18195.533333	-456.391266	79.276680
18195.600000	-456.245544	79.146477
18195.666667	-456.165436	79.357338
18195.733333	-456.059052	79.155083
18195.800000	-455.875275	79.282158
18195.866667	-455.975433	79.346420
18195.933333	-455.942719	79.363045
18196.000000	-455.762634	79.311874
18196.066667	-455.743256	79.306068
18196.133333	-455.812164	79.396072
18196.200000	-455.674133	79.326477
18196.266667	-455.407806	79.366066
18196.333333	-455.597626	79.207726
18196.400000	-455.500488	79.225891
18196.466667	-455.358429	79.361435
18196.533333	-455.196075	79.329506
18196.600000	-455.298492	79.369255
18196.666667	-455.176971	79.294151
18196.733333	-454.996429	79.445572
18196.800000	-454.855072	79.355789
18196.866667	-454.855286	79.308174
18196.933333	-454.925201	79.257545
18197.000000	-454.712921	79.411812
18197.066667	-454.874207	79.307137
18197.133333	-454.635712	79.381622
18197.200000	-454.653320	79.390335
18197.266667	-454.801666	79.376137
18197.333333	-454.494110	79.389923
18197.400000	-454.314789	79.496483
18197.466667	-454.286316	79.613747
18197.533333	-454.324097	79.576416
18197.600000	-454.174988	79.505173
18197.666667	-454.243073	79.694435
18197.733333	-454.122589	79.720253
18197.800000	-454.033447	79.566246
18197.866667	-453.882172	79.609863
18197.933333	-453.864014	79.687988
18198.000000	-453.814209	79.616577
18198.066667	-454.017426	79.720802
18198.133333	-453.873199	79.580498
18198.200000	-453.676636	79.671021
18198.266667	-453.658630	79.667183
18198.333333	-453.393677	79.737259
18198.400000	-453.467438	79.724968
18198.466667	-453.418915	79.641747
18198.533333	-453.228821	79.681450
18198.600000	-453.250580	79.658539
18198.666667	-453.256805	79.594154
18198.733333	-453.006378	79.712669
18198.800000	-452.911835	79.670013
18198.866667	-453.119324	79.758652
18198.933333	-452.736816	79.696663
18199.000000	-452.662720	79.733574
18199.066667	-452.613556	79.654266
18199.133333	-452.569153	79.601280
18199.200000	-452.669098	79.710014
18199.266667	-452.519409	79.772461
18199.333333	-452.554871	79.720634
18199.400000	-452.324615	79.810600
18199.466667	-452.146088	79.839851
18199.533333	-452.346985	79.726830
18199.600000	-452.322571	79.807022
18199.666667	-451.957001	79.895630
18199.733333	-452.079926	79.878044
18199.800000	-451.926147	79.788979
18199.866667	-452.011353	79.924995
18199.933333	-451.799530	79.975517
18200.000000	-451.860199	79.910660
18200.066667	-451.833130	79.975662
18200.133333	-451.664917	80.025826
18200.200000	-451.740143	79.993279
18200.266667	-451.714752	79.970055
18200.333333	-451.625061	79.904228
18200.400000	-451.742096	79.977020
18200.466667	-451.487122	80.028145
18200.533333	-451.395721	79.945229
18200.600000	-451.139008	79.825401
18200.666667	-451.137512	79.962982
18200.733333	-450.957764	79.953186
18200.800000	-451.198914	80.025826
18200.866667	-450.794067	79.910500
18200.933333	-450.854645	79.971321
18201.000000	-450.940155	79.897606
18201.066667	-450.734314	79.905518
18201.133333	-450.516174	79.907539
18201.200000	-450.516174	79.907539
18201.266667	-450.560516	80.025803
18201.333333	-450.247650	79.985321
18201.400000	-450.313568	80.113708
18201.466667	-450.339172	80.065300
18201.533333	-450.226746	80.159363
18201.600000	-450.226746	80.159363
18201.666667	-449.985260	80.089737
18201.733333	-450.002869	80.124763
18201.800000	-449.917358	80.217896
18201.866667	-449.987610	80.353249
18201.933333	-449.710358	80.249336
18202.000000	-449.710358	80.249336
18202.066667	-449.673096	80.205353
18202.133333	-449.613586	80.325027
18202.200000	-449.655792	80.241081
18202.266667	-449.441345	80.337502
18202.333333	-449.452148	80.385521
18202.400000	-449.188721	80.226837
18202.466667	-449.188721	80.226837
18202.533333	-449.364532	80.323326
18202.600000	-449.225616	80.225998
18202.666667	-449.134338	80.372314
18202.733333	-449.034302	80.318344
18202.800000	-449.041656	80.234207
18202.866667	-449.041656	80.234207
18202.933333	-448.953339	80.314781
18203.000000	-448.677765	80.173416
18203.066667	-448.631073	80.286034
18203.133333	-448.597137	80.199356
18203.200000	-448.480133	80.200462
18203.266667	-448.480133	80.200462
18203.333333	-448.609711	80.156532
18203.400000	-448.353546	80.242508
18203.466667	-448.300354	80.273544
18203.533333	-448.047089	80.364319
18203.600000	-447.905914	80.209122
18203.666667	-447.905914	80.209122
18203.733333	-448.003845	80.264465
18203.800000	-447.998566	80.391983
18203.866667	-447.813202	80.444542
18203.933333	-447.670471	80.288292
18204.000000	-447.859833	80.512062
18204.066667	-447.699554	80.518677
18204.133333	-447.699554	80.518677
18204.200000	-447.536255	80.437874
18204.266667	-447.621002	80.531952
18204.333333	-447.280304	80.632553
18204.400000	-447.569489	80.501877
18204.466667	-447.140900	80.571602
18204.533333	-447.140900	80.571602
18204.600000	-447.128357	80.515556
18204.666667	-447.179260	80.535347
18204.733333	-447.110168	80.549545
18204.800000	-447.096710	80.444542
18204.866667	-447.002930	80.560875
18204.933333	-447.002930	80.560875
18205.000000	-446.793060	80.526978
18205.066667	-446.571838	80.546402
18205.133333	-446.490936	80.388519
18205.200000	-446.588562	80.588951
18205.266667	-446.473572	80.543510
18205.333333	-446.478699	80.535515
18205.400000	-446.478699	80.535515
18205.466667	-446.343994	80.490608
18205.533333	-446.272827	80.530884
18205.600000	-446.018433	80.555161
18205.666667	-446.186981	80.583405
18205.733333	-445.923218	80.570160
18205.800000	-445.923218	80.570160
18205.866667	-446.066895	80.541245
18205.933333	-445.876007	80.594719
18206.000000	-445.760254	80.729164
18206.066667	-445.676788	80.753006
18206.133333	-445.562561	80.672203
18206.200000	-445.562561	80.672203
18206.266667	-445.600922	80.651855
18206.333333	-445.386719	80.833771
18206.400000	-445.253174	80.867805
18206.466667	-445.446381	80.821541
18206.533333	-445.248932	80.804710
18206.600000	-445.120972	80.739037
18206.666667	-445.120972	80.739037
18206.733333	-445.143402	80.885216
18206.800000	-445.002350	80.839638
18206.866667	-445.124908	80.725983
18206.933333	-444.774078	80.945259
18207.000000	-444.696045	80.891220
18207.066667	-444.696045	80.891220
18207.133333	-444.762543	80.827980
18207.200000	-444.629395	80.948112
18207.266667	-444.733154	80.861526
18207.333333	-444.626740	80.758896
18207.400000	-444.563477	80.747307
18207.466667	-444.563477	80.747307
18207.533333	-444.233582	80.850594
18207.600000	-444.154358	80.724754
18207.666667	-444.205261	80.916992
18207.733333	-444.126038	80.819656
18207.800000	-444.289581	80.864708
18207.866667	-444.289581	80.864708
18207.933333	-444.191681	80.948051
18208.000000	-443.829376	80.827393
18208.066667	-443.834595	80.959930
18208.133333	-443.666260	80.957275
18208.200000	-443.692108	81.141937
18208.266667	-443.945312	81.108337
18208.333333	-443.723114	81.024483
18208.400000	-443.618103	81.043983
18208.466667	-443.488831	81.068001
18208.533333	-443.447937	81.013451
18208.600000	-443.373505	81.107590
18208.666667	-443.427826	81.134674
18208.733333	-443.281372	81.117073
18208.800000	-443.151794	81.147209
18208.866667	-443.199738	81.059814
18208.933333	-442.980286	81.216370
18209.000000	-442.956085	81.147583
18209.066667	-443.155884	81.137413
18209.133333	-442.875153	81.138908
18209.200000	-442.843628	81.038338
18209.266667	-442.697876	81.068001
18209.333333	-442.442291	81.212952
18209.400000	-442.552399	81.085121
18209.466667	-442.590393	81.087654
18209.533333	-442.474762	81.096687
18209.600000	-442.546539	81.086098
18209.666667	-442.427094	81.035728
18209.733333	-442.155487	81.107117
18209.800000	-442.168121	81.146416
18209.866667	-442.147888	81.174774
18209.933333	-442.083710	81.166977
18210.000000	-441.970551	81.227440
18210.066667	-441.838867	81.225266
18210.133333	-441.866760	81.332558
18210.200000	-441.873962	81.285866
18210.266667	-441.880890	81.427940
18210.333333	-441.603424	81.352791
18210.400000	-441.684021	81.343704
18210.466667	-441.585541	81.461662
18210.533333	-441.699615	81.351654
18210.600000	-441.585999	81.346390
18210.666667	-441.562653	81.321083
18210.733333	-441.315613	81.474472
18210.800000	-441.297058	81.479965
18210.866667	-441.311279	81.353928
18210.933333	-440.990204	81.441231
18211.000000	-441.095825	81.399918
18211.066667	-441.118378	81.363213
18211.133333	-440.841858	81.505272
18211.200000	-440.892700	81.374359
18211.266667	-440.881714	81.378128
18211.333333	-440.841858	81.315964
18211.400000	-440.496674	81.400558
18211.466667	-440.515076	81.290199
18211.533333	-440.619904	81.317665
18211.600000	-440.704254	81.347122
18211.666667	-440.410522	81.367767
18211.733333	-440.291656	81.341568
18211.800000	-440.436340	81.396622
18211.866667	-440.343262	81.341232
18211.933333	-440.265930	81.341164
18212.000000	-440.224091	81.496208
18212.066667	-440.139038	81.495911
18212.133333	-440.125885	81.506447
18212.200000	-440.057434	81.632858
18212.266667	-440.095947	81.543571
18212.333333	-439.760895	81.643669
18212.400000	-439.896912	81.553062
18212.466667	-439.978394	81.573959
18212.533333	-439.638855	81.591690
18212.600000	-439.744232	81.657890
18212.666667	-439.464172	81.744759
18212.733333	-439.454041	81.757156
18212.800000	-439.406067	81.706024
18212.866667	-439.443054	81.815994
18212.933333	-439.316315	81.642403
18213.000000	-439.217499	81.746941
18213.066667	-439.020325	81.668419
18213.133333	-439.148895	81.713989
18213.200000	-439.123779	81.689835
18213.266667	-439.061127	81.708633
18213.333333	-439.006470	81.656746
18213.400000	-438.939362	81.657051
18213.466667	-438.829071	81.596626
18213.533333	-438.691254	81.493477
18213.600000	-438.703400	81.703262
18213.666667	-438.679443	81.671448
18213.733333	-438.645172	81.651360
18213.800000	-438.582611	81.617653
18213.866667	-438.151031	81.668823
18213.933333	-438.424072	81.736946
18214.000000	-438.357513	81.663483
18214.066667	-438.192383	81.631836
18214.133333	-438.199493	81.681427
18214.200000	-438.107574	81.741676
18214.266667	-438.224609	81.800301
18214.333333	-437.962524	81.791275
18214.400000	-437.925262	81.875893
18214.466667	-437.846069	81.852814
18214.533333	-437.861816	81.780106
18214.600000	-437.744965	81.943298
18214.666667	-437.621552	81.942764
18214.733333	-437.686432	81.889633
18214.800000	-437.618958	81.913506
18214.866667	-437.447113	81.916443
18214.933333	-437.228241	81.909264
18215.000000	-437.345062	81.858810
18215.066667	-437.287018	81.977135
18215.133333	-437.176361	81.977135
18215.200000	-437.124847	81.951164
18215.266667	-437.159119	82.001534
18215.333333	-437.071289	81.972443
18215.400000	-437.054779	82.047150
18215.466667	-436.922913	81.895134
18215.533333	-436.902252	81.881920
18215.600000	-436.681366	81.967133
18215.666667	-436.821777	81.944550
18215.733333	-436.547913	81.898399
18215.800000	-436.517853	82.025620
18215.866667	-436.616852	81.809929
18215.933333	-436.510010	82.014542
18216.000000	-436.525787	81.945572
18216.066667	-436.354706	82.036484
18216.133333	-436.328735	81.867783
18216.200000	-436.299652	82.004639
18216.266667	-436.222748	82.047356
18216.333333	-436.343384	82.036484
18216.400000	-436.430237	82.023956
18216.466667	-436.048706	82.109863
18216.533333	-436.136749	82.048218
18216.600000	-435.913147	82.104485
18216.666667	-436.057922	82.199371
18216.733333	-435.868469	82.101501
18216.800000	-435.956055	82.230110
18216.866667	-435.779816	82.168457
18216.933333	-435.798157	82.180511
18217.000000	-435.678741	82.143791
18217.066667	-435.557404	82.142616
18217.133333	-435.510529	82.315704
18217.200000	-435.764313	82.218201
18217.266667	-435.547638	82.253410
18217.333333	-435.450104	82.245476
18217.400000	-435.408325	82.181946
18217.466667	-435.361298	82.299324
18217.533333	-435.298645	82.177086
18217.600000	-435.225250	82.292931
18217.666667	-435.034332	82.211128
18217.733333	-434.850128	82.041656
18217.800000	-434.905121	82.162483
18217.866667	-435.005981	82.127693
18217.933333	-434.948822	82.274277
18218.000000	-434.774170	82.198601
18218.066667	-434.472778	82.254852
18218.133333	-434.635529	82.161705
18218.200000	-434.751801	82.245682
18218.266667	-434.503357	82.087509
18218.333333	-434.432068	82.156952
18218.400000	-434.410614	82.289604
18218.466667	-434.507782	82.292137
18218.533333	-434.117615	82.321037
18218.600000	-434.387878	82.312912
18218.666667	-434.045319	82.394943
18218.733333	-434.219208	82.369240
18218.800000	-434.017426	82.394241
18218.866667	-433.977051	82.408081
18218.933333	-434.070679	82.509018
18219.000000	-433.989471	82.476715
18219.066667	-433.903687	82.435089
18219.133333	-433.925812	82.497223
18219.200000	-433.716461	82.458061
18219.266667	-433.747437	82.433304
18219.333333	-433.719696	82.418266
18219.400000	-433.672729	82.538094
18219.466667	-433.606354	82.457275
18219.533333	-433.659454	82.539146
18219.600000	-433.339996	82.439903
18219.666667	-433.271942	82.488586
18219.733333	-433.359283	82.518829
18219.800000	-433.294006	82.470619
18219.866667	-433.182831	82.491631
18219.933333	-433.296082	82.479897
18220.000000	-433.064575	82.369156
18220.066667	-433.038940	82.491608
18220.133333	-432.902252	82.385529
18220.200000	-432.911163	82.368103
18220.266667	-432.873932	82.425934
18220.333333	-432.625214	82.333084
18220.400000	-432.643311	82.505928
18220.466667	-432.685272	82.420952
18220.533333	-432.444580	82.441513
18220.600000	-432.453094	82.510590
18220.666667	-432.482666	82.446045
18220.733333	-432.473816	82.574036
18220.800000	-432.352661	82.540825
18220.866667	-432.377777	82.542870
18220.933333	-432.467133	82.712616
18221.000000	-432.232758	82.688103
18221.066667	-432.413818	82.729706
18221.133333	-432.033447	82.630531
18221.200000	-431.958893	82.638306
18221.266667	-431.979004	82.682648
18221.333333	-432.061401	82.695381
18221.400000	-432.063080	82.714996
18221.466667	-431.870972	82.632217
18221.533333	-431.769470	82.740913
18221.600000	-431.622009	82.698860
18221.666667	-431.749023	82.849701
18221.733333	-431.688782	82.640320
18221.800000	-431.693237	82.638382
18221.866667	-431.492615	82.614647
18221.933333	-431.595764	82.648315
18222.000000	-431.212402	82.689514
18222.066667	-431.281738	82.671593
18222.133333	-431.260132	82.595825
18222.200000	-431.127563	82.860085
18222.266667	-431.214996	82.679359
18222.333333	-431.004608	82.723671
18222.400000	-430.938751	82.739479
18222.466667	-430.990326	82.676544
18222.533333	-430.995789	82.593285
18222.600000	-430.801514	82.732574
18222.666667	-430.717377	82.820007
18222.733333	-430.816101	82.732788
18222.800000	-430.726013	82.793610
18222.866667	-430.522461	82.829056
18222.933333	-430.631622	82.851753
18223.000000	-430.462982	82.853065
18223.066667	-430.661652	82.843567
18223.133333	-430.165527	82.782082
18223.200000	-430.410278	82.828247
18223.266667	-430.218994	82.828697
18223.333333	-430.448883	82.859932
18223.400000	-430.125031	82.964554
18223.466667	-430.215546	82.917976
18223.533333	-429.998962	82.797935
18223.600000	-430.034332	82.881752
18223.666667	-429.976562	82.881752
18223.733333	-429.994324	82.904533
18223.800000	-429.885864	82.911354
18223.866667	-429.668304	82.942001
18223.933333	-429.693085	83.005692
18224.000000	-429.926117	82.935463
18224.066667	-429.475739	82.884445
18224.133333	-429.533020	82.859299
18224.200000	-429.451172	82.895889
18224.266667	-429.441742	82.921547
18224.333333	-429.440948	82.806519
18224.400000	-429.322418	82.943611
18224.466667	-429.251373	82.890297
18224.533333	-429.282654	82.966904
18224.600000	-429.210266	82.935074
18224.666667	-429.097504	82.837563
18224.733333	-428.969391	82.923141
18224.800000	-428.845428	82.951912
18224.866667	-429.120667	82.963005
18224.933333	-428.792633	83.066422
18225.000000	-428.716003	83.015594
18225.066667	-428.649200	82.997681
18225.133333	-428.760437	83.028008
18225.200000	-428.587128	83.109253
18225.266667	-428.711121	83.174995
18225.333333	-428.608795	83.168839
18225.400000	-428.483398	83.162399
18225.466667	-428.464905	83.224785
18225.533333	-428.199677	83.315529
18225.600000	-428.464905	83.271820
18225.666667	-428.188721	83.168015
18225.733333	-428.171417	83.039635
18225.800000	-428.111603	83.263268
18225.866667	-428.022552	83.170898
18225.933333	-427.992218	83.220634
18226.000000	-428.043335	83.257744
18226.066667	-427.983704	83.199394
18226.133333	-427.933105	83.090950
18226.200000	-427.868042	83.142700
18226.266667	-427.803741	83.191589
18226.333333	-427.651581	83.144562
18226.400000	-427.744080	83.129738
18226.466667	-427.508698	83.247231
18226.533333	-427.643280	83.069870
18226.600000	-427.547516	82.959213
18226.666667	-427.321442	83.373428
18226.733333	-427.305267	83.246414
18226.800000	-427.484406	83.292175
18226.866667	-427.535980	83.228142
18226.933333	-427.132019	83.284752
18227.000000	-427.159790	83.282593
18227.066667	-427.192413	83.291504
18227.133333	-427.108215	83.327988
18227.200000	-427.026245	83.234802
18227.266667	-426.948914	83.307777
18227.333333	-427.019989	83.307022
18227.400000	-426.909241	83.407784
18227.466667	-426.881958	83.464073
18227.533333	-426.827362	83.344284
18227.600000	-426.935150	83.551750
18227.666667	-426.658752	83.366554
18227.733333	-426.455780	83.455055
18227.800000	-426.462372	83.430656
18227.866667	-426.495209	83.423973
18227.933333	-426.435516	83.392166
18228.000000	-426.337524	83.244064
18228.066667	-426.517914	83.464050
18228.133333	-426.330109	83.478615
18228.200000	-426.243469	83.479301
18228.266667	-426.145325	83.357986
18228.333333	-426.231384	83.380936
18228.400000	-426.081482	83.425049
18228.466667	-426.095276	83.326233
18228.533333	-425.925171	83.297531
18228.600000	-425.684601	83.261253
18228.666667	-426.024872	83.305801
18228.733333	-425.843536	83.399055
18228.800000	-425.859863	83.485939
18228.866667	-425.650513	83.398148
18228.933333	-425.437531	83.435036
18229.000000	-425.475525	83.405128
18229.066667	-425.480774	83.402512
18229.133333	-425.469147	83.524612
18229.200000	-425.363403	83.407555
18229.266667	-425.292694	83.506516
18229.333333	-425.342682	83.466652
18229.400000	-425.343109	83.593620
18229.466667	-425.266022	83.661514
18229.533333	-425.261017	83.564133
18229.600000	-425.278595	83.623222
18229.666667	-425.077728	83.578400
18229.733333	-425.069916	83.622330
18229.800000	-424.902588	83.563202
18229.866667	-424.816010	83.623154
18229.933333	-424.915680	83.585930
18230.000000	-424.674835	83.570282
18230.066667	-424.770844	83.588882
18230.133333	-424.650024	83.700607
18230.200000	-424.786865	83.685951
18230.266667	-424.679688	83.570839
18230.333333	-424.558563	83.607292
18230.400000	-424.343231	83.698792
18230.466667	-424.532379	83.623001
18230.533333	-424.261383	83.456833
18230.600000	-424.243195	83.599968
18230.666667	-424.221130	83.581390
18230.733333	-424.228973	83.664146
18230.800000	-424.099640	83.479538
18230.866667	-424.030212	83.645737
18230.933333	-424.054565	83.593544
18231.000000	-423.931580	83.601395
18231.066667	-423.851837	83.629456
18231.133333	-423.837555	83.623619
18231.200000	-423.850464	83.729622
18231.266667	-423.714386	83.666817
18231.333333	-423.628601	83.618690
18231.400000	-423.595459	83.651184
18231.466667	-423.651337	83.847229
18231.533333	-423.738220	83.776459
18231.600000	-423.709381	83.708168
18231.666667	-423.657135	83.809708
18231.733333	-423.300903	83.810745
18231.800000	-423.281403	83.835098
18231.866667	-423.176971	83.832870
18231.933333	-423.435028	83.824097
18232.000000	-423.269135	83.743805
18232.066667	-423.187500	83.876579
18232.133333	-423.100861	83.898087
18232.200000	-423.227448	83.990707
18232.266667	-422.826965	83.767006
18232.333333	-423.096802	83.907570
18232.400000	-423.017700	83.918877
18232.466667	-422.944214	83.872345
18232.533333	-422.916046	83.791634
18232.600000	-422.787201	83.887611
18232.666667	-422.681458	83.700241
18232.733333	-422.796875	83.788780
18232.800000	-422.620483	83.750008
18232.866667	-422.578644	83.821213
18232.933333	-422.445190	83.710968
18233.000000	-422.455353	83.818848
18233.066667	-422.485626	83.791168
18233.133333	-422.419434	83.781731
18233.200000	-422.320709	83.892754
18233.266667	-422.441895	83.830238
18233.333333	-422.393066	83.848640
18233.400000	-422.276886	83.827904
18233.466667	-422.223511	83.796486
18233.533333	-422.058655	84.073669
18233.600000	-422.136536	83.986458
18233.666667	-421.859497	83.997604
18233.733333	-421.762177	83.936356
18233.800000	-421.951965	84.046242
18233.866667	-421.773468	84.179802
18233.933333	-421.821533	84.109146
18234.000000	-421.737823	84.027512
18234.066667	-421.707245	84.090752
18234.133333	-421.713257	84.097816
18234.200000	-421.584381	84.062218
18234.266667	-421.594696	83.957291
18234.333333	-421.525696	84.065620
18234.400000	-421.462524	84.051888
18234.466667	-421.437317	83.976067
18234.533333	-421.475067	83.933701
18234.600000	-421.404846	84.032661
18234.666667	-421.067627	84.097069
18234.733333	-421.060669	83.950356
18234.800000	-421.201752	84.013069
18234.866667	-421.047791	84.027946
18234.933333	-421.155426	84.037735
18235.000000	-420.985016	84.085236
18235.066667	-420.894043	84.046242
18235.133333	-420.992828	84.141167
18235.200000	-420.693909	83.970863
18235.266667	-420.750092	84.122742
18235.333333	-420.829895	83.968857
18235.400000	-420.655579	84.146400
18235.466667	-420.651703	84.043648
18235.533333	-420.779938	84.230881
18235.600000	-420.676453	84.193657
18235.666667	-420.690948	84.305641
18235.733333	-420.359741	84.115646
18235.800000	-420.239594	84.246643
18235.866667	-420.404022	84.184959
18235.933333	-420.390656	84.319527
18236.000000	-420.171112	84.174492
18236.066667	-420.209808	84.217651
18236.133333	-420.226349	84.281982
18236.200000	-420.273163	84.208450
18236.266667	-419.914307	84.315292
18236.333333	-420.100708	84.337456
18236.400000	-420.100708	84.337456
18236.466667	-419.744873	84.238564
18236.533333	-419.981110	84.228073
18236.600000	-420.150177	84.229446
18236.666667	-419.596527	84.379982
18236.733333	-419.820099	84.111359
18236.800000	-419.820099	84.111359
18236.866667	-419.533203	84.064720
18236.933333	-419.660400	84.144806
18237.000000	-419.368835	84.286713
18237.066667	-419.314545	84.299210
18237.133333	-419.319153	84.234528
18237.200000	-419.319153	84.234528
18237.266667	-419.384460	84.264191
18237.333333	-419.430725	84.325081
18237.400000	-419.371338	84.175331
18237.466667	-419.119659	84.201973
18237.533333	-419.173553	84.193977
18237.600000	-419.166992	84.227234
18237.666667	-419.166992	84.227234
18237.733333	-419.091309	84.286018
18237.800000	-419.019348	84.297737
18237.866667	-419.032471	84.391151
18237.933333	-418.916901	84.407707
18238.000000	-419.007935	84.460533
18238.066667	-419.007935	84.460533
18238.133333	-418.734467	84.457115
18238.200000	-418.660919	84.371361
18238.266667	-418.658356	84.428276
18238.333333	-418.642639	84.472023
18238.400000	-418.523804	84.358322
18238.466667	-418.523804	84.358322
18238.533333	-418.502319	84.338608
18238.600000	-418.480560	84.343155
18238.666667	-418.472687	84.369087
18238.733333	-418.303406	84.449905
18238.800000	-418.410828	84.430946
18238.866667	-418.274048	84.418121
18238.933333	-418.274048	84.418121
18239.000000	-418.106598	84.280464
18239.066667	-418.152649	84.412117
18239.133333	-418.053009	84.475136
18239.200000	-417.886383	84.422874
18239.266667	-418.029144	84.450592
18239.333333	-418.029144	84.450592
18239.400000	-417.793732	84.397377
18239.466667	-417.786560	84.386681
18239.533333	-417.761871	84.477730
18239.600000	-417.671204	84.425568
18239.666667	-417.600800	84.400566
18239.733333	-417.600800	84.400566
18239.800000	-417.684113	84.502762
18239.866667	-417.684113	84.502762
18239.933333	-417.596130	84.517303
18240.000000	-417.455841	84.471985
