9660.066667	-263.784088	98.796997
9660.133333	-263.791321	98.757362
9660.200000	-263.762085	98.694672
9660.266667	-264.006226	98.740677
9660.333333	-264.011810	98.759094
9660.400000	-263.937225	98.822212
9660.466667	-264.161377	98.750595
9660.533333	-264.230469	98.790894
9660.600000	-264.135468	98.764397
9660.666667	-264.042114	98.716957
9660.733333	-264.187775	98.764458
9660.800000	-264.384460	98.748238
9660.866667	-264.128082	98.702782
9660.933333	-264.259003	98.731873
9661.000000	-264.262817	98.767853
9661.066667	-264.245819	98.813538
9661.133333	-264.355255	98.781898
9661.200000	-264.458710	98.781059
9661.266667	-264.346802	98.718330
9661.333333	-264.345978	98.715500
9661.400000	-264.454865	98.728844
9661.466667	-264.494690	98.760963
9661.533333	-264.406891	98.769615
9661.600000	-264.533600	98.729912
9661.666667	-264.635895	98.720291
9661.733333	-264.681122	98.884903
9661.800000	-264.646301	98.700966
9661.866667	-264.929016	98.910515
9661.933333	-264.818451	98.824341
9662.000000	-264.627991	98.677078
9662.066667	-264.748108	98.742783
9662.133333	-264.911774	98.755409
9662.200000	-264.890533	98.707909
9662.266667	-264.961273	98.672539
9662.333333	-264.761261	98.724258
9662.400000	-264.899658	98.657227
9662.466667	-265.156464	98.634216
9662.533333	-264.991730	98.737869
9662.600000	-264.986786	98.598717
9662.666667	-264.981323	98.678246
9662.733333	-265.065979	98.654068
9662.800000	-265.162567	98.713196
9662.866667	-265.180023	98.633545
9662.933333	-265.085266	98.631287
9663.000000	-265.113159	98.609489
9663.066667	-265.155762	98.644951
9663.133333	-265.190399	98.612007
9663.200000	-265.345764	98.674515
9663.266667	-265.388580	98.638565
9663.333333	-265.433685	98.727768
9663.400000	-265.387421	98.691406
9663.466667	-265.436066	98.667946
9663.533333	-265.381439	98.652313
9663.600000	-265.466003	98.550621
9663.666667	-265.558411	98.636414
9663.733333	-265.464264	98.735268
9663.800000	-265.773193	98.826965
9663.866667	-265.671600	98.682198
9663.933333	-265.768097	98.723656
9664.000000	-265.525909	98.635559
9664.066667	-265.891846	98.617317
9664.133333	-265.706177	98.678101
9664.200000	-265.834229	98.709915
9664.266667	-265.854614	98.704887
9664.333333	-265.908173	98.650070
9664.400000	-265.817322	98.467728
9664.466667	-265.911469	98.623589
9664.533333	-266.068512	98.690392
9664.600000	-266.034607	98.567314
9664.666667	-265.927551	98.556755
9664.733333	-266.153809	98.520576
9664.800000	-266.066498	98.588837
9664.866667	-265.989166	98.456413
9664.933333	-266.071930	98.648079
9665.000000	-266.091278	98.521545
9665.066667	-266.329437	98.589241
9665.133333	-266.217102	98.606766
9665.200000	-266.336548	98.583969
9665.266667	-266.342804	98.565674
9665.333333	-266.350800	98.451836
9665.400000	-266.431183	98.585716
9665.466667	-266.469299	98.662476
9665.533333	-266.435394	98.558182
9665.600000	-266.590057	98.470490
9665.666667	-266.612885	98.644112
9665.733333	-266.582520	98.620293
9665.800000	-266.581573	98.621674
9665.866667	-266.576965	98.551109
9665.933333	-266.657257	98.630096
9666.000000	-266.640961	98.680962
9666.066667	-266.671356	98.671593
9666.133333	-266.794434	98.663712
9666.200000	-266.812439	98.660301
9666.266667	-266.833862	98.571823
9666.333333	-266.977966	98.560013
9666.400000	-266.926086	98.453354
9666.466667	-266.912231	98.572647
9666.533333	-267.032928	98.558350
9666.600000	-266.967285	98.613510
9666.666667	-267.010223	98.518028
9666.733333	-266.971100	98.450447
9666.800000	-267.031891	98.493866
9666.866667	-267.235565	98.560272
9666.933333	-267.174591	98.475876
9667.000000	-267.119751	98.468597
9667.066667	-267.235565	98.496513
9667.133333	-267.215515	98.410393
9667.200000	-267.203125	98.541199
9667.266667	-267.217712	98.450417
9667.333333	-267.240784	98.384140
9667.400000	-267.351227	98.463043
9667.466667	-267.402039	98.562935
9667.533333	-267.486176	98.457787
9667.600000	-267.476929	98.602448
9667.666667	-267.476929	98.602448
9667.733333	-267.534424	98.465630
9667.800000	-267.689148	98.504509
9667.866667	-267.459198	98.553680
9667.933333	-267.574677	98.545006
9668.000000	-267.812012	98.589836
9668.066667	-267.812012	98.589836
9668.133333	-267.813812	98.564644
9668.200000	-267.592926	98.489861
9668.266667	-267.694580	98.461525
9668.333333	-267.639923	98.515282
9668.400000	-267.904541	98.579361
9668.466667	-267.904541	98.579361
9668.533333	-268.077118	98.540169
9668.600000	-267.897583	98.467155
9668.666667	-268.026154	98.471382
9668.733333	-267.998169	98.416512
9668.800000	-268.029877	98.479462
9668.866667	-268.107422	98.483551
9668.933333	-268.107422	98.483551
9669.000000	-268.106110	98.380646
9669.066667	-268.011871	98.370224
9669.133333	-268.069458	98.406815
9669.200000	-268.097504	98.335762
9669.266667	-268.176147	98.321800
9669.333333	-268.176147	98.321800
9669.400000	-268.204742	98.369888
9669.466667	-268.486694	98.478088
9669.533333	-268.345123	98.349243
9669.600000	-268.510834	98.485321
9669.666667	-268.248230	98.450066
9669.733333	-268.248230	98.450066
9669.800000	-268.431213	98.414528
9669.866667	-268.492523	98.354301
9669.933333	-268.440094	98.386108
9670.000000	-268.629059	98.426826
9670.066667	-268.767151	98.391273
9670.133333	-268.768677	98.520020
9670.200000	-268.768677	98.520020
9670.266667	-268.646912	98.403328
9670.333333	-268.734558	98.509941
9670.400000	-268.775879	98.405647
9670.466667	-268.887787	98.439400
9670.533333	-268.824158	98.401085
9670.600000	-268.824158	98.401085
9670.666667	-268.952820	98.465012
9670.733333	-268.882874	98.354393
9670.800000	-269.034851	98.380615
9670.866667	-269.111359	98.396873
9670.933333	-268.943420	98.264473
9671.000000	-268.943420	98.264473
9671.066667	-269.025452	98.399010
9671.133333	-269.098022	98.328911
9671.200000	-269.144379	98.342545
9671.266667	-269.159210	98.311264
9671.333333	-269.145752	98.268517
9671.400000	-269.145752	98.268517
9671.466667	-269.378021	98.412399
9671.533333	-269.223450	98.347969
9671.600000	-269.207916	98.278641
9671.666667	-269.510925	98.332176
9671.733333	-269.512512	98.371864
9671.800000	-269.322662	98.258911
9671.866667	-269.322662	98.258911
9671.933333	-269.520599	98.341675
9672.000000	-269.524139	98.421852
9672.066667	-269.658752	98.377098
9672.133333	-269.646790	98.248734
9672.200000	-269.628937	98.471832
9672.266667	-269.628937	98.471832
9672.333333	-269.654419	98.282127
9672.400000	-269.660370	98.321465
9672.466667	-269.630737	98.370102
9672.533333	-269.816956	98.370163
9672.600000	-269.795013	98.273140
9672.666667	-269.795013	98.273140
9672.733333	-269.917694	98.408058
9672.800000	-269.828705	98.329659
9672.866667	-269.929108	98.235222
9672.933333	-269.853821	98.280861
9673.000000	-269.777954	98.217026
9673.066667	-269.870911	98.163666
9673.133333	-269.870911	98.163666
9673.200000	-270.100830	98.269043
9673.266667	-270.087311	98.168732
9673.333333	-270.204254	98.292610
9673.400000	-270.236267	98.226288
9673.466667	-270.097961	98.229561
9673.533333	-270.097961	98.229561
9673.600000	-270.096558	98.154144
9673.666667	-270.456696	98.294136
9673.733333	-270.361115	98.321007
9673.800000	-270.344788	98.279556
9673.866667	-270.436859	98.331802
9673.933333	-270.436859	98.331802
9674.000000	-270.413086	98.306313
9674.066667	-270.473694	98.304626
9674.133333	-270.425262	98.194397
9674.200000	-270.483582	98.202904
9674.266667	-270.601685	98.255798
9674.333333	-270.630707	98.224449
9674.400000	-270.573059	98.245689
9674.466667	-270.733337	98.254364
9674.533333	-270.715912	98.203117
9674.600000	-270.688385	98.240532
9674.666667	-270.589844	98.162727
9674.733333	-270.907440	98.286156
9674.800000	-270.907440	98.286156
9674.866667	-270.791168	98.140572
9674.933333	-270.772064	98.110794
9675.000000	-270.981293	98.209023
9675.066667	-270.740875	98.114876
9675.133333	-270.881561	98.155701
9675.200000	-270.881561	98.155701
9675.266667	-270.733124	98.050919
9675.333333	-270.995148	98.122452
9675.400000	-271.183167	98.110733
9675.466667	-271.097565	98.161751
9675.533333	-271.101685	98.048065
9675.600000	-271.082062	98.082367
9675.666667	-271.477478	98.188278
9675.733333	-271.221283	98.166382
9675.800000	-271.341614	98.249245
9675.866667	-271.232819	98.101662
9675.933333	-271.358276	98.170967
9676.000000	-271.429230	98.170380
9676.066667	-271.419067	98.168930
9676.133333	-271.499359	98.187981
9676.200000	-271.485016	98.182724
9676.266667	-271.558685	98.197006
9676.333333	-271.543365	98.225792
9676.400000	-271.490540	98.136009
9676.466667	-271.652527	98.246918
9676.533333	-271.556885	98.190491
9676.600000	-271.627380	98.183670
9676.666667	-271.747650	98.170471
9676.733333	-271.798035	98.283356
9676.800000	-271.661560	98.283600
9676.866667	-271.793884	98.188049
9676.933333	-271.708923	98.079391
9677.000000	-271.796112	98.189407
9677.066667	-271.849670	98.132484
9677.133333	-271.930634	98.176369
9677.200000	-271.845276	98.041451
9677.266667	-271.974762	98.116043
9677.333333	-272.011658	97.995171
9677.400000	-272.006927	98.141998
9677.466667	-272.042511	98.005219
9677.533333	-272.019623	97.994904
9677.600000	-272.122986	98.014793
9677.666667	-272.148956	98.090240
9677.733333	-272.184570	98.077713
9677.800000	-272.012238	97.999962
9677.866667	-272.391693	98.094955
9677.933333	-272.234711	98.052177
9678.000000	-272.371613	98.040451
9678.066667	-272.311676	98.007889
9678.133333	-272.372955	98.039528
9678.200000	-272.440552	98.062386
9678.266667	-272.349335	97.943336
9678.333333	-272.516724	98.127365
9678.400000	-272.497284	98.137604
9678.466667	-272.585876	98.109047
9678.533333	-272.543091	98.102737
9678.600000	-272.528625	98.122955
9678.666667	-272.553101	98.107513
9678.733333	-272.675659	98.242775
9678.800000	-272.749786	98.137466
9678.866667	-272.725952	98.119156
9678.933333	-272.896057	98.031937
9679.000000	-272.808563	98.098091
9679.066667	-272.671082	98.003067
9679.133333	-272.730988	97.979393
9679.200000	-272.924103	98.026680
9679.266667	-272.800232	97.984543
9679.333333	-272.890472	98.025459
9679.400000	-273.191559	98.115471
9679.466667	-272.853149	98.016296
9679.533333	-273.063568	98.071617
9679.600000	-273.101624	97.929779
9679.666667	-273.142334	97.932953
9679.733333	-273.095856	97.902252
9679.800000	-273.034515	97.853180
9679.866667	-273.135620	97.972160
9679.933333	-273.123169	97.915024
9680.000000	-273.156677	97.927055
9680.066667	-273.176575	98.006470
9680.133333	-273.258759	98.032043
9680.200000	-273.434082	98.049744
9680.266667	-273.454590	98.027496
9680.333333	-273.289337	97.995422
9680.400000	-273.532257	98.007790
9680.466667	-273.583557	98.128380
9680.533333	-273.376221	97.971893
9680.600000	-273.441101	97.995132
9680.666667	-273.452362	97.891212
9680.733333	-273.551361	97.920639
9680.800000	-273.437653	97.975708
9680.866667	-273.689941	98.000389
9680.933333	-273.642914	98.018494
9681.000000	-273.605011	97.927689
9681.066667	-273.657959	97.886879
9681.133333	-273.746338	97.986374
9681.200000	-273.821411	98.024025
9681.266667	-273.711731	97.988136
9681.333333	-273.830444	97.961151
9681.400000	-273.833282	97.998314
9681.466667	-273.873718	97.944504
9681.533333	-273.721924	97.893990
9681.600000	-273.712341	97.937279
9681.666667	-273.964417	97.935776
9681.733333	-273.957947	97.940262
9681.800000	-273.923706	97.814049
9681.866667	-274.067932	97.960426
9681.933333	-274.135681	97.889549
9682.000000	-274.046112	97.858421
9682.066667	-274.012451	97.879250
9682.133333	-274.294708	97.884811
9682.200000	-274.188812	97.888641
9682.266667	-274.205200	97.943146
9682.333333	-274.154694	98.006187
9682.400000	-274.369904	97.893486
9682.466667	-274.332520	98.009048
9682.533333	-274.359711	97.975708
9682.600000	-274.481110	97.974869
9682.666667	-274.402374	97.930786
9682.733333	-274.406586	97.907188
9682.800000	-274.568878	98.049713
9682.866667	-274.475586	97.918335
9682.933333	-274.555298	97.996979
9683.000000	-274.463959	97.928276
9683.066667	-274.529083	97.989799
9683.133333	-274.523315	97.877274
9683.200000	-274.725586	97.926659
9683.266667	-274.690155	97.852036
9683.333333	-274.694550	97.900108
9683.400000	-274.730682	97.914444
9683.466667	-274.709869	97.848709
9683.533333	-274.611206	97.867462
9683.600000	-274.794342	97.888153
9683.666667	-274.839020	97.924255
9683.733333	-274.537903	97.776512
9683.800000	-274.768585	97.703697
9683.866667	-274.954254	97.831818
9683.933333	-274.866821	97.886726
9684.000000	-274.798523	97.748306
9684.066667	-274.983307	97.865677
9684.133333	-274.953033	97.891441
9684.200000	-275.086670	97.790092
9684.266667	-275.065948	97.977196
9684.333333	-275.151978	97.850655
9684.400000	-275.209778	97.864754
9684.466667	-275.101959	97.932632
9684.533333	-275.167419	97.724731
9684.600000	-275.089600	97.809837
9684.666667	-275.193970	97.943130
9684.733333	-275.295959	97.886879
9684.800000	-275.291351	97.858475
9684.866667	-275.258392	97.977608
9684.933333	-275.341858	97.839874
9685.000000	-275.249634	97.823387
9685.066667	-275.533295	97.894409
9685.133333	-275.348694	97.863976
9685.200000	-275.272858	97.852036
9685.266667	-275.638977	97.839012
9685.333333	-275.597931	97.917274
9685.400000	-275.679016	97.837410
9685.466667	-275.632385	97.896721
9685.533333	-275.662567	97.838562
9685.600000	-275.617035	97.757515
9685.666667	-275.551392	97.872025
9685.733333	-275.632233	97.714218
9685.800000	-275.781433	97.812630
9685.866667	-275.776794	97.757004
9685.933333	-275.726074	97.796677
9686.000000	-275.820099	97.728752
9686.066667	-275.800079	97.751289
9686.133333	-275.944580	97.851509
9686.200000	-275.900269	97.771011
9686.266667	-276.008789	97.870178
9686.333333	-275.886993	97.710243
9686.400000	-275.997955	97.783081
9686.466667	-275.997955	97.783081
9686.533333	-275.997711	97.759521
9686.600000	-276.026306	97.793625
9686.666667	-276.139893	97.709984
9686.733333	-276.197021	97.732208
9686.800000	-276.234863	97.891342
9686.866667	-276.132446	97.752533
9686.933333	-276.132446	97.752533
9687.000000	-276.328796	97.755096
9687.066667	-276.301941	97.856674
9687.133333	-276.281616	97.817459
9687.200000	-276.393036	97.782623
9687.266667	-276.280823	97.813248
9687.333333	-276.351685	97.785416
9687.400000	-276.430481	97.763847
9687.466667	-276.451477	97.783920
9687.533333	-276.632538	97.812752
9687.600000	-276.608154	97.690613
9687.666667	-276.576477	97.782158
9687.733333	-276.611694	97.673012
9687.800000	-276.560364	97.581627
9687.866667	-276.748230	97.714027
9687.933333	-276.547913	97.697189
9688.000000	-276.706451	97.691208
9688.066667	-276.695435	97.667419
9688.133333	-276.754944	97.587181
9688.200000	-276.739380	97.659203
9688.266667	-276.760773	97.569283
9688.333333	-276.848236	97.696770
9688.400000	-276.724365	97.619820
9688.466667	-276.948486	97.721001
9688.533333	-276.859924	97.620201
9688.600000	-276.680450	97.599075
9688.666667	-276.941986	97.693130
9688.733333	-276.982269	97.606018
9688.800000	-277.235657	97.690804
9688.866667	-277.245331	97.674477
9688.933333	-276.983429	97.639748
9689.000000	-277.310669	97.695450
9689.066667	-277.119690	97.556236
9689.133333	-277.373047	97.698067
9689.200000	-277.350464	97.701546
9689.266667	-277.303497	97.658241
9689.333333	-277.313934	97.742584
9689.400000	-277.196655	97.628868
9689.466667	-277.321442	97.586525
9689.533333	-277.330719	97.720345
9689.600000	-277.460907	97.617676
9689.666667	-277.517303	97.645813
9689.733333	-277.483521	97.691612
9689.800000	-277.461639	97.632828
9689.866667	-277.461304	97.586525
9689.933333	-277.640106	97.725761
9690.000000	-277.571686	97.569283
9690.066667	-277.553650	97.583443
9690.133333	-277.510895	97.588058
9690.200000	-277.576935	97.600822
9690.266667	-277.618256	97.483231
9690.333333	-277.659149	97.623718
9690.400000	-277.761841	97.574753
9690.466667	-277.903534	97.684532
9690.533333	-277.719482	97.539902
9690.600000	-277.895935	97.602943
9690.666667	-277.832397	97.568848
9690.733333	-277.830139	97.530304
9690.800000	-277.897644	97.558769
9690.866667	-277.975372	97.489395
9690.933333	-277.999207	97.557831
9691.000000	-277.958984	97.535980
9691.066667	-278.047760	97.659958
9691.133333	-278.263092	97.562439
9691.200000	-278.088654	97.546501
9691.266667	-278.191315	97.567238
9691.333333	-278.200165	97.664505
9691.400000	-278.309479	97.578041
9691.466667	-278.346069	97.706558
9691.533333	-278.362976	97.524391
9691.600000	-278.370361	97.621552
9691.666667	-278.306519	97.504364
9691.733333	-278.367188	97.628166
9691.800000	-278.287933	97.653191
9691.866667	-278.442322	97.531563
9691.933333	-278.513153	97.523582
9692.000000	-278.494080	97.559624
9692.066667	-278.599365	97.643127
9692.133333	-278.657257	97.529144
9692.200000	-278.360779	97.454269
9692.266667	-278.823090	97.595581
9692.333333	-278.735870	97.567673
9692.400000	-278.646362	97.461525
9692.466667	-278.649567	97.461868
9692.533333	-278.726013	97.642509
9692.600000	-278.806732	97.520592
9692.666667	-278.779480	97.599075
9692.733333	-278.909821	97.465218
9692.800000	-278.886047	97.558769
9692.866667	-278.968506	97.486740
9692.933333	-278.826324	97.477600
9693.000000	-278.976959	97.483215
9693.066667	-279.045593	97.582008
9693.133333	-278.980042	97.554863
9693.200000	-279.049957	97.562874
9693.266667	-279.020966	97.546501
9693.333333	-279.052399	97.553009
9693.400000	-279.142792	97.491394
9693.466667	-279.127045	97.600868
9693.533333	-279.214630	97.439812
9693.600000	-279.316071	97.600838
9693.666667	-279.093506	97.462997
9693.733333	-279.248840	97.509293
9693.800000	-279.307800	97.498344
9693.866667	-279.278503	97.549515
9693.933333	-279.160339	97.407921
9694.000000	-279.222412	97.459999
9694.066667	-279.342010	97.452988
9694.133333	-279.415985	97.480476
9694.200000	-279.485382	97.513199
9694.266667	-279.517151	97.446289
9694.333333	-279.747040	97.519852
9694.400000	-279.429535	97.396126
9694.466667	-279.510468	97.391464
9694.533333	-279.536804	97.452477
9694.600000	-279.734711	97.439705
9694.666667	-279.630798	97.408005
9694.733333	-279.717651	97.451447
9694.800000	-279.643921	97.323845
9694.866667	-279.765991	97.367027
9694.933333	-279.768646	97.410660
9695.000000	-279.877563	97.444839
9695.066667	-280.011078	97.487656
9695.133333	-279.887299	97.413383
9695.200000	-279.833099	97.440002
9695.266667	-279.900024	97.441025
9695.333333	-280.060028	97.371788
9695.400000	-280.094543	97.512238
9695.466667	-280.200989	97.477814
9695.533333	-280.152039	97.506264
9695.600000	-280.073761	97.403633
9695.666667	-280.134979	97.387817
9695.733333	-279.983246	97.442062
9695.800000	-280.122681	97.435150
9695.866667	-279.982635	97.412529
9695.933333	-280.407196	97.528976
9696.000000	-280.277588	97.271217
9696.066667	-280.396393	97.405426
9696.133333	-280.339447	97.418808
9696.266667	-280.457275	97.398506
9696.333333	-280.461060	97.441284
9696.400000	-280.504791	97.374580
9696.466667	-280.429962	97.451866
9696.533333	-280.811066	97.462059
9696.600000	-280.811066	97.462059
9696.666667	-280.616608	97.345901
9696.733333	-280.568420	97.297646
9696.800000	-280.653656	97.375496
9696.866667	-280.659027	97.347160
9696.933333	-280.753448	97.447227
9697.000000	-280.661896	97.312737
9697.066667	-280.796173	97.410614
9697.133333	-280.796173	97.410614
9697.200000	-280.613831	97.345505
9697.266667	-280.832550	97.474403
9697.333333	-280.794525	97.367401
9697.400000	-281.020874	97.385086
9697.466667	-281.085541	97.417244
9697.533333	-280.970612	97.488686
9697.600000	-280.921814	97.342621
9697.666667	-281.019684	97.324272
9697.733333	-281.208344	97.434601
9697.800000	-281.205109	97.262070
9697.866667	-281.158905	97.310364
9697.933333	-281.056519	97.326782
9698.000000	-281.109619	97.356133
9698.066667	-281.174744	97.321419
9698.133333	-281.297577	97.246353
9698.200000	-281.310822	97.371857
9698.266667	-281.197632	97.320923
9698.333333	-281.401978	97.333641
9698.400000	-281.285004	97.284073
9698.466667	-281.323517	97.258514
9698.533333	-281.388733	97.349716
9698.600000	-281.427002	97.375221
9698.666667	-281.451019	97.328148
9698.733333	-281.477325	97.177551
9698.800000	-281.415161	97.204857
9698.866667	-281.442749	97.215187
9698.933333	-281.581268	97.267601
9699.000000	-281.627686	97.306770
9699.066667	-281.412689	97.245750
9699.133333	-281.666534	97.152191
9699.200000	-281.603119	97.111115
9699.266667	-281.803497	97.252350
9699.333333	-281.817596	97.371140
9699.400000	-281.772858	97.313599
9699.466667	-281.874695	97.257965
9699.533333	-281.885071	97.297447
9699.600000	-281.810394	97.262924
9699.666667	-282.108826	97.330017
9699.733333	-281.912750	97.244919
9699.800000	-282.042542	97.306808
9699.866667	-282.134216	97.215294
9699.933333	-282.031036	97.238426
9700.000000	-282.046173	97.176567
9700.066667	-282.232605	97.247635
9700.133333	-282.065277	97.161636
9700.200000	-282.238617	97.218658
9700.266667	-282.312988	97.261040
9700.333333	-282.260590	97.158722
9700.400000	-282.336578	97.209976
9700.466667	-282.310913	97.160133
9700.533333	-282.520325	97.236992
9700.600000	-282.292847	97.071579
9700.666667	-282.345673	97.143860
9700.733333	-282.420166	97.184502
9700.800000	-282.504608	97.248314
9700.866667	-282.507141	97.153252
9700.933333	-282.659027	97.152328
9701.000000	-282.654541	97.102356
9701.066667	-282.741821	97.238670
9701.133333	-282.698334	97.144943
9701.200000	-282.529236	97.180573
9701.266667	-282.809723	97.148369
9701.333333	-282.584991	97.171585
9701.400000	-282.851898	97.238060
9701.466667	-282.813721	97.181335
9701.533333	-282.839386	97.202888
9701.600000	-282.804932	97.170464
9701.666667	-282.836395	97.254997
9701.733333	-283.022308	97.187347
9701.800000	-282.914825	97.155930
9701.866667	-282.844360	97.124542
9701.933333	-283.044647	97.188400
9702.000000	-282.989716	97.234352
9702.066667	-283.054901	97.223000
9702.133333	-283.133453	97.213470
9702.200000	-283.088135	97.257965
9702.266667	-283.157990	97.134315
9702.333333	-283.146423	97.165222
9702.400000	-283.346436	97.153862
9702.466667	-283.194397	97.141190
9702.533333	-283.186493	97.183083
9702.600000	-283.224335	97.138092
9702.666667	-283.458466	97.060883
9702.733333	-283.346130	97.143036
9702.800000	-283.381683	97.227478
9702.866667	-283.523773	97.206764
9702.933333	-283.408905	97.118607
9703.000000	-283.438660	97.076393
9703.066667	-283.557129	97.162628
9703.133333	-283.513092	97.114494
9703.200000	-283.597992	97.074974
9703.266667	-283.581329	97.215378
9703.333333	-283.693878	97.136871
9703.400000	-283.706909	97.187675
9703.466667	-283.650513	97.189598
9703.533333	-283.719696	97.080833
9703.600000	-283.770203	97.178474
9703.666667	-283.834045	97.139160
9703.733333	-283.834045	97.139160
9703.800000	-283.836792	97.096115
9703.866667	-283.903503	97.169334
9703.933333	-283.842255	97.105354
9704.000000	-283.877411	97.087227
9704.066667	-284.028320	97.180511
9704.133333	-284.056854	97.098373
9704.200000	-283.969360	97.051765
9704.266667	-284.057373	97.086212
9704.333333	-284.086426	97.111557
9704.400000	-284.257202	97.187019
9704.466667	-284.328766	97.182251
9704.533333	-284.328766	97.182251
9704.600000	-284.167847	97.091896
9704.666667	-284.312775	97.059151
9704.733333	-284.197418	97.004616
9704.800000	-284.411011	97.072205
9704.866667	-284.256714	97.080460
9704.933333	-284.256714	97.080460
9705.000000	-284.345764	96.995399
9705.066667	-284.492798	97.075180
9705.133333	-284.501831	97.157730
9705.200000	-284.588257	97.023407
9705.266667	-284.366577	96.957611
9705.333333	-284.574310	97.057571
9705.400000	-284.574310	97.057571
9705.466667	-284.663971	97.034340
9705.533333	-284.610657	97.105179
9705.600000	-284.653351	96.958885
9705.666667	-284.793060	97.036568
9705.733333	-284.974854	96.998581
9705.800000	-284.974854	96.998581
9705.866667	-284.940613	97.120750
9705.933333	-284.892975	97.034882
9706.000000	-284.932220	97.023453
9706.066667	-284.893250	96.959358
9706.133333	-284.840668	96.990463
9706.200000	-284.840668	96.990463
9706.266667	-285.078674	96.976997
9706.333333	-284.976288	97.013664
9706.400000	-285.007843	97.025940
9706.466667	-285.268005	97.099846
9706.533333	-285.131439	97.008743
9706.600000	-285.126373	96.943001
9706.666667	-285.126373	96.943001
9706.733333	-285.248260	97.048172
9706.800000	-285.225708	96.908218
9706.866667	-285.298187	97.081551
9706.933333	-285.424133	96.983002
9707.000000	-285.269867	97.056854
9707.066667	-285.269867	97.056854
9707.133333	-285.461792	97.027809
9707.200000	-285.579895	96.980499
9707.266667	-285.551819	96.983414
9707.333333	-285.400360	96.755005
9707.400000	-285.431305	96.809998
9707.466667	-285.431305	96.809998
9707.533333	-285.688324	96.963829
9707.600000	-285.545654	96.917282
9707.666667	-285.406128	97.020683
9707.733333	-285.713348	96.960953
9707.800000	-285.771332	97.040688
9707.866667	-285.686279	96.869835
9707.933333	-285.686279	96.869835
9708.000000	-285.785736	96.958809
9708.066667	-285.746918	96.971321
9708.133333	-285.952545	97.050705
9708.200000	-285.850159	96.916527
9708.266667	-285.767944	97.025368
9708.333333	-285.767944	97.025368
9708.400000	-286.027252	96.972511
9708.466667	-285.917267	96.925873
9708.533333	-286.014954	96.960846
9708.600000	-285.950897	96.893951
9708.666667	-286.071136	96.820786
9708.733333	-286.071136	96.820786
9708.800000	-286.040070	97.019836
9708.866667	-286.066254	96.841171
9708.933333	-286.118561	96.849464
9709.000000	-286.204498	96.826202
9709.066667	-286.277100	96.866493
9709.133333	-286.277100	96.866493
9709.200000	-286.079346	96.829758
9709.266667	-286.207794	96.951195
9709.333333	-286.652557	97.003365
9709.400000	-286.284882	96.799377
9709.466667	-286.358398	96.919510
9709.533333	-286.612946	96.840538
9709.600000	-286.612946	96.840538
9709.666667	-286.465820	96.826324
9709.733333	-286.563568	96.842918
9709.800000	-286.540192	96.831360
9709.866667	-286.380524	96.847832
9709.933333	-286.613007	96.980469
9710.000000	-286.613007	96.980469
9710.066667	-286.682434	96.801796
9710.133333	-286.691895	96.869301
9710.200000	-286.784546	96.909576
9710.266667	-286.800293	96.919975
9710.333333	-286.777740	96.917427
9710.400000	-286.777740	96.917427
9710.466667	-286.816437	96.744408
9710.533333	-286.926422	96.961174
9710.600000	-286.902649	96.810585
9710.666667	-286.846283	96.942963
9710.733333	-287.004028	96.831718
9710.800000	-286.803772	96.808342
9710.866667	-287.056641	96.871025
9710.933333	-286.869110	96.726784
9711.000000	-286.973602	96.845695
9711.066667	-286.991333	96.752754
9711.133333	-286.980469	96.859024
9711.200000	-287.129883	96.840469
9711.266667	-286.928436	96.780861
9711.333333	-287.323639	96.797058
9711.400000	-287.283081	96.792641
9711.466667	-287.176849	96.769928
9711.533333	-287.181396	96.765022
9711.600000	-287.440826	96.844574
9711.666667	-287.421722	96.717278
9711.733333	-287.339355	96.745949
9711.800000	-287.331635	96.689011
9711.866667	-287.470551	96.776726
9711.933333	-287.488953	96.865158
9712.000000	-287.576569	96.842003
9712.066667	-287.477966	96.723289
9712.133333	-287.524811	96.796936
9712.200000	-287.480682	96.761101
9712.266667	-287.551727	96.810196
9712.333333	-287.532166	96.720345
9712.400000	-287.603912	96.738213
9712.466667	-287.630310	96.780464
9712.533333	-287.641327	96.741486
9712.600000	-287.683807	96.811981
9712.666667	-287.681091	96.712090
9712.733333	-287.828339	96.789742
9712.800000	-287.750122	96.770393
9712.866667	-287.707764	96.710167
9712.933333	-287.825043	96.787590
9713.000000	-287.936737	96.749222
9713.066667	-287.931244	96.653862
9713.133333	-288.036285	96.781021
9713.200000	-288.083038	96.731598
9713.266667	-287.900909	96.737427
9713.333333	-288.172638	96.787338
9713.400000	-288.095093	96.662651
9713.466667	-287.891449	96.584465
9713.533333	-288.275787	96.735649
9713.600000	-288.297974	96.723946
9713.666667	-288.369049	96.686516
9713.733333	-288.340668	96.654488
9713.800000	-288.367950	96.778702
9713.866667	-288.359131	96.741737
9713.933333	-288.385376	96.686394
9714.000000	-288.261749	96.620636
9714.066667	-288.435669	96.746307
9714.133333	-288.636536	96.815254
9714.200000	-288.512054	96.668137
9714.266667	-288.557404	96.606087
9714.333333	-288.507538	96.661949
9714.400000	-288.774445	96.723999
9714.466667	-288.519165	96.701889
9714.533333	-288.476959	96.562279
9714.600000	-288.807892	96.753273
9714.666667	-288.813568	96.704597
9714.733333	-288.727081	96.658997
9714.800000	-288.778778	96.689537
9714.866667	-288.931213	96.604660
9714.933333	-288.960602	96.702652
9715.000000	-288.980804	96.757645
9715.066667	-289.173218	96.805458
9715.133333	-289.002808	96.632652
9715.200000	-288.943970	96.591385
9715.266667	-288.932709	96.543732
9715.333333	-288.963318	96.574776
9715.400000	-289.030975	96.605865
9715.466667	-289.125000	96.687675
9715.533333	-289.203766	96.583328
9715.600000	-289.289154	96.590378
9715.666667	-289.195709	96.615265
9715.733333	-289.268707	96.623970
9715.800000	-289.265961	96.640465
9715.866667	-289.284821	96.580269
9715.933333	-289.108734	96.575142
9716.000000	-289.251129	96.485146
9716.066667	-289.581055	96.629936
9716.133333	-289.324829	96.626671
9716.200000	-289.513977	96.646675
9716.266667	-289.652649	96.662804
9716.333333	-289.469666	96.659256
9716.400000	-289.721222	96.645462
9716.466667	-289.676270	96.709854
9716.533333	-289.540558	96.590416
9716.600000	-289.761292	96.615654
9716.666667	-289.749146	96.458977
9716.733333	-289.936096	96.669212
9716.800000	-289.868378	96.612091
9716.866667	-289.866852	96.585732
9716.933333	-289.889160	96.627518
9717.000000	-289.911835	96.609703
9717.066667	-289.889893	96.675117
9717.133333	-290.075836	96.666817
9717.200000	-290.058990	96.623589
9717.266667	-289.936096	96.561043
9717.333333	-289.931549	96.607048
9717.400000	-290.091583	96.606277
9717.466667	-290.094849	96.562790
9717.533333	-290.191772	96.521011
9717.600000	-290.156860	96.509689
9717.666667	-290.248383	96.494751
9717.733333	-290.127289	96.506409
9717.800000	-290.378296	96.496635
9717.866667	-290.182526	96.388107
9717.933333	-290.344940	96.491470
9718.000000	-290.369232	96.426758
9718.066667	-290.469849	96.497864
9718.133333	-290.533020	96.484497
9718.200000	-290.532593	96.541176
9718.266667	-290.535126	96.526291
9718.333333	-290.634216	96.542648
9718.400000	-290.644806	96.557137
9718.466667	-290.471680	96.358315
9718.533333	-290.749817	96.551735
9718.600000	-290.767792	96.628242
9718.666667	-290.876953	96.529053
9718.733333	-290.657440	96.454704
9718.800000	-290.723419	96.438942
9718.866667	-290.814453	96.368629
9718.933333	-290.781830	96.433594
9719.000000	-290.820923	96.493286
9719.066667	-290.871582	96.469757
9719.133333	-290.895142	96.401031
9719.200000	-290.955780	96.491753
9719.266667	-290.857117	96.514641
9719.333333	-291.137634	96.493256
9719.400000	-291.000946	96.599113
9719.466667	-290.995819	96.494827
9719.533333	-291.152527	96.423035
9719.600000	-291.272125	96.444061
9719.666667	-291.324432	96.393761
9719.733333	-291.255188	96.433594
9719.800000	-291.264008	96.369667
9719.866667	-291.264099	96.462166
9719.933333	-291.428772	96.419968
9720.000000	-291.354614	96.367889
