9600.066667	-237.091141	100.930168
9600.133333	-237.186707	100.941437
9600.200000	-237.186707	100.941437
9600.266667	-237.158600	100.888718
9600.333333	-237.081406	100.966225
9600.400000	-237.145096	100.881638
9600.466667	-237.135559	100.919243
9600.533333	-237.159927	100.912247
9600.600000	-237.159927	100.912247
9600.666667	-237.252243	100.845238
9600.733333	-237.181244	100.875450
9600.800000	-237.060287	100.795982
9600.866667	-237.282883	100.855972
9600.933333	-237.294952	100.979279
9601.000000	-237.294952	100.979279
9601.066667	-237.216507	100.837509
9601.133333	-237.268997	100.763947
9601.200000	-237.303970	100.826553
9601.266667	-237.299225	100.826553
9601.333333	-237.474945	100.812035
9601.400000	-237.313889	100.689148
9601.466667	-237.313889	100.689148
9601.533333	-237.373856	100.747597
9601.600000	-237.217453	100.729309
9601.666667	-237.525726	100.795982
9601.733333	-237.428711	100.828232
9601.800000	-237.571167	100.855003
9601.866667	-237.571167	100.855003
9601.933333	-237.464584	100.857132
9602.000000	-237.680496	100.897614
9602.066667	-237.722504	100.844696
9602.133333	-237.736923	100.904579
9602.200000	-237.673569	100.782944
9602.266667	-237.673569	100.782944
9602.333333	-237.698196	100.838905
9602.400000	-237.896866	100.913788
9602.466667	-237.885696	100.881966
9602.533333	-237.799240	100.781288
9602.600000	-237.757187	100.778664
9602.666667	-237.757187	100.778664
9602.733333	-237.754379	100.827110
9602.800000	-237.888428	100.812508
9602.866667	-237.654709	100.737900
9602.933333	-237.960587	100.874115
9603.000000	-237.906387	100.787361
9603.066667	-237.989380	100.889374
9603.133333	-237.989380	100.889374
9603.200000	-238.022232	100.816757
9603.266667	-238.044510	100.746529
9603.333333	-238.050003	100.768166
9603.400000	-237.947006	100.787483
9603.466667	-238.134293	100.891922
9603.533333	-238.134293	100.891922
9603.600000	-238.108475	100.791840
9603.666667	-238.059113	100.666008
9603.733333	-238.084930	100.636131
9603.800000	-238.021744	100.668579
9603.866667	-238.239853	100.700684
9603.933333	-238.239853	100.700684
9604.000000	-238.249786	100.767136
9604.066667	-238.335175	100.730309
9604.133333	-238.132416	100.759819
9604.200000	-238.404694	100.753265
9604.266667	-238.444763	100.879517
9604.333333	-238.386200	100.824242
9604.400000	-238.481262	100.848259
9604.466667	-238.412979	100.764885
9604.533333	-238.395691	100.768349
9604.600000	-238.523987	100.687485
9604.666667	-238.438416	100.730019
9604.733333	-238.531158	100.792999
9604.800000	-238.575516	100.847427
9604.866667	-238.565002	100.877960
9604.933333	-238.619720	100.768196
9605.000000	-238.522095	100.800957
9605.066667	-238.633865	100.773499
9605.133333	-238.553329	100.653099
9605.200000	-238.620697	100.713593
9605.266667	-238.656052	100.815704
9605.333333	-238.682709	100.827133
9605.400000	-238.657471	100.691025
9605.466667	-238.616104	100.736359
9605.533333	-238.747833	100.782761
9605.600000	-238.749969	100.779449
9605.666667	-238.759399	100.749527
9605.733333	-238.701797	100.630096
9605.800000	-238.826111	100.700958
9605.866667	-238.848801	100.702484
9605.933333	-238.971497	100.810349
9606.000000	-238.810242	100.834938
9606.066667	-238.930817	100.822067
9606.133333	-238.987534	100.659554
9606.200000	-238.727066	100.638519
9606.266667	-238.797821	100.688774
9606.333333	-238.902084	100.809052
9606.400000	-239.157333	100.830643
9606.466667	-239.018372	100.822067
9606.533333	-238.893158	100.765404
9606.600000	-239.133621	100.645027
9606.666667	-239.005844	100.789894
9606.733333	-239.282669	100.802925
9606.800000	-239.160446	100.724548
9606.866667	-239.116272	100.701111
9606.933333	-239.245255	100.760033
9607.000000	-239.210541	100.634651
9607.066667	-239.360123	100.841026
9607.133333	-239.179047	100.619995
9607.200000	-239.436554	100.726852
9607.266667	-239.239700	100.621017
9607.333333	-239.355347	100.753281
9607.400000	-239.271576	100.640343
9607.466667	-239.288528	100.681252
9607.533333	-239.443192	100.687485
9607.600000	-239.519653	100.624321
9607.666667	-239.342072	100.607460
9607.733333	-239.591537	100.576736
9607.800000	-239.443649	100.539909
9607.866667	-239.541168	100.694016
9607.933333	-239.547302	100.743645
9608.000000	-239.529678	100.752029
9608.066667	-239.632874	100.630623
9608.133333	-239.654785	100.671638
9608.200000	-239.567749	100.671753
9608.266667	-239.757034	100.747429
9608.333333	-239.654282	100.681541
9608.400000	-239.840118	100.640205
9608.466667	-239.783157	100.663139
9608.533333	-239.764954	100.675079
9608.600000	-239.954086	100.649681
9608.666667	-239.853073	100.683434
9608.733333	-239.950775	100.715385
9608.800000	-239.954742	100.749748
9608.866667	-239.867096	100.755287
9608.933333	-239.919342	100.686646
9609.000000	-239.938538	100.767273
9609.066667	-240.200439	100.783524
9609.133333	-240.093933	100.706505
9609.200000	-240.210037	100.745049
9609.266667	-240.083847	100.695679
9609.333333	-240.068619	100.655396
9609.400000	-240.078156	100.660889
9609.466667	-240.270157	100.758339
9609.533333	-240.254944	100.683746
9609.600000	-240.119492	100.570671
9609.666667	-240.291611	100.574295
9609.733333	-240.252060	100.604996
9609.800000	-240.310867	100.597725
9609.866667	-240.353104	100.656075
9609.933333	-240.282608	100.559494
9610.000000	-240.392044	100.640907
9610.066667	-240.285507	100.607552
9610.133333	-240.434189	100.508232
9610.200000	-240.319199	100.550316
9610.266667	-240.647018	100.706337
9610.333333	-240.493729	100.735817
9610.400000	-240.610474	100.621964
9610.466667	-240.492142	100.649460
9610.533333	-240.543320	100.540886
9610.600000	-240.572662	100.548134
9610.666667	-240.706467	100.560188
9610.733333	-240.755310	100.594841
9610.800000	-240.848007	100.651474
9610.866667	-240.634583	100.583755
9610.933333	-240.969116	100.742332
9611.000000	-240.717651	100.538078
9611.066667	-240.799408	100.685188
9611.133333	-240.976059	100.674774
9611.200000	-241.077667	100.636307
9611.266667	-240.935440	100.597618
9611.333333	-240.989365	100.668633
9611.400000	-241.083481	100.673355
9611.466667	-241.012527	100.513657
9611.533333	-241.015823	100.538269
9611.600000	-241.025040	100.484528
9611.666667	-241.117813	100.606850
9611.733333	-240.977798	100.493340
9611.800000	-241.162598	100.631210
9611.866667	-241.143036	100.510483
9611.933333	-241.048645	100.533348
9612.000000	-241.159241	100.421814
9612.066667	-241.315643	100.587723
9612.133333	-241.299149	100.562981
9612.200000	-241.286591	100.630325
9612.266667	-241.187195	100.568932
9612.333333	-241.414566	100.501251
9612.400000	-241.509903	100.613716
9612.466667	-241.393326	100.497780
9612.533333	-241.427582	100.534386
9612.600000	-241.617844	100.561562
9612.666667	-241.530518	100.562317
9612.733333	-241.691025	100.647758
9612.800000	-241.603317	100.563194
9612.866667	-241.697372	100.566681
9612.933333	-241.629135	100.480568
9613.000000	-241.628738	100.495995
9613.066667	-241.662262	100.547859
9613.133333	-241.738449	100.527588
9613.200000	-241.759171	100.439850
9613.266667	-241.524933	100.515198
9613.333333	-241.789749	100.589874
9613.400000	-241.920822	100.538475
9613.466667	-241.851883	100.451897
9613.533333	-241.952484	100.486824
9613.600000	-241.799591	100.491913
9613.666667	-241.932098	100.553268
9613.733333	-241.951736	100.544220
9613.800000	-242.022461	100.396034
9613.866667	-241.945862	100.506386
9613.933333	-241.960526	100.429588
9614.000000	-241.969955	100.532211
9614.066667	-241.957794	100.481903
9614.133333	-242.140457	100.488495
9614.200000	-242.091507	100.421295
9614.266667	-242.307968	100.555222
9614.333333	-242.031937	100.513275
9614.400000	-242.319962	100.430237
9614.466667	-242.506241	100.549675
9614.533333	-242.228668	100.379944
9614.600000	-242.352097	100.367661
9614.666667	-242.421646	100.488472
9614.733333	-242.446747	100.472404
9614.800000	-242.345810	100.484894
9614.866667	-242.379944	100.476387
9614.933333	-242.597977	100.502106
9615.000000	-242.511017	100.522041
9615.066667	-242.624222	100.496132
9615.133333	-242.729538	100.435257
9615.200000	-242.599197	100.397667
9615.266667	-242.582214	100.363998
9615.333333	-242.682510	100.479912
9615.400000	-242.649750	100.508034
9615.466667	-242.858673	100.468674
9615.533333	-242.785049	100.455605
9615.600000	-242.882538	100.276772
9615.666667	-242.961578	100.439255
9615.733333	-242.893890	100.449234
9615.800000	-242.736908	100.265663
9615.866667	-242.902084	100.423553
9615.933333	-242.998199	100.394043
9616.000000	-243.073639	100.342300
9616.066667	-242.964890	100.402893
9616.133333	-243.057617	100.379257
9616.200000	-243.165833	100.370781
9616.266667	-242.996246	100.358109
9616.333333	-243.174057	100.409843
9616.400000	-243.270828	100.387970
9616.466667	-243.355499	100.469048
9616.533333	-243.337845	100.417740
9616.600000	-243.357422	100.449722
9616.666667	-243.399750	100.345833
9616.733333	-243.312973	100.367355
9616.800000	-243.356018	100.385651
9616.866667	-243.508011	100.477364
9616.933333	-243.470963	100.387619
9617.000000	-243.544464	100.417282
9617.066667	-243.466675	100.294388
9617.133333	-243.685059	100.482101
9617.200000	-243.808151	100.409042
9617.266667	-243.555054	100.365486
9617.333333	-243.505386	100.379013
9617.400000	-243.882141	100.487534
9617.466667	-243.871857	100.385330
9617.533333	-243.797119	100.386238
9617.600000	-243.954269	100.383102
9617.666667	-243.943893	100.356781
9617.733333	-243.693375	100.168587
9617.800000	-244.004623	100.393524
9617.866667	-244.022827	100.278305
9617.933333	-243.879807	100.273109
9618.000000	-243.899536	100.271606
9618.066667	-244.118057	100.359009
9618.133333	-244.178207	100.379082
9618.200000	-244.204239	100.368683
9618.266667	-244.119904	100.344582
9618.333333	-244.211365	100.353561
9618.400000	-244.227066	100.341743
9618.466667	-244.352310	100.350601
9618.533333	-244.171082	100.258301
9618.600000	-244.253067	100.355820
9618.666667	-244.221527	100.283508
9618.733333	-244.363358	100.364197
9618.800000	-244.316940	100.299690
9618.866667	-244.550964	100.344070
9618.933333	-244.356476	100.273270
9619.000000	-244.484009	100.244728
9619.066667	-244.459946	100.319084
9619.133333	-244.599014	100.320351
9619.200000	-244.719757	100.339699
9619.266667	-244.775726	100.379013
9619.333333	-244.833694	100.328926
9619.400000	-244.846893	100.393661
9619.466667	-244.779327	100.341843
9619.533333	-244.792755	100.301628
9619.600000	-244.855270	100.256454
9619.666667	-244.910248	100.320129
9619.733333	-245.006790	100.365234
9619.800000	-244.987808	100.285851
9619.866667	-244.980301	100.222214
9619.933333	-245.032150	100.189445
9620.000000	-244.988174	100.229401
9620.066667	-244.972443	100.145798
9620.133333	-245.028793	100.182739
9620.200000	-245.096451	100.255562
9620.266667	-245.147934	100.223724
9620.333333	-245.045074	100.177132
9620.400000	-245.213364	100.233055
9620.466667	-245.312698	100.196671
9620.533333	-245.239899	100.185226
9620.600000	-245.254700	100.216728
9620.666667	-245.259735	100.196640
9620.733333	-245.404922	100.224289
9620.800000	-245.694260	100.251892
9620.866667	-245.448029	100.118942
9620.933333	-245.440094	100.226906
9621.000000	-245.620895	100.177620
9621.066667	-245.426910	100.162781
9621.133333	-245.733612	100.317078
9621.200000	-245.677811	100.347046
9621.266667	-245.585434	100.210266
9621.333333	-245.808563	100.324112
9621.400000	-245.697189	100.239418
9621.466667	-245.695343	100.145554
9621.533333	-245.766235	100.178200
9621.600000	-245.753204	100.227287
9621.666667	-245.851547	100.220650
9621.733333	-246.005417	100.280930
9621.800000	-245.849197	100.125496
9621.866667	-245.857391	100.182198
9621.933333	-245.913788	100.254105
9622.000000	-245.954376	100.150185
9622.066667	-246.115616	100.151398
9622.133333	-246.342224	100.337822
9622.200000	-246.160538	100.211121
9622.266667	-246.166550	100.193970
9622.333333	-246.213791	100.167747
9622.400000	-246.453461	100.179901
9622.466667	-246.234833	100.141991
9622.533333	-246.324875	100.154900
9622.600000	-246.384369	100.260506
9622.666667	-246.291946	100.073959
9622.733333	-246.472366	100.221298
9622.800000	-246.490387	100.153191
9622.866667	-246.546066	100.154533
9622.933333	-246.502441	100.168091
9623.000000	-246.592575	100.091248
9623.066667	-246.499832	100.164070
9623.133333	-246.638351	100.234711
9623.200000	-246.741043	100.079140
9623.266667	-246.967560	100.209816
9623.333333	-246.421310	100.062286
9623.400000	-246.810593	100.106506
9623.466667	-246.724197	100.013687
9623.533333	-247.016891	100.136307
9623.600000	-246.925781	100.169930
9623.666667	-246.893845	100.126793
9623.733333	-246.936905	100.097939
9623.800000	-246.993591	100.134743
9623.866667	-247.106171	100.123245
9623.933333	-247.111221	100.170395
9624.000000	-247.122437	100.135460
9624.066667	-247.124619	100.106689
9624.133333	-247.005142	100.013794
9624.200000	-247.161774	100.078468
9624.266667	-247.187195	100.061310
9624.333333	-247.256393	99.987709
9624.400000	-247.254654	100.109833
9624.466667	-247.361588	100.083527
9624.533333	-247.346573	100.061432
9624.600000	-247.266479	100.007202
9624.666667	-247.445175	100.090141
9624.733333	-247.470978	100.021896
9624.800000	-247.713058	100.108963
9624.866667	-247.519226	100.048370
9624.933333	-247.560165	99.991493
9625.000000	-247.518738	100.007744
9625.066667	-247.623077	100.115623
9625.133333	-247.688202	100.015808
9625.200000	-247.673615	100.053658
9625.266667	-247.767624	100.079201
9625.333333	-247.631241	100.049614
9625.400000	-247.746521	100.050308
9625.466667	-247.900055	100.158005
9625.533333	-247.780350	100.063538
9625.600000	-248.060944	100.067673
9625.666667	-247.993057	100.129082
9625.733333	-248.004211	100.146561
9625.800000	-248.081604	100.068100
9625.866667	-247.984573	99.987953
9625.933333	-248.122818	100.105797
9626.000000	-248.029724	100.057724
9626.066667	-247.996277	99.957748
9626.133333	-248.048248	100.000656
9626.200000	-248.097046	100.057571
9626.266667	-248.144638	99.993896
9626.333333	-248.426422	100.054855
9626.400000	-248.465439	100.012772
9626.466667	-248.485886	99.999977
9626.533333	-248.394043	99.903671
9626.600000	-248.476135	99.958374
9626.666667	-248.485168	100.007202
9626.733333	-248.645264	100.093674
9626.800000	-248.426422	99.961067
9626.866667	-248.727905	99.997406
9626.933333	-248.464050	100.024124
9627.000000	-248.603195	99.873795
9627.066667	-248.689468	99.945854
9627.133333	-248.803925	99.938217
9627.200000	-248.918442	100.038704
9627.266667	-248.651855	99.814087
9627.333333	-248.701630	99.950134
9627.400000	-248.732651	99.868019
9627.466667	-248.936615	99.889107
9627.533333	-248.875275	99.934700
9627.600000	-248.860611	99.947174
9627.666667	-248.999252	99.956154
9627.733333	-248.986572	99.947617
9627.800000	-248.832230	99.946236
9627.866667	-249.154510	99.997025
9627.933333	-249.049927	99.844704
9628.000000	-249.013535	99.909027
9628.066667	-249.414505	100.013885
9628.133333	-249.182190	99.931664
9628.200000	-249.361221	99.897987
9628.266667	-249.418198	99.830177
9628.333333	-249.335876	99.869736
9628.400000	-249.263519	99.858902
9628.466667	-249.411438	99.916122
9628.533333	-249.307526	99.827293
9628.600000	-249.495209	99.999969
9628.666667	-249.561157	99.922859
9628.733333	-249.337799	99.834244
9628.800000	-249.632874	100.002083
9628.866667	-249.576126	99.747894
9628.933333	-249.666779	99.853516
9629.000000	-249.513336	99.809341
9629.066667	-249.874588	99.874451
9629.133333	-249.755402	99.879456
9629.200000	-249.892258	99.903755
9629.266667	-249.913086	99.891602
9629.333333	-249.931381	99.953918
9629.400000	-249.864655	99.802780
9629.466667	-250.013596	99.851616
9629.533333	-250.141632	99.903496
9629.600000	-249.993057	99.859169
9629.666667	-250.127548	99.885895
9629.733333	-249.981888	99.868820
9629.800000	-250.098495	99.867035
9629.866667	-250.096756	99.858315
9629.933333	-250.232056	99.936020
9630.000000	-250.064194	99.830811
9630.066667	-250.265793	99.861710
9630.133333	-250.367538	99.993126
9630.200000	-250.247681	99.895325
9630.266667	-250.468857	99.917648
9630.333333	-250.466797	99.772537
9630.400000	-250.416458	99.862900
9630.466667	-250.463257	99.850349
9630.533333	-250.655685	99.857727
9630.600000	-250.395447	99.793762
9630.666667	-250.410934	99.823074
9630.733333	-250.786301	99.815559
9630.800000	-250.708359	99.919136
9630.866667	-250.698486	99.891357
9630.933333	-250.722580	99.828354
9631.000000	-250.778046	99.859192
9631.066667	-250.718445	99.835236
9631.133333	-250.742203	99.863846
9631.200000	-250.797668	99.799477
9631.266667	-250.782562	99.768661
9631.333333	-250.900116	99.752190
9631.400000	-250.953049	99.880219
9631.466667	-250.830200	99.793152
9631.533333	-250.957260	99.804985
9631.600000	-251.052872	99.782028
9631.666667	-251.005768	99.674118
9631.733333	-250.970703	99.686821
9631.800000	-251.180298	99.787308
9631.866667	-251.159302	99.826035
9631.933333	-251.216263	99.889900
9632.000000	-251.191101	99.816139
9632.066667	-251.174179	99.745621
9632.133333	-251.120895	99.721535
9632.200000	-251.221771	99.783371
9632.266667	-251.337906	99.810524
9632.333333	-251.335602	99.831223
9632.400000	-251.351334	99.812683
9632.466667	-251.351334	99.812683
9632.533333	-251.387192	99.754913
9632.600000	-251.568726	99.739029
9632.666667	-251.418518	99.825150
9632.733333	-251.563141	99.770393
9632.800000	-251.675812	99.705116
9632.866667	-251.675812	99.705116
9632.933333	-251.612793	99.755379
9633.000000	-251.803497	99.815475
9633.066667	-251.671921	99.705902
9633.133333	-251.775772	99.763885
9633.200000	-251.798004	99.727516
9633.266667	-251.798004	99.727516
9633.333333	-251.879288	99.689056
9633.400000	-251.794922	99.813217
9633.466667	-251.888458	99.734261
9633.533333	-251.921021	99.642967
9633.600000	-251.981720	99.693161
9633.666667	-252.046600	99.747284
9633.733333	-252.046600	99.747284
9633.800000	-251.953430	99.809898
9633.866667	-252.089249	99.759605
9633.933333	-252.283813	99.788666
9634.000000	-252.148987	99.755470
9634.066667	-252.399841	99.716530
9634.133333	-252.399841	99.716530
9634.200000	-252.356415	99.755577
9634.266667	-252.364349	99.656593
9634.333333	-252.502808	99.902298
9634.400000	-252.505692	99.634178
9634.466667	-252.428040	99.657585
9634.533333	-252.428040	99.657585
9634.600000	-252.530563	99.811951
9634.666667	-252.598709	99.696518
9634.733333	-252.442886	99.645966
9634.800000	-252.579926	99.705223
9634.866667	-252.539169	99.608833
9634.933333	-252.539169	99.608833
9635.000000	-252.787582	99.649994
9635.066667	-252.729324	99.666405
9635.133333	-252.803894	99.626694
9635.200000	-252.662857	99.542213
9635.266667	-252.905533	99.718216
9635.333333	-252.884018	99.587563
9635.400000	-252.884018	99.587563
9635.466667	-252.896362	99.711777
9635.533333	-252.942749	99.767265
9635.600000	-252.802139	99.589890
9635.666667	-252.969788	99.630157
9635.733333	-253.015945	99.566139
9635.800000	-253.015945	99.566139
9635.866667	-253.040314	99.632812
9635.933333	-253.075684	99.661964
9636.000000	-253.390076	99.662987
9636.066667	-253.313675	99.730080
9636.133333	-253.168472	99.560432
9636.200000	-253.168472	99.560432
9636.266667	-253.236069	99.610687
9636.333333	-253.379074	99.651100
9636.400000	-253.466095	99.656166
9636.466667	-253.436401	99.639061
9636.533333	-253.379089	99.560211
9636.600000	-253.464767	99.611977
9636.666667	-253.464767	99.611977
9636.733333	-253.468719	99.663475
9636.800000	-253.453506	99.442543
9636.866667	-253.519455	99.501740
9636.933333	-253.607620	99.581543
9637.000000	-253.558456	99.574974
9637.066667	-253.558456	99.574974
9637.133333	-253.573746	99.503983
9637.200000	-253.644150	99.547562
9637.266667	-253.640060	99.390327
9637.333333	-253.768845	99.562859
9637.400000	-253.811539	99.459488
9637.466667	-253.811539	99.459488
9637.533333	-253.718491	99.577583
9637.600000	-253.846649	99.657181
9637.666667	-254.012100	99.544205
9637.733333	-254.182129	99.670204
9637.800000	-253.944275	99.423119
9637.866667	-253.944275	99.423119
9637.933333	-254.055099	99.544365
9638.000000	-254.101547	99.518501
9638.066667	-254.204590	99.495216
9638.133333	-254.149063	99.605034
9638.200000	-254.109894	99.515175
9638.266667	-254.135880	99.645447
9638.333333	-254.135880	99.645447
9638.400000	-254.249588	99.474846
9638.466667	-254.261078	99.582306
9638.533333	-254.510056	99.577980
9638.600000	-254.346283	99.571709
9638.666667	-254.495102	99.513535
9638.733333	-254.495102	99.513535
9638.800000	-254.372253	99.492531
9638.866667	-254.531830	99.558868
9638.933333	-254.474091	99.583092
9639.000000	-254.369797	99.476112
9639.066667	-254.572144	99.474228
9639.133333	-254.572144	99.474228
9639.200000	-254.524338	99.439186
9639.266667	-254.551544	99.368172
9639.333333	-254.625427	99.537399
9639.400000	-254.778046	99.481964
9639.466667	-254.704208	99.488457
9639.533333	-254.765579	99.392876
9639.600000	-254.685013	99.490204
9639.666667	-254.682739	99.408142
9639.733333	-254.917419	99.477295
9639.800000	-254.904602	99.445923
9639.866667	-254.919144	99.509857
9639.933333	-254.875702	99.458099
9640.000000	-254.969284	99.524498
9640.066667	-254.996567	99.595146
9640.133333	-255.076859	99.551338
9640.200000	-255.038284	99.509514
9640.266667	-254.969940	99.521347
9640.333333	-255.217163	99.512985
9640.400000	-255.154648	99.452194
9640.466667	-255.245834	99.546577
9640.533333	-255.163864	99.353729
9640.600000	-255.067810	99.519928
9640.666667	-255.143845	99.436119
9640.733333	-255.203873	99.541016
9640.800000	-255.256378	99.410408
9640.866667	-255.347565	99.458443
9640.933333	-255.265961	99.348892
9641.000000	-255.369232	99.494614
9641.066667	-255.291626	99.466522
9641.133333	-255.359055	99.520523
9641.200000	-255.456833	99.488670
9641.266667	-255.372574	99.440063
9641.333333	-255.568832	99.438324
9641.400000	-255.632050	99.487579
9641.466667	-255.605026	99.383293
9641.533333	-255.549484	99.514908
9641.600000	-255.518967	99.384949
9641.666667	-255.533752	99.396858
9641.733333	-255.734726	99.448723
9641.800000	-255.694763	99.301147
9641.866667	-255.727753	99.437897
9641.933333	-255.825836	99.566681
9642.000000	-255.742279	99.363434
9642.066667	-255.794067	99.426369
9642.133333	-255.733322	99.430702
9642.200000	-255.760620	99.355156
9642.266667	-255.878815	99.453308
9642.333333	-255.830429	99.477730
9642.400000	-255.847977	99.383041
9642.466667	-255.883102	99.436073
9642.533333	-255.886124	99.358871
9642.600000	-255.985397	99.360435
9642.666667	-255.975098	99.531960
9642.733333	-256.030701	99.419548
9642.800000	-256.163696	99.500824
9642.866667	-256.102417	99.420372
9642.933333	-256.180725	99.394112
9643.000000	-256.140289	99.419189
9643.066667	-256.201111	99.405869
9643.133333	-256.270081	99.469482
9643.200000	-256.126038	99.432632
9643.266667	-256.203766	99.420609
9643.333333	-256.215759	99.323708
9643.400000	-256.344269	99.362869
9643.466667	-256.468323	99.415604
9643.533333	-256.469360	99.417465
9643.600000	-256.347412	99.383095
9643.666667	-256.489319	99.446053
9643.733333	-256.468323	99.365570
9643.800000	-256.446533	99.359207
9643.866667	-256.483429	99.433289
9643.933333	-256.538666	99.267296
9644.000000	-256.590179	99.466278
9644.066667	-256.621185	99.435280
9644.133333	-256.556702	99.330826
9644.200000	-256.585724	99.354820
9644.266667	-256.613525	99.394882
9644.333333	-256.713959	99.429146
9644.400000	-256.636627	99.383652
9644.466667	-256.641022	99.341072
9644.533333	-256.622192	99.354942
9644.600000	-256.688995	99.313515
9644.666667	-256.730530	99.443024
9644.733333	-256.814972	99.391411
9644.800000	-256.835022	99.390945
9644.866667	-256.745667	99.196678
9644.933333	-256.972168	99.340073
9645.000000	-256.891113	99.265991
9645.066667	-256.787445	99.314247
9645.133333	-256.924622	99.319031
9645.200000	-257.019257	99.338425
9645.266667	-257.187805	99.420555
9645.333333	-257.080963	99.399086
9645.400000	-257.023987	99.357368
9645.466667	-257.136292	99.443352
9645.533333	-257.402893	99.363632
9645.600000	-257.098358	99.340950
9645.666667	-257.109283	99.238022
9645.733333	-257.237518	99.151848
9645.800000	-257.335480	99.299072
9645.866667	-257.240173	99.340187
9645.933333	-257.193359	99.325562
9646.000000	-257.304626	99.275078
9646.066667	-257.321075	99.225044
9646.133333	-257.314392	99.245087
9646.200000	-257.407257	99.203362
9646.266667	-257.334412	99.306854
9646.333333	-257.524841	99.312828
9646.400000	-257.480255	99.372116
9646.466667	-257.439209	99.351555
9646.533333	-257.570953	99.324959
9646.600000	-257.685059	99.398468
9646.666667	-257.613251	99.358711
9646.733333	-257.630554	99.365891
9646.800000	-257.649475	99.333885
9646.866667	-257.810242	99.267189
9646.933333	-257.890656	99.462723
9647.000000	-257.730072	99.286827
9647.066667	-257.778748	99.281509
9647.133333	-257.619690	99.183311
9647.200000	-257.751190	99.174789
9647.266667	-258.010345	99.305229
9647.333333	-258.005219	99.216324
9647.400000	-257.983429	99.313774
9647.466667	-257.926880	99.178711
9647.533333	-257.882050	99.293282
9647.600000	-258.006287	99.238258
9647.666667	-258.157623	99.242561
9647.733333	-258.083710	99.269402
9647.800000	-258.107361	99.159950
9647.866667	-258.158936	99.356125
9647.933333	-258.225983	99.264275
9648.000000	-258.475494	99.251884
9648.066667	-258.159607	99.250443
9648.133333	-258.212769	99.323341
9648.200000	-258.163910	99.291580
9648.266667	-258.374176	99.174088
9648.333333	-258.508453	99.353104
9648.400000	-258.421387	99.213112
9648.466667	-258.400970	99.242470
9648.533333	-258.472534	99.254349
9648.600000	-258.732208	99.287689
9648.666667	-258.447144	99.153694
9648.733333	-258.570190	99.214561
9648.800000	-258.425385	99.141411
9648.866667	-258.666809	99.310066
9648.933333	-258.844666	99.248924
9649.000000	-258.679474	99.375671
9649.066667	-258.728241	99.370049
9649.133333	-258.842346	99.318039
9649.200000	-258.601471	99.221718
9649.266667	-258.772491	99.246361
9649.333333	-258.689178	99.105232
9649.400000	-258.826385	99.174858
9649.466667	-258.950378	99.188332
9649.533333	-258.838379	99.167114
9649.600000	-258.804779	99.260933
9649.666667	-258.926422	99.206894
9649.733333	-258.939789	99.188034
9649.800000	-258.841339	99.163223
9649.866667	-258.906860	99.180542
9649.933333	-259.114410	99.238174
9650.000000	-259.066772	99.103851
9650.066667	-259.137817	99.060318
9650.133333	-258.945740	99.057617
9650.200000	-258.871613	99.059021
9650.266667	-259.276398	99.176689
9650.333333	-259.313721	99.097527
9650.400000	-259.267792	99.214806
9650.466667	-259.248627	99.120720
9650.533333	-259.348602	99.144691
9650.600000	-259.427307	99.163422
9650.666667	-259.242676	99.105980
9650.733333	-259.385895	99.110992
9650.800000	-259.373779	99.160934
9650.866667	-259.465179	99.133621
9650.933333	-259.425049	99.181412
9651.000000	-259.536011	99.194672
9651.066667	-259.646240	99.284248
9651.133333	-259.591522	99.165253
9651.200000	-259.514862	99.178574
9651.266667	-259.530975	99.123436
9651.333333	-259.707764	99.182091
9651.400000	-259.951111	99.217033
9651.466667	-259.646515	99.043091
9651.533333	-259.880249	99.101524
9651.600000	-259.853699	99.203590
9651.666667	-259.816101	99.158684
9651.733333	-259.796082	99.000084
9651.800000	-259.807465	99.172012
9651.866667	-259.952698	99.123543
9651.933333	-260.002106	99.153275
9652.000000	-259.979706	99.045441
9652.066667	-259.996460	99.097748
9652.133333	-260.025024	99.069733
9652.200000	-260.066284	99.129494
9652.266667	-260.086212	99.082344
9652.333333	-260.149719	99.104385
9652.400000	-260.271057	99.144836
9652.466667	-260.375824	99.075539
9652.533333	-260.258911	99.106010
9652.600000	-260.299896	99.075089
9652.666667	-260.350464	99.072159
9652.733333	-260.395996	99.024590
9652.800000	-260.327057	99.075218
9652.866667	-260.274384	98.973305
9652.933333	-260.581879	99.107216
9653.000000	-260.649689	99.162743
9653.066667	-260.573334	99.116287
9653.133333	-260.635345	99.065788
9653.200000	-260.476532	99.059937
9653.266667	-260.593231	99.101997
9653.333333	-260.654968	99.059692
9653.400000	-260.662048	99.106010
9653.466667	-260.664154	99.122925
9653.533333	-260.761353	99.161301
9653.600000	-260.659882	99.056053
9653.666667	-260.928375	99.146515
9653.733333	-260.784180	99.071167
9653.800000	-260.873840	99.001236
9653.866667	-260.973969	99.054428
9653.933333	-260.777283	99.039024
9654.000000	-260.948608	99.013863
9654.066667	-261.000366	99.026634
9654.133333	-260.875549	98.917274
9654.200000	-261.000397	98.957954
9654.266667	-261.025604	98.889519
9654.333333	-261.164490	98.986893
9654.400000	-261.182220	98.954613
9654.466667	-261.322815	99.015480
9654.533333	-261.259613	98.980095
9654.600000	-261.192383	98.966301
9654.666667	-261.298187	99.011467
9654.733333	-261.300934	98.982521
9654.800000	-261.254517	98.895164
9654.866667	-261.261108	98.958954
9654.933333	-261.483856	98.993683
9655.000000	-261.450195	99.012283
9655.066667	-261.318420	98.849541
9655.133333	-261.319702	99.000328
9655.200000	-261.484192	99.012711
9655.266667	-261.566101	99.086441
9655.333333	-261.709747	99.144630
9655.400000	-261.681274	99.093971
9655.466667	-261.572235	98.996635
9655.533333	-261.669281	98.959122
9655.600000	-261.710693	99.032974
9655.666667	-261.813385	99.083717
9655.733333	-261.718323	98.928207
9655.800000	-261.965179	99.013931
9655.866667	-261.823822	98.955482
9655.933333	-261.890503	98.877487
9656.000000	-262.010529	98.979042
9656.066667	-261.850281	98.868271
9656.133333	-261.931488	98.976326
9656.200000	-261.995758	99.064903
9656.266667	-262.051331	98.939850
9656.333333	-262.098389	98.888847
9656.400000	-262.022186	98.745811
9656.466667	-262.134949	98.888878
9656.533333	-262.205719	98.968864
9656.600000	-261.955811	98.793968
9656.666667	-262.339966	99.050964
9656.733333	-262.107605	98.805847
9656.800000	-262.205811	98.958878
9656.866667	-262.296631	98.904022
9656.933333	-262.266693	98.957222
9657.000000	-262.465210	98.906204
9657.066667	-262.479828	98.916237
9657.133333	-262.450287	98.879738
9657.200000	-262.608063	98.978363
9657.266667	-262.655182	98.948425
9657.333333	-262.489410	98.931732
9657.400000	-262.649048	99.022652
9657.466667	-262.571564	98.975952
9657.533333	-262.608459	99.037361
9657.600000	-262.645477	98.845528
9657.666667	-262.725311	98.875397
9657.733333	-262.696899	98.999573
9657.800000	-262.798767	98.947762
9657.866667	-262.889801	99.038353
9657.933333	-262.885468	98.914391
9658.000000	-262.794067	98.823151
9658.066667	-262.871552	98.837044
9658.133333	-262.931641	98.879158
9658.200000	-262.966583	98.906853
9658.266667	-262.871552	98.771339
9658.333333	-263.045380	98.715401
9658.400000	-263.085663	98.833939
9658.466667	-263.197388	98.900467
9658.533333	-262.996613	98.933296
9658.600000	-263.180115	98.833588
9658.666667	-263.168915	98.743523
9658.733333	-263.056641	98.819328
9658.800000	-263.290070	98.755661
9658.866667	-263.293304	98.824921
9658.933333	-263.473999	98.863541
9659.000000	-263.421204	98.833809
9659.066667	-263.285126	98.773575
9659.133333	-263.460266	98.872620
9659.200000	-263.236877	98.941025
9659.266667	-263.435852	98.834236
9659.333333	-263.552734	98.841217
9659.400000	-263.446625	98.843178
9659.466667	-263.579895	98.918694
9659.533333	-263.580994	98.972054
9659.600000	-263.635071	98.832939
9659.666667	-263.659821	98.903275
9659.733333	-263.768494	98.740486
9659.800000	-263.650024	98.774734
9659.866667	-263.813538	98.831703
9659.933333	-263.910339	98.781250
9660.000000	-263.742798	98.725594
