4440.066667	-228.756378	100.284698
4440.133333	-228.815598	100.295815
4440.200000	-228.860321	100.270287
4440.266667	-228.741989	100.264839
4440.333333	-228.908981	100.197418
4440.400000	-228.985016	100.329666
4440.466667	-228.734375	100.148781
4440.533333	-229.096390	100.354424
4440.600000	-229.043900	100.232185
4440.666667	-229.093628	100.343353
4440.733333	-229.195480	100.326073
4440.800000	-229.133743	100.346123
4440.866667	-229.115936	100.337334
4440.933333	-229.627457	100.564781
4441.000000	-229.226059	100.304443
4441.066667	-229.288513	100.480026
4441.133333	-229.235046	100.314278
4441.200000	-229.603333	100.426483
4441.266667	-229.533005	100.385117
4441.333333	-229.563278	100.208527
4441.400000	-229.542938	100.375801
4441.466667	-229.473297	100.248245
4441.533333	-229.729309	100.330261
4441.600000	-229.690598	100.277771
4441.666667	-229.807205	100.324394
4441.733333	-229.721375	100.225349
4441.800000	-229.743729	100.228546
4441.866667	-229.800797	100.135338
4441.933333	-229.889557	100.237106
4442.000000	-229.744843	100.140884
4442.066667	-229.755295	100.132057
4442.133333	-229.739944	99.962410
4442.200000	-229.945862	100.066055
4442.266667	-229.985550	100.104713
4442.333333	-229.983612	100.152908
4442.400000	-230.145462	100.173073
4442.466667	-230.188599	100.083778
4442.533333	-228.952652	99.848381
4442.600000	-230.277786	100.222618
4442.666667	-230.334824	100.185768
4442.733333	-230.540863	100.148666
4442.800000	-230.530869	100.287292
4442.866667	-230.495682	100.239380
4442.933333	-230.662994	100.268181
4443.000000	-230.588882	100.296326
4443.066667	-230.599121	100.264351
4443.133333	-230.706070	100.329803
4443.200000	-230.733414	100.422554
4443.266667	-230.675751	100.303169
4443.333333	-230.920349	100.257668
4443.400000	-230.803726	100.204163
4443.466667	-230.614090	100.180618
4443.533333	-230.939011	100.237190
4443.600000	-230.874298	100.223473
4443.666667	-231.053360	100.118523
4443.733333	-231.167587	100.221207
4443.800000	-231.167587	100.221207
4443.866667	-231.027924	100.117188
4443.933333	-231.035583	100.104118
4444.000000	-231.197617	100.094711
4444.066667	-231.169983	100.064827
4444.133333	-231.408371	100.103035
4444.200000	-231.408371	100.103035
4444.266667	-231.380493	100.060600
4444.333333	-231.490005	100.054680
4444.400000	-231.544342	100.078064
4444.466667	-231.470734	99.931931
4444.533333	-231.719360	100.078339
4444.600000	-231.719360	100.078339
4444.666667	-231.584320	100.066940
4444.733333	-231.940750	100.317200
4444.800000	-231.953873	100.175758
4444.866667	-231.914795	100.225433
4444.933333	-231.998199	100.092896
4445.000000	-231.787827	100.166344
4445.066667	-231.787827	100.166344
4445.133333	-231.910645	100.155518
4445.200000	-232.113403	100.188210
4445.266667	-232.174484	100.253128
4445.333333	-232.086868	100.217545
4445.400000	-232.105194	100.135468
4445.466667	-232.105194	100.135468
4445.533333	-232.250122	100.063042
4445.600000	-232.298004	100.118561
4445.666667	-232.238037	100.099792
4445.733333	-232.476303	100.149994
4445.800000	-232.351990	100.069328
4445.866667	-232.296066	99.986687
4446.000000	-232.366592	100.028122
4446.066667	-232.792603	100.138184
4446.133333	-232.552078	99.966194
4446.200000	-232.794312	100.050072
4446.266667	-232.908432	100.051010
4446.333333	-232.664505	100.086777
4446.400000	-232.859634	100.043800
4446.466667	-233.006058	100.038780
4446.533333	-232.930313	99.953575
4446.600000	-232.587402	99.873764
4446.666667	-232.858200	99.994980
4446.733333	-232.858200	99.994980
4446.800000	-232.967270	99.925613
4446.866667	-233.008102	100.023834
4446.933333	-233.150528	100.060379
4447.000000	-233.064850	100.006996
4447.066667	-233.101990	99.991814
4447.133333	-233.101990	99.991814
4447.200000	-233.504669	100.131721
4447.266667	-233.336273	100.134377
4447.333333	-233.189270	99.894913
4447.400000	-233.596786	100.097069
4447.466667	-233.425003	100.042671
4447.533333	-233.425003	100.042671
4447.600000	-233.603867	100.049324
4447.666667	-233.587219	99.993401
4447.733333	-233.574432	100.108765
4447.800000	-233.696121	99.924271
4447.866667	-233.758041	99.948776
4447.933333	-233.807159	99.997818
4448.000000	-233.807159	99.997818
4448.066667	-233.731522	99.914558
4448.133333	-234.097900	99.861565
4448.200000	-233.969910	99.817230
4448.266667	-234.014938	99.929878
4448.333333	-234.013275	100.089592
4448.400000	-234.013275	100.089592
4448.466667	-234.044403	99.887779
4448.533333	-234.181732	99.836304
4448.600000	-234.352127	99.880302
4448.666667	-234.302460	99.945557
4448.733333	-234.387161	99.788689
4448.800000	-234.387161	99.788689
4448.866667	-234.486771	99.846474
4448.933333	-234.524841	99.917305
4449.000000	-234.531830	99.954414
4449.066667	-234.536942	99.984444
4449.133333	-234.575363	99.969109
4449.200000	-234.617676	99.884544
4449.266667	-234.617676	99.884544
4449.333333	-234.597702	99.953438
4449.400000	-234.872498	99.854599
4449.466667	-235.008011	99.876495
4449.533333	-234.930756	99.922859
4449.600000	-234.989319	99.949661
4449.666667	-234.989319	99.949661
4449.733333	-235.145554	99.940971
4449.800000	-235.178787	99.947495
4449.866667	-235.250977	99.953957
4449.933333	-235.197723	99.867531
4450.000000	-235.114822	99.842346
4450.066667	-235.114822	99.842346
4450.133333	-235.279236	99.942650
4450.200000	-235.303940	99.756485
4450.266667	-235.485550	99.823227
4450.333333	-235.281403	99.625793
4450.400000	-235.446808	99.790543
4450.466667	-235.446808	99.790543
4450.533333	-235.488388	99.707382
4450.600000	-235.459259	99.794754
4450.666667	-235.643112	99.785217
4450.733333	-235.511047	99.757484
4450.800000	-235.861679	99.822601
4450.866667	-235.775894	99.678032
4450.933333	-235.775894	99.678032
4451.000000	-235.970932	99.849548
4451.066667	-236.003220	99.749702
4451.133333	-236.060867	99.860168
4451.200000	-236.172348	99.805168
4451.266667	-236.018204	99.796135
4451.333333	-236.018204	99.796135
4451.400000	-236.255783	99.880882
4451.466667	-236.165970	99.874451
4451.533333	-236.442505	99.922859
4451.600000	-236.348206	99.868332
4451.666667	-236.180679	99.733391
4451.733333	-236.180679	99.733391
4451.800000	-236.557556	99.885468
4451.866667	-236.615082	99.858078
4451.933333	-236.708130	99.858070
4452.000000	-236.650497	99.894173
4452.066667	-236.763565	99.835274
4452.133333	-236.794754	99.811813
4452.200000	-236.786301	99.677391
4452.266667	-236.752045	99.754707
4452.333333	-236.753677	99.714531
4452.400000	-236.845032	99.591873
4452.466667	-236.780884	99.617844
4452.533333	-236.917603	99.566818
4452.600000	-236.833359	99.581047
4452.666667	-237.039886	99.638039
4452.733333	-237.176422	99.603912
4452.800000	-237.091339	99.623199
4452.866667	-237.180099	99.676529
4452.933333	-237.153122	99.531425
4453.000000	-237.310165	99.670853
4453.066667	-237.435516	99.708000
4453.133333	-237.294449	99.615005
4453.200000	-237.423096	99.746819
4453.266667	-237.488922	99.628349
4453.333333	-237.611252	99.646980
4453.400000	-237.656189	99.678902
4453.466667	-237.492188	99.670631
4453.533333	-237.671356	99.798813
4453.600000	-237.848480	99.780174
4453.666667	-237.644928	99.672729
4453.733333	-237.632126	99.625847
4453.800000	-238.088226	99.793289
4453.866667	-237.906662	99.715477
4453.933333	-238.014648	99.687614
4454.000000	-238.264313	99.917427
4454.066667	-238.173111	99.690758
4454.133333	-238.082230	99.663788
4454.200000	-238.194916	99.617310
4454.266667	-238.274277	99.691559
4454.333333	-238.277695	99.629242
4454.400000	-238.196289	99.588013
4454.466667	-238.201370	99.576485
4454.533333	-238.395340	99.559677
4454.600000	-238.321426	99.532814
4454.666667	-238.411865	99.498741
4454.733333	-238.366348	99.431656
4454.800000	-238.491379	99.504845
4454.866667	-238.556625	99.505875
4454.933333	-238.592819	99.511604
4455.000000	-238.864639	99.559769
4455.066667	-238.985016	99.613297
4455.133333	-238.937820	99.618851
4455.200000	-238.947906	99.582962
4455.266667	-238.760620	99.567070
4455.333333	-238.925598	99.513512
4455.400000	-239.119110	99.668350
4455.466667	-238.958725	99.531471
4455.533333	-239.144272	99.550461
4455.600000	-239.235504	99.546104
4455.666667	-239.202560	99.629196
4455.733333	-239.380875	99.647415
4455.800000	-239.359863	99.635872
4455.866667	-239.505310	99.513191
4455.933333	-239.431030	99.567352
4456.000000	-239.379486	99.494164
4456.066667	-239.619659	99.632034
4456.133333	-239.661636	99.503288
4456.200000	-239.601440	99.553413
4456.266667	-239.724091	99.511604
4456.333333	-239.771744	99.444916
4456.400000	-239.868347	99.524536
4456.466667	-239.866501	99.443153
4456.533333	-239.851807	99.445976
4456.600000	-239.873367	99.396851
4456.666667	-239.933762	99.470558
4456.733333	-240.087357	99.411072
4456.800000	-240.092667	99.386497
4456.866667	-240.135727	99.375679
4456.933333	-240.343369	99.419800
4457.000000	-240.319733	99.475136
4457.066667	-240.280731	99.425507
4457.133333	-240.400314	99.510902
4457.200000	-240.359955	99.502571
4457.266667	-240.294327	99.412590
4457.333333	-240.414474	99.404106
4457.400000	-240.492767	99.509468
4457.466667	-240.503738	99.476295
4457.533333	-240.559067	99.407806
4457.600000	-240.675003	99.435257
4457.666667	-240.722015	99.572380
4457.733333	-240.808762	99.461372
4457.800000	-240.964783	99.563423
4457.866667	-240.775070	99.516563
4457.933333	-240.905823	99.512093
4458.000000	-240.962067	99.384651
4458.066667	-241.077621	99.545311
4458.133333	-241.047714	99.361702
4458.200000	-241.193008	99.521164
4458.266667	-241.148178	99.423706
4458.333333	-241.316925	99.483185
4458.400000	-241.280945	99.504463
4458.466667	-241.361740	99.502327
4458.533333	-241.318985	99.372192
4458.600000	-241.418030	99.344009
4458.666667	-241.440704	99.403282
4458.733333	-241.549362	99.353546
4458.800000	-241.565674	99.398872
4458.866667	-241.543381	99.309990
4458.933333	-241.545258	99.134430
4459.000000	-241.655853	99.352325
4459.066667	-241.708328	99.228592
4459.133333	-241.946381	99.384796
4459.200000	-241.701157	99.296013
4459.266667	-241.765030	99.323822
4459.333333	-241.702484	99.198288
4459.400000	-241.848801	99.330116
4459.466667	-241.954254	99.370819
4459.533333	-242.023438	99.250336
4459.600000	-242.126648	99.303726
4459.666667	-241.990662	99.274704
4459.733333	-242.321716	99.470085
4459.800000	-242.138382	99.341911
4459.866667	-242.224335	99.380928
4459.933333	-242.366089	99.521828
4460.000000	-242.262650	99.385185
4460.066667	-242.505493	99.439102
4460.133333	-242.340988	99.403244
4460.200000	-242.368866	99.311554
4460.266667	-242.474792	99.354340
4460.333333	-242.498108	99.248878
4460.400000	-242.630402	99.363922
4460.466667	-242.568497	99.326912
4460.533333	-242.742493	99.286789
4460.600000	-242.749252	99.267433
4460.666667	-242.775482	99.299698
4460.733333	-242.972244	99.239235
4460.800000	-243.083481	99.209808
4460.866667	-242.875763	99.190994
4460.933333	-243.054443	99.239731
4461.000000	-243.014206	99.287521
4461.066667	-242.985428	99.118927
4461.133333	-243.116058	99.270790
4461.200000	-243.192856	99.264885
4461.266667	-243.441299	99.289886
4461.333333	-243.283875	99.136955
4461.400000	-243.310120	99.185982
4461.466667	-243.441742	99.286888
4461.533333	-243.204773	99.184883
4461.600000	-243.454315	99.180061
4461.666667	-243.591156	99.281487
4461.733333	-243.657410	99.235405
4461.800000	-243.561966	99.319130
4461.866667	-243.756851	99.239807
4461.933333	-243.562698	99.217628
4462.000000	-243.782211	99.238396
4462.066667	-243.648041	99.072960
4462.133333	-243.848618	99.298729
4462.200000	-243.829285	99.285782
4462.266667	-243.880524	99.254395
4462.333333	-244.029953	99.242157
4462.400000	-244.113464	99.265419
4462.466667	-243.935486	99.189255
4462.533333	-244.081528	99.180206
4462.600000	-244.126785	99.146797
4462.666667	-244.243118	99.135498
4462.733333	-244.233551	99.216698
4462.800000	-244.395660	99.101524
4462.866667	-244.198807	99.019165
4462.933333	-244.439514	99.118904
4463.000000	-244.375092	99.162399
4463.066667	-244.448349	99.091927
4463.133333	-244.380905	99.028679
4463.200000	-244.525299	99.187553
4463.266667	-244.632095	99.083237
4463.333333	-244.824219	99.066650
4463.400000	-244.552536	99.043884
4463.466667	-244.671967	99.043777
4463.533333	-244.702911	99.003754
4463.600000	-244.898544	99.101448
4463.666667	-244.982483	99.151146
4463.733333	-244.812256	99.105537
4463.800000	-244.892624	99.151031
4463.866667	-245.031876	99.131424
4463.933333	-245.133667	99.110832
4464.000000	-245.183960	99.234329
4464.066667	-245.319839	99.142921
4464.133333	-245.211212	99.204208
4464.200000	-245.358887	99.149681
4464.266667	-245.286331	99.073624
4464.333333	-245.376801	99.216866
4464.400000	-245.417313	99.107864
4464.466667	-245.529694	99.121826
4464.533333	-245.436218	99.078094
4464.600000	-245.416351	98.986534
4464.666667	-245.482559	99.078468
4464.733333	-245.850967	99.175522
4464.800000	-245.754868	99.128181
4464.866667	-245.624878	99.112686
4464.933333	-245.730774	99.085571
4465.000000	-245.629669	98.982681
4465.066667	-245.839462	99.005501
4465.133333	-245.877167	98.920273
4465.200000	-245.859955	99.065948
4465.266667	-246.028992	98.927902
4465.333333	-245.798828	99.025887
4465.400000	-245.827225	98.924271
4465.466667	-246.063278	98.940582
4465.533333	-246.102921	98.973984
4465.600000	-246.292526	98.956680
4465.666667	-246.290924	98.916443
4465.733333	-246.247574	98.941612
4465.800000	-246.348923	98.970512
4465.866667	-246.523666	99.011574
4465.933333	-246.394623	99.003387
4466.000000	-246.623474	99.078354
4466.066667	-246.545120	98.931435
4466.133333	-246.622849	99.013252
4466.200000	-246.645996	98.919891
4466.266667	-246.619278	98.964882
4466.333333	-246.798141	98.960571
4466.400000	-246.825638	99.050423
4466.466667	-246.776550	98.989197
4466.533333	-247.178528	99.176247
4466.600000	-246.974945	99.072212
4466.666667	-246.968811	98.935249
4466.733333	-247.066162	99.068085
4466.800000	-246.978500	98.949081
4466.866667	-247.384750	99.049652
4466.933333	-247.110458	99.015808
4467.000000	-247.201950	98.901672
4467.066667	-247.398209	98.999939
4467.133333	-247.176392	98.864243
4467.200000	-247.233231	98.951927
4467.266667	-247.403580	98.868309
4467.333333	-247.341354	98.892937
4467.400000	-247.319092	98.766312
4467.466667	-247.486206	98.868790
4467.533333	-247.554031	98.874046
4467.600000	-247.772522	98.872185
4467.666667	-247.599548	98.786789
4467.733333	-247.724045	98.708405
4467.800000	-247.775925	98.788834
4467.866667	-247.856125	98.926193
4467.933333	-247.920975	98.853981
4468.000000	-247.781754	98.852890
4468.066667	-248.071381	98.944717
4468.133333	-248.013428	98.928040
4468.200000	-248.176422	98.852692
4468.266667	-248.083542	98.961479
4468.333333	-248.210266	98.820221
4468.400000	-248.271652	98.871819
4468.466667	-248.161835	98.925362
4468.533333	-248.304031	98.893425
4468.600000	-248.544907	98.821747
4468.666667	-248.308777	98.840622
4468.733333	-248.462677	98.877159
4468.800000	-248.449570	98.898216
4468.866667	-248.499847	98.853249
4468.933333	-248.669373	98.917694
4469.000000	-248.635284	98.810806
4469.066667	-247.518433	98.646606
4469.133333	-248.832092	98.864609
4469.200000	-248.766022	98.773460
4469.266667	-248.764099	98.846252
4469.333333	-249.003433	98.887642
4469.400000	-248.840225	98.615067
4469.466667	-248.964294	98.907249
4469.533333	-248.957016	98.714272
4469.600000	-249.142014	98.744125
4469.666667	-249.038025	98.662430
4469.733333	-249.265762	98.770683
4469.800000	-249.189484	98.733612
4469.866667	-249.156158	98.640106
4469.933333	-249.145569	98.729263
4470.000000	-249.295914	98.732803
4470.066667	-249.342117	98.748474
4470.133333	-249.275620	98.644775
4470.200000	-249.440903	98.713257
4470.266667	-249.652786	98.783417
4470.333333	-249.534286	98.715492
4470.400000	-249.711716	98.713936
4470.466667	-249.791885	98.705437
4470.533333	-249.722519	98.782486
4470.600000	-249.800354	98.703888
4470.666667	-249.985367	98.862000
4470.733333	-249.902222	98.763763
4470.800000	-249.773300	98.727112
4470.866667	-249.943344	98.823387
4470.933333	-250.124039	98.816711
4471.000000	-250.032608	98.722237
4471.066667	-249.936249	98.762329
4471.133333	-250.187195	98.739212
4471.200000	-250.197372	98.760963
4471.266667	-250.165543	98.583214
4471.333333	-250.150772	98.689621
4471.400000	-250.252197	98.563797
4471.466667	-250.257767	98.631378
4471.533333	-250.406845	98.574951
4471.600000	-250.437378	98.540245
4471.666667	-250.587219	98.522842
4471.733333	-250.723846	98.675987
4471.800000	-250.611649	98.601494
4471.866667	-250.597824	98.624275
4471.933333	-250.659729	98.463348
4472.000000	-250.758804	98.505074
4472.066667	-250.815857	98.626572
4472.133333	-250.958099	98.587158
4472.200000	-250.819443	98.548439
4472.266667	-250.920639	98.575859
4472.333333	-251.213058	98.604912
4472.400000	-251.114105	98.648743
4472.466667	-251.114456	98.635132
4472.533333	-251.161240	98.680885
4472.600000	-251.270905	98.760963
4472.666667	-251.252975	98.652084
4472.733333	-251.324646	98.703079
4472.800000	-251.359283	98.697884
4472.866667	-251.384109	98.708214
4472.933333	-251.391174	98.588219
4473.000000	-251.531387	98.700325
4473.066667	-251.573669	98.777687
4473.133333	-251.638382	98.648964
4473.200000	-251.627731	98.507317
4473.266667	-251.818436	98.615395
4473.333333	-251.800034	98.562126
4473.400000	-251.914902	98.554146
4473.466667	-251.802551	98.562164
4473.533333	-251.804291	98.523903
4473.600000	-252.066620	98.566620
4473.666667	-251.925903	98.537163
4473.733333	-251.979141	98.404877
4473.800000	-251.895248	98.358505
4473.866667	-251.960648	98.458061
4473.933333	-252.115158	98.472649
4474.000000	-251.988968	98.486687
4474.066667	-252.425690	98.540260
4474.133333	-252.248627	98.381882
4474.200000	-252.501633	98.426231
4474.266667	-252.421066	98.535156
4474.333333	-252.691956	98.661293
4474.400000	-252.323868	98.360611
4474.466667	-252.656662	98.630936
4474.533333	-252.550400	98.549843
4474.600000	-252.868835	98.544899
4474.666667	-252.551727	98.498886
4474.733333	-252.772125	98.552971
4474.800000	-252.595413	98.432938
4474.866667	-252.901199	98.577431
4474.933333	-252.872223	98.580505
4475.000000	-252.881790	98.562126
4475.066667	-253.106705	98.607689
4475.133333	-252.928558	98.576797
4475.200000	-253.138214	98.507675
4475.266667	-253.042313	98.519089
4475.333333	-253.138199	98.441933
4475.400000	-253.168961	98.479034
4475.466667	-253.434982	98.463600
4475.533333	-253.475677	98.485970
4475.600000	-253.269562	98.439362
4475.666667	-253.503418	98.431099
4475.733333	-253.442123	98.280716
4475.800000	-253.452148	98.364052
4475.866667	-253.453964	98.347061
4475.933333	-253.639725	98.475372
4476.000000	-253.510239	98.339111
4476.066667	-253.674530	98.293976
4476.133333	-253.625595	98.404427
4476.200000	-253.638214	98.336098
4476.266667	-253.727325	98.401436
4476.333333	-253.714218	98.321846
4476.400000	-253.801331	98.414070
4476.466667	-253.889099	98.419640
4476.533333	-254.092270	98.439438
4476.600000	-253.949203	98.369591
4476.666667	-254.084091	98.404205
4476.733333	-254.042969	98.394051
4476.800000	-254.081207	98.419151
4476.866667	-254.268295	98.314415
4476.933333	-254.377274	98.565277
4477.000000	-254.473938	98.469757
4477.066667	-254.422806	98.380608
4477.133333	-254.602066	98.456459
4477.200000	-254.574738	98.392761
4477.266667	-254.716217	98.403351
4477.333333	-254.569473	98.372238
4477.400000	-254.665100	98.460045
4477.466667	-254.714691	98.320618
4477.533333	-254.696060	98.338982
4477.600000	-254.649780	98.279648
4477.666667	-254.842026	98.383942
4477.733333	-254.851913	98.237976
4477.800000	-254.854797	98.284294
4477.866667	-254.966751	98.233192
4477.933333	-255.062149	98.269180
4478.000000	-255.035675	98.193123
4478.066667	-255.141296	98.127205
4478.133333	-254.999969	98.122337
4478.200000	-255.199524	98.224709
4478.266667	-255.169403	98.344437
4478.333333	-255.457687	98.269501
4478.400000	-255.312317	98.141815
4478.466667	-255.527130	98.306557
4478.533333	-255.487518	98.281868
4478.600000	-255.464767	98.241318
4478.666667	-255.490234	98.207878
4478.733333	-255.582520	98.257751
4478.800000	-255.562836	98.231125
4478.866667	-255.856766	98.357010
4478.933333	-255.786148	98.323975
4479.000000	-255.705185	98.241486
4479.066667	-256.065674	98.418571
4479.133333	-255.965195	98.314903
4479.200000	-256.082703	98.302887
4479.266667	-255.986633	98.362152
4479.333333	-256.142639	98.379166
4479.400000	-256.218292	98.436554
4479.466667	-256.296173	98.306992
4479.533333	-256.150909	98.253525
4479.600000	-256.485809	98.355927
4479.666667	-256.317993	98.265228
4479.733333	-256.322357	98.164238
4479.800000	-256.513733	98.314392
4479.866667	-256.513733	98.314392
4479.933333	-256.343536	98.051910
4480.000000	-256.646545	98.101128
4480.066667	-256.383026	97.989098
4480.133333	-256.807037	98.089653
4480.200000	-256.565094	98.045654
4480.266667	-256.565094	98.045654
4480.333333	-256.806580	98.121086
4480.400000	-256.870728	98.068657
4480.466667	-256.925995	98.231705
4480.533333	-256.962189	98.147270
4480.600000	-257.105774	98.165009
4480.666667	-257.105774	98.165009
4480.733333	-257.027588	98.163460
4480.800000	-257.059662	98.048050
4480.866667	-257.244110	98.209923
4480.933333	-257.324524	98.249908
4481.000000	-257.334747	98.175903
4481.066667	-257.382935	98.162415
4481.133333	-257.346283	98.108528
4481.200000	-257.625488	98.238312
4481.266667	-257.716492	98.328598
4481.333333	-257.816803	98.155296
4481.400000	-257.618317	98.227264
4481.466667	-257.708038	98.161751
4481.533333	-257.708038	98.161751
4481.600000	-257.701202	98.246941
4481.666667	-257.895020	98.284409
4481.733333	-257.809052	98.163773
4481.800000	-257.823639	98.031937
4481.866667	-257.928619	98.188118
4481.933333	-257.928619	98.188118
4482.000000	-258.149628	98.088760
4482.066667	-258.005707	98.036827
4482.133333	-258.028778	98.051163
4482.200000	-258.140076	97.974365
4482.266667	-258.235229	97.954575
4482.333333	-258.235229	97.954575
4482.400000	-258.339111	98.090317
4482.466667	-258.351898	97.902992
4482.533333	-258.406586	98.015060
4482.600000	-258.675842	98.150284
4482.666667	-258.676849	97.992027
4482.733333	-258.689575	98.006157
4482.800000	-258.689575	98.006157
4482.866667	-258.758850	97.976143
4482.933333	-258.782104	98.080048
4483.000000	-258.823059	97.961113
4483.066667	-259.016876	98.093163
4483.133333	-258.968750	98.096176
4483.200000	-258.968750	98.096176
4483.266667	-259.003479	98.051811
4483.333333	-259.045807	98.061676
4483.400000	-258.994141	97.941063
4483.466667	-259.288788	98.115471
4483.533333	-259.206635	98.029243
4483.600000	-259.206635	98.029243
4483.666667	-259.269714	98.054466
4483.733333	-259.371063	98.169685
4483.800000	-259.408142	98.095886
4483.866667	-259.664825	98.095345
4483.933333	-259.529205	98.001038
4484.000000	-259.529205	98.001038
4484.066667	-259.568451	97.998817
4484.133333	-259.613525	98.024399
4484.200000	-259.805328	97.990578
4484.266667	-259.966278	97.994499
4484.333333	-259.683960	97.823906
4484.400000	-259.808960	97.872223
4484.466667	-259.808960	97.872223
4484.533333	-259.789124	97.830338
4484.600000	-260.079773	97.814713
4484.666667	-260.142914	97.797546
4484.733333	-260.094116	97.763428
4484.800000	-260.334625	97.902748
4484.866667	-260.334625	97.902748
4484.933333	-260.064758	97.854866
4485.000000	-260.382721	97.856812
4485.066667	-260.266846	97.910507
4485.133333	-260.459229	97.964241
4485.200000	-260.689056	97.995041
4485.266667	-260.689056	97.995041
4485.333333	-260.644806	98.017197
4485.400000	-260.770660	97.970764
4485.466667	-260.771210	97.989189
4485.533333	-260.925476	98.005020
4485.600000	-260.816864	97.945755
4485.666667	-260.891113	97.948753
4485.733333	-260.891113	97.948753
4485.800000	-260.972656	97.929695
4485.866667	-261.251678	98.057785
4485.933333	-261.040192	97.848450
4486.000000	-261.250580	97.925858
4486.066667	-261.172729	97.858246
4486.133333	-261.172729	97.858246
4486.200000	-261.373199	97.943497
4486.266667	-261.315247	97.768776
4486.333333	-261.493683	97.800468
4486.400000	-261.545471	97.789810
4486.466667	-261.581268	97.725426
4486.533333	-261.581268	97.725426
4486.600000	-261.729065	97.707687
4486.666667	-261.699066	97.773430
4486.733333	-261.695648	97.757965
4486.800000	-261.860870	97.740044
4486.866667	-261.912964	97.695900
4486.933333	-261.912964	97.695900
4487.000000	-262.098846	97.725304
4487.066667	-262.093170	97.703819
4487.133333	-262.240540	97.915176
4487.200000	-262.089264	97.754257
4487.266667	-262.250824	97.738388
4487.333333	-262.214661	97.793419
4487.400000	-262.411163	97.977951
4487.466667	-262.517181	97.773979
4487.533333	-262.397949	97.836967
4487.600000	-262.392914	97.885963
4487.666667	-262.411804	97.683525
4487.733333	-262.551544	97.711464
4487.800000	-262.716614	97.811508
4487.866667	-262.689697	97.750931
4487.933333	-262.835907	97.820595
4488.000000	-262.909546	97.897766
4488.066667	-262.694000	97.772934
4488.133333	-262.876160	97.670792
4488.200000	-263.024902	97.701065
4488.266667	-263.052734	97.683571
4488.333333	-263.104370	97.652145
4488.400000	-262.947205	97.615913
4488.466667	-263.161926	97.622925
4488.533333	-263.056671	97.555573
4488.600000	-263.233490	97.667252
4488.666667	-263.215027	97.599075
4488.733333	-263.255890	97.683838
4488.800000	-263.321533	97.519699
4488.866667	-263.602539	97.611702
4488.933333	-263.565460	97.573540
4489.000000	-263.547302	97.609497
4489.066667	-263.693665	97.638565
4489.133333	-263.456482	97.555061
4489.200000	-264.026520	97.693710
4489.266667	-263.682648	97.616608
4489.333333	-263.895813	97.599075
4489.400000	-263.889404	97.613312
4489.466667	-263.905060	97.620049
4489.533333	-264.148773	97.661446
4489.600000	-264.021271	97.767784
4489.666667	-264.202209	97.664093
4489.733333	-264.074066	97.655014
4489.800000	-264.238586	97.673714
4489.866667	-264.157623	97.569069
4489.933333	-264.247437	97.537216
4490.000000	-264.508331	97.584404
4490.066667	-264.537720	97.688904
4490.133333	-264.658539	97.664078
4490.200000	-264.434113	97.599075
4490.266667	-264.584686	97.418427
4490.333333	-264.543976	97.628326
4490.400000	-264.545654	97.600586
4490.466667	-264.699768	97.529770
4490.533333	-264.771576	97.537994
4490.600000	-264.922150	97.535263
4490.666667	-264.784058	97.424164
4490.733333	-264.987213	97.538147
4490.800000	-265.026367	97.430809
4490.866667	-265.046173	97.554276
4490.933333	-265.100098	97.419853
4491.000000	-265.362701	97.530006
4491.066667	-265.243530	97.452415
4491.133333	-265.471191	97.553169
4491.200000	-265.320984	97.480690
4491.266667	-265.471863	97.515656
4491.333333	-265.414032	97.386948
4491.400000	-265.664612	97.567818
4491.466667	-265.573822	97.533302
4491.533333	-265.655914	97.552658
4491.600000	-265.695099	97.529182
4491.666667	-265.755127	97.558380
4491.733333	-265.975098	97.440819
4491.800000	-266.073669	97.657310
4491.866667	-265.847870	97.663376
4491.933333	-265.922119	97.510666
4492.000000	-265.930115	97.540756
4492.066667	-266.091827	97.524971
4492.133333	-266.178253	97.483170
4492.200000	-266.125885	97.623734
4492.266667	-266.209351	97.402596
4492.333333	-266.369904	97.545601
4492.400000	-266.319611	97.474686
4492.466667	-266.331390	97.324265
4492.533333	-266.391205	97.422485
4492.600000	-266.479126	97.396339
4492.666667	-266.337463	97.310005
4492.733333	-266.551239	97.296227
4492.800000	-266.698975	97.287827
4492.866667	-266.697968	97.268135
4492.933333	-266.752533	97.432671
4493.000000	-266.579681	97.321587
4493.066667	-266.842712	97.357010
4493.133333	-266.777710	97.309677
4493.200000	-267.015076	97.390190
4493.266667	-267.028076	97.254654
4493.333333	-267.175873	97.354759
4493.400000	-267.123840	97.365204
4493.466667	-267.092438	97.335258
4493.533333	-267.301086	97.332626
4493.600000	-267.336731	97.302818
4493.666667	-267.308624	97.330154
4493.733333	-267.326508	97.340874
4493.800000	-267.617249	97.506454
4493.866667	-267.618408	97.403198
4493.933333	-267.728607	97.350403
4494.000000	-267.709381	97.284569
4494.066667	-267.787750	97.456863
4494.133333	-267.778046	97.383453
4494.200000	-267.773560	97.326309
4494.266667	-267.744629	97.318871
4494.333333	-267.989990	97.273682
4494.400000	-267.922913	97.295052
4494.466667	-268.058746	97.247864
4494.533333	-268.160675	97.270233
4494.600000	-268.312195	97.383743
4494.666667	-268.224701	97.306511
4494.733333	-268.109131	97.269150
4494.800000	-268.167877	97.301910
4494.866667	-268.235962	97.188911
4494.933333	-268.357880	97.217430
4495.000000	-268.470612	97.283501
4495.066667	-268.517792	97.243591
4495.133333	-268.567139	97.141983
4495.200000	-268.618347	97.171608
4495.266667	-268.750183	97.174339
4495.333333	-268.776093	97.258018
4495.400000	-268.705872	97.176567
4495.466667	-268.903473	97.261246
4495.533333	-268.955353	97.219460
4495.600000	-268.750641	97.074036
4495.666667	-269.009888	97.130028
4495.733333	-268.968964	97.240784
4495.800000	-269.183990	97.266159
4495.866667	-269.259186	97.301682
4495.933333	-269.307678	97.273293
4496.000000	-269.321228	97.170174
4496.066667	-269.361664	97.258842
4496.133333	-269.396942	97.224266
4496.200000	-269.532196	97.274658
4496.266667	-269.508087	97.277275
4496.333333	-269.708191	97.219002
4496.400000	-269.489075	97.114578
4496.466667	-269.741119	97.193596
4496.533333	-269.888214	97.115288
4496.600000	-269.742645	97.107025
4496.666667	-269.942322	97.214653
4496.733333	-269.876221	97.225861
4496.800000	-269.959351	97.191986
4496.866667	-270.027679	97.104652
4496.933333	-270.017822	96.968292
4497.000000	-270.124451	97.025703
4497.066667	-270.058563	97.058624
4497.133333	-270.184753	96.996613
4497.200000	-270.216400	97.053543
4497.266667	-270.288116	96.990036
4497.333333	-270.406036	97.129791
4497.400000	-270.243134	96.970604
4497.466667	-270.310669	96.918907
4497.533333	-270.512787	97.062492
4497.600000	-270.780945	97.138977
4497.666667	-270.761627	97.089180
4497.733333	-270.772003	97.129097
4497.800000	-270.754791	97.087334
4497.866667	-271.056519	97.066711
4497.933333	-270.941284	97.107613
4498.000000	-270.934967	97.124275
4498.066667	-271.132019	97.139893
4498.133333	-271.203186	97.227791
4498.200000	-271.147552	97.115646
4498.266667	-271.188019	97.052811
4498.333333	-271.299225	97.096474
4498.400000	-271.430817	97.146744
4498.466667	-271.422333	97.040741
4498.533333	-271.387665	97.047508
4498.600000	-271.500122	96.993744
4498.666667	-271.741791	97.175026
4498.733333	-271.788361	97.089546
4498.800000	-271.618225	96.954056
4498.866667	-271.880219	97.086082
4498.933333	-271.646698	97.026108
4499.000000	-271.767090	96.951714
4499.066667	-271.906555	96.951279
4499.133333	-271.942078	96.917091
4499.200000	-271.904572	96.820190
4499.266667	-272.036591	96.846397
4499.333333	-272.289001	96.881645
4499.400000	-272.298401	96.852440
4499.466667	-272.378418	96.942535
4499.533333	-272.298920	96.895668
4499.600000	-272.429382	96.851936
4499.666667	-272.551300	96.956039
4499.733333	-272.574341	96.967239
4499.800000	-272.628723	97.052216
4499.866667	-272.728149	96.849831
4499.933333	-272.930634	97.104271
4500.000000	-272.902344	96.974449
