3600.066667	-276.696533	96.284393
3600.133333	-276.715088	96.320061
3600.200000	-276.701385	96.328880
3600.266667	-276.670380	96.227097
3600.333333	-276.702454	96.227394
3600.400000	-276.702454	96.227394
3600.466667	-276.779785	96.305176
3600.533333	-276.554901	96.158234
3600.600000	-276.677032	96.346344
3600.666667	-276.752014	96.394424
3600.733333	-276.540405	96.293915
3600.800000	-276.870941	96.397362
3600.866667	-276.854218	96.456894
3600.933333	-276.574127	96.329208
3601.000000	-276.767181	96.388916
3601.066667	-276.796417	96.325630
3601.133333	-276.816956	96.522575
3601.200000	-276.692261	96.336342
3601.266667	-276.637482	96.313377
3601.333333	-276.733582	96.341278
3601.400000	-276.667938	96.341812
3601.466667	-276.760895	96.449356
3601.533333	-276.703247	96.420288
3601.600000	-276.827240	96.438393
3601.666667	-276.600677	96.299637
3601.733333	-276.628143	96.283722
3601.800000	-276.769409	96.314323
3601.866667	-276.565277	96.397987
3601.933333	-276.694977	96.269310
3602.000000	-276.759125	96.324219
3602.066667	-276.774780	96.256134
3602.133333	-276.920380	96.440735
3602.200000	-276.752197	96.306892
3602.266667	-276.734955	96.303932
3602.333333	-276.666748	96.277847
3602.400000	-276.784943	96.363518
3602.466667	-276.461060	96.214821
3602.533333	-276.803894	96.396835
3602.600000	-276.635590	96.182442
3602.666667	-276.740082	96.359718
3602.733333	-276.694153	96.381516
3602.800000	-276.389099	96.218117
3602.866667	-276.768494	96.346535
3602.933333	-276.649872	96.365677
3603.000000	-276.527069	96.250206
3603.066667	-276.496613	96.368973
3603.133333	-276.550690	96.408447
3603.200000	-276.629059	96.477753
3603.266667	-276.704742	96.499687
3603.333333	-276.581390	96.428734
3603.400000	-276.579407	96.340950
3603.466667	-276.669800	96.366432
3603.533333	-276.681335	96.360680
3603.600000	-276.755310	96.482101
3603.666667	-276.717010	96.522972
3603.733333	-276.582031	96.332108
3603.800000	-276.826080	96.466591
3603.866667	-276.654968	96.462517
3603.933333	-276.572784	96.297356
3604.000000	-276.663879	96.372429
3604.066667	-276.535492	96.250702
3604.133333	-276.522003	96.325462
3604.200000	-276.462494	96.291031
3604.266667	-276.729218	96.328781
3604.333333	-276.736023	96.327751
3604.400000	-276.383759	96.311401
3604.466667	-276.505646	96.370750
3604.533333	-276.365417	96.265732
3604.600000	-276.558380	96.354187
3604.666667	-276.439514	96.177101
3604.733333	-276.621582	96.311111
3604.800000	-276.311035	96.231468
3604.866667	-276.488739	96.323265
3604.933333	-276.404785	96.329071
3605.000000	-276.512726	96.323265
3605.066667	-276.545746	96.389282
3605.133333	-276.549591	96.428917
3605.200000	-276.696350	96.387367
3605.266667	-276.352417	96.364639
3605.333333	-276.565216	96.315750
3605.400000	-276.875610	96.571381
3605.466667	-276.475037	96.437180
3605.533333	-276.609558	96.522987
3605.600000	-276.710114	96.542358
3605.666667	-276.410309	96.516624
3605.733333	-276.425415	96.294296
3605.800000	-276.505066	96.403839
3605.866667	-276.510010	96.322693
3605.933333	-276.221588	96.142738
3606.000000	-276.558563	96.451103
3606.066667	-276.233368	96.315994
3606.133333	-276.484528	96.346123
3606.200000	-276.479919	96.382576
3606.266667	-276.579285	96.342537
3606.333333	-276.503235	96.360970
3606.400000	-276.420563	96.245949
3606.466667	-276.431641	96.284065
3606.533333	-276.158081	96.136627
3606.600000	-276.286530	96.235107
3606.666667	-276.397919	96.230621
3606.733333	-276.207947	96.275803
3606.800000	-276.442383	96.342560
3606.866667	-276.346588	96.302574
3606.933333	-276.304901	96.391762
3607.000000	-276.343597	96.334694
3607.066667	-276.308228	96.333435
3607.133333	-276.361511	96.359192
3607.200000	-276.386566	96.433418
3607.266667	-276.319214	96.370934
3607.333333	-276.296875	96.318474
3607.400000	-276.368927	96.469048
3607.466667	-276.370056	96.462090
3607.533333	-276.440491	96.399895
3607.600000	-276.320709	96.393166
3607.666667	-276.451965	96.588287
3607.733333	-276.357452	96.465210
3607.800000	-276.209656	96.346725
3607.866667	-276.476105	96.547653
3607.933333	-276.531952	96.418617
3608.000000	-276.246613	96.352753
3608.066667	-276.203857	96.295334
3608.133333	-276.374084	96.374046
3608.200000	-276.216034	96.314873
3608.266667	-276.283417	96.369141
3608.333333	-276.208832	96.384842
3608.400000	-276.294312	96.261131
3608.466667	-276.313538	96.449242
3608.533333	-276.224884	96.255440
3608.600000	-276.199615	96.308495
3608.666667	-276.048767	96.311401
3608.733333	-276.268799	96.285736
3608.800000	-275.981934	96.307236
3608.866667	-276.153076	96.227798
3608.933333	-276.139496	96.378693
3609.000000	-276.139374	96.332283
3609.066667	-276.032928	96.374954
3609.133333	-276.275513	96.451286
3609.200000	-276.052551	96.336769
3609.266667	-276.173309	96.463173
3609.333333	-276.038116	96.430916
3609.400000	-276.050140	96.421638
3609.466667	-276.127411	96.526932
3609.533333	-275.964661	96.431221
3609.600000	-275.779785	96.318741
3609.666667	-276.068420	96.569969
3609.733333	-275.993134	96.504379
3609.800000	-275.941010	96.567108
3609.866667	-276.038910	96.394150
3609.933333	-276.028320	96.502762
3610.000000	-276.169739	96.512383
3610.066667	-275.970276	96.571838
3610.133333	-276.039642	96.408226
3610.200000	-276.185577	96.568832
3610.266667	-275.914429	96.359978
3610.333333	-275.989014	96.354744
3610.400000	-275.902130	96.374077
3610.466667	-275.994080	96.342476
3610.533333	-275.989502	96.385452
3610.600000	-275.945984	96.242271
3610.666667	-276.098999	96.387840
3610.733333	-276.019714	96.443428
3610.800000	-275.951630	96.361214
3610.866667	-275.931213	96.472969
3610.933333	-275.764618	96.372833
3611.000000	-275.832336	96.347427
3611.066667	-276.005188	96.516884
3611.133333	-276.010223	96.517815
3611.200000	-275.995514	96.402084
3611.266667	-275.963013	96.466194
3611.333333	-275.918793	96.338837
3611.400000	-275.878998	96.376350
3611.466667	-275.977081	96.569519
3611.533333	-275.996796	96.387085
3611.600000	-275.752350	96.445984
3611.666667	-275.679932	96.482361
3611.733333	-275.834076	96.411613
3611.800000	-275.920929	96.490204
3611.866667	-275.659607	96.423737
3611.933333	-275.880829	96.599052
3612.000000	-275.810547	96.568344
3612.066667	-275.871887	96.626167
3612.133333	-275.768341	96.517815
3612.200000	-275.717773	96.563721
3612.266667	-275.662262	96.542923
3612.333333	-275.759766	96.435959
3612.400000	-275.707550	96.403946
3612.466667	-275.879944	96.406883
3612.533333	-275.920349	96.564644
3612.600000	-275.658020	96.407875
3612.666667	-275.798462	96.399658
3612.733333	-275.659882	96.334877
3612.800000	-275.927338	96.474968
3612.866667	-275.663361	96.360725
3612.933333	-275.704620	96.336678
3613.000000	-275.677155	96.438431
3613.066667	-275.701324	96.317421
3613.133333	-275.711426	96.414833
3613.200000	-275.711945	96.553246
3613.266667	-275.835510	96.456726
3613.333333	-275.555695	96.419968
3613.400000	-275.506592	96.325462
3613.466667	-275.688904	96.446953
3613.533333	-275.781860	96.503365
3613.600000	-275.614014	96.619514
3613.666667	-275.525970	96.500282
3613.733333	-275.424316	96.558052
3613.800000	-275.691345	96.584480
3613.866667	-275.569153	96.473602
3613.933333	-275.595581	96.582413
3614.000000	-275.613251	96.569427
3614.066667	-275.600708	96.584206
3614.133333	-275.556244	96.502968
3614.200000	-275.381195	96.491623
3614.266667	-275.602905	96.576904
3614.333333	-275.788879	96.578018
3614.400000	-275.375031	96.460762
3614.466667	-275.623352	96.429871
3614.533333	-275.325775	96.386002
3614.600000	-275.651733	96.481194
3614.666667	-275.425049	96.391167
3614.733333	-275.410400	96.415794
3614.800000	-275.265106	96.420937
3614.866667	-275.274353	96.419464
3614.933333	-275.259399	96.401520
3615.000000	-275.518250	96.392349
3615.066667	-275.218750	96.322197
3615.133333	-275.422516	96.446320
3615.200000	-275.302338	96.377106
3615.266667	-275.445007	96.311462
3615.333333	-275.217926	96.287491
3615.400000	-275.471924	96.432152
3615.466667	-275.457733	96.412605
3615.533333	-275.462128	96.480339
3615.600000	-275.475616	96.520813
3615.666667	-275.259705	96.433578
3615.733333	-275.184967	96.437180
3615.800000	-275.391174	96.561966
3615.866667	-275.277771	96.566704
3615.933333	-275.372375	96.524826
3616.000000	-275.309662	96.375725
3616.066667	-275.330566	96.505020
3616.133333	-275.379547	96.562309
3616.200000	-275.204681	96.478508
3616.266667	-275.445282	96.562515
3616.333333	-275.327393	96.660057
3616.400000	-275.329956	96.525467
3616.466667	-275.426605	96.594559
3616.533333	-275.338226	96.545471
3616.600000	-275.377045	96.491333
3616.666667	-275.415192	96.469650
3616.733333	-275.111816	96.433563
3616.800000	-275.362915	96.503304
3616.866667	-275.281616	96.469238
3616.933333	-275.145813	96.416054
3617.000000	-275.347687	96.455956
3617.066667	-275.158539	96.335007
3617.133333	-275.184052	96.470345
3617.200000	-275.237793	96.426743
3617.266667	-275.184265	96.597443
3617.333333	-275.170929	96.433540
3617.400000	-275.187927	96.342094
3617.466667	-275.145935	96.427437
3617.533333	-275.235229	96.453110
3617.600000	-275.143402	96.384422
3617.666667	-275.175751	96.546295
3617.733333	-275.083618	96.478256
3617.800000	-275.077759	96.462128
3617.866667	-275.133240	96.490219
3617.933333	-275.217316	96.661980
3618.000000	-275.375916	96.499954
3618.066667	-275.276611	96.463692
3618.133333	-275.210846	96.590057
3618.200000	-274.989868	96.451477
3618.266667	-275.247925	96.468864
3618.333333	-275.111786	96.574570
3618.400000	-275.234100	96.550240
3618.466667	-275.199738	96.548691
3618.533333	-275.060852	96.574837
3618.600000	-274.969330	96.407951
3618.666667	-275.032440	96.475082
3618.733333	-274.887665	96.453812
3618.800000	-275.060181	96.444328
3618.866667	-275.014282	96.514885
3618.933333	-275.113037	96.527672
3619.000000	-275.118347	96.557243
3619.066667	-275.205688	96.539284
3619.133333	-274.922363	96.413986
3619.200000	-275.056122	96.512978
3619.266667	-275.126892	96.452675
3619.333333	-274.859283	96.294365
3619.400000	-274.893127	96.440666
3619.466667	-274.834869	96.501099
3619.533333	-275.160278	96.652878
3619.600000	-275.063751	96.555153
3619.666667	-274.899719	96.469658
3619.733333	-274.762085	96.440773
3619.800000	-274.977997	96.481911
3619.866667	-274.950714	96.508240
3619.933333	-274.029877	96.278938
3620.000000	-275.038177	96.548164
3620.066667	-275.026215	96.566277
3620.133333	-275.122131	96.632065
3620.200000	-275.104797	96.532547
3620.266667	-275.123169	96.536575
3620.333333	-274.975616	96.489136
3620.400000	-275.019043	96.468651
3620.466667	-274.884979	96.476028
3620.533333	-275.034943	96.614441
3620.600000	-274.966888	96.558968
3620.666667	-274.757355	96.475906
3620.733333	-274.916962	96.568718
3620.800000	-274.927002	96.489357
3620.866667	-274.914734	96.522163
3620.933333	-274.867340	96.616280
3621.000000	-275.264130	96.672119
3621.066667	-274.824249	96.499382
3621.133333	-274.736023	96.353760
3621.200000	-274.675629	96.466255
3621.266667	-274.687164	96.371635
3621.333333	-274.715027	96.345718
3621.400000	-274.983887	96.444328
3621.466667	-274.857025	96.531700
3621.533333	-274.667389	96.425919
3621.600000	-274.838593	96.431419
3621.666667	-274.779144	96.388329
3621.733333	-274.731720	96.395927
3621.800000	-274.833282	96.535202
3621.866667	-274.741333	96.508430
3621.933333	-274.825195	96.447678
3622.000000	-274.972931	96.547485
3622.066667	-274.785583	96.485023
3622.133333	-274.818939	96.459892
3622.200000	-274.965881	96.461731
3622.266667	-274.725830	96.566277
3622.333333	-274.815704	96.653610
3622.400000	-274.770477	96.582123
3622.466667	-274.943939	96.532867
3622.533333	-274.931519	96.603493
3622.600000	-274.895691	96.568161
3622.666667	-275.011475	96.567429
3622.733333	-275.045074	96.657806
3622.800000	-274.816010	96.544136
3622.866667	-274.813263	96.555740
3622.933333	-274.595367	96.340355
3623.000000	-274.942657	96.563141
3623.066667	-274.820435	96.632545
3623.133333	-274.955444	96.521271
3623.200000	-274.742615	96.426323
3623.266667	-274.758606	96.508110
3623.333333	-274.879791	96.600189
3623.400000	-274.647461	96.394821
3623.466667	-274.930634	96.522728
3623.533333	-274.928345	96.617531
3623.600000	-274.625793	96.435966
3623.666667	-274.820526	96.336975
3623.733333	-274.547272	96.316292
3623.800000	-274.691650	96.391541
3623.866667	-274.652191	96.485283
3623.933333	-274.593048	96.416306
3624.000000	-274.777069	96.480339
3624.066667	-274.967529	96.643661
3624.133333	-274.725708	96.553131
3624.200000	-274.759674	96.492332
3624.266667	-274.791595	96.498001
3624.333333	-274.857025	96.596245
3624.400000	-274.717773	96.654587
3624.466667	-274.638855	96.474579
3624.533333	-274.804382	96.646233
3624.600000	-274.753967	96.590027
3624.666667	-274.603241	96.553482
3624.733333	-274.961731	96.539528
3624.800000	-274.891174	96.634781
3624.866667	-274.771362	96.602119
3624.933333	-274.801086	96.524986
3625.000000	-274.782501	96.614738
3625.066667	-274.659363	96.460869
3625.133333	-274.781311	96.612358
3625.200000	-274.661469	96.501938
3625.266667	-274.973602	96.587357
3625.333333	-274.578979	96.503540
3625.400000	-274.848938	96.401123
3625.466667	-274.751862	96.587379
3625.533333	-274.882172	96.533165
3625.600000	-274.578857	96.407661
3625.666667	-274.542084	96.464485
3625.733333	-274.757751	96.589638
3625.800000	-274.864746	96.534294
3625.866667	-274.621063	96.438347
3625.933333	-274.740723	96.437180
3626.000000	-274.779938	96.549294
3626.066667	-274.670258	96.567062
3626.133333	-274.715179	96.506966
3626.200000	-274.650391	96.540146
3626.266667	-274.621887	96.478676
3626.333333	-274.642639	96.519478
3626.400000	-274.634460	96.641708
3626.466667	-274.572418	96.604202
3626.533333	-274.804016	96.562820
3626.600000	-274.733704	96.581261
3626.666667	-274.572754	96.549194
3626.733333	-274.741516	96.721619
3626.800000	-274.603607	96.553368
3626.866667	-274.821411	96.791519
3626.933333	-274.483551	96.577263
3627.000000	-274.500305	96.644745
3627.066667	-274.432373	96.557724
3627.133333	-274.565735	96.529449
3627.200000	-274.500336	96.563934
3627.266667	-274.491882	96.540688
3627.333333	-274.875671	96.634895
3627.400000	-274.468292	96.522720
3627.466667	-274.554779	96.433701
3627.533333	-274.561066	96.585228
3627.600000	-274.726593	96.585968
3627.666667	-274.334473	96.380363
3627.733333	-274.589691	96.523247
3627.800000	-274.535767	96.468842
3627.866667	-274.575165	96.580185
3627.933333	-274.400574	96.507294
3628.000000	-274.614532	96.562691
3628.066667	-274.367828	96.460167
3628.133333	-274.626984	96.574081
3628.200000	-274.420532	96.547501
3628.266667	-274.508026	96.497398
3628.333333	-274.495544	96.509949
3628.400000	-274.635132	96.572670
3628.466667	-274.413391	96.636658
3628.533333	-274.413391	96.636658
3628.600000	-274.706329	96.597984
3628.666667	-274.336426	96.560631
3628.733333	-274.514130	96.621262
3628.800000	-274.649048	96.801147
3628.866667	-274.506409	96.761429
3628.933333	-274.506409	96.761429
3629.000000	-274.580048	96.728836
3629.066667	-274.181549	96.547836
3629.133333	-274.528351	96.645027
3629.200000	-274.428070	96.670273
3629.266667	-274.348572	96.466881
3629.333333	-274.348572	96.466881
3629.400000	-274.376648	96.592575
3629.466667	-274.315552	96.512749
3629.533333	-274.472595	96.499763
3629.600000	-274.488800	96.567467
3629.666667	-274.512390	96.501732
3629.733333	-274.397552	96.587997
3629.800000	-274.397552	96.587997
3629.866667	-274.335632	96.544830
3629.933333	-274.282318	96.545715
3630.000000	-274.571838	96.508987
3630.066667	-274.436157	96.507156
3630.133333	-274.430542	96.573196
3630.200000	-274.430542	96.573196
3630.266667	-274.099701	96.380287
3630.333333	-274.150360	96.463287
3630.400000	-274.268707	96.555984
3630.466667	-274.449127	96.640778
3630.533333	-274.219025	96.536201
3630.600000	-274.219025	96.536201
3630.666667	-274.472046	96.663101
3630.733333	-274.217682	96.586601
3630.800000	-274.315948	96.584831
3630.866667	-274.209106	96.717751
3630.933333	-274.294250	96.694611
3631.000000	-274.381989	96.642220
3631.066667	-274.381989	96.642220
3631.133333	-274.274139	96.684364
3631.200000	-274.376373	96.687309
3631.266667	-274.383972	96.710503
3631.333333	-274.168549	96.599274
3631.400000	-274.097778	96.601486
3631.466667	-274.097778	96.601486
3631.533333	-274.264893	96.576324
3631.600000	-274.265259	96.644829
3631.666667	-274.248779	96.473236
3631.733333	-274.386658	96.591400
3631.800000	-274.313965	96.622406
3631.866667	-274.313965	96.622406
3631.933333	-274.184753	96.583000
3632.000000	-274.196594	96.469261
3632.066667	-274.039185	96.576553
3632.133333	-274.272827	96.586685
3632.200000	-274.385590	96.709366
3632.266667	-274.385590	96.709366
3632.333333	-274.270874	96.585587
3632.400000	-274.067963	96.582985
3632.466667	-274.042603	96.519333
3632.533333	-274.272614	96.672325
3632.600000	-274.301086	96.574913
3632.666667	-274.250488	96.756699
3632.733333	-274.250488	96.756699
3632.800000	-274.199768	96.838776
3632.866667	-274.141785	96.618835
3632.933333	-274.160797	96.654503
3633.000000	-274.346771	96.738411
3633.066667	-272.011078	96.105705
3633.133333	-272.011078	96.105705
3633.200000	-274.171722	96.596230
3633.266667	-274.094330	96.637581
3633.333333	-274.128540	96.639343
3633.400000	-274.041229	96.631355
3633.466667	-274.216217	96.761673
3633.533333	-274.216217	96.761673
3633.600000	-274.083496	96.669334
3633.666667	-273.930756	96.497910
3633.733333	-274.033081	96.678139
3633.800000	-274.024994	96.465080
3633.866667	-274.080750	96.670807
3633.933333	-274.107208	96.533424
3634.000000	-274.107208	96.533424
3634.066667	-274.151947	96.702553
3634.133333	-273.935150	96.425079
3634.200000	-273.911255	96.463364
3634.266667	-273.867462	96.377686
3634.333333	-274.226227	96.624931
3634.400000	-274.226227	96.624931
3634.466667	-273.927734	96.596375
3634.533333	-274.079346	96.599220
3634.600000	-273.909607	96.610321
3634.666667	-273.933685	96.659027
3634.733333	-274.073090	96.584045
3634.800000	-274.073090	96.584045
3634.866667	-273.894928	96.744385
3634.933333	-274.068176	96.683311
3635.000000	-274.047943	96.762321
3635.066667	-273.962067	96.629059
3635.133333	-273.943146	96.772171
3635.200000	-273.846283	96.683006
3635.266667	-273.865784	96.656723
3635.333333	-274.009369	96.654823
3635.400000	-273.954895	96.718117
3635.466667	-274.029724	96.729073
3635.533333	-274.076263	96.668159
3635.600000	-273.749512	96.569344
3635.666667	-274.053955	96.738274
3635.733333	-273.923309	96.643341
3635.800000	-274.011536	96.621002
3635.866667	-274.181824	96.773079
3635.933333	-273.743561	96.454727
3636.000000	-273.886749	96.647331
3636.066667	-273.793030	96.389778
3636.133333	-273.896637	96.630272
3636.200000	-273.900055	96.517624
3636.266667	-273.886871	96.716133
3636.333333	-273.782166	96.570572
3636.400000	-273.787537	96.599846
3636.466667	-273.855408	96.525055
3636.533333	-273.752472	96.498741
3636.600000	-274.101074	96.699509
3636.666667	-273.940796	96.550423
3636.733333	-273.733307	96.641891
3636.800000	-273.825531	96.671692
3636.866667	-273.779327	96.670006
3636.933333	-274.034912	96.628548
3637.000000	-274.062836	96.786438
3637.066667	-273.641205	96.642685
3637.133333	-273.813690	96.561920
3637.200000	-273.741211	96.583443
3637.266667	-274.040161	96.859589
3637.333333	-273.697144	96.551933
3637.400000	-273.755646	96.637001
3637.466667	-274.107056	96.899940
3637.533333	-273.762756	96.623131
3637.600000	-273.746643	96.733833
3637.666667	-273.648895	96.565514
3637.733333	-273.818451	96.757980
3637.800000	-273.907898	96.630241
3637.866667	-273.758698	96.603821
3637.933333	-273.692017	96.630272
3638.000000	-271.720795	96.121773
3638.066667	-273.778015	96.661469
3638.133333	-273.666290	96.545074
3638.200000	-273.763763	96.519737
3638.266667	-273.707977	96.620941
3638.333333	-273.781708	96.600624
3638.400000	-273.761078	96.761429
3638.466667	-273.967163	96.669342
3638.533333	-273.883972	96.600906
3638.600000	-273.682373	96.604660
3638.666667	-274.017853	96.693848
3638.733333	-273.762207	96.636459
3638.800000	-273.853882	96.686241
3638.866667	-273.821930	96.642426
3638.933333	-273.773407	96.670807
3639.000000	-273.658142	96.643372
3639.066667	-273.794403	96.648018
3639.133333	-273.792786	96.754486
3639.200000	-273.757080	96.690971
3639.266667	-273.868164	96.858002
3639.333333	-273.968323	96.864822
3639.400000	-273.773651	96.619911
3639.466667	-273.670471	96.603165
3639.533333	-273.596252	96.642929
3639.600000	-273.785522	96.795250
3639.666667	-273.674377	96.691917
3639.733333	-273.788452	96.590660
3639.800000	-273.783051	96.653107
3639.866667	-273.726105	96.653931
3639.933333	-273.747223	96.602478
3640.000000	-273.541687	96.568176
3640.066667	-273.623718	96.581001
3640.133333	-273.843475	96.755196
3640.200000	-273.618347	96.590576
3640.266667	-273.761597	96.747490
3640.333333	-273.700714	96.552544
3640.400000	-273.574463	96.554436
3640.466667	-273.819611	96.513008
3640.533333	-273.645691	96.576324
3640.600000	-273.584137	96.512489
3640.666667	-273.477203	96.584778
3640.733333	-273.692047	96.548660
3640.800000	-273.884186	96.687012
3640.866667	-273.696503	96.638000
3640.933333	-273.821960	96.719170
3641.000000	-273.559143	96.476021
3641.066667	-273.561829	96.720886
3641.133333	-273.717285	96.794769
3641.200000	-273.620178	96.456894
3641.266667	-273.421143	96.504341
3641.333333	-273.850189	96.597984
3641.400000	-273.749908	96.696114
3641.466667	-273.747559	96.671356
3641.533333	-273.637970	96.552567
3641.600000	-272.875214	96.651184
3641.666667	-273.791473	96.763680
3641.733333	-273.640533	96.680077
3641.800000	-273.629456	96.756065
3641.866667	-273.583832	96.658165
3641.933333	-273.648254	96.630257
3642.000000	-273.642761	96.516655
3642.066667	-273.754700	96.762962
3642.133333	-273.892242	96.704597
3642.200000	-273.735413	96.653839
3642.266667	-273.580139	96.652603
3642.333333	-273.701752	96.635643
3642.400000	-273.573395	96.736626
3642.466667	-273.546509	96.580795
3642.533333	-273.616272	96.641685
3642.600000	-273.644531	96.540382
3642.666667	-273.473511	96.533707
3642.733333	-273.662567	96.557617
3642.800000	-273.845612	96.628464
3642.866667	-273.421539	96.444374
3642.933333	-273.637085	96.732040
3643.000000	-273.640015	96.568527
3643.066667	-273.678589	96.612930
3643.133333	-273.588165	96.534874
3643.200000	-273.661011	96.742882
3643.266667	-273.551758	96.722435
3643.333333	-273.638794	96.769501
3643.400000	-273.606415	96.823296
3643.466667	-273.483643	96.670494
3643.533333	-273.687225	96.794685
3643.600000	-273.707794	96.731476
3643.666667	-273.532104	96.677162
3643.733333	-273.681458	96.810310
3643.800000	-273.688599	96.817520
3643.866667	-273.600769	96.588432
3643.933333	-273.557678	96.662170
3644.000000	-273.674255	96.794945
3644.066667	-273.608704	96.847122
3644.133333	-273.355560	96.668625
3644.200000	-273.397949	96.690414
3644.266667	-273.584900	96.670731
3644.333333	-273.686707	96.723763
3644.400000	-273.516113	96.652344
3644.466667	-273.407196	96.533150
3644.533333	-273.391357	96.557701
3644.600000	-273.460602	96.545967
3644.666667	-273.510681	96.433823
3644.733333	-273.426483	96.598648
3644.800000	-273.442657	96.615311
3644.866667	-273.377167	96.586227
3644.933333	-273.474609	96.513725
3645.000000	-273.479858	96.635468
3645.066667	-273.540527	96.596657
3645.133333	-273.603210	96.786743
3645.200000	-273.232849	96.629662
3645.266667	-273.239868	96.609573
3645.333333	-273.510223	96.670891
3645.400000	-273.441193	96.699074
3645.466667	-273.341064	96.772171
3645.533333	-273.392090	96.724495
3645.600000	-273.347443	96.715698
3645.666667	-273.332947	96.710434
3645.733333	-273.283356	96.722336
3645.800000	-273.627136	96.846512
3645.866667	-273.596680	96.673927
3645.933333	-273.267151	96.632500
3646.000000	-273.523529	96.796333
3646.066667	-273.506195	96.756195
3646.133333	-273.545288	96.854446
3646.200000	-273.383636	96.655182
3646.266667	-273.459259	96.722321
3646.333333	-273.419281	96.684715
3646.400000	-273.323792	96.642822
3646.466667	-273.344086	96.701874
3646.533333	-273.434692	96.798500
3646.600000	-273.255188	96.556007
3646.666667	-273.413300	96.684555
3646.733333	-273.297913	96.580704
3646.800000	-273.204041	96.578018
3646.866667	-273.257111	96.581261
3646.933333	-273.280334	96.669106
3647.000000	-273.370026	96.552689
3647.066667	-273.196777	96.639885
3647.133333	-273.301270	96.678215
3647.200000	-273.178619	96.662819
3647.266667	-273.324066	96.688560
3647.333333	-273.313446	96.735008
3647.400000	-273.005402	96.579865
3647.466667	-273.394135	96.785217
3647.533333	-273.336090	96.685989
3647.600000	-273.401062	96.754715
3647.666667	-273.242065	96.670235
3647.733333	-273.031586	96.693512
3647.800000	-273.314545	96.673859
3647.866667	-273.164459	96.764153
3647.933333	-273.237549	96.832268
3648.000000	-272.994354	96.714684
3648.066667	-273.311157	96.783707
3648.133333	-272.951263	96.678261
3648.200000	-273.085968	96.730415
3648.266667	-273.299072	96.732323
3648.333333	-273.133057	96.684814
3648.400000	-273.073120	96.666870
3648.466667	-273.476196	96.805824
3648.533333	-273.217041	96.716263
3648.600000	-273.294647	96.780823
3648.666667	-273.088318	96.814224
3648.733333	-273.313507	96.685097
3648.800000	-273.279388	96.686333
3648.866667	-272.968231	96.738663
3648.933333	-273.191284	96.673538
3649.000000	-273.196808	96.716209
3649.066667	-273.186523	96.608643
3649.133333	-273.140717	96.761429
3649.200000	-272.853058	96.648125
3649.266667	-273.158234	96.737915
3649.333333	-273.187958	96.629189
3649.400000	-273.088409	96.722496
3649.466667	-272.931366	96.693169
3649.533333	-272.983063	96.685051
3649.600000	-272.833130	96.659668
3649.666667	-273.167938	96.798965
3649.733333	-273.142670	96.673203
3649.800000	-273.046204	96.773857
3649.866667	-273.109589	96.848686
3649.933333	-273.005249	96.698105
3650.000000	-273.073914	96.774765
3650.066667	-272.945953	96.762558
3650.133333	-273.019440	96.841530
3650.200000	-272.986694	96.691490
3650.266667	-272.826172	96.759163
3650.333333	-273.093445	96.826729
3650.400000	-272.967102	96.777054
3650.466667	-272.865540	96.660744
3650.533333	-273.047241	96.732368
3650.600000	-272.679230	96.638756
3650.666667	-272.716431	96.734146
3650.733333	-272.934662	96.643028
3650.800000	-272.834381	96.728218
3650.866667	-272.808960	96.581871
3650.933333	-273.002106	96.636330
3651.000000	-272.668396	96.700119
3651.066667	-273.035187	96.845261
3651.133333	-272.652161	96.620224
3651.200000	-272.986755	96.751358
3651.266667	-272.458160	96.558800
3651.333333	-272.545685	96.636269
3651.400000	-272.732513	96.768669
3651.466667	-272.729187	96.764542
3651.533333	-272.854126	96.754959
3651.600000	-272.764740	96.851227
3651.666667	-272.565521	96.808342
3651.733333	-272.550446	96.672043
3651.800000	-272.456818	96.756393
3651.866667	-272.548340	96.687195
3651.933333	-272.709595	96.823372
3652.000000	-272.707672	96.908813
3652.066667	-272.481079	96.895821
3652.133333	-272.586823	96.700104
3652.200000	-272.593353	96.808670
3652.266667	-272.772064	96.892136
3652.333333	-272.691498	96.815468
3652.400000	-272.394958	96.763924
3652.466667	-272.660095	96.965424
3652.533333	-272.306885	96.742462
3652.600000	-272.502808	96.770683
3652.666667	-272.542114	96.824478
3652.733333	-272.524048	96.816483
3652.800000	-272.457428	96.666237
3652.866667	-272.451538	96.932693
3652.933333	-272.412811	96.549950
3653.000000	-272.522827	96.777954
3653.066667	-272.169495	96.647835
3653.133333	-272.174469	96.611977
3653.200000	-272.624908	96.669121
3653.266667	-272.231262	96.614510
3653.333333	-272.320618	96.687012
3653.400000	-272.212494	96.658653
3653.466667	-272.208588	96.657410
3653.533333	-272.397491	96.846466
3653.600000	-272.336517	96.744469
3653.666667	-272.527893	96.882896
3653.733333	-272.542450	96.830238
3653.800000	-272.305634	96.803574
3653.866667	-272.151703	96.780678
3653.933333	-272.325928	96.797279
3654.000000	-272.332489	96.819130
3654.066667	-272.340149	96.852142
3654.133333	-271.862396	96.750290
3654.200000	-272.343048	96.868484
3654.266667	-272.148193	96.841614
3654.333333	-272.303864	96.811531
3654.400000	-272.117157	96.757782
3654.466667	-272.079224	96.889030
3654.533333	-272.139313	96.947159
3654.600000	-271.959045	96.624229
3654.666667	-272.399139	96.857803
3654.733333	-272.058350	96.776062
3654.800000	-272.260193	96.871178
3654.866667	-272.016510	96.684067
3654.933333	-271.884338	96.655411
3655.000000	-272.238251	96.900330
3655.066667	-272.075623	96.840813
3655.133333	-272.140961	96.685051
3655.200000	-272.453125	97.005943
3655.266667	-272.109985	96.727097
3655.333333	-272.132599	96.849541
3655.400000	-272.403748	96.897491
3655.466667	-271.582306	96.641792
3655.533333	-272.074585	96.645134
3655.600000	-272.144745	96.899879
3655.666667	-272.010376	96.878700
3655.733333	-271.902008	96.648026
3655.800000	-272.140533	96.760132
3655.866667	-272.044037	96.825630
3655.933333	-271.738556	96.725227
3656.000000	-272.002045	96.841461
3656.066667	-272.015625	97.022659
3656.133333	-272.029297	96.919472
3656.200000	-271.921631	96.946785
3656.266667	-272.001678	96.907806
3656.333333	-271.838226	96.806519
3656.400000	-272.177826	97.084282
3656.466667	-271.979095	96.948181
3656.533333	-271.883118	96.910667
3656.600000	-271.743530	96.841270
3656.666667	-271.753662	96.920174
3656.733333	-271.782806	96.895683
3656.800000	-271.801361	96.760872
3656.866667	-272.026611	96.931801
3656.933333	-271.785126	96.832642
3657.000000	-271.632050	96.752419
3657.066667	-271.706421	96.753067
3657.133333	-271.719940	96.812988
3657.200000	-271.869019	96.942200
3657.266667	-271.743530	96.814346
3657.333333	-271.608551	96.814430
3657.400000	-271.806793	96.725990
3657.466667	-271.380859	96.582275
3657.533333	-271.533508	96.779747
3657.600000	-271.372803	96.654747
3657.666667	-271.534668	96.770103
3657.733333	-271.884308	96.879128
3657.800000	-271.540802	96.821022
3657.866667	-271.451263	96.791344
3657.933333	-271.878479	96.977295
3658.000000	-271.749420	96.989311
3658.066667	-271.698608	96.915604
3658.133333	-271.596436	96.790939
3658.200000	-271.407806	96.729851
3658.266667	-271.604187	96.887871
3658.333333	-271.603058	96.780716
3658.400000	-271.833130	97.076859
3658.466667	-271.452667	96.825615
3658.533333	-271.501587	96.902626
3658.600000	-271.773560	96.968765
3658.666667	-271.433716	96.856094
3658.733333	-271.701935	96.997742
3658.800000	-271.648773	96.927902
3658.866667	-271.849365	97.112701
3658.933333	-271.326904	96.839417
3659.000000	-271.571350	97.048576
3659.066667	-271.485352	96.932640
3659.133333	-271.314148	96.816109
3659.200000	-271.453796	96.825615
3659.266667	-271.511658	96.750183
3659.333333	-271.450897	96.873039
3659.400000	-271.401978	96.854179
3659.466667	-271.428040	96.819878
3659.533333	-271.328033	96.731384
3659.600000	-271.428345	96.947304
3659.666667	-271.366394	96.762383
3659.733333	-271.587250	96.835907
3659.800000	-271.235321	96.748878
3659.866667	-271.252960	96.755554
3659.933333	-271.073547	96.795517
3660.000000	-271.338684	96.793045
