1980.066667	-265.176117	96.938820
1980.133333	-261.015076	96.324265
1980.200000	-253.837921	93.553963
1980.266667	-271.749115	95.608482
1980.333333	-268.227570	96.085526
1980.400000	-248.462936	94.170570
1980.466667	-266.724030	95.109650
1980.533333	-263.004700	95.611107
1980.600000	-260.581482	95.072037
1980.666667	-267.057709	94.975746
1980.733333	-262.180054	95.686646
1980.800000	-264.162689	96.139168
1980.866667	-265.453491	95.991661
1980.933333	-258.840546	95.803528
1981.000000	-252.812897	96.132477
1981.066667	-266.080536	95.463203
1981.133333	-256.232391	97.048058
1981.200000	-274.711975	95.718430
1981.266667	-263.728607	96.085304
1981.333333	-276.632141	94.928329
1981.400000	-249.406906	95.684952
1981.466667	-277.897034	97.324219
1981.533333	-260.996704	96.754715
1981.600000	-250.400940	96.039833
1981.666667	-277.783600	96.139709
1981.733333	-272.184631	95.831718
1981.800000	-265.982880	94.797218
1981.866667	-265.608429	96.966370
1981.933333	-259.192322	95.784576
1982.000000	-267.125214	97.188789
1982.066667	-268.172607	95.760292
1982.133333	-262.121399	95.954758
1982.200000	-268.442413	95.021667
1982.266667	-267.267639	96.511658
1982.333333	-270.091125	96.675240
1982.400000	-261.428436	96.233521
1982.466667	-257.620422	95.233955
1982.533333	-261.587555	96.003075
1982.600000	-257.624786	94.893768
1982.666667	-256.421356	95.378487
1982.733333	-261.227234	95.104179
1982.800000	-264.346680	95.046532
1982.866667	-283.549652	96.129555
1982.933333	-266.249390	95.353905
1983.000000	-261.409668	96.044014
1983.066667	-260.492584	96.604340
1983.133333	-273.615051	96.084358
1983.200000	-265.649139	95.096176
1983.266667	-269.893341	95.152107
1983.333333	-263.512390	96.091293
1983.400000	-259.455261	95.361748
1983.466667	-276.173096	95.527145
1983.533333	-254.177582	94.670059
1983.600000	-265.278503	96.754280
1983.666667	-260.550751	96.058838
1983.733333	-266.503876	96.022781
1983.800000	-263.192352	95.693420
1983.866667	-268.906158	96.422607
1983.933333	-264.670959	95.955536
1984.000000	-279.568787	97.324257
1984.066667	-264.457001	96.370964
1984.133333	-264.113495	96.582863
1984.200000	-272.289734	94.647888
1984.266667	-268.166748	97.234489
1984.333333	-258.696625	94.745483
1984.400000	-256.115265	95.728912
1984.466667	-266.654022	95.405167
1984.533333	-277.113373	97.517479
1984.600000	-263.167725	96.127579
1984.666667	-263.995117	95.474396
1984.733333	-261.049255	96.044067
1984.800000	-268.547485	95.569542
1984.866667	-269.774902	96.457886
1984.933333	-268.576294	94.116943
1985.000000	-262.487671	94.734001
1985.066667	-268.211304	96.238327
1985.133333	-288.313141	95.851593
1985.200000	-262.469177	95.311844
1985.266667	-264.047607	95.484665
1985.333333	-258.048889	97.204773
1985.400000	-265.258362	96.456917
1985.466667	-261.674133	96.802246
1985.533333	-281.774200	94.506454
1985.600000	-256.890717	96.194664
1985.666667	-268.305298	96.389854
1985.733333	-269.548309	95.226257
1985.800000	-273.020294	96.437180
1985.866667	-262.355347	96.605461
1985.933333	-267.967407	96.097664
1986.000000	-266.911621	96.221230
1986.066667	-275.162567	95.401184
1986.133333	-263.709564	94.329643
1986.200000	-262.004517	96.359970
1986.266667	-281.265289	95.338448
1986.333333	-265.770355	95.624084
1986.400000	-256.684052	95.969589
1986.466667	-261.328369	95.344055
1986.533333	-261.412262	96.033531
1986.600000	-266.611572	94.072746
1986.666667	-276.136292	95.294296
1986.733333	-276.175995	94.938660
1986.800000	-278.197937	97.233910
1986.866667	-269.633545	94.645294
1986.933333	-259.332123	94.646507
1987.000000	-270.623505	96.185493
1987.066667	-268.802948	95.554527
1987.133333	-274.468567	96.687309
1987.200000	-267.388824	95.827568
1987.266667	-266.843353	95.484306
1987.333333	-264.382904	95.570145
1987.400000	-265.810913	96.513145
1987.466667	-281.224121	96.534912
1987.533333	-262.892639	95.291321
1987.600000	-266.602936	96.038673
1987.666667	-274.424011	96.374275
1987.733333	-266.979736	96.626045
1987.800000	-269.632263	95.365822
1987.866667	-268.096497	97.073364
1987.933333	-271.831085	96.835373
1988.000000	-263.743713	96.225700
1988.066667	-261.726379	95.804756
1988.133333	-270.130554	96.055969
1988.200000	-271.828522	95.863678
1988.266667	-265.079163	96.407860
1988.333333	-269.724792	96.003311
1988.400000	-270.496033	95.234451
1988.466667	-266.794678	96.092506
1988.533333	-255.729797	96.154251
1988.600000	-266.725372	95.934433
1988.666667	-270.140289	96.009491
1988.733333	-257.935455	95.768997
1988.800000	-268.765747	96.110474
1988.866667	-265.807312	96.257584
1988.933333	-264.750916	94.845917
1989.000000	-262.602936	96.133316
1989.066667	-271.658508	96.464287
1989.133333	-271.658508	96.464287
1989.200000	-258.801880	96.438385
1989.266667	-274.180756	96.764702
1989.333333	-260.793182	95.905823
1989.400000	-270.509644	96.773743
1989.466667	-263.608704	95.673828
1989.533333	-263.608704	95.673828
1989.600000	-258.332306	95.330452
1989.666667	-272.436066	96.494507
1989.733333	-259.651489	93.726097
1989.800000	-267.045502	96.259163
1989.866667	-262.296295	95.714630
1989.933333	-262.296295	95.714630
1990.000000	-271.305969	95.901505
1990.066667	-257.184143	96.960091
1990.133333	-265.974426	96.968506
1990.200000	-271.242645	95.317902
1990.266667	-266.047913	96.814674
1990.333333	-262.403381	96.941513
1990.400000	-262.403381	96.941513
1990.466667	-271.283081	95.832024
1990.533333	-258.448669	96.922218
1990.600000	-272.932281	96.546257
1990.666667	-267.128815	95.279007
1990.733333	-266.402222	95.688965
1990.800000	-266.402222	95.688965
1990.866667	-269.644226	95.166504
1990.933333	-268.376862	96.266525
1991.000000	-272.389130	95.507668
1991.066667	-262.219757	95.340828
1991.133333	-265.782867	96.073044
1991.200000	-265.782867	96.073044
1991.266667	-279.040924	96.124451
1991.333333	-267.256012	95.448486
1991.400000	-266.444611	96.190720
1991.466667	-268.281372	95.263069
1991.533333	-264.707458	95.623726
1991.600000	-264.707458	95.623726
1991.666667	-268.804932	96.449799
1991.733333	-257.843262	95.209686
1991.800000	-272.279419	96.108871
1991.866667	-275.081512	96.323265
1991.933333	-276.320343	95.324783
1992.000000	-270.266693	95.768440
1992.066667	-270.266693	95.768440
1992.133333	-270.890228	95.112473
1992.200000	-283.374603	95.603752
1992.266667	-272.441132	95.541550
1992.333333	-274.050476	96.829521
1992.400000	-272.828430	95.673180
1992.466667	-272.828430	95.673180
1992.533333	-270.863617	94.271446
1992.600000	-272.700623	96.284531
1992.666667	-269.576385	96.513908
1992.733333	-269.179413	96.086769
1992.800000	-267.924225	96.569183
1992.866667	-267.924225	96.569183
1992.933333	-268.112061	95.759705
1993.000000	-257.756836	95.484924
1993.066667	-273.624054	96.007423
1993.133333	-269.254456	96.233521
1993.200000	-270.413422	95.759720
1993.266667	-262.441071	95.803421
1993.333333	-262.441071	95.803421
1993.400000	-261.022552	95.620102
1993.466667	-271.445099	95.402733
1993.533333	-269.815948	95.849106
1993.600000	-269.898376	95.880966
1993.666667	-264.124146	97.242569
1993.733333	-264.124146	97.242569
1993.800000	-268.390106	95.482986
1993.866667	-268.001160	96.233879
1993.933333	-260.610077	97.055885
1994.000000	-267.372467	96.316299
1994.066667	-275.164124	96.188377
1994.133333	-275.164124	96.188377
1994.200000	-269.424957	95.579506
1994.266667	-273.134399	96.685448
1994.333333	-276.589233	95.416008
1994.400000	-272.363953	96.322067
1994.466667	-260.114685	96.664375
1994.533333	-264.984833	94.878242
1994.600000	-264.984833	94.878242
1994.666667	-266.940460	96.551521
1994.733333	-277.521179	96.214958
1994.800000	-270.021271	96.323952
1994.866667	-263.568573	96.473671
1994.933333	-265.417603	96.031105
1995.000000	-265.417603	96.031105
1995.066667	-276.783173	96.306038
1995.133333	-265.246521	95.434113
1995.200000	-260.462189	95.610611
1995.266667	-264.797455	96.475677
1995.333333	-263.334900	95.815338
1995.400000	-263.334900	95.815338
1995.466667	-258.420502	96.688370
1995.533333	-278.849701	96.230942
1995.600000	-265.560760	95.474167
1995.666667	-278.681519	95.963394
1995.733333	-269.834900	96.270828
1995.800000	-269.834900	96.270828
1995.866667	-272.666718	96.641090
1995.933333	-263.553131	95.823441
1996.000000	-269.080475	94.964706
1996.066667	-261.085083	95.154709
1996.133333	-283.660400	96.081551
1996.200000	-268.805084	95.446220
1996.266667	-273.998077	95.646721
1996.333333	-267.171234	95.093857
1996.400000	-263.255768	95.365356
1996.466667	-273.632874	96.155167
1996.533333	-256.743317	94.669922
1996.600000	-265.808655	95.775299
1996.666667	-265.808655	95.775299
1996.733333	-271.474731	96.162842
1996.800000	-263.816193	96.921600
1996.866667	-270.484497	95.155624
1996.933333	-264.994751	96.158020
1997.000000	-266.258881	95.821350
1997.066667	-273.535858	96.776978
1997.133333	-266.713867	95.441444
1997.200000	-277.820465	93.780190
1997.266667	-263.800873	95.289856
1997.333333	-259.373657	96.926849
1997.400000	-267.107666	95.966209
1997.466667	-270.039093	95.037910
1997.533333	-267.641510	97.421753
1997.600000	-269.718384	96.757698
1997.666667	-270.109375	95.296730
1997.733333	-265.614227	96.006851
1997.800000	-267.139038	96.353203
1997.866667	-262.159668	95.599846
1997.933333	-270.577515	96.178978
1998.000000	-260.253815	97.119560
1998.066667	-266.934601	96.566689
1998.133333	-264.461884	96.862297
1998.200000	-263.150238	94.314880
1998.266667	-265.748840	96.026146
1998.333333	-263.571320	95.847427
1998.400000	-279.169250	96.235535
1998.466667	-275.431030	96.678444
1998.533333	-271.229492	95.583168
1998.600000	-263.766022	95.651413
1998.666667	-259.231018	93.661148
1998.733333	-267.457062	95.050087
1998.800000	-275.266022	97.454933
1998.866667	-261.453400	96.993179
1998.933333	-259.202087	95.075699
1999.000000	-274.288788	95.927704
1999.066667	-265.584045	96.164368
1999.133333	-269.356903	95.941742
1999.200000	-256.644592	95.728943
1999.266667	-266.486603	96.133240
1999.333333	-252.069168	94.961647
1999.400000	-261.886871	96.229530
1999.466667	-277.087738	95.689919
1999.533333	-275.924652	95.657799
1999.600000	-259.400208	95.743271
1999.666667	-270.543976	96.307274
1999.733333	-259.517670	95.509300
1999.800000	-266.910583	96.041328
1999.866667	-262.431152	96.869621
1999.933333	-270.119080	96.532677
2000.000000	-266.287445	95.599709
2000.066667	-264.715729	96.486191
2000.133333	-270.715302	96.659340
2000.200000	-263.829803	97.096199
2000.266667	-280.285309	95.385941
2000.333333	-275.461609	97.084328
2000.400000	-270.694366	95.189766
2000.466667	-248.038727	94.627350
2000.533333	-267.931976	96.176170
2000.600000	-267.444977	94.884201
2000.666667	-268.589874	95.524437
2000.733333	-278.485962	94.926720
2000.800000	-271.954102	96.389854
2000.866667	-258.610168	95.937637
2000.933333	-265.390839	96.963905
2001.000000	-265.218842	95.757843
2001.066667	-262.359192	96.007698
2001.133333	-265.076721	96.503151
2001.200000	-263.793030	95.194649
2001.266667	-265.222351	96.169907
2001.333333	-267.995026	96.519180
2001.400000	-270.508698	95.955421
2001.466667	-265.247345	96.488899
2001.533333	-268.850159	95.595894
2001.600000	-272.057281	95.331306
2001.666667	-272.227539	95.083527
2001.733333	-270.306519	97.540680
2001.800000	-271.612030	95.756287
2001.866667	-277.464905	96.113258
2001.933333	-255.458298	94.555496
2002.000000	-264.568939	95.564293
2002.066667	-272.779388	95.913338
2002.133333	-270.679169	96.742813
2002.200000	-273.126373	95.788849
2002.266667	-263.742889	95.498596
2002.333333	-275.416199	96.520088
2002.400000	-267.557129	96.180153
2002.466667	-268.687622	96.302681
2002.533333	-267.002197	96.576210
2002.600000	-267.673584	95.356949
2002.666667	-279.002380	96.968620
2002.733333	-268.247833	95.674652
2002.800000	-269.259247	96.401268
2002.866667	-267.233063	95.820740
2002.933333	-268.263611	97.451027
2003.000000	-264.203156	94.815903
2003.066667	-268.748444	96.264107
2003.133333	-259.611206	94.250366
2003.200000	-272.777588	96.722290
2003.266667	-265.144135	96.901939
2003.333333	-268.795654	95.121574
2003.400000	-256.011139	96.011391
2003.466667	-265.918030	95.336128
2003.533333	-271.320007	96.390457
2003.600000	-259.188110	95.064240
2003.666667	-264.733948	94.400818
2003.733333	-261.995361	95.173798
2003.800000	-268.350098	94.726509
2003.866667	-277.239624	95.923050
2003.933333	-272.443634	95.820152
2004.000000	-272.217560	95.590042
2004.066667	-264.481171	96.628975
2004.133333	-274.930450	95.760963
2004.200000	-273.811066	97.061501
2004.266667	-268.749329	95.749329
2004.333333	-266.398682	94.185623
2004.400000	-263.896393	96.009109
2004.466667	-264.540863	95.532707
2004.533333	-268.538879	96.558212
2004.600000	-269.492706	95.769470
2004.666667	-268.784760	95.640640
2004.733333	-266.122070	95.585831
2004.800000	-263.748688	95.932983
2004.866667	-273.376282	96.088486
2004.933333	-268.787201	96.154953
2005.000000	-267.305878	96.202827
2005.066667	-278.074951	96.313438
2005.133333	-265.333740	96.067810
2005.200000	-270.255493	95.530579
2005.266667	-255.917847	94.430161
2005.333333	-262.128662	94.753380
2005.400000	-268.508453	94.781715
2005.466667	-279.748444	95.917130
2005.533333	-260.053375	94.686981
2005.600000	-277.258209	96.193497
2005.666667	-263.751068	95.074997
2005.733333	-269.961914	95.235382
2005.800000	-279.032684	96.054832
2005.866667	-268.498077	94.694923
2005.933333	-263.784302	96.835541
2006.000000	-274.979065	95.870285
2006.066667	-275.347687	96.389061
2006.133333	-253.717010	95.071266
2006.200000	-269.225708	94.950981
2006.266667	-263.862213	95.265923
2006.333333	-265.213959	95.589813
2006.400000	-271.454041	96.022835
2006.466667	-261.128906	96.143661
2006.533333	-268.081909	96.960587
2006.600000	-265.982330	97.294594
2006.666667	-265.128510	96.887314
2006.733333	-276.331268	96.350212
2006.800000	-268.580963	94.829597
2006.866667	-264.764862	96.068092
2006.933333	-262.897827	95.250298
2007.000000	-270.776031	96.316383
2007.066667	-271.563507	96.296799
2007.133333	-288.227356	95.069733
2007.200000	-267.834778	96.466408
2007.266667	-260.785797	95.105019
2007.333333	-272.367859	94.487122
2007.400000	-268.848236	96.039726
2007.466667	-269.068115	96.719299
2007.533333	-270.796356	96.192368
2007.600000	-273.723389	96.582718
2007.666667	-267.351746	95.708572
2007.733333	-271.182007	96.368683
2007.800000	-276.611298	95.189888
2007.866667	-257.122528	95.646202
2007.933333	-269.091919	95.391838
2008.000000	-269.638397	95.684975
2008.066667	-262.910919	95.812737
2008.133333	-282.167511	96.745148
2008.200000	-270.999451	96.190826
2008.266667	-277.368805	95.860680
2008.333333	-265.547699	95.436661
2008.400000	-256.686462	96.730042
2008.466667	-264.007263	95.499893
2008.533333	-272.155151	95.881493
2008.600000	-273.441956	96.061913
2008.666667	-271.508209	96.411194
2008.733333	-267.234283	95.561935
2008.800000	-273.809692	96.119400
2008.866667	-272.469818	95.685593
2008.933333	-265.609131	94.828316
2009.000000	-282.780884	95.673508
2009.066667	-259.723419	94.256081
2009.133333	-266.843109	96.330383
2009.200000	-268.235870	98.127747
2009.266667	-272.517212	95.754219
2009.333333	-266.686157	95.625465
2009.400000	-274.172485	95.260529
2009.466667	-270.890442	95.999748
2009.533333	-276.036804	94.979187
2009.600000	-270.210815	94.848228
2009.666667	-275.102539	95.914330
2009.733333	-276.425903	97.177605
2009.800000	-268.722595	95.474915
2009.866667	-266.495178	95.770096
2009.933333	-267.017120	95.281189
2010.000000	-269.063843	96.788818
2010.066667	-264.906738	95.945175
2010.133333	-273.956543	95.994377
2010.200000	-255.076752	95.822197
2010.266667	-269.678894	95.565758
2010.333333	-269.185364	96.206009
2010.400000	-271.988434	95.831078
2010.466667	-273.613983	96.509087
2010.533333	-270.500427	95.505737
2010.600000	-263.552551	96.754616
2010.666667	-269.097565	95.445351
2010.733333	-266.042480	95.001900
2010.800000	-274.691650	96.107124
2010.866667	-269.610596	96.649300
2010.933333	-276.090240	96.189110
2011.000000	-264.504791	96.297012
2011.066667	-276.317444	96.106262
2011.133333	-274.087158	96.628281
2011.200000	-265.301392	94.907761
2011.266667	-266.839844	94.046036
2011.333333	-271.842438	95.393692
2011.400000	-266.162262	95.480324
2011.466667	-271.937317	96.451012
2011.533333	-271.356323	95.542305
2011.600000	-269.477081	96.690315
2011.666667	-271.511078	96.291145
2011.733333	-271.840820	95.836998
2011.800000	-264.229736	95.703995
2011.866667	-275.983276	96.193878
2011.933333	-274.516510	95.093971
2012.000000	-267.668793	95.775543
2012.066667	-271.139526	95.450462
2012.133333	-271.291351	96.099197
2012.200000	-270.704163	95.365875
2012.266667	-277.577026	95.744965
2012.333333	-274.513336	96.035172
2012.400000	-270.693115	95.553932
2012.466667	-263.170105	95.288277
2012.533333	-272.733093	96.664619
2012.600000	-270.575256	95.782028
2012.666667	-265.796326	94.767036
2012.733333	-268.693909	95.949471
2012.800000	-275.669769	95.714645
2012.866667	-268.004272	95.165810
2012.933333	-277.150879	96.229607
2013.000000	-270.533142	95.699707
2013.066667	-268.328522	95.596153
2013.133333	-268.724701	95.009323
2013.200000	-263.263916	96.490219
2013.266667	-265.939697	95.358101
2013.333333	-267.103699	95.438049
2013.400000	-273.107086	95.794167
2013.466667	-264.172150	96.239784
2013.533333	-261.319916	94.394516
2013.600000	-270.669830	96.167030
2013.666667	-261.876160	95.970528
2013.733333	-258.852783	95.398178
2013.800000	-274.293365	95.302528
2013.866667	-267.514771	95.010223
2013.933333	-266.592468	96.450455
2014.000000	-272.763123	94.755928
2014.066667	-264.302643	93.988991
2014.133333	-269.385498	95.146187
2014.200000	-261.789337	94.760490
2014.266667	-274.900726	94.705032
2014.333333	-272.432739	96.226929
2014.400000	-274.217957	95.791275
2014.466667	-279.376953	96.812782
2014.533333	-275.426483	96.167702
2014.600000	-265.211060	95.093376
2014.666667	-272.186066	96.504898
2014.733333	-266.863739	95.971230
2014.800000	-272.665222	95.817505
2014.866667	-271.549255	94.940193
2014.933333	-276.659027	96.542168
2015.000000	-267.140869	96.440865
2015.066667	-267.750244	96.265190
2015.133333	-264.157745	95.603279
2015.200000	-264.578583	95.322006
2015.266667	-263.635956	94.023460
2015.333333	-277.184509	96.222984
2015.400000	-264.964539	95.672173
2015.466667	-264.537048	95.814735
2015.533333	-275.950348	96.237015
2015.600000	-265.979889	96.092506
2015.666667	-266.107452	96.771393
2015.733333	-283.173492	95.690071
2015.800000	-257.080841	95.673828
2015.866667	-263.143555	96.147636
2015.933333	-269.790375	94.201569
2016.000000	-263.718231	96.804230
2016.066667	-271.268890	95.106308
2016.133333	-269.326721	95.594528
2016.200000	-274.784760	95.005539
2016.266667	-277.250488	96.530960
2016.333333	-270.384277	96.384247
2016.400000	-261.237732	95.357689
2016.466667	-264.523254	93.837440
2016.533333	-270.464691	95.411026
2016.600000	-271.477386	95.931320
2016.666667	-267.437744	96.089264
2016.733333	-271.248566	96.483856
2016.800000	-273.911194	96.505234
2016.866667	-269.152618	96.024384
2016.933333	-269.571716	95.911293
2017.000000	-267.524170	95.579941
2017.066667	-274.131195	95.456520
2017.133333	-269.274811	95.771629
2017.200000	-274.109467	96.633362
2017.266667	-271.884369	96.354988
2017.333333	-275.075836	96.512627
2017.400000	-269.493561	94.355453
2017.466667	-271.159668	95.812134
2017.533333	-260.742767	96.776375
2017.600000	-271.873260	95.994377
2017.666667	-272.356903	96.059906
2017.733333	-265.268829	95.438110
2017.800000	-270.578339	95.393105
2017.866667	-274.971344	96.091789
2017.933333	-268.886475	95.882965
2018.000000	-267.991302	96.921303
2018.066667	-262.053558	97.542488
2018.133333	-268.310547	96.335388
2018.200000	-264.710938	95.912956
2018.266667	-269.014252	96.403275
2018.333333	-261.341003	96.700035
2018.400000	-264.567627	96.230942
2018.466667	-262.491150	95.100021
2018.533333	-281.779602	94.954239
2018.600000	-267.250397	96.439651
2018.666667	-268.159912	96.602425
2018.733333	-271.710144	95.546394
2018.800000	-261.650818	95.817978
2018.866667	-261.637970	96.153473
2018.933333	-274.923187	95.771820
2019.000000	-268.605408	95.054863
2019.066667	-280.708069	95.408920
2019.133333	-273.255280	94.771187
2019.200000	-272.581726	95.649101
2019.266667	-280.131012	95.836327
2019.333333	-276.043457	96.279762
2019.400000	-259.522858	94.767998
2019.466667	-275.091125	96.387245
2019.533333	-265.067413	94.463921
2019.600000	-269.845673	95.806335
2019.666667	-270.441132	95.338615
2019.733333	-269.392792	95.312721
2019.800000	-269.888611	95.344673
2019.866667	-278.715179	95.989807
2019.933333	-267.819580	94.958069
2020.000000	-264.439911	95.695679
2020.066667	-270.752167	95.655159
2020.133333	-275.474670	95.674644
2020.200000	-280.033295	94.748924
2020.266667	-267.547607	95.254318
2020.333333	-269.806702	94.945457
2020.400000	-266.658905	94.848640
2020.466667	-261.757355	96.115646
2020.533333	-267.408264	94.877518
2020.600000	-263.938019	95.965576
2020.666667	-280.096985	97.083076
2020.733333	-264.311279	95.600998
2020.800000	-268.099335	97.030952
2020.866667	-267.907043	95.487793
2020.933333	-269.819641	95.302948
2021.000000	-271.308289	96.344620
2021.066667	-263.838318	95.503601
2021.133333	-279.037354	95.787025
2021.200000	-270.672974	96.246544
2021.266667	-279.549652	95.801613
2021.333333	-257.559448	95.806076
2021.400000	-270.110840	96.561264
2021.466667	-264.842346	96.540703
2021.533333	-270.145813	94.959297
2021.600000	-267.239197	96.509796
2021.666667	-275.542419	95.829521
2021.733333	-264.217041	95.919167
2021.800000	-273.170898	95.559708
2021.866667	-269.884888	94.894424
2021.933333	-270.794342	96.478218
2022.000000	-266.502136	95.602112
2022.066667	-266.020966	94.738464
2022.133333	-275.552216	95.652321
2022.200000	-261.656250	96.426041
2022.266667	-279.706787	97.030037
2022.333333	-278.377533	96.657600
2022.400000	-274.649902	96.537170
2022.466667	-273.001434	95.615135
2022.533333	-270.306732	95.898918
2022.600000	-272.229675	95.388672
2022.666667	-272.173615	95.648750
2022.733333	-269.250519	95.720802
2022.800000	-277.984650	95.713379
2022.866667	-268.729431	95.301018
2022.933333	-264.135925	95.917908
2023.000000	-269.474548	95.541077
2023.066667	-271.559540	95.988731
2023.133333	-272.685913	96.217789
2023.200000	-278.148621	95.666328
2023.266667	-276.113800	96.011642
2023.333333	-273.167877	96.804588
2023.400000	-273.432312	96.269348
2023.466667	-274.773651	95.154022
2023.533333	-276.387207	96.150200
2023.600000	-271.101135	95.862396
2023.666667	-277.118317	96.147011
2023.733333	-271.456726	96.157394
2023.800000	-260.474182	96.053658
2023.866667	-272.851379	95.767776
2023.933333	-278.748627	95.228813
2024.000000	-278.748627	95.228813
2024.066667	-273.140900	95.708595
2024.133333	-263.644928	96.189812
2024.200000	-270.171631	95.066269
2024.266667	-279.865417	96.526451
2024.333333	-279.865417	96.526451
2024.400000	-267.305969	95.538094
2024.466667	-270.765228	95.465881
2024.533333	-267.969238	94.710320
2024.600000	-273.269592	96.304718
2024.666667	-273.392853	94.942261
2024.733333	-273.392853	94.942261
2024.800000	-267.281342	95.104530
2024.866667	-273.749207	95.810188
2024.933333	-276.106293	96.103088
2025.000000	-271.610901	95.855614
2025.066667	-276.557922	94.977364
2025.133333	-276.557922	94.977364
2025.200000	-275.368805	95.438622
2025.266667	-272.988464	95.899879
2025.333333	-270.923187	95.585892
2025.400000	-280.212006	95.802696
2025.466667	-279.051880	95.405624
2025.533333	-275.861847	94.805611
2025.600000	-275.861847	94.805611
2025.666667	-271.819214	96.782295
2025.733333	-271.502411	95.673119
2025.800000	-275.611511	95.891090
2025.866667	-266.580811	96.493950
2025.933333	-274.775116	95.977036
2026.000000	-274.775116	95.977036
2026.066667	-268.848877	94.381050
2026.133333	-268.618591	95.687569
2026.200000	-265.536987	95.767006
2026.266667	-271.671051	95.927368
2026.333333	-279.969849	96.349159
2026.400000	-279.969849	96.349159
2026.466667	-267.103241	94.266144
2026.533333	-270.843750	95.773949
2026.600000	-262.162964	94.396324
2026.666667	-269.209686	95.360275
2026.733333	-269.209686	95.360275
2026.800000	-275.886841	96.490219
2026.866667	-275.886841	96.490219
2026.933333	-271.342590	96.508362
2027.000000	-273.237427	96.271194
2027.066667	-273.545807	95.238281
2027.133333	-264.704803	96.198746
2027.200000	-272.065460	94.958405
2027.266667	-272.065460	94.958405
2027.333333	-277.190491	94.565025
2027.400000	-277.449097	95.920349
2027.466667	-275.632935	96.009247
2027.533333	-270.716095	95.803650
2027.600000	-269.685486	95.800095
2027.666667	-269.685486	95.800095
2027.733333	-277.035431	95.782524
2027.800000	-267.194275	94.631813
2027.866667	-270.814026	94.970894
2027.933333	-273.207367	96.296577
2028.000000	-273.148407	96.163719
2028.066667	-272.035950	95.092178
2028.133333	-272.035950	95.092178
2028.200000	-279.151825	96.182312
2028.266667	-270.944214	95.705620
2028.333333	-275.735931	94.576385
2028.400000	-270.153046	96.419342
2028.466667	-275.283142	95.175140
2028.533333	-275.283142	95.175140
2028.600000	-267.613892	95.272720
2028.666667	-278.111328	96.181915
2028.733333	-271.201935	95.389854
2028.800000	-273.555847	95.057831
2028.866667	-272.432648	96.019699
2028.933333	-272.432648	96.019699
2029.000000	-271.212402	95.651039
2029.066667	-275.527374	95.923813
2029.133333	-276.790619	95.184830
2029.200000	-272.233307	96.225586
2029.266667	-270.677124	95.783920
2029.333333	-270.677124	95.783920
2029.400000	-276.517609	95.567070
2029.466667	-273.637085	96.019043
2029.533333	-276.478394	95.562958
2029.600000	-277.986420	95.873596
2029.666667	-275.193665	93.930847
2029.733333	-276.900116	96.063942
2029.800000	-276.900116	96.063942
2029.866667	-268.119751	96.623978
2029.933333	-272.506836	95.887672
2030.000000	-273.765198	95.323380
2030.066667	-279.473907	94.886681
2030.133333	-267.927338	95.933945
2030.200000	-267.927338	95.933945
2030.266667	-284.718048	96.520172
2030.333333	-274.327240	94.653603
2030.400000	-275.910248	95.390572
2030.466667	-276.502075	96.188110
2030.533333	-275.086914	95.555878
2030.600000	-275.086914	95.555878
2030.666667	-269.874908	95.743866
2030.733333	-279.090179	95.253624
2030.800000	-269.824066	95.513054
2030.866667	-269.553192	95.583641
2030.933333	-279.680389	95.961395
2031.000000	-269.163666	94.407166
2031.066667	-267.558502	96.124313
2031.133333	-277.253143	96.782745
2031.200000	-268.511963	94.610062
2031.266667	-277.829285	94.608269
2031.333333	-278.600403	94.913887
2031.400000	-274.126404	94.854752
2031.466667	-274.126404	94.854752
2031.533333	-269.766479	95.788826
2031.600000	-268.147491	95.311172
2031.666667	-271.076050	94.804993
2031.733333	-274.676758	95.564804
2031.800000	-268.626587	95.042412
2031.866667	-267.148224	95.873955
2031.933333	-276.114380	95.721878
2032.000000	-274.366547	95.841843
2032.066667	-272.775665	95.642479
2032.133333	-272.561523	96.073021
2032.200000	-276.688507	95.366570
2032.266667	-268.968872	95.726074
2032.333333	-274.266998	95.298294
2032.400000	-268.766968	95.360367
2032.466667	-265.691193	96.086075
2032.533333	-275.431458	95.259949
2032.600000	-272.230194	94.903076
2032.666667	-277.685944	95.590714
2032.733333	-277.655975	95.981842
2032.800000	-273.279663	94.903130
2032.866667	-275.583984	95.597420
2032.933333	-268.726349	96.363525
2033.000000	-278.772430	95.485603
2033.066667	-279.379425	96.189941
2033.133333	-279.090393	95.985542
2033.200000	-280.007721	95.426247
2033.266667	-288.732452	94.844681
2033.333333	-273.160156	95.499031
2033.400000	-278.101837	95.142311
2033.466667	-274.639038	95.183128
2033.533333	-272.374664	94.750313
2033.600000	-280.308105	95.810303
2033.666667	-272.909851	96.004395
2033.733333	-268.170746	95.126503
2033.800000	-276.541504	95.573517
2033.866667	-273.442383	94.877930
2033.933333	-281.943848	95.711639
2034.000000	-269.447998	94.369980
2034.066667	-269.817535	96.540459
2034.133333	-269.350220	95.282707
2034.200000	-268.011383	95.944366
2034.266667	-280.691956	95.785416
2034.333333	-271.174316	95.559555
2034.400000	-270.492554	95.446190
2034.466667	-270.712677	95.443886
2034.533333	-275.609375	96.245514
2034.600000	-276.771790	95.183075
2034.666667	-275.433167	96.553734
2034.733333	-283.235657	95.425766
2034.800000	-281.765137	95.498474
2034.866667	-267.935730	95.824066
2034.933333	-275.894989	95.238342
2035.000000	-274.854523	94.660385
2035.066667	-280.106262	95.779022
2035.133333	-278.511871	95.596794
2035.200000	-281.784607	95.800140
2035.266667	-272.460358	95.701065
2035.333333	-276.796722	95.881729
2035.400000	-272.225098	95.160004
2035.466667	-272.853210	94.749931
2035.533333	-272.529846	95.940453
2035.600000	-272.963562	95.272781
2035.666667	-273.426056	94.623520
2035.733333	-273.921082	94.985741
2035.800000	-274.183289	95.038971
2035.866667	-272.904633	95.321274
2035.933333	-280.857269	95.840637
2036.000000	-275.415924	95.886330
2036.066667	-265.931915	94.779137
2036.133333	-274.073639	94.563560
2036.200000	-281.119202	94.949692
2036.266667	-272.692474	95.560791
2036.333333	-272.571533	95.190300
2036.400000	-276.932617	95.360542
2036.466667	-270.031982	95.931725
2036.533333	-269.086914	96.871239
2036.600000	-275.223877	95.413094
2036.666667	-267.376160	97.296883
2036.733333	-275.498322	94.601562
2036.800000	-271.032806	94.998466
2036.866667	-277.475708	95.479263
2036.933333	-277.828857	95.461998
2037.000000	-273.029846	95.206940
2037.066667	-277.847260	95.176865
2037.133333	-277.681183	96.169243
2037.200000	-279.836060	95.742584
2037.266667	-269.564178	97.285606
2037.333333	-272.962402	96.260315
2037.400000	-272.410492	95.437271
2037.466667	-282.386505	95.052689
2037.533333	-269.022034	93.868721
2037.600000	-274.955536	96.305916
2037.666667	-277.494995	95.466301
2037.733333	-276.597473	95.462257
2037.800000	-275.848999	95.117226
2037.866667	-279.070953	94.801918
2037.933333	-274.384796	96.205055
2038.000000	-279.133636	95.623604
2038.066667	-277.313599	96.209778
2038.133333	-270.101318	95.837051
2038.200000	-280.371796	95.106430
2038.266667	-275.323029	96.178108
2038.333333	-275.782593	94.480507
2038.400000	-273.306580	95.873840
2038.466667	-276.082581	95.852509
2038.533333	-273.438477	96.431030
2038.600000	-269.584198	96.702789
2038.666667	-276.721771	95.575508
2038.733333	-281.496460	95.571304
2038.800000	-279.849701	94.638565
2038.866667	-263.939209	95.545776
2038.933333	-278.914886	95.645515
2039.000000	-276.742554	96.060280
2039.066667	-279.096222	96.062881
2039.133333	-280.753479	95.660164
2039.200000	-277.965607	96.029564
2039.266667	-276.758667	95.044868
2039.333333	-281.666168	95.387199
2039.400000	-270.645264	96.579147
2039.466667	-283.115997	95.652649
2039.533333	-280.819946	96.141579
2039.600000	-284.693848	95.453339
2039.666667	-273.380615	95.984932
2039.733333	-282.235809	95.429955
2039.800000	-280.703369	95.564804
2039.866667	-276.296295	96.846138
2039.933333	-277.150909	95.285751
2040.000000	-274.494019	94.808571
