14820.066667	-274.008820	99.802666
14820.133333	-274.125488	99.874451
14820.200000	-273.849762	99.774437
14820.266667	-273.950226	99.846298
14820.333333	-274.065125	99.863602
14820.400000	-274.002014	99.699936
14820.466667	-274.029510	99.790878
14820.533333	-274.008667	99.858315
14820.600000	-273.886322	99.793762
14820.666667	-273.805939	99.676811
14820.733333	-273.897095	99.808823
14820.800000	-273.757660	99.787857
14820.866667	-273.622650	99.792282
14820.933333	-273.913757	99.858665
14821.000000	-273.939667	99.836792
14821.066667	-273.834442	99.886879
14821.133333	-274.032410	99.890938
14821.200000	-273.814941	99.798454
14821.266667	-273.742645	99.855507
14821.333333	-273.826111	99.836311
14821.400000	-273.710907	99.811882
14821.466667	-273.690521	99.913956
14821.533333	-273.723358	99.892227
14821.600000	-273.582550	99.810188
14821.666667	-273.551666	99.765236
14821.733333	-273.647949	99.837029
14821.800000	-273.673248	99.909348
14821.866667	-273.603455	99.817032
14821.933333	-273.792267	99.872345
14822.000000	-273.543610	99.965149
14822.066667	-273.698730	99.910568
14822.133333	-273.665619	99.879829
14822.200000	-273.697571	99.943985
14822.266667	-273.605865	99.889000
14822.333333	-273.605865	99.889000
14822.400000	-273.594818	99.853859
14822.466667	-273.470612	99.832794
14822.533333	-273.554504	99.828339
14822.600000	-273.640350	99.832123
14822.666667	-273.628174	99.755615
14822.733333	-273.628174	99.755615
14822.800000	-273.521179	99.863625
14822.866667	-273.471924	99.819435
14822.933333	-273.410309	99.823837
14823.000000	-273.464233	99.837738
14823.066667	-273.365173	99.777344
14823.133333	-273.346985	99.717178
14823.200000	-273.277405	99.961594
14823.266667	-273.456940	99.880325
14823.333333	-273.279205	99.880081
14823.400000	-273.437073	99.889595
14823.466667	-273.344788	99.826584
14823.533333	-273.369934	99.892738
14823.600000	-273.369934	99.892738
14823.666667	-273.269470	99.955872
14823.733333	-273.247284	99.862617
14823.800000	-273.198639	99.883911
14823.866667	-273.238678	99.985909
14823.933333	-273.317474	99.992661
14824.000000	-273.317474	99.992661
14824.066667	-273.221283	99.879341
14824.133333	-273.279633	99.874168
14824.200000	-273.264282	99.857285
14824.266667	-273.139709	99.843246
14824.333333	-273.253235	99.831070
14824.400000	-273.253235	99.831070
14824.466667	-273.143494	99.876907
14824.533333	-273.102570	99.907372
14824.600000	-273.076355	99.819878
14824.666667	-273.049530	99.949883
14824.733333	-273.252686	99.852867
14824.800000	-273.140747	99.831474
14824.866667	-273.140747	99.831474
14824.933333	-273.155090	99.924980
14825.000000	-273.213806	99.890404
14825.066667	-273.100037	99.879318
14825.133333	-273.162811	99.904739
14825.200000	-273.252350	99.998039
14825.266667	-273.252350	99.998039
14825.333333	-273.031281	99.799110
14825.400000	-272.796204	99.889999
14825.466667	-272.887146	99.931282
14825.533333	-273.018921	99.931564
14825.600000	-273.053101	99.967239
14825.666667	-273.053101	99.967239
14825.733333	-273.040771	99.969673
14825.800000	-273.045013	99.877426
14825.866667	-272.884766	99.929535
14825.933333	-272.930603	99.995476
14826.000000	-272.872406	99.989258
14826.066667	-273.055969	99.971001
14826.133333	-273.055969	99.971001
14826.200000	-272.937439	99.952980
14826.266667	-273.014221	99.955872
14826.333333	-272.847107	99.956909
14826.400000	-272.868988	99.896454
14826.466667	-272.773041	99.898926
14826.533333	-272.773041	99.898926
14826.600000	-272.675751	99.832794
14826.666667	-272.878448	99.956177
14826.733333	-272.782806	99.834106
14826.800000	-272.668732	99.863449
14826.866667	-272.759064	99.776497
14826.933333	-272.759064	99.776497
14827.000000	-272.753967	99.897652
14827.066667	-272.713989	99.883911
14827.133333	-272.769836	99.873940
14827.200000	-272.631622	99.844528
14827.266667	-272.651215	99.883698
14827.333333	-272.651215	99.883698
14827.400000	-272.624146	99.951965
14827.466667	-272.659821	99.841652
14827.533333	-272.690735	100.054893
14827.600000	-272.681946	99.962471
14827.666667	-272.638947	99.974503
14827.733333	-272.681396	99.894890
14827.800000	-272.681396	99.894890
14827.866667	-272.619202	100.006310
14827.933333	-272.478973	99.954781
14828.000000	-272.522736	100.002533
14828.066667	-272.429657	99.903496
14828.133333	-272.552521	100.019127
14828.200000	-272.552521	100.019127
14828.266667	-272.496735	100.081512
14828.333333	-272.417023	99.935989
14828.400000	-272.437042	99.925026
14828.466667	-272.427979	99.922859
14828.533333	-272.466278	99.988876
14828.600000	-272.466278	99.988876
14828.666667	-272.547668	99.895348
14828.733333	-272.571411	100.088844
14828.800000	-272.552307	99.964111
14828.866667	-272.490814	99.901466
14828.933333	-272.344208	99.918251
14829.000000	-272.529358	100.013596
14829.066667	-272.529358	100.013596
14829.133333	-272.414795	99.906822
14829.200000	-272.394287	99.979156
14829.266667	-272.472198	99.962288
14829.333333	-272.370605	99.925087
14829.400000	-272.265808	100.010460
14829.466667	-272.265808	100.010460
14829.533333	-272.336487	99.952477
14829.600000	-272.352081	99.855202
14829.666667	-272.406097	100.012573
14829.733333	-272.361969	100.054306
14829.800000	-272.205872	99.994087
14829.866667	-272.205872	99.994087
14829.933333	-272.373871	100.069603
14830.000000	-272.257812	99.931282
14830.066667	-272.218781	100.037880
14830.133333	-272.261963	99.994820
14830.200000	-272.405670	100.008926
14830.266667	-272.206238	99.967796
14830.333333	-272.211670	99.996841
14830.400000	-272.263794	100.053436
14830.466667	-272.183624	100.031929
14830.533333	-272.358459	100.054893
14830.600000	-272.284027	99.925125
14830.666667	-272.175232	100.085136
14830.733333	-272.171997	99.925003
14830.800000	-272.031403	100.009171
14830.866667	-272.128204	99.992882
14830.933333	-272.242615	99.886482
14831.000000	-272.188202	100.052681
14831.066667	-272.061188	99.976280
14831.133333	-272.075684	99.907372
14831.200000	-271.797577	99.927361
14831.266667	-272.144135	100.129135
14831.333333	-272.005676	100.038834
14831.400000	-272.068848	99.956833
14831.466667	-271.974121	100.053513
14831.533333	-271.989349	100.068924
14831.600000	-272.041748	100.036163
14831.666667	-272.088043	100.062469
14831.733333	-271.871735	100.055000
14831.800000	-272.147675	99.986351
14831.866667	-271.834442	99.991470
14831.933333	-271.904175	100.042839
14832.000000	-271.920135	100.022949
14832.066667	-271.830780	99.950073
14832.133333	-271.911591	100.043205
14832.200000	-272.198364	100.064720
14832.266667	-271.940277	99.992699
14832.333333	-271.867004	100.072128
14832.400000	-271.859863	100.073120
14832.466667	-272.226898	100.064949
14832.533333	-271.867462	100.066139
14832.600000	-271.963623	99.938087
14832.666667	-271.865723	100.020775
14832.733333	-271.891693	99.993469
14832.800000	-271.779694	100.006485
14832.866667	-271.807465	100.000763
14832.933333	-271.898895	100.057968
14833.000000	-271.826569	99.975082
14833.066667	-271.885345	100.063087
14833.133333	-271.771240	99.987411
14833.200000	-271.769348	99.973190
14833.266667	-271.896027	100.062721
14833.333333	-271.827789	99.978188
14833.400000	-271.797546	99.972076
14833.466667	-271.916595	100.008926
14833.533333	-271.819336	99.970703
14833.600000	-271.772461	100.058876
14833.666667	-271.652435	99.886879
14833.733333	-271.692596	100.076126
14833.800000	-271.699036	99.963501
14833.866667	-271.695282	100.101433
14833.933333	-271.680786	100.057762
14834.000000	-271.698273	100.151718
14834.066667	-271.668915	100.074318
14834.133333	-271.562531	100.056267
14834.200000	-271.618378	100.056335
14834.266667	-271.640808	99.970497
14834.333333	-271.596863	100.150185
14834.400000	-271.611145	100.068642
14834.466667	-271.722656	100.115440
14834.533333	-271.716827	100.057274
14834.600000	-271.760834	100.165207
14834.666667	-271.640259	100.047585
14834.733333	-271.639435	99.994659
14834.800000	-271.487122	100.044708
14834.866667	-271.584351	100.073357
14834.933333	-271.498016	100.084778
14835.000000	-271.618011	100.088844
14835.066667	-271.645477	100.125313
14835.133333	-271.614471	100.140015
14835.200000	-271.528656	100.051956
14835.266667	-271.613922	100.111786
14835.333333	-271.585388	100.028084
14835.400000	-271.569000	100.103600
14835.466667	-271.562836	100.104996
14835.533333	-271.578339	100.108490
14835.600000	-271.622925	100.041870
14835.666667	-271.605835	100.037445
14835.733333	-271.420044	100.084938
14835.800000	-271.560730	100.078644
14835.866667	-271.512238	100.000732
14835.933333	-271.363892	100.037773
14836.000000	-271.459045	100.048355
14836.066667	-271.421967	100.153450
14836.133333	-271.216980	100.031303
14836.200000	-271.535889	100.080894
14836.266667	-271.365204	100.103905
14836.333333	-271.493622	100.109833
14836.400000	-271.320404	100.066391
14836.466667	-271.472778	100.123428
14836.533333	-271.518219	100.101959
14836.600000	-271.469421	100.125313
14836.666667	-271.500275	100.087570
14836.733333	-271.327362	100.069466
14836.800000	-271.520905	100.116508
14836.866667	-271.370544	100.075500
14836.933333	-271.456879	100.072151
14837.000000	-271.351624	99.964066
14837.066667	-271.353699	99.941399
14837.133333	-271.448242	100.180336
14837.200000	-271.458008	100.107605
14837.266667	-271.260376	100.006485
14837.333333	-271.251892	99.899323
14837.400000	-271.296783	100.057007
14837.466667	-271.441437	100.059937
14837.533333	-271.482849	100.026718
14837.600000	-271.242767	100.028488
14837.666667	-271.335419	100.021400
14837.733333	-271.194336	100.055054
14837.800000	-271.328583	99.995476
14837.866667	-271.318970	100.101959
14837.933333	-271.303375	100.115318
14838.000000	-271.321075	100.059830
14838.066667	-271.167786	100.007515
14838.133333	-271.379852	100.132919
14838.200000	-271.269012	100.126137
14838.266667	-271.329559	99.935028
14838.333333	-271.216003	100.101959
14838.400000	-271.229706	100.031044
14838.466667	-271.134064	100.086716
14838.533333	-271.154633	100.116508
14838.600000	-271.176483	100.099525
14838.666667	-271.372711	100.148972
14838.733333	-271.281189	100.072182
14838.800000	-271.205872	100.051270
14838.866667	-271.241394	100.044456
14838.933333	-271.260376	100.164925
14839.000000	-271.354401	100.036003
14839.066667	-271.136993	100.054146
14839.133333	-271.201385	100.153877
14839.200000	-271.043640	100.058937
14839.266667	-271.125641	100.051247
14839.333333	-271.142578	99.984573
14839.400000	-271.150421	100.073593
14839.466667	-271.179138	100.057663
14839.533333	-271.008942	100.018028
14839.600000	-271.061188	100.077782
14839.666667	-271.095337	99.962471
14839.733333	-271.080078	100.104477
14839.800000	-271.273285	100.079063
14839.866667	-271.228241	100.068390
14839.933333	-271.106323	100.138771
14840.000000	-271.063110	100.026718
14840.066667	-270.931488	99.975975
14840.133333	-271.266571	100.038605
14840.200000	-271.054871	99.974190
14840.266667	-270.985291	100.061493
14840.333333	-271.163208	100.152962
14840.400000	-271.087250	100.031387
14840.466667	-271.100037	100.056923
14840.533333	-271.155365	100.084587
14840.600000	-271.053223	100.111900
14840.666667	-270.952332	100.216011
14840.733333	-271.095703	100.143257
14840.800000	-271.133301	100.112007
14840.866667	-271.084015	100.148376
14840.933333	-271.039917	100.137535
14841.000000	-270.930756	99.941910
14841.066667	-271.051147	100.031471
14841.133333	-271.040436	100.061180
14841.200000	-271.113007	100.124344
14841.266667	-271.065033	99.970726
14841.333333	-271.074677	100.113335
14841.400000	-271.025848	100.138268
14841.466667	-271.170929	100.084236
14841.533333	-271.036896	100.122108
14841.600000	-271.051392	100.106987
14841.666667	-271.064758	100.189812
14841.733333	-270.987244	100.086716
14841.800000	-271.027588	100.113228
14841.866667	-270.960785	100.028084
14841.933333	-270.968262	100.048470
14842.000000	-270.880981	100.041016
14842.066667	-270.980164	100.005539
14842.133333	-270.835663	100.083504
14842.200000	-271.043610	100.093002
14842.266667	-271.121033	100.091522
14842.333333	-271.048462	100.040916
14842.400000	-271.016113	100.145119
14842.466667	-270.986115	99.982956
14842.533333	-271.011719	100.150932
14842.600000	-271.099304	100.148781
14842.666667	-271.146606	100.110916
14842.733333	-270.997253	100.094254
14842.800000	-270.983734	100.034744
14842.866667	-270.921265	100.067566
14842.933333	-271.012787	100.151321
14843.000000	-270.949799	100.136612
14843.066667	-271.007416	100.138023
14843.133333	-270.857147	100.104050
14843.200000	-270.805054	100.079140
14843.266667	-270.806091	100.064293
14843.333333	-270.889709	100.126358
14843.400000	-270.896698	100.121857
14843.466667	-270.900299	100.064453
14843.533333	-270.870697	100.219650
14843.600000	-271.000946	100.131569
14843.666667	-270.971985	100.151207
14843.733333	-270.775024	100.036896
14843.800000	-270.948669	100.114258
14843.866667	-270.853424	100.133904
14843.933333	-270.916962	100.060890
14844.000000	-270.956299	100.166878
14844.066667	-270.792816	100.122826
14844.133333	-270.971191	100.121010
14844.200000	-270.915955	100.119720
14844.266667	-270.805420	100.101776
14844.333333	-270.928802	100.130417
14844.400000	-270.811523	100.105820
14844.466667	-270.758240	100.081696
14844.533333	-270.727844	100.081299
14844.600000	-270.954987	100.204742
14844.666667	-270.793030	100.044708
14844.733333	-270.770477	100.117630
14844.800000	-270.813751	100.090691
14844.866667	-270.922455	100.076485
14844.933333	-270.928253	100.214447
14845.000000	-270.951416	100.199501
14845.066667	-270.933289	100.124084
14845.133333	-270.828949	100.170364
14845.200000	-270.939240	100.157097
14845.266667	-270.851837	100.102997
14845.333333	-270.882446	100.132210
14845.400000	-270.954529	100.217300
14845.466667	-270.858185	100.124001
14845.533333	-270.837433	99.989563
14845.600000	-270.902435	100.138023
14845.666667	-270.796051	100.142914
14845.733333	-270.757904	100.099319
14845.800000	-270.845947	100.003822
14845.866667	-270.866730	100.038406
14845.933333	-270.867279	100.134499
14846.000000	-270.884186	100.119682
14846.066667	-270.723297	99.966125
14846.133333	-270.892426	100.091904
14846.200000	-270.814087	100.094994
14846.266667	-270.733032	100.076363
14846.333333	-270.830688	100.074409
14846.400000	-270.833160	100.079567
14846.466667	-270.818634	100.153877
14846.533333	-270.762360	100.141388
14846.600000	-270.845947	100.056335
14846.666667	-270.904236	100.105873
14846.733333	-270.759979	100.098282
14846.800000	-270.754059	100.207314
14846.866667	-270.812225	100.237831
14846.933333	-270.727692	100.097145
14847.000000	-270.809052	100.179558
14847.066667	-270.734680	100.133301
14847.133333	-270.805908	100.115448
14847.200000	-270.866486	100.153915
14847.266667	-270.796906	100.203316
14847.333333	-270.759125	100.040733
14847.400000	-270.835907	100.199814
14847.466667	-270.675537	100.059937
14847.533333	-270.879669	100.131912
14847.600000	-270.800751	100.163391
14847.666667	-270.829681	100.099915
14847.733333	-270.745728	100.143219
14847.800000	-270.761536	100.122108
14847.866667	-270.762817	100.146049
14847.933333	-270.716492	100.108192
14848.000000	-270.732056	100.160866
14848.066667	-270.714874	100.054077
14848.133333	-270.776581	100.169533
14848.200000	-270.694061	100.085930
14848.266667	-270.687256	100.142555
14848.333333	-270.762360	100.089462
14848.400000	-270.727966	100.135536
14848.466667	-270.770477	100.110916
14848.533333	-270.734833	100.106316
14848.600000	-270.738464	100.082085
14848.666667	-270.693085	100.152893
14848.733333	-270.761993	100.165207
14848.800000	-270.798279	100.122757
14848.866667	-270.723450	100.114281
14848.933333	-270.737183	100.182579
14849.000000	-270.548615	100.126465
14849.066667	-270.672821	100.140717
14849.133333	-270.755859	100.104607
14849.200000	-270.703918	100.128410
14849.266667	-270.652618	100.035728
14849.333333	-270.600220	100.156120
14849.400000	-270.543365	100.141281
14849.466667	-270.624420	100.096703
14849.533333	-270.694824	100.156120
14849.600000	-270.466675	100.062111
14849.666667	-270.697693	100.119720
14849.733333	-270.573212	100.091164
14849.800000	-270.647369	100.131058
14849.866667	-270.616211	100.124168
14849.933333	-270.472900	100.075500
14850.000000	-270.550262	100.081490
14850.066667	-270.694061	100.156143
14850.133333	-270.602600	100.057182
14850.200000	-270.644196	100.085480
14850.266667	-270.560913	100.141495
14850.333333	-270.566772	100.178757
14850.400000	-270.548157	100.057007
14850.466667	-270.651764	100.122826
14850.533333	-270.685211	100.175056
14850.600000	-270.629852	100.140442
14850.666667	-270.425201	100.092026
14850.733333	-270.716980	100.169708
14850.800000	-270.624420	100.129715
14850.866667	-270.504272	100.174835
14850.933333	-270.609924	100.140862
14851.000000	-270.534576	100.212166
14851.066667	-270.531036	100.216202
14851.133333	-270.504547	100.176445
14851.200000	-270.609955	100.158798
14851.266667	-270.517517	100.140015
14851.333333	-270.609344	100.039047
14851.400000	-270.593628	100.075096
14851.466667	-270.742889	100.186829
14851.533333	-270.701660	100.118683
14851.600000	-270.840912	100.253586
14851.666667	-270.679901	100.170906
14851.733333	-270.524200	100.076874
14851.800000	-270.640656	100.137779
14851.866667	-270.624420	100.072708
14851.933333	-270.568115	100.152534
14852.000000	-270.429108	100.113190
14852.066667	-270.739349	100.106316
14852.133333	-270.531891	100.135872
14852.200000	-270.623871	100.124084
14852.266667	-270.788239	100.123840
14852.333333	-270.560760	100.042686
14852.400000	-270.615021	100.102127
14852.466667	-270.443451	100.038445
14852.533333	-270.721252	100.114357
14852.600000	-270.497375	100.081810
14852.666667	-270.573883	100.021790
14852.733333	-270.497620	100.091148
14852.800000	-270.491058	100.082207
14852.866667	-270.552856	100.136955
14852.933333	-270.476990	100.112106
14853.000000	-270.360229	100.157150
14853.066667	-270.574554	100.154320
14853.133333	-270.632385	100.146126
14853.200000	-270.567200	100.142914
14853.266667	-270.588379	100.157043
14853.333333	-270.663361	100.129868
14853.400000	-270.488434	100.142967
14853.466667	-270.657074	100.220779
14853.533333	-270.727478	100.089439
14853.600000	-270.627747	100.094254
14853.666667	-270.400635	100.084236
14853.733333	-270.624969	100.200752
14853.800000	-270.588501	100.131737
14853.866667	-270.501465	100.170906
14853.933333	-270.457581	100.100174
14854.000000	-270.386169	100.142616
14854.066667	-270.460938	100.164131
14854.133333	-270.536377	100.145119
14854.200000	-270.537659	100.202698
14854.266667	-270.458588	100.156578
14854.333333	-270.479675	100.020683
14854.400000	-270.628296	100.168518
14854.466667	-270.545868	100.171318
14854.533333	-270.355957	100.015282
14854.600000	-270.470642	100.098282
14854.666667	-270.431305	100.123917
14854.733333	-270.256012	100.106194
14854.800000	-270.487640	99.998680
14854.866667	-270.388031	100.057007
14854.933333	-270.343109	100.053490
14855.000000	-270.527588	100.199501
14855.066667	-270.403351	100.195984
14855.133333	-270.331787	100.049110
14855.200000	-270.420013	100.088539
14855.266667	-270.519745	100.110916
14855.333333	-270.340515	100.084778
14855.400000	-270.408417	100.150558
14855.466667	-270.553772	100.094528
14855.533333	-270.466736	100.055649
14855.600000	-270.524536	100.121582
14855.666667	-270.398834	100.236885
14855.733333	-270.366943	100.101105
14855.800000	-270.529907	100.151093
14855.866667	-270.402283	100.123344
14855.933333	-270.401550	100.051956
14856.000000	-270.441254	100.109512
14856.066667	-270.422791	100.118790
14856.133333	-270.325073	100.148598
14856.200000	-270.517059	100.116508
14856.266667	-270.309021	100.090462
14856.333333	-270.398865	100.157928
14856.400000	-270.582916	100.204109
14856.466667	-270.288116	100.046616
14856.533333	-270.413208	100.158409
14856.600000	-270.260498	100.087570
14856.666667	-270.505371	100.102753
14856.733333	-270.325348	100.129417
14856.800000	-270.342957	100.168297
14856.866667	-270.336151	100.122040
14856.933333	-270.239410	100.045044
14857.000000	-270.431335	100.144821
14857.066667	-270.277649	100.161545
14857.133333	-270.424927	100.200500
14857.200000	-270.282745	100.140991
14857.266667	-270.399597	100.209503
14857.333333	-270.374939	100.200806
14857.400000	-270.382080	100.102287
14857.466667	-270.380402	100.203926
14857.533333	-270.431335	100.147087
14857.600000	-270.336273	100.108391
14857.666667	-270.515472	100.179039
14857.733333	-270.261322	100.140717
14857.800000	-270.196594	100.280884
14857.866667	-270.153503	100.200134
14857.933333	-270.279541	100.144798
14858.000000	-270.314575	100.163849
14858.066667	-270.228912	100.266396
14858.133333	-270.331665	100.132454
14858.200000	-270.346924	100.139229
14858.266667	-270.278290	100.174385
14858.333333	-270.321106	100.113297
14858.400000	-270.336060	100.071007
14858.466667	-270.207794	100.168518
14858.533333	-270.436920	100.164642
14858.600000	-270.223297	100.190277
14858.666667	-270.342896	100.101959
14858.733333	-270.300690	100.203232
14858.800000	-270.300690	100.203232
14858.866667	-270.185486	100.118660
14858.933333	-270.256470	100.237259
14859.000000	-270.250946	100.088844
14859.066667	-270.114471	100.062721
14859.133333	-270.255096	100.182602
14859.200000	-270.255096	100.182602
14859.266667	-270.227722	100.141960
14859.333333	-270.230347	100.188568
14859.400000	-270.252747	100.256020
14859.466667	-270.117249	100.148781
14859.533333	-270.195770	100.109184
14859.600000	-270.195770	100.109184
14859.666667	-270.147766	100.076927
14859.733333	-270.299957	100.194649
14859.800000	-270.206360	100.241814
14859.866667	-270.211517	100.154350
14859.933333	-270.213043	100.162399
14860.000000	-270.265717	100.112106
14860.066667	-270.265717	100.112106
14860.133333	-270.163086	100.219032
14860.200000	-270.183716	100.232697
14860.266667	-270.268341	100.147194
14860.333333	-270.227905	100.078644
14860.400000	-270.039429	100.066078
14860.466667	-270.039429	100.066078
14860.533333	-270.156616	100.102509
14860.600000	-270.185974	100.146973
14860.666667	-270.293884	100.152122
14860.733333	-270.220032	100.165184
14860.800000	-270.294739	100.190277
14860.866667	-270.294739	100.190277
14860.933333	-270.201019	100.119949
14861.000000	-270.082550	100.128967
14861.066667	-270.198944	100.164093
14861.133333	-270.082947	100.139229
14861.200000	-270.129028	100.160568
14861.266667	-270.190674	100.101959
14861.333333	-270.190674	100.101959
14861.400000	-270.105865	100.277885
14861.466667	-270.146393	100.106316
14861.533333	-270.095764	100.187737
14861.600000	-270.207092	100.169731
14861.666667	-270.150238	100.245979
14861.733333	-270.150238	100.245979
14861.800000	-270.163269	100.135109
14861.866667	-270.086670	100.095726
14861.933333	-270.051453	100.175743
14862.000000	-270.036346	100.073837
14862.066667	-270.061218	100.188698
14862.133333	-270.061218	100.188698
14862.200000	-270.084503	100.207314
14862.266667	-270.216888	100.199501
14862.333333	-270.120178	100.185295
14862.400000	-270.045654	100.230942
14862.466667	-270.150024	100.093788
14862.533333	-270.150024	100.093788
14862.600000	-270.201263	100.160378
14862.666667	-270.139160	100.140572
14862.733333	-270.112946	100.065086
14862.800000	-270.141357	100.138733
14862.866667	-270.176453	100.227165
14862.933333	-270.092712	100.104340
14863.000000	-270.092712	100.104340
14863.066667	-270.153198	100.131569
14863.133333	-270.101135	100.137108
14863.200000	-270.215485	100.196251
14863.266667	-270.043457	100.151718
14863.333333	-270.149200	100.158798
14863.400000	-270.149200	100.158798
14863.466667	-270.229767	100.042900
14863.533333	-269.966919	100.107506
14863.600000	-270.110504	100.078209
14863.666667	-270.146759	100.213333
14863.733333	-269.958099	100.186409
14863.800000	-269.958099	100.186409
14863.866667	-270.178558	100.212753
14863.933333	-270.058746	100.145050
14864.000000	-270.001312	100.173462
14864.066667	-270.088867	100.176682
14864.133333	-270.142365	100.229813
14864.200000	-270.070160	100.115463
14864.266667	-270.070160	100.115463
14864.333333	-270.175598	100.040550
14864.400000	-270.132629	100.259834
14864.466667	-270.195312	100.195732
14864.533333	-269.948914	100.226357
14864.600000	-270.034668	100.118713
14864.666667	-270.034668	100.118713
14864.733333	-270.013428	100.067543
14864.800000	-270.025452	100.195320
14864.866667	-269.944519	100.071823
14864.933333	-270.165741	100.190651
14865.000000	-269.956848	100.112434
14865.066667	-269.956848	100.112434
14865.133333	-269.877228	100.191505
14865.200000	-270.006042	100.158318
14865.266667	-270.018585	100.083702
14865.333333	-269.762451	100.166100
14865.400000	-269.913055	100.070618
14865.466667	-270.060974	100.139839
14865.533333	-269.986938	100.157928
14865.600000	-269.891022	100.061943
14865.666667	-270.075745	100.249908
14865.733333	-269.937775	100.130898
14865.800000	-269.972900	100.227013
14865.866667	-269.980804	100.205360
14865.933333	-270.063263	100.239738
14866.000000	-270.073639	100.159897
14866.066667	-269.959991	100.149895
14866.133333	-270.149414	100.137016
14866.200000	-270.078674	100.248543
14866.266667	-269.974609	100.249908
14866.333333	-269.983643	100.153496
14866.400000	-270.064789	100.259834
14866.466667	-270.096436	100.256660
14866.533333	-270.174469	100.253204
14866.600000	-270.009338	100.148972
14866.666667	-270.021393	100.230888
14866.733333	-269.917542	100.084045
14866.800000	-270.020813	100.100029
14866.866667	-270.032471	100.158318
14866.933333	-269.930603	100.170364
14867.000000	-270.030090	100.168930
14867.066667	-269.995056	100.213333
14867.133333	-269.929138	100.213882
14867.200000	-270.056091	100.179657
14867.266667	-269.956940	100.036163
14867.333333	-269.990143	100.094765
14867.400000	-269.906342	100.164642
14867.466667	-269.998291	100.157394
14867.533333	-270.089447	100.126244
14867.600000	-270.082428	100.100929
14867.666667	-270.005524	100.187851
14867.733333	-270.015656	100.132088
14867.800000	-269.862549	100.135323
14867.866667	-269.911438	100.134117
14867.933333	-269.921875	100.172806
14868.000000	-269.895447	100.234482
14868.066667	-269.951019	100.194191
14868.133333	-270.020203	100.201973
14868.200000	-269.929626	100.150558
14868.266667	-269.812500	100.130569
14868.333333	-270.121490	100.234909
14868.400000	-269.974915	100.175255
14868.466667	-270.002625	100.142258
14868.533333	-269.940033	100.222137
14868.600000	-269.955444	100.230942
14868.666667	-270.067139	100.217636
14868.733333	-270.147858	100.214958
14868.800000	-269.912659	100.128967
14868.866667	-269.853607	100.119759
14868.933333	-270.056641	100.227654
14869.000000	-269.908813	100.116508
14869.066667	-269.801392	100.107285
14869.133333	-269.909241	100.158318
14869.200000	-270.069061	100.185509
14869.266667	-269.868713	100.180275
14869.333333	-269.962982	100.153839
14869.400000	-269.985596	100.121918
14869.466667	-270.067535	100.104195
14869.533333	-269.847565	100.175056
14869.600000	-269.966125	100.180336
14869.666667	-270.020630	100.129562
14869.733333	-270.004517	100.223351
14869.800000	-269.867310	100.158508
14869.866667	-269.820496	100.232697
14869.933333	-269.959778	100.288277
14870.000000	-269.986938	100.128822
14870.066667	-269.861115	100.188980
14870.133333	-270.037018	100.228394
14870.200000	-269.916351	100.227936
14870.266667	-270.000366	100.135536
14870.333333	-270.034973	100.190117
14870.400000	-270.085602	100.205360
14870.466667	-269.860565	100.135872
14870.533333	-270.119965	100.186050
14870.600000	-270.074219	100.266869
14870.666667	-269.968781	100.199501
14870.733333	-269.981842	100.186928
14870.800000	-269.977997	100.216133
14870.866667	-269.824219	100.205544
14870.933333	-270.041229	100.233597
14871.000000	-269.911041	100.094528
14871.066667	-269.937897	100.126358
14871.133333	-269.882080	100.213333
14871.200000	-270.056061	100.235764
14871.266667	-269.903595	100.142555
14871.333333	-270.010834	100.234909
14871.400000	-269.805420	100.010590
14871.466667	-270.050232	100.197571
14871.533333	-269.944550	100.102905
14871.600000	-269.832214	100.079102
14871.666667	-269.998871	100.129562
14871.733333	-269.951080	100.170731
14871.800000	-270.036194	100.220612
14871.866667	-269.937988	100.139229
14871.933333	-269.966675	100.147675
14872.000000	-270.002594	100.254219
14872.066667	-269.995880	100.157928
14872.133333	-269.772034	100.084045
14872.200000	-270.060303	100.139664
14872.266667	-269.784149	100.136543
14872.333333	-269.910187	100.223587
14872.400000	-270.065643	100.236595
14872.466667	-269.864410	100.147881
14872.533333	-269.999451	100.208931
14872.600000	-269.901703	100.171074
14872.666667	-269.973206	100.141960
14872.733333	-270.057312	100.187973
14872.800000	-269.912476	100.250923
14872.866667	-270.143585	100.240135
14872.933333	-269.899078	100.208237
14873.000000	-269.971893	100.124931
14873.066667	-270.059509	100.221634
14873.133333	-269.946655	100.253265
14873.200000	-269.905518	100.141388
14873.266667	-269.912750	100.169762
14873.333333	-269.848694	100.102837
14873.400000	-269.986847	100.159897
14873.466667	-269.885376	100.121979
14873.533333	-270.043457	100.157043
14873.600000	-269.953308	100.125412
14873.666667	-269.996185	100.163795
14873.733333	-269.862335	100.086891
14873.800000	-270.040802	100.147537
14873.866667	-269.885712	100.151321
14873.933333	-270.009705	100.136772
14874.000000	-270.026703	100.169518
14874.066667	-269.937897	100.126358
14874.133333	-269.913055	100.171356
14874.200000	-269.971405	100.213333
14874.266667	-269.892853	100.191818
14874.333333	-269.774506	100.256882
14874.400000	-270.072266	100.192924
14874.466667	-270.085785	100.224350
14874.533333	-270.084198	100.276299
14874.600000	-270.102905	100.156143
14874.666667	-270.068939	100.199181
14874.733333	-269.863800	100.295662
14874.800000	-269.887054	100.140572
14874.866667	-269.877472	100.167229
14874.933333	-269.850342	100.183914
14875.000000	-270.074310	100.178177
14875.066667	-270.011566	100.111099
14875.133333	-270.061951	100.240532
14875.200000	-270.057007	100.143578
14875.266667	-270.030731	100.241554
14875.333333	-269.925476	100.085823
14875.400000	-269.927277	100.185364
14875.466667	-269.932068	100.101936
14875.533333	-270.011932	100.155678
14875.600000	-269.942017	100.177963
14875.666667	-269.916840	100.031387
14875.733333	-269.928925	100.274750
14875.800000	-269.887756	100.165207
14875.866667	-269.923981	100.190117
14875.933333	-270.016113	100.143875
14876.000000	-269.983307	100.135986
14876.066667	-269.992859	100.186928
14876.133333	-269.895844	100.151428
14876.200000	-269.901337	100.178795
14876.266667	-269.942078	100.237259
14876.333333	-269.822449	100.158607
14876.400000	-270.192291	100.210564
14876.466667	-269.984528	100.089149
14876.533333	-269.955353	100.244881
14876.600000	-269.858612	100.173721
14876.666667	-270.095093	100.127266
14876.733333	-270.027496	100.278236
14876.800000	-269.958038	100.207642
14876.866667	-270.067139	100.224091
14876.933333	-270.081268	100.088547
14877.000000	-269.912872	100.179558
14877.066667	-270.044006	100.259254
14877.133333	-270.005188	100.202072
14877.200000	-269.973053	100.277153
14877.266667	-269.967590	100.148956
14877.333333	-270.053101	100.228622
14877.400000	-270.024536	100.209991
14877.466667	-269.946655	100.079872
14877.533333	-269.788208	100.125313
14877.600000	-270.005066	100.124084
14877.666667	-270.017059	100.219933
14877.733333	-269.873199	100.085350
14877.800000	-269.997253	100.156120
14877.866667	-269.864410	100.102448
14877.933333	-269.872986	100.164925
14878.000000	-269.942139	100.190819
14878.066667	-269.914734	100.114380
14878.133333	-269.912872	100.163795
14878.200000	-269.796722	100.083191
14878.266667	-269.939880	100.121010
14878.333333	-269.903870	100.204330
14878.400000	-269.942230	100.217735
14878.466667	-269.898224	100.183365
14878.533333	-269.987854	100.153587
14878.600000	-270.108398	100.180298
14878.666667	-270.090485	100.263680
14878.733333	-269.937836	100.204529
14878.800000	-270.008972	100.087570
14878.866667	-269.988678	100.283600
14878.933333	-270.046814	100.183289
14879.000000	-270.049347	100.301598
14879.066667	-269.957703	100.139748
14879.133333	-270.079376	100.188309
14879.200000	-270.032715	100.191307
14879.266667	-269.972321	100.173210
14879.333333	-270.163086	100.266869
14879.400000	-269.961700	100.153084
14879.466667	-269.929626	100.056923
14879.533333	-270.106750	100.201973
14879.600000	-270.007782	100.196915
14879.666667	-269.957642	100.255142
14879.733333	-270.064423	100.194649
14879.800000	-270.089111	100.212219
14879.866667	-270.059509	100.137535
14879.933333	-270.096649	100.169121
14880.000000	-270.083069	100.171524
