18900.066667	-458.986420	78.954361
18900.133333	-458.693848	79.023903
18900.200000	-459.172577	78.842789
18900.266667	-459.138611	78.898117
18900.333333	-459.225098	78.974136
18900.400000	-459.199921	78.854485
18900.466667	-459.045593	78.760429
18900.533333	-459.228180	78.668175
18900.600000	-459.219116	78.769943
18900.666667	-459.303040	78.711845
18900.733333	-459.457977	78.802216
18900.800000	-459.486450	78.788361
18900.866667	-459.400421	78.806992
18900.933333	-459.580933	78.722237
18901.000000	-459.586731	78.740379
18901.066667	-459.738098	78.671051
18901.133333	-459.737976	78.658363
18901.200000	-459.805145	78.669090
18901.266667	-459.900391	78.757980
18901.333333	-459.853790	78.790138
18901.400000	-459.916260	78.710365
18901.466667	-459.851715	78.750572
18901.533333	-459.983978	78.741127
18901.600000	-460.057495	78.828232
18901.666667	-460.002502	78.914391
18901.733333	-460.366211	78.948967
18901.800000	-460.166595	78.772614
18901.866667	-460.210449	78.815125
18901.933333	-460.279572	78.707901
18902.000000	-460.600708	78.805107
18902.066667	-460.425507	78.845245
18902.133333	-460.660675	78.717415
18902.200000	-460.248871	78.689476
18902.266667	-460.417297	78.686028
18902.333333	-460.303558	78.815125
18902.400000	-460.600494	78.653748
18902.466667	-460.657593	78.706200
18902.533333	-460.628265	78.580704
18902.600000	-460.769623	78.549271
18902.666667	-460.652832	78.614563
18902.733333	-460.718048	78.546730
18902.800000	-460.776733	78.442978
18902.866667	-460.836945	78.509361
18902.933333	-460.899628	78.533730
18903.000000	-460.955841	78.404045
18903.066667	-460.763062	78.398285
18903.133333	-461.271820	78.403419
18903.200000	-461.350647	78.443253
18903.266667	-461.101990	78.436768
18903.333333	-461.360931	78.374702
18903.400000	-461.527863	78.477440
18903.466667	-461.403900	78.594452
18903.533333	-461.231537	78.640068
18903.600000	-461.659119	78.487038
18903.666667	-461.589935	78.496986
18903.733333	-461.597137	78.562607
18903.800000	-461.457947	78.510391
18903.866667	-461.634705	78.551338
18903.933333	-461.796997	78.463036
18904.000000	-461.925995	78.520584
18904.066667	-461.722076	78.545906
18904.133333	-461.918335	78.478142
18904.200000	-461.898590	78.574173
18904.266667	-461.998383	78.455032
18904.333333	-462.079803	78.604782
18904.400000	-462.171906	78.384796
18904.466667	-462.000305	78.480080
18904.533333	-462.141479	78.575706
18904.600000	-462.384918	78.368362
18904.666667	-462.258484	78.363274
18904.733333	-462.333527	78.484589
18904.800000	-462.266296	78.345772
18904.866667	-462.546783	78.273758
18904.933333	-462.340759	78.286850
18905.000000	-462.605133	78.227829
18905.066667	-462.391388	78.201630
18905.133333	-462.518433	78.382439
18905.200000	-462.827667	78.187431
18905.266667	-462.690948	78.205276
18905.333333	-462.537964	78.222260
18905.400000	-462.723358	78.211395
18905.466667	-462.815002	78.291222
18905.533333	-462.886017	78.282234
18905.600000	-462.857422	78.220940
18905.666667	-462.942627	78.272591
18905.733333	-463.048157	78.319832
18905.800000	-463.118378	78.375954
18905.866667	-463.037628	78.342491
18905.933333	-463.042755	78.331001
18906.000000	-463.049713	78.313469
18906.066667	-463.372406	78.408134
18906.133333	-463.270752	78.355988
18906.200000	-463.336395	78.338448
18906.266667	-463.602509	78.372498
18906.333333	-463.344299	78.373131
18906.400000	-463.664520	78.339211
18906.466667	-463.592194	78.353088
18906.533333	-463.575226	78.346291
18906.600000	-463.727936	78.347137
18906.666667	-463.837250	78.330177
18906.733333	-463.687073	78.307365
18906.800000	-463.721619	78.080490
18906.866667	-463.872681	78.202690
18906.933333	-463.840546	78.197762
18907.000000	-463.969971	78.111534
18907.066667	-463.902863	78.122147
18907.133333	-464.049988	78.014610
18907.200000	-464.117065	78.075600
18907.266667	-463.979492	77.996361
18907.333333	-464.063232	77.941551
18907.400000	-464.232971	78.081696
18907.466667	-464.224945	78.088943
18907.533333	-464.307556	78.080399
18907.600000	-464.236847	78.104019
18907.666667	-464.444550	78.144325
18907.733333	-464.479858	78.042244
18907.800000	-464.333588	78.020706
18907.866667	-464.678131	78.059578
18907.933333	-464.619171	78.082024
18908.000000	-464.663025	78.029510
18908.066667	-464.546234	78.174324
18908.133333	-464.617554	78.156067
18908.200000	-464.924377	78.108231
18908.266667	-465.135773	78.144112
18908.333333	-464.917145	78.065659
18908.400000	-464.866333	78.253380
18908.466667	-465.243866	78.075058
18908.533333	-464.912994	78.099213
18908.600000	-465.231598	78.063904
18908.666667	-465.181213	78.025635
18908.733333	-465.296173	78.029968
18908.800000	-465.167023	78.062752
18908.866667	-465.258301	77.990448
18908.933333	-465.324097	78.033356
18909.000000	-465.336884	77.964615
18909.066667	-465.365143	77.950378
18909.133333	-465.304840	78.003716
18909.200000	-465.464722	77.803101
18909.266667	-465.560883	77.920502
18909.333333	-465.258148	77.837433
18909.400000	-465.607147	77.942955
18909.466667	-465.687012	77.853333
18909.533333	-465.416565	77.914825
18909.600000	-465.713806	77.858795
18909.666667	-465.760803	77.788940
18909.733333	-465.903381	77.952507
18909.800000	-465.736084	77.906006
18909.866667	-465.824097	77.908356
18909.933333	-465.888397	77.834488
18910.000000	-466.026123	77.822479
18910.066667	-466.007263	77.944519
18910.133333	-466.013763	77.931496
18910.200000	-466.078674	77.874992
18910.266667	-466.113037	78.040527
18910.333333	-466.461609	77.871666
18910.400000	-466.215973	78.007385
18910.466667	-466.444580	77.890892
18910.533333	-466.231812	77.837112
18910.600000	-466.464233	77.938782
18910.666667	-466.449219	77.899551
18910.733333	-466.454498	77.838013
18910.800000	-466.606903	77.864891
18910.866667	-466.838013	77.891693
18910.933333	-466.693970	77.873360
18911.000000	-466.826569	77.777100
18911.066667	-466.942963	77.828438
18911.133333	-466.823090	77.686378
18911.200000	-467.003815	77.685509
18911.266667	-466.844421	77.613220
18911.333333	-466.852875	77.635025
18911.400000	-466.984467	77.575150
18911.466667	-467.087585	77.500519
18911.533333	-467.155762	77.569809
18911.600000	-467.155762	77.569809
18911.666667	-467.274933	77.499451
18911.733333	-467.260681	77.707336
18911.800000	-467.216980	77.705528
18911.866667	-467.340576	77.643387
18911.933333	-467.429199	77.594154
18912.000000	-467.429199	77.594154
18912.066667	-467.458893	77.721008
18912.133333	-467.698090	77.861221
18912.200000	-467.540955	77.655037
18912.266667	-467.616119	77.659378
18912.333333	-467.697601	77.705429
18912.400000	-467.697601	77.705429
18912.466667	-467.790771	77.736221
18912.533333	-467.835297	77.754341
18912.600000	-467.904694	77.736221
18912.666667	-467.807892	77.716637
18912.733333	-468.002197	77.522697
18912.800000	-467.808319	77.738167
18912.866667	-467.808319	77.738167
18912.933333	-468.046356	77.659576
18913.000000	-468.495758	77.580826
18913.066667	-468.121552	77.584412
18913.133333	-468.473694	77.551796
18913.200000	-468.333252	77.537643
18913.266667	-468.333252	77.537643
18913.333333	-468.409607	77.331551
18913.400000	-468.360626	77.427834
18913.466667	-468.506531	77.434792
18913.533333	-468.570618	77.512398
18913.600000	-468.480743	77.427032
18913.666667	-468.480743	77.427032
18913.733333	-468.736359	77.426300
18913.800000	-468.561096	77.381546
18913.866667	-468.560944	77.512543
18913.933333	-468.825806	77.422539
18914.000000	-468.656738	77.403786
18914.066667	-468.656738	77.403786
18914.133333	-468.770416	77.469345
18914.200000	-468.897888	77.481102
18914.266667	-469.114594	77.442886
18914.333333	-469.014435	77.536377
18914.400000	-469.030060	77.401176
18914.466667	-469.139587	77.525169
18914.533333	-469.139587	77.525169
18914.600000	-469.257355	77.413628
18914.666667	-469.285187	77.545647
18914.733333	-469.361328	77.490814
18914.800000	-469.580841	77.417870
18914.866667	-469.312256	77.491592
18914.933333	-469.312256	77.491592
18915.000000	-469.326904	77.406281
18915.066667	-469.681702	77.485619
18915.133333	-469.358734	77.390068
18915.200000	-469.520050	77.287109
18915.266667	-469.567963	77.232124
18915.333333	-469.567963	77.232124
18915.400000	-469.837189	77.360359
18915.466667	-469.685852	77.217522
18915.533333	-469.678284	77.195381
18915.600000	-469.750977	77.299934
18915.666667	-469.849976	77.216324
18915.733333	-469.789276	77.183823
18915.800000	-469.789276	77.183823
18915.866667	-469.827271	77.231010
18915.933333	-470.170380	77.282974
18916.000000	-469.992676	77.212509
18916.066667	-470.072693	77.245644
18916.133333	-469.996857	77.310860
18916.200000	-469.996857	77.310860
18916.266667	-470.382111	77.315811
18916.333333	-470.380707	77.184631
18916.400000	-470.390411	77.206131
18916.466667	-470.377808	77.240410
18916.533333	-470.536285	77.302361
18916.600000	-470.536285	77.302361
18916.666667	-470.754150	77.152969
18916.733333	-470.659027	77.338951
18916.800000	-470.752319	77.221245
18916.866667	-470.628784	77.244781
18916.933333	-470.688599	77.120293
18917.000000	-470.963074	77.221924
18917.066667	-470.963074	77.221924
18917.133333	-470.739868	77.210602
18917.200000	-470.887360	77.100449
18917.266667	-470.843597	77.003937
18917.333333	-471.094482	77.098991
18917.400000	-470.809479	77.202591
18917.466667	-470.809479	77.202591
18917.533333	-470.881653	77.176025
18917.600000	-471.119293	77.015030
18917.666667	-471.224091	77.037361
18917.733333	-471.172302	77.036484
18917.800000	-471.065399	76.998192
18917.866667	-471.065399	76.998192
18917.933333	-471.513702	77.006081
18918.000000	-471.459015	77.084984
18918.066667	-471.280731	77.056282
18918.133333	-471.428711	77.104561
18918.200000	-471.533600	77.081886
18918.266667	-471.533600	77.081886
18918.333333	-471.637543	76.949486
18918.400000	-471.585297	77.055588
18918.466667	-471.607117	77.075974
18918.533333	-471.949280	76.927444
18918.600000	-471.826447	77.020439
18918.666667	-471.700043	77.033875
18918.733333	-471.905670	77.049835
18918.800000	-471.738464	77.043480
18918.866667	-471.999634	77.213982
18918.933333	-471.755341	77.045799
18919.000000	-472.201477	77.098541
18919.066667	-472.132294	77.014191
18919.133333	-472.041931	77.004509
18919.200000	-472.320831	76.987267
18919.266667	-472.228271	76.936386
18919.333333	-472.189606	76.905342
18919.400000	-472.335754	77.040344
18919.466667	-472.346191	76.917946
18919.533333	-472.328552	76.788055
18919.600000	-472.306610	76.935776
18919.666667	-472.279999	76.982910
18919.733333	-472.366119	76.790611
18919.800000	-472.478333	76.806915
18919.866667	-472.649475	76.653236
18919.933333	-472.592529	76.808922
18920.000000	-472.661896	76.706108
18920.066667	-472.829437	76.720490
18920.133333	-472.883759	76.845490
18920.200000	-472.897980	76.666885
18920.266667	-472.977173	76.809814
18920.333333	-472.950317	76.827324
18920.400000	-472.926849	76.849098
18920.466667	-472.948242	76.787865
18920.533333	-473.110229	76.939957
18920.600000	-473.159607	76.886635
18920.666667	-473.119751	76.786018
18920.733333	-473.314240	76.808052
18920.800000	-473.303040	76.750580
18920.866667	-473.249878	76.956093
18920.933333	-473.327240	76.964699
18921.000000	-473.607971	76.892982
18921.066667	-473.354858	76.777809
18921.133333	-473.626617	76.829346
18921.200000	-473.535065	76.716675
18921.266667	-473.678375	76.776115
18921.333333	-473.731628	76.768723
18921.400000	-473.752686	76.643219
18921.466667	-473.717407	76.769608
18921.533333	-473.869354	76.667694
18921.600000	-473.921509	76.806969
18921.666667	-473.819611	76.803146
18921.733333	-473.786194	76.675690
18921.800000	-473.826721	76.756706
18921.866667	-473.907410	76.636574
18921.933333	-474.167938	76.714554
18922.000000	-473.932220	76.619896
18922.066667	-474.128784	76.486374
18922.133333	-474.161072	76.604431
18922.200000	-474.256134	76.606216
18922.266667	-474.066345	76.606155
18922.333333	-474.234894	76.528763
18922.400000	-474.344757	76.566826
18922.466667	-474.564758	76.601768
18922.533333	-474.397278	76.622627
18922.600000	-474.484894	76.612366
18922.666667	-474.548645	76.613640
18922.733333	-474.647766	76.581078
18922.800000	-474.584778	76.590523
18922.866667	-474.744690	76.646889
18922.933333	-474.830811	76.702919
18923.000000	-474.668335	76.605537
18923.066667	-474.760010	76.742599
18923.133333	-474.646484	76.549431
18923.200000	-474.820984	76.610023
18923.266667	-474.817719	76.529434
18923.333333	-474.830750	76.688507
18923.400000	-474.982849	76.519005
18923.466667	-475.109222	76.484543
18923.533333	-475.020874	76.666245
18923.600000	-475.103882	76.574326
18923.666667	-475.149994	76.607529
18923.733333	-475.265503	76.453964
18923.800000	-475.201416	76.586517
18923.866667	-475.245117	76.433578
18923.933333	-475.406555	76.444145
18924.000000	-475.172119	76.354225
18924.066667	-475.293427	76.509270
18924.133333	-475.318695	76.431129
18924.200000	-475.332001	76.399277
18924.266667	-475.375122	76.404747
18924.333333	-475.389740	76.436012
18924.400000	-475.592072	76.310707
18924.466667	-475.563751	76.459595
18924.533333	-475.572052	76.426788
18924.600000	-475.633057	76.556931
18924.666667	-475.646393	76.321678
18924.733333	-475.764740	76.408348
18924.800000	-475.800049	76.392227
18924.866667	-475.989136	76.451950
18924.933333	-475.919006	76.451271
18925.000000	-476.095367	76.359383
18925.066667	-476.118225	76.387337
18925.133333	-476.104950	76.616211
18925.200000	-476.115997	76.504692
18925.266667	-476.094147	76.445389
18925.333333	-476.189453	76.467964
18925.400000	-476.149384	76.424561
18925.466667	-476.451904	76.369896
18925.533333	-476.365753	76.343880
18925.600000	-476.242004	76.393715
18925.666667	-476.566681	76.433578
18925.733333	-476.297699	76.348068
18925.800000	-476.282043	76.213066
18925.866667	-476.505524	76.357269
18925.933333	-476.637054	76.395416
18926.000000	-476.327148	76.290649
18926.066667	-476.652191	76.158264
18926.133333	-476.481110	76.440742
18926.200000	-476.532471	76.152802
18926.266667	-476.727936	76.317215
18926.333333	-476.502777	76.248245
18926.400000	-476.830109	76.187035
18926.466667	-476.946411	76.147881
18926.533333	-476.854218	76.257874
18926.600000	-477.041870	76.107559
18926.666667	-476.872040	76.281281
18926.733333	-476.970490	76.166397
18926.800000	-477.035889	76.133698
18926.866667	-477.115509	76.271866
18926.933333	-477.249664	76.217308
18927.000000	-477.057648	76.221611
18927.066667	-477.151031	76.281418
18927.133333	-477.161987	76.356148
18927.200000	-477.214966	76.247940
18927.266667	-477.206360	76.294434
18927.333333	-477.317505	76.321472
18927.400000	-477.576416	76.218323
18927.466667	-477.664032	76.192368
18927.533333	-477.648987	76.190491
18927.600000	-477.565033	76.167473
18927.666667	-477.489471	76.231392
18927.733333	-477.584656	76.165276
18927.800000	-477.556427	76.207199
18927.866667	-477.317017	76.100090
18927.933333	-477.779938	76.162666
18928.000000	-477.706146	76.181496
18928.066667	-477.740112	76.118683
18928.133333	-477.795349	76.093475
18928.200000	-477.666168	75.872787
18928.266667	-477.818573	76.115059
18928.333333	-477.929108	76.008087
18928.400000	-478.228088	76.039490
18928.466667	-477.894226	76.004601
18928.533333	-477.996887	75.953766
18928.600000	-478.287109	75.994301
18928.666667	-478.302460	75.987152
18928.733333	-478.141479	75.904037
18928.800000	-478.279602	76.251877
18928.866667	-478.239471	76.053955
18928.933333	-478.323029	76.011421
18929.000000	-478.390381	76.024895
18929.066667	-478.556549	75.991600
18929.133333	-478.388489	76.105614
18929.200000	-478.579193	76.031418
18929.266667	-478.320160	76.051552
18929.333333	-478.563934	75.982109
18929.400000	-478.611328	75.973885
18929.466667	-478.952332	75.950584
18929.533333	-478.797821	76.017448
18929.600000	-478.686249	76.119743
18929.666667	-478.849182	75.973282
18929.733333	-478.869263	76.064079
18929.800000	-478.847107	76.067314
18929.866667	-478.769226	76.109795
18929.933333	-479.037445	75.957130
18930.000000	-478.813019	76.094635
18930.066667	-478.642303	76.033455
18930.133333	-479.113342	75.906700
18930.200000	-478.969360	75.857872
18930.266667	-478.901459	75.971146
18930.333333	-479.263885	75.886185
18930.400000	-479.152649	75.766441
18930.466667	-479.304260	75.899727
18930.533333	-479.219910	75.933563
18930.600000	-479.331757	75.802223
18930.666667	-479.251495	75.885963
18930.733333	-479.358276	75.865837
18930.800000	-479.424286	75.799255
18930.866667	-479.442841	75.754051
18930.933333	-479.419495	75.750916
18931.000000	-479.495758	75.812691
18931.066667	-479.352509	75.794884
18931.133333	-479.608765	75.852150
18931.200000	-479.745605	75.737206
18931.266667	-479.929016	75.825890
18931.333333	-479.842896	75.926392
18931.400000	-479.879242	75.903534
18931.466667	-479.910889	75.941948
18931.533333	-480.069580	75.938057
18931.600000	-480.036224	75.764709
18931.666667	-480.013245	75.926132
18931.733333	-480.050873	75.825768
18931.800000	-480.069336	75.883209
18931.866667	-480.146576	75.855553
18931.933333	-480.067352	75.794533
18932.000000	-480.266388	75.842445
18932.066667	-480.407990	75.742661
18932.133333	-480.306549	75.777061
18932.200000	-480.100189	75.792931
18932.266667	-480.277832	75.803795
18932.333333	-480.289215	75.667877
18932.400000	-480.487732	75.710785
18932.466667	-480.330109	75.545685
18932.533333	-480.418640	75.591438
18932.600000	-480.459198	75.619919
18932.666667	-480.693237	75.559845
18932.733333	-480.487457	75.579941
18932.800000	-480.765808	75.615303
18932.866667	-480.714813	75.529602
18932.933333	-480.657898	75.538223
18933.000000	-480.878754	75.505798
18933.066667	-480.863495	75.742912
18933.133333	-480.840027	75.629601
18933.200000	-480.979828	75.604630
18933.266667	-480.917480	75.658646
18933.333333	-480.957703	75.725464
18933.400000	-481.145721	75.678009
18933.466667	-481.175232	75.648506
18933.533333	-481.037018	75.614220
18933.600000	-481.060211	75.729408
18933.666667	-481.457489	75.722069
18933.733333	-481.373199	75.672295
18933.800000	-481.521484	75.566498
18933.866667	-481.217651	75.637001
18933.933333	-481.403839	75.590126
18934.000000	-481.399292	75.514084
18934.066667	-481.498535	75.526581
18934.133333	-481.591370	75.703156
18934.200000	-481.641571	75.463776
18934.266667	-481.551819	75.444260
18934.333333	-481.689362	75.443649
18934.400000	-481.669495	75.502159
18934.466667	-481.733521	75.376633
18934.533333	-481.722595	75.392784
18934.600000	-481.671661	75.418945
18934.666667	-481.772339	75.401649
18934.733333	-481.729095	75.456886
18934.800000	-481.668243	75.444885
18934.866667	-481.921295	75.377373
18934.933333	-482.074707	75.377373
18935.000000	-481.951569	75.308289
18935.066667	-481.978424	75.346733
18935.133333	-481.971558	75.455406
18935.200000	-482.227386	75.391685
18935.266667	-482.280365	75.460114
18935.333333	-482.253845	75.427963
18935.400000	-482.329468	75.386200
18935.466667	-482.269623	75.345146
18935.533333	-482.283661	75.406525
18935.600000	-482.492035	75.390305
18935.666667	-482.485504	75.446365
18935.733333	-482.410126	75.577446
18935.800000	-482.735107	75.421509
18935.866667	-482.614319	75.444260
18935.933333	-482.711243	75.331360
18936.000000	-482.833618	75.376183
18936.066667	-482.726898	75.412437
18936.133333	-482.877747	75.337715
18936.200000	-482.853790	75.365013
18936.266667	-482.485626	75.405220
18936.333333	-482.796783	75.503128
18936.400000	-483.021820	75.197113
18936.466667	-482.938568	75.362328
18936.533333	-483.082428	75.150139
18936.600000	-483.229462	75.168068
18936.666667	-482.851257	75.337715
18936.733333	-483.029266	75.280579
18936.800000	-483.236145	75.174171
18936.866667	-483.118774	75.182945
18936.933333	-483.321320	75.221863
18937.000000	-483.154144	75.238098
18937.066667	-483.315826	75.242393
18937.133333	-483.489471	75.268044
18937.200000	-483.501373	75.369507
18937.266667	-483.308350	75.132210
18937.333333	-483.517029	75.259468
18937.400000	-483.703674	75.223022
18937.466667	-483.536377	75.294083
18937.533333	-483.928741	75.031525
18937.600000	-483.855499	75.288757
18937.666667	-483.687134	75.346039
18937.733333	-483.860596	75.261307
18937.800000	-484.062805	75.418823
18937.866667	-484.177185	75.435402
18937.933333	-483.923584	75.314018
18938.000000	-483.970825	75.374908
18938.066667	-484.226776	75.162735
18938.133333	-483.949890	75.334328
18938.200000	-484.152710	75.250298
18938.266667	-484.066589	75.286774
18938.333333	-484.115356	75.171005
18938.400000	-484.212280	75.260284
18938.466667	-484.345825	75.143242
18938.533333	-484.499115	75.220299
18938.600000	-484.422119	75.034760
18938.666667	-484.349792	75.125137
18938.733333	-484.413696	75.125862
18938.800000	-484.475708	75.057655
18938.866667	-484.739960	74.936913
18938.933333	-484.570099	75.071838
18939.000000	-484.615601	74.900764
18939.066667	-484.680664	74.842705
18939.133333	-484.620331	74.982826
18939.200000	-484.880432	74.943802
18939.266667	-484.932190	74.940544
18939.333333	-484.908142	74.942146
18939.400000	-484.823517	74.988892
18939.466667	-485.128113	74.942146
18939.533333	-484.896973	75.017456
18939.600000	-485.433228	75.001732
18939.666667	-485.219727	74.961510
18939.733333	-485.477936	74.960411
18939.800000	-485.351318	75.076210
18939.866667	-485.398193	75.147186
18939.933333	-485.487335	75.045547
18940.000000	-485.500702	75.094025
18940.066667	-485.469696	74.979225
18940.133333	-485.488953	75.179878
18940.200000	-485.312714	75.139351
18940.266667	-485.567566	75.067657
18940.333333	-485.620209	75.005379
18940.400000	-485.817657	74.986313
18940.466667	-485.515930	74.958435
18940.533333	-485.795105	74.962181
18940.600000	-485.931793	74.869530
18940.666667	-485.890045	74.943802
18940.733333	-485.798340	74.935104
18940.800000	-485.874634	74.861305
18940.866667	-485.965393	74.738480
18940.933333	-485.978638	74.915977
18941.000000	-486.012756	74.865303
18941.066667	-486.109406	74.741760
18941.133333	-486.151245	74.677429
18941.200000	-486.386017	74.658249
18941.266667	-486.313385	74.707924
18941.333333	-486.309906	74.820221
18941.400000	-486.548492	74.602348
18941.466667	-486.368713	74.621742
18941.533333	-486.597229	74.663292
18941.600000	-486.698456	74.801796
18941.666667	-486.591858	74.784027
18941.733333	-486.562714	74.861603
18941.800000	-486.696777	74.846138
18941.866667	-486.823456	74.865356
18941.933333	-486.850922	74.751984
18942.000000	-486.876862	74.828629
18942.066667	-486.905609	74.756088
18942.133333	-486.711548	74.852493
18942.200000	-487.163025	74.670357
18942.266667	-486.768921	74.919556
18942.333333	-487.030243	74.817207
18942.400000	-487.085571	74.858109
18942.466667	-487.236389	74.692276
18942.533333	-487.470886	74.732361
18942.600000	-487.148621	74.832031
18942.666667	-487.168427	74.769432
18942.733333	-487.443268	74.748497
18942.800000	-487.446991	74.638817
18942.866667	-487.689392	74.702019
18942.933333	-487.569000	74.663879
18943.000000	-487.707550	74.609924
18943.066667	-487.633606	74.608047
18943.133333	-487.848450	74.561523
18943.200000	-487.759460	74.484428
18943.266667	-487.742432	74.483711
18943.333333	-487.984314	74.567757
18943.400000	-487.872284	74.516838
18943.466667	-487.893433	74.650650
18943.533333	-487.880859	74.532959
18943.600000	-488.088745	74.561760
18943.666667	-488.202179	74.428879
18943.733333	-488.256958	74.524269
18943.800000	-488.277679	74.596474
18943.866667	-488.388947	74.543823
18943.933333	-488.471771	74.573700
18944.000000	-488.393311	74.506882
18944.066667	-488.628784	74.574753
18944.133333	-488.533264	74.389885
18944.200000	-488.570892	74.524078
18944.266667	-488.590729	74.572449
18944.333333	-488.534058	74.551323
18944.400000	-488.593597	74.585968
18944.466667	-488.503479	74.592155
18944.533333	-488.847412	74.632309
18944.600000	-488.643097	74.501427
18944.666667	-488.943573	74.611603
18944.733333	-488.904388	74.457222
18944.800000	-488.909821	74.461609
18944.866667	-488.997772	74.452324
18944.933333	-488.913513	74.568199
18945.000000	-489.109283	74.306358
18945.066667	-489.084869	74.505981
18945.133333	-489.070740	74.278793
18945.200000	-489.030457	74.278938
18945.266667	-489.309418	74.388863
18945.333333	-489.477203	74.229851
18945.400000	-489.216278	74.471855
18945.466667	-489.359467	74.258377
18945.533333	-489.506866	74.309784
18945.600000	-489.475403	74.392319
18945.666667	-489.576233	74.322472
18945.733333	-489.683838	74.215111
18945.800000	-489.701660	74.331970
18945.866667	-489.776123	74.301308
18945.933333	-489.610260	74.419983
18946.000000	-489.655212	74.438660
18946.066667	-489.975708	74.218704
18946.133333	-489.825653	74.151932
18946.200000	-490.025085	74.465195
18946.266667	-489.948273	74.302116
18946.333333	-490.105591	74.473404
18946.400000	-490.094055	74.248650
18946.466667	-490.211578	74.239273
18946.533333	-490.080261	74.350342
18946.600000	-490.342926	74.381584
18946.666667	-490.296753	74.338791
18946.733333	-490.454010	74.267830
18946.800000	-490.454010	74.267830
18946.866667	-490.469086	74.276871
18946.933333	-490.614227	74.283737
18947.000000	-490.473358	74.246445
18947.066667	-490.536804	74.159546
18947.133333	-490.849640	74.149651
18947.200000	-490.849640	74.149651
18947.266667	-490.809723	74.176773
18947.333333	-490.915710	74.114449
18947.400000	-490.835541	74.062653
18947.466667	-490.764191	74.024864
18947.533333	-491.130798	73.980637
18947.600000	-491.130798	73.980637
18947.666667	-490.950195	74.010628
18947.733333	-490.995178	74.016151
18947.800000	-491.100098	73.951675
18947.866667	-491.108093	74.167549
18947.933333	-491.103943	74.024864
18948.000000	-491.598511	73.910408
18948.066667	-491.598511	73.910408
18948.133333	-491.110443	74.084084
18948.200000	-491.620911	74.224930
18948.266667	-491.730560	73.999969
18948.333333	-491.643250	74.165894
18948.400000	-491.554626	74.024246
18948.466667	-491.554626	74.024246
18948.533333	-491.841644	74.127487
18948.600000	-491.670807	74.186913
18948.666667	-492.106934	74.035866
18948.733333	-491.910217	73.973900
18948.800000	-492.167633	74.100655
18948.866667	-492.167633	74.100655
18948.933333	-491.986694	74.081482
18949.000000	-492.084259	73.973900
18949.066667	-491.883545	74.080215
18949.133333	-492.206757	73.782135
18949.200000	-492.421112	73.987984
18949.266667	-492.421112	73.987984
18949.333333	-492.524902	73.955460
18949.400000	-492.380463	73.852272
18949.466667	-492.368744	73.699707
18949.533333	-492.603882	73.837204
18949.600000	-492.574982	73.678329
18949.666667	-492.701202	73.723701
18949.733333	-492.701202	73.723701
18949.800000	-492.785614	73.776855
18949.866667	-492.576447	73.754822
18949.933333	-492.569855	73.696213
18950.000000	-493.132538	73.838715
18950.066667	-493.169281	73.728943
18950.133333	-493.169281	73.728943
18950.200000	-493.172913	73.858391
18950.266667	-493.213470	73.703209
18950.333333	-493.102386	73.852394
18950.400000	-493.374054	73.843483
18950.466667	-493.391724	73.855865
18950.533333	-493.391724	73.855865
18950.600000	-493.344452	73.685257
18950.666667	-493.655273	73.893372
18950.733333	-493.413788	73.861092
18950.800000	-493.500031	73.819702
18950.866667	-493.616821	73.714447
18950.933333	-493.895966	73.742279
18951.000000	-493.895966	73.742279
18951.066667	-493.772552	73.758736
18951.133333	-493.788574	73.667969
18951.200000	-493.784790	73.683426
18951.266667	-493.879303	73.813766
18951.333333	-493.948578	73.626534
18951.400000	-493.948578	73.626534
18951.466667	-494.093597	73.505066
18951.533333	-493.928070	73.649979
18951.600000	-494.138824	73.440918
18951.666667	-494.279449	73.567619
18951.733333	-494.094452	73.603439
18951.800000	-494.094452	73.603439
18951.866667	-494.066620	73.529228
18951.933333	-494.340790	73.606163
18952.000000	-494.546234	73.527588
18952.066667	-494.630829	73.425514
18952.133333	-494.652496	73.550064
18952.200000	-494.652496	73.550064
18952.266667	-494.660583	73.464882
18952.333333	-494.887848	73.608116
18952.400000	-494.835266	73.551071
18952.466667	-494.992065	73.525070
18952.533333	-495.135284	73.611702
18952.600000	-494.840027	73.604698
18952.666667	-494.840027	73.604698
18952.733333	-494.903503	73.535225
18952.800000	-495.004425	73.428940
18952.866667	-495.209229	73.478012
18952.933333	-495.204468	73.429382
18953.000000	-495.268372	73.538193
18953.066667	-495.268372	73.538193
18953.133333	-495.350739	73.425774
18953.200000	-495.602203	73.413635
18953.266667	-495.606415	73.360313
18953.333333	-495.424103	73.328407
18953.400000	-495.489777	73.275169
18953.466667	-495.489777	73.275169
18953.533333	-495.614502	73.398094
18953.600000	-495.653564	73.365723
18953.666667	-495.715759	73.345451
18953.733333	-496.027435	73.307472
18953.800000	-495.907318	73.287827
18953.866667	-496.074341	73.130531
18953.933333	-496.074341	73.130531
18954.000000	-495.899750	73.203705
18954.066667	-496.247498	73.141785
18954.133333	-496.202545	73.146492
18954.200000	-496.236420	73.123444
18954.266667	-496.296692	73.265076
18954.333333	-496.386810	73.297104
18954.400000	-496.440826	73.230919
18954.466667	-496.441437	73.311028
18954.533333	-496.610138	73.398186
18954.600000	-496.505066	73.141388
18954.666667	-496.841248	73.373589
18954.733333	-496.841248	73.373589
18954.800000	-497.047058	73.335785
18954.866667	-496.994843	73.270103
18954.933333	-496.896179	73.216911
18955.000000	-497.081177	73.440056
18955.066667	-497.195465	73.241554
18955.133333	-497.143341	73.214798
18955.200000	-497.181366	73.283806
18955.266667	-497.419617	73.217232
18955.333333	-497.620850	73.130959
18955.400000	-497.373505	73.128166
18955.466667	-497.381226	73.129524
18955.533333	-497.073151	73.116310
18955.600000	-497.422363	73.075699
18955.666667	-497.704407	72.956291
18955.733333	-497.586182	73.078537
18955.800000	-497.673889	72.909813
18955.866667	-497.809570	72.991684
18955.933333	-497.770020	72.922661
18956.000000	-497.861694	72.839394
18956.066667	-497.941711	73.045074
18956.133333	-498.100983	72.962624
18956.200000	-498.138885	73.003815
18956.266667	-498.065125	72.780029
18956.333333	-498.012878	72.925148
18956.400000	-498.004944	72.939850
18956.466667	-498.257019	72.909706
18956.533333	-498.280273	72.991310
18956.600000	-498.528351	72.982872
18956.666667	-498.393097	72.948082
18956.733333	-498.626160	72.967651
18956.800000	-498.680908	72.951431
18956.866667	-498.853210	72.983139
18956.933333	-498.609741	73.098450
18957.000000	-498.775146	73.037933
18957.066667	-498.815491	73.040237
18957.133333	-499.057556	73.033897
18957.200000	-498.868927	73.001999
18957.266667	-498.859863	72.965309
18957.333333	-499.143158	73.059555
18957.400000	-499.408447	72.853874
18957.466667	-499.258118	72.867332
18957.533333	-499.439270	72.741249
18957.600000	-499.324890	72.952454
18957.666667	-499.436951	72.721519
18957.733333	-499.368530	72.707733
18957.800000	-499.653748	72.779732
18957.866667	-499.501984	72.645470
18957.933333	-499.726959	72.706383
18958.000000	-499.761688	72.753738
18958.066667	-499.599548	72.553810
18958.133333	-499.642212	72.543343
18958.200000	-499.874603	72.662804
18958.266667	-499.784851	72.641457
18958.333333	-500.072601	72.531219
18958.400000	-499.982422	72.685463
18958.466667	-500.092957	72.643936
18958.533333	-500.047424	72.545479
18958.600000	-500.160492	72.636566
18958.666667	-500.193481	72.744499
18958.733333	-500.068787	72.732964
18958.800000	-500.312897	72.641884
18958.866667	-500.395935	72.706383
18958.933333	-500.436462	72.536819
18959.000000	-500.630493	72.624107
18959.066667	-500.680328	72.689301
18959.133333	-500.620575	72.639107
18959.200000	-500.917023	72.675087
18959.266667	-500.954346	72.688072
18959.333333	-500.634308	72.650955
18959.400000	-500.946594	72.564133
18959.466667	-500.807037	72.602936
18959.533333	-500.827850	72.730858
18959.600000	-501.201843	72.608772
18959.666667	-501.066681	72.448914
18959.733333	-501.149292	72.318115
18959.800000	-501.293945	72.477707
18959.866667	-501.284058	72.475861
18959.933333	-501.397491	72.469086
18960.000000	-501.540131	72.225731
