21060.066667	-463.783508	78.395233
21060.133333	-463.644958	78.234177
21060.200000	-463.667755	78.393654
21060.266667	-463.694916	78.386452
21060.333333	-463.489594	78.429863
21060.400000	-463.226929	78.498581
21060.466667	-463.599396	78.283539
21060.533333	-463.357269	78.315041
21060.600000	-463.068085	78.434502
21060.666667	-463.274689	78.488686
21060.733333	-463.163757	78.484383
21060.800000	-462.948883	78.453400
21060.866667	-463.018372	78.524651
21060.933333	-462.859741	78.417267
21061.000000	-462.713013	78.587959
21061.066667	-462.627350	78.474304
21061.133333	-462.681152	78.682442
21061.200000	-462.425720	78.597519
21061.266667	-462.481659	78.614098
21061.333333	-462.341309	78.603706
21061.400000	-462.157562	78.592789
21061.466667	-462.174225	78.757027
21061.533333	-462.376312	78.571274
21061.600000	-462.333160	78.636368
21061.666667	-461.825684	78.679779
21061.733333	-462.111603	78.640648
21061.800000	-461.708862	78.713860
21061.866667	-461.674286	78.693619
21061.933333	-461.548462	78.787460
21062.000000	-461.504944	78.719238
21062.066667	-461.542908	78.877090
21062.133333	-461.289093	78.569603
21062.200000	-461.194336	78.765327
21062.266667	-461.316498	78.718300
21062.333333	-461.098541	78.716599
21062.400000	-461.087219	78.845894
21062.466667	-461.081757	78.933464
21062.533333	-460.797272	78.883163
21062.600000	-460.791718	78.807053
21062.666667	-460.634369	78.681992
21062.733333	-460.588135	78.914474
21062.800000	-460.540253	78.840553
21062.866667	-460.585419	78.905235
21062.933333	-460.628754	78.855316
21063.000000	-460.435669	78.867607
21063.066667	-460.440369	78.770706
21063.133333	-460.340942	78.896660
21063.200000	-459.994781	78.900612
21063.266667	-460.086670	79.101723
21063.333333	-460.000763	78.945396
21063.400000	-459.922028	79.012611
21063.466667	-459.638000	79.031555
21063.533333	-459.817383	78.984055
21063.600000	-459.581482	78.952972
21063.666667	-459.627777	79.079910
21063.733333	-459.382751	79.127335
21063.800000	-459.561554	78.970428
21063.866667	-459.711121	78.993431
21063.933333	-459.474609	78.869484
21064.000000	-459.221405	78.955612
21064.066667	-459.139954	78.991638
21064.133333	-459.054993	79.067787
21064.200000	-459.049561	78.854607
21064.266667	-458.842010	79.090309
21064.333333	-458.754364	79.068871
21064.400000	-458.724182	79.026543
21064.466667	-458.579529	79.042618
21064.533333	-458.666656	79.131248
21064.600000	-458.417664	79.082047
21064.666667	-458.324219	79.186996
21064.733333	-458.297516	79.166702
21064.800000	-458.324219	79.115021
21064.866667	-458.284668	79.202423
21064.933333	-458.227203	79.119942
21065.000000	-457.879486	79.209335
21065.066667	-457.825562	79.198837
21065.133333	-457.778900	79.327301
21065.200000	-457.712189	79.417198
21065.266667	-457.731903	79.380577
21065.333333	-457.491058	79.337051
21065.400000	-457.630493	79.254906
21065.466667	-457.285553	79.370499
21065.533333	-457.458160	79.354202
21065.600000	-457.174988	79.310791
21065.666667	-457.203094	79.371086
21065.733333	-457.162750	79.311234
21065.800000	-456.975677	79.403244
21065.866667	-457.114532	79.449631
21065.933333	-456.744568	79.463753
21066.000000	-456.635956	79.372597
21066.066667	-456.831970	79.403114
21066.133333	-456.697296	79.498375
21066.200000	-456.462860	79.546684
21066.266667	-456.314392	79.540428
21066.333333	-456.418976	79.396072
21066.400000	-456.342224	79.482552
21066.466667	-456.148315	79.422325
21066.533333	-456.137451	79.538200
21066.600000	-456.109009	79.488457
21066.666667	-455.996674	79.439102
21066.733333	-455.803284	79.548340
21066.800000	-455.874969	79.519135
21066.866667	-455.659943	79.502777
21066.933333	-455.593689	79.561096
21067.000000	-455.543335	79.589722
21067.066667	-455.350677	79.556572
21067.133333	-455.414368	79.450912
21067.200000	-455.276154	79.608337
21067.266667	-455.176392	79.602386
21067.333333	-455.195618	79.618950
21067.400000	-455.147430	79.649445
21067.466667	-455.016937	79.748512
21067.533333	-454.902557	79.604362
21067.600000	-454.913940	79.733795
21067.666667	-454.740204	79.666374
21067.733333	-454.611816	79.749199
21067.800000	-454.446533	79.742599
21067.866667	-454.447479	79.715233
21067.933333	-454.455353	79.667183
21068.000000	-454.311523	79.853455
21068.066667	-454.387329	79.660301
21068.133333	-454.200165	79.762619
21068.200000	-453.938263	79.765442
21068.266667	-453.913147	79.895576
21068.333333	-454.207916	79.738815
21068.400000	-453.686340	79.706604
21068.466667	-453.645020	79.820610
21068.533333	-453.578308	79.815643
21068.600000	-453.491333	79.883072
21068.666667	-453.477875	79.882767
21068.733333	-453.348785	79.831322
21068.800000	-453.466003	79.910118
21068.866667	-453.204254	80.015053
21068.933333	-453.120270	80.020866
21069.000000	-453.091919	80.020050
21069.066667	-453.128448	79.998909
21069.133333	-452.860413	80.001663
21069.200000	-452.824707	79.980354
21069.266667	-452.703308	79.978859
21069.333333	-452.808777	80.040291
21069.400000	-452.704926	80.140877
21069.466667	-452.780487	80.163361
21069.533333	-452.406982	80.037979
21069.600000	-452.243896	80.155174
21069.666667	-452.277893	80.137566
21069.733333	-452.205505	80.153061
21069.800000	-452.141174	80.098694
21069.866667	-452.232422	80.152397
21069.933333	-451.830109	80.167175
21070.000000	-451.835815	80.125854
21070.066667	-451.771851	80.207909
21070.133333	-451.745850	80.307594
21070.200000	-451.525970	80.293900
21070.266667	-451.445007	80.195312
21070.333333	-451.437958	80.346710
21070.400000	-451.370605	80.163498
21070.466667	-451.212341	80.256355
21070.533333	-451.224182	80.443619
21070.600000	-451.252258	80.278252
21070.666667	-450.954071	80.221626
21070.733333	-450.811371	80.374512
21070.800000	-450.855530	80.262398
21070.866667	-450.662598	80.115341
21070.933333	-450.689148	80.334656
21071.000000	-450.607513	80.333740
21071.066667	-450.570160	80.255600
21071.133333	-450.315247	80.326309
21071.200000	-450.168121	80.374687
21071.266667	-450.305176	80.313354
21071.333333	-449.995361	80.452339
21071.400000	-449.955231	80.415276
21071.466667	-450.013000	80.388100
21071.533333	-449.918457	80.406731
21071.600000	-449.868805	80.424294
21071.666667	-449.841187	80.501114
21071.733333	-449.598053	80.693153
21071.800000	-449.749695	80.447311
21071.866667	-449.358246	80.531487
21071.933333	-449.587219	80.429962
21072.000000	-449.244446	80.487549
21072.066667	-449.058807	80.413551
21072.133333	-449.065948	80.601883
21072.200000	-448.947998	80.600571
21072.266667	-448.874390	80.565712
21072.333333	-448.967926	80.482658
21072.400000	-448.720184	80.613297
21072.466667	-448.473541	80.557968
21072.533333	-448.528961	80.569359
21072.600000	-448.432709	80.616234
21072.666667	-448.402649	80.615723
21072.733333	-448.278351	80.519997
21072.800000	-448.297333	80.670929
21072.866667	-448.126465	80.501007
21072.933333	-448.025543	80.615723
21073.000000	-448.120239	80.653961
21073.066667	-447.701477	80.729271
21073.133333	-447.934448	80.665367
21073.200000	-447.493591	80.602524
21073.266667	-447.500458	80.691635
21073.333333	-447.534332	80.743340
21073.400000	-447.475616	80.781273
21073.466667	-447.244720	80.883911
21073.533333	-447.052948	80.647614
21073.600000	-447.098907	80.740654
21073.666667	-447.226990	80.783302
21073.733333	-446.909210	80.749802
21073.800000	-446.871368	81.001595
21073.866667	-446.808105	80.890427
21073.933333	-446.674438	80.701920
21074.000000	-446.744751	80.826355
21074.066667	-446.647980	80.855118
21074.133333	-446.661682	80.775818
21074.200000	-446.292786	80.917351
21074.266667	-446.323761	80.850502
21074.333333	-446.296295	80.848442
21074.400000	-445.930511	80.930916
21074.466667	-445.923096	80.915970
21074.533333	-445.857361	80.995613
21074.600000	-446.110870	80.857239
21074.666667	-445.640930	80.829964
21074.733333	-445.509857	80.902626
21074.800000	-445.657593	80.884109
21074.866667	-445.117401	80.975838
21074.933333	-445.353210	81.060143
21075.000000	-445.280945	81.011559
21075.066667	-445.291901	81.007233
21075.133333	-445.215881	81.031746
21075.200000	-445.135468	81.002403
21075.266667	-444.981720	81.059769
21075.333333	-445.001831	81.066292
21075.400000	-444.958252	81.191399
21075.466667	-444.650818	81.092964
21075.533333	-444.482971	81.133583
21075.600000	-444.448792	81.035507
21075.666667	-444.488892	81.242912
21075.733333	-444.508392	81.259483
21075.800000	-444.330872	81.102188
21075.866667	-444.380402	81.345581
21075.933333	-444.306091	81.455948
21076.000000	-444.133881	81.161507
21076.066667	-443.794159	81.263634
21076.133333	-443.792603	81.329384
21076.200000	-443.836853	81.175018
21076.266667	-443.675934	81.280220
21076.333333	-443.554688	81.318474
21076.400000	-443.598450	81.375595
21076.466667	-443.522888	81.365952
21076.533333	-443.371613	81.371292
21076.600000	-443.086243	81.269753
21076.666667	-442.926117	81.471855
21076.733333	-443.019073	81.378754
21076.800000	-442.821747	81.426048
21076.866667	-442.882080	81.377518
21076.933333	-442.808197	81.238449
21077.000000	-442.717377	81.346909
21077.066667	-442.731720	81.397110
21077.133333	-442.630096	81.418243
21077.200000	-442.136536	81.401108
21077.266667	-442.417114	81.481522
21077.333333	-442.237885	81.505081
21077.400000	-442.150269	81.538208
21077.466667	-442.095245	81.467583
21077.533333	-442.006134	81.310158
21077.600000	-442.033722	81.524498
21077.666667	-441.655518	81.536400
21077.733333	-441.646240	81.596970
21077.800000	-441.576019	81.659698
21077.866667	-441.579926	81.592873
21077.933333	-441.372589	81.615860
21078.000000	-441.435425	81.622192
21078.066667	-441.375671	81.713005
21078.133333	-441.343567	81.670563
21078.200000	-441.097107	81.623833
21078.266667	-441.125153	81.640968
21078.333333	-440.884583	81.831512
21078.400000	-440.666138	81.809509
21078.466667	-440.678131	81.656479
21078.533333	-440.729523	81.781830
21078.600000	-440.601959	81.611694
21078.666667	-440.496033	81.820145
21078.733333	-440.484589	81.793312
21078.800000	-440.368591	81.803108
21078.866667	-440.073242	81.620461
21078.933333	-440.311523	81.687881
21079.000000	-439.889435	81.825485
21079.066667	-440.057983	81.928665
21079.133333	-439.799042	81.846672
21079.200000	-439.895020	81.774696
21079.266667	-439.826965	81.816681
21079.333333	-439.590515	81.708794
21079.400000	-439.414581	81.960129
21079.466667	-439.297577	81.828171
21079.533333	-439.323730	81.975685
21079.600000	-439.310577	81.967300
21079.666667	-439.189209	81.862198
21079.733333	-439.115967	82.035286
21079.800000	-438.910645	81.857170
21079.866667	-439.015076	81.911667
21079.933333	-438.910065	82.001869
21080.000000	-438.815216	82.030365
21080.066667	-438.476044	81.997543
21080.133333	-438.526276	82.126846
21080.200000	-438.489380	82.031845
21080.266667	-438.319122	82.110680
21080.333333	-438.225830	82.173454
21080.400000	-438.182129	82.060005
21080.466667	-438.080139	82.110710
21080.533333	-438.086060	82.077362
21080.600000	-437.604858	82.297012
21080.666667	-437.807129	82.096687
21080.733333	-437.552246	82.198288
21080.800000	-437.495239	82.082512
21080.866667	-437.366730	82.191780
21080.933333	-437.422791	82.124924
21081.000000	-437.404175	82.236259
21081.066667	-437.154572	82.259537
21081.133333	-436.922729	82.349670
21081.200000	-437.191193	82.160950
21081.266667	-436.916290	82.302650
21081.333333	-436.916290	82.302650
21081.400000	-436.734192	82.153107
21081.466667	-436.640350	82.262764
21081.533333	-436.602325	82.318092
21081.600000	-436.631927	82.138138
21081.666667	-436.418457	82.386292
21081.733333	-436.418457	82.386292
21081.800000	-436.334503	82.203979
21081.866667	-436.205597	82.438629
21081.933333	-436.019989	82.391174
21082.000000	-435.710144	82.472450
21082.066667	-435.790680	82.387085
21082.133333	-435.790680	82.387085
21082.200000	-435.918457	82.487946
21082.266667	-435.607635	82.555206
21082.333333	-435.739380	82.465225
21082.400000	-435.550659	82.468414
21082.466667	-435.426575	82.625862
21082.533333	-435.122528	82.551216
21082.600000	-435.122528	82.551216
21082.666667	-435.187653	82.556572
21082.733333	-435.057861	82.497849
21082.800000	-434.862091	82.574585
21082.866667	-434.741913	82.454391
21082.933333	-434.795319	82.674751
21083.000000	-434.795319	82.674751
21083.066667	-434.426544	82.675194
21083.133333	-434.392639	82.688103
21083.200000	-434.384796	82.494453
21083.266667	-434.303284	82.620247
21083.333333	-434.138367	82.633240
21083.400000	-434.138367	82.633240
21083.466667	-434.103333	82.558472
21083.533333	-434.171326	82.729599
21083.600000	-433.866882	82.716789
21083.666667	-433.565125	82.639694
21083.733333	-433.525146	82.662285
21083.800000	-433.525146	82.662285
21083.866667	-433.593353	82.681427
21083.933333	-433.351166	82.734512
21084.000000	-433.245239	82.629021
21084.066667	-433.144714	82.739410
21084.133333	-433.325745	82.693153
21084.200000	-432.920898	82.789368
21084.266667	-432.920898	82.789368
21084.333333	-432.893097	82.932907
21084.400000	-432.834534	82.833771
21084.466667	-432.796844	82.820061
21084.533333	-432.611755	82.825478
21084.600000	-432.654785	82.770584
21084.666667	-432.654785	82.770584
21084.733333	-432.354645	82.950096
21084.800000	-432.269836	82.972473
21084.866667	-432.073669	82.940018
21084.933333	-432.291687	82.932968
21085.000000	-431.933990	82.748619
21085.066667	-431.933990	82.748619
21085.133333	-431.804596	82.845558
21085.200000	-431.840637	82.836800
21085.266667	-431.827393	82.927315
21085.333333	-431.539734	82.884850
21085.400000	-431.251343	82.998917
21085.466667	-431.473663	82.925919
21085.533333	-431.473663	82.925919
21085.600000	-431.179749	82.927315
21085.666667	-431.193909	83.006363
21085.733333	-430.908936	83.044991
21085.800000	-430.990967	82.992409
21085.866667	-430.703857	83.005562
21085.933333	-430.703857	83.005562
21086.000000	-430.613586	83.073685
21086.066667	-430.521698	83.158875
21086.133333	-430.513611	83.066978
21086.200000	-430.401337	83.092720
21086.266667	-430.132324	83.088074
21086.333333	-430.132324	83.088074
21086.400000	-430.403839	83.159813
21086.466667	-430.198608	83.142433
21086.533333	-429.936218	83.119820
21086.600000	-429.857971	83.192810
21086.666667	-429.724335	83.102165
21086.733333	-429.656586	83.256035
21086.800000	-429.656586	83.256035
21086.866667	-429.382355	83.295258
21086.933333	-429.372559	83.118614
21087.000000	-429.211029	83.370972
21087.066667	-429.422455	83.174751
21087.133333	-429.079346	83.168884
21087.200000	-429.079346	83.168884
21087.266667	-428.853302	83.265686
21087.333333	-428.875275	83.158394
21087.400000	-428.804474	83.448868
21087.466667	-428.831329	83.358162
21087.533333	-428.709747	83.404602
21087.600000	-428.709747	83.404602
21087.666667	-428.253021	83.318283
21087.733333	-428.252899	83.304260
21087.800000	-428.197235	83.479111
21087.866667	-428.105011	83.400284
21087.933333	-428.063507	83.388222
21088.000000	-428.063507	83.388222
21088.066667	-427.752014	83.417236
21088.133333	-427.683746	83.549507
21088.200000	-427.694458	83.490364
21088.266667	-427.587372	83.520271
21088.333333	-427.616760	83.451309
21088.400000	-427.411377	83.533867
21088.466667	-427.396820	83.595200
21088.533333	-427.304352	83.613312
21088.600000	-427.132996	83.608681
21088.666667	-427.039337	83.729805
21088.733333	-427.064453	83.540161
21088.800000	-427.002289	83.608727
21088.866667	-426.995941	83.521378
21088.933333	-426.753052	83.741684
21089.000000	-426.608643	83.492241
21089.066667	-426.551697	83.669365
21089.133333	-426.574677	83.551033
21089.200000	-426.453094	83.662697
21089.266667	-426.280701	83.762543
21089.333333	-426.269775	83.701736
21089.400000	-426.272614	83.568069
21089.466667	-426.027710	83.694046
21089.533333	-425.871521	83.659470
21089.600000	-425.963654	83.769180
21089.666667	-425.709930	83.729172
21089.733333	-425.707916	83.702538
21089.800000	-425.799286	83.815239
21089.866667	-425.513458	83.731201
21089.933333	-425.408691	83.735794
21090.000000	-425.289215	83.787636
21090.066667	-425.513428	83.710320
21090.133333	-425.419952	83.751686
21090.200000	-425.166718	83.900642
21090.266667	-425.119659	83.900444
21090.333333	-424.949066	83.913338
21090.400000	-425.039551	83.746841
21090.466667	-424.941376	83.867317
21090.533333	-424.856201	83.848396
21090.600000	-424.765289	83.928345
21090.666667	-424.718079	84.059616
21090.733333	-424.279907	84.053574
21090.800000	-424.362000	84.056244
21090.866667	-424.276855	83.883606
21090.933333	-424.191376	83.823288
21091.000000	-424.144623	83.910095
21091.066667	-423.878052	83.947571
21091.133333	-423.767914	83.905563
21091.200000	-423.706970	84.016197
21091.266667	-423.607941	83.978523
21091.333333	-423.531433	84.053413
21091.400000	-423.499237	83.990120
21091.466667	-423.614288	83.998833
21091.533333	-423.292969	84.037735
21091.600000	-423.392181	83.927139
21091.666667	-423.262207	83.950821
21091.733333	-423.100372	84.063011
21091.800000	-423.112122	84.046745
21091.866667	-422.929321	83.974594
21091.933333	-423.003693	84.062233
21092.000000	-422.680328	84.085144
21092.066667	-422.671112	84.101738
21092.133333	-422.615631	84.059647
21092.200000	-422.740723	84.198563
21092.266667	-422.418640	84.208160
21092.333333	-422.328674	84.188065
21092.400000	-422.219269	84.102325
21092.466667	-422.231598	84.244690
21092.533333	-422.128021	84.274025
21092.600000	-421.945374	84.315804
21092.666667	-421.761261	84.234222
21092.733333	-421.808350	84.267212
21092.800000	-421.910278	84.281738
21092.866667	-421.780670	84.235641
21092.933333	-421.589386	84.287270
21093.000000	-421.661224	84.337242
21093.066667	-421.477722	84.388252
21093.133333	-421.360748	84.350258
21093.200000	-421.249878	84.369247
21093.266667	-421.131134	84.206177
21093.333333	-420.934601	84.334846
21093.400000	-421.063538	84.360222
21093.466667	-420.926270	84.376480
21093.533333	-420.595520	84.377525
21093.600000	-420.859283	84.320763
21093.666667	-420.420013	84.391891
21093.733333	-420.472076	84.430946
21093.800000	-420.437286	84.303963
21093.866667	-420.266235	84.482155
21093.933333	-420.151550	84.383324
21094.000000	-420.141418	84.309311
21094.066667	-420.091492	84.395737
21094.133333	-420.043640	84.494438
21094.200000	-419.917358	84.558975
21094.266667	-419.686127	84.387161
21094.333333	-419.718384	84.563354
21094.400000	-419.619690	84.507767
21094.466667	-419.642334	84.575760
21094.533333	-419.537933	84.639748
21094.600000	-419.394806	84.541603
21094.666667	-419.116943	84.656586
21094.733333	-419.350159	84.507736
21094.800000	-419.112122	84.588959
21094.866667	-419.242249	84.579666
21094.933333	-418.981720	84.768494
21095.000000	-418.885651	84.667259
21095.066667	-418.815826	84.633965
21095.133333	-418.918030	84.721420
21095.200000	-418.835480	84.680611
21095.266667	-418.567444	84.681732
21095.333333	-418.448639	84.717484
21095.400000	-418.184143	84.711510
21095.466667	-418.198517	84.779831
21095.533333	-418.119202	84.749084
21095.600000	-417.985748	84.793053
21095.666667	-417.948334	84.767723
21095.733333	-418.000366	84.732178
21095.800000	-417.806274	84.660805
21095.866667	-417.852417	84.644112
21095.933333	-417.520386	84.709007
21096.000000	-417.523682	84.748726
21096.066667	-417.212067	84.596931
21096.133333	-417.371887	84.864349
21096.200000	-417.341156	84.689140
21096.266667	-417.236389	84.732559
21096.333333	-417.110413	84.758415
21096.400000	-417.129517	84.721420
21096.466667	-416.971863	84.871773
21096.533333	-416.651184	84.863808
21096.600000	-416.857483	84.861969
21096.666667	-416.550690	84.872124
21096.733333	-416.540558	84.927483
21096.800000	-416.385315	84.918404
21096.866667	-416.450867	84.987244
21096.933333	-416.425262	84.882256
21097.000000	-416.092255	84.874466
21097.066667	-416.110931	85.036301
21097.133333	-416.191528	84.915802
21097.200000	-415.832245	84.957535
21097.266667	-415.901184	85.011894
21097.333333	-415.826599	85.053986
21097.400000	-415.639374	85.080605
21097.466667	-415.592529	85.121208
21097.533333	-415.640778	85.058632
21097.600000	-415.164154	85.154327
21097.666667	-415.263367	85.154327
21097.733333	-415.274475	85.055832
21097.800000	-415.273499	85.155457
21097.866667	-414.922943	85.065308
21097.933333	-414.967102	85.137764
21098.000000	-414.926270	84.981842
21098.066667	-414.676636	85.111946
21098.133333	-414.722290	85.242424
21098.200000	-414.668060	85.080818
21098.266667	-414.507111	85.104103
21098.333333	-414.459290	85.212273
21098.400000	-414.470245	85.067223
21098.466667	-414.320312	85.205544
21098.533333	-414.227112	85.126709
21098.600000	-414.158173	85.179504
21098.666667	-414.133484	85.227943
21098.733333	-413.973846	85.253159
21098.800000	-414.068695	85.277962
21098.866667	-413.827820	85.313126
21098.933333	-413.618805	85.350006
21099.000000	-413.775269	85.298615
21099.066667	-413.467682	85.422974
21099.133333	-413.348053	85.407913
21099.200000	-413.348053	85.407913
21099.266667	-413.202423	85.234108
21099.333333	-413.416748	85.338036
21099.400000	-413.083130	85.416504
21099.466667	-412.992615	85.362236
21099.533333	-412.876129	85.440567
21099.600000	-413.015747	85.430420
21099.666667	-412.639740	85.411400
21099.733333	-412.655090	85.431725
21099.800000	-412.612488	85.529404
21099.866667	-412.433533	85.470192
21099.933333	-412.368988	85.560562
21100.000000	-412.084961	85.462624
21100.066667	-412.203888	85.450150
21100.133333	-412.229095	85.544800
21100.200000	-411.903534	85.533524
21100.266667	-411.945038	85.465912
21100.333333	-411.819305	85.522423
21100.400000	-411.754425	85.589500
21100.466667	-411.687500	85.613220
21100.533333	-411.561157	85.688072
21100.600000	-411.162994	85.640823
21100.666667	-411.371368	85.501350
21100.733333	-411.323608	85.606079
21100.800000	-410.931885	85.713135
21100.866667	-411.155457	85.709030
21100.933333	-411.075958	85.660782
21101.000000	-410.904816	85.618416
21101.066667	-410.870117	85.609390
21101.133333	-410.634094	85.628586
21101.200000	-410.660828	85.653831
21101.266667	-410.786377	85.602600
21101.333333	-410.484833	85.823860
21101.400000	-410.468018	85.763893
21101.466667	-410.290497	85.741302
21101.533333	-410.282043	85.749763
21101.600000	-410.211456	85.718788
21101.666667	-410.038757	85.760666
21101.733333	-410.289948	85.862259
21101.800000	-409.849640	85.870354
21101.866667	-409.694977	85.831177
21101.933333	-409.726837	85.827087
21102.000000	-409.696625	85.831673
21102.066667	-409.602905	85.784805
21102.133333	-409.523376	85.800079
21102.200000	-409.347626	85.858696
21102.266667	-409.138153	85.895943
21102.333333	-409.246857	85.970840
21102.400000	-408.953217	85.920036
21102.466667	-409.067963	85.788116
21102.533333	-409.067810	85.855202
21102.600000	-408.942413	85.885010
21102.666667	-408.674683	85.986992
21102.733333	-408.569489	85.844414
21102.800000	-408.499237	86.044685
21102.866667	-408.350769	85.892990
21102.933333	-408.392944	86.030930
21103.000000	-408.284821	86.023170
21103.066667	-408.123383	86.098297
21103.133333	-408.060455	85.916145
21103.200000	-408.016724	86.019188
21103.266667	-407.953796	86.046341
21103.333333	-407.886383	86.100098
21103.400000	-407.855286	86.041290
21103.466667	-407.701324	86.127518
21103.533333	-407.582214	86.091270
21103.600000	-407.579102	86.106087
21103.666667	-407.281219	86.117561
21103.733333	-407.268738	86.176910
21103.800000	-407.281189	86.142868
21103.866667	-407.243744	86.249863
21103.933333	-407.125519	86.041832
21104.000000	-407.201508	86.254768
21104.066667	-406.776001	86.200600
21104.133333	-406.577515	86.140030
21104.200000	-406.554626	86.301140
21104.266667	-406.602295	86.095116
21104.333333	-406.464569	86.157013
21104.400000	-406.437714	86.195305
21104.466667	-406.437164	86.296707
21104.533333	-406.156586	86.183975
21104.600000	-406.130280	86.254471
21104.666667	-406.121857	86.316223
21104.733333	-405.885071	86.289352
21104.800000	-405.778961	86.215164
21104.866667	-405.891296	86.324059
21104.933333	-405.708649	86.462494
21105.000000	-405.662292	86.248016
21105.066667	-405.612946	86.261810
21105.133333	-405.615021	86.377808
21105.200000	-405.535278	86.270607
21105.266667	-405.329956	86.332542
21105.333333	-405.207825	86.430237
21105.400000	-405.113617	86.370369
21105.466667	-404.916626	86.537712
21105.533333	-404.927124	86.561081
21105.600000	-404.887970	86.364067
21105.666667	-404.990814	86.420959
21105.733333	-404.657593	86.542343
21105.800000	-404.722809	86.501228
21105.866667	-404.432709	86.511108
21105.933333	-404.403564	86.548172
21106.000000	-404.257141	86.512276
21106.066667	-404.290192	86.439034
21106.133333	-404.275574	86.440887
21106.200000	-404.203033	86.530037
21106.266667	-404.120392	86.436150
21106.333333	-404.170197	86.470055
21106.400000	-403.870361	86.481346
21106.466667	-403.735199	86.492470
21106.533333	-403.788483	86.639503
21106.600000	-403.744934	86.613594
21106.666667	-403.526001	86.645905
21106.733333	-403.370758	86.561081
21106.800000	-403.344940	86.612724
21106.866667	-403.357422	86.564423
21106.933333	-403.335266	86.667587
21107.000000	-403.160980	86.670815
21107.066667	-403.073425	86.529060
21107.133333	-402.993164	86.845100
21107.200000	-402.723267	86.736580
21107.266667	-402.610016	86.740898
21107.333333	-402.832123	86.660347
21107.400000	-402.651489	86.602577
21107.466667	-402.585999	86.673195
21107.533333	-402.525604	86.740250
21107.600000	-402.364441	86.786476
21107.666667	-402.270294	86.764175
21107.733333	-402.201569	86.769348
21107.800000	-402.089447	86.680496
21107.866667	-401.866272	86.817627
21107.933333	-401.845093	86.856079
21108.000000	-401.833588	86.727310
21108.066667	-401.798340	86.748535
21108.133333	-401.550476	86.748535
21108.200000	-401.721161	86.833626
21108.266667	-401.590454	86.851555
21108.333333	-401.435791	86.790756
21108.400000	-401.080597	86.911568
21108.466667	-401.224091	86.890450
21108.533333	-401.087585	86.839066
21108.600000	-401.016052	86.910950
21108.666667	-400.957733	86.869240
21108.733333	-400.897064	86.904655
21108.800000	-400.720917	86.940102
21108.866667	-400.646790	87.032295
21108.933333	-400.646179	86.937874
21109.000000	-400.538666	86.924171
21109.066667	-400.623383	87.096642
21109.133333	-400.355835	87.104248
21109.200000	-400.310486	86.964256
21109.266667	-400.105011	86.954948
21109.333333	-400.017426	86.983879
21109.400000	-399.916840	87.072189
21109.466667	-399.878754	87.180122
21109.533333	-399.658905	87.187592
21109.600000	-399.639801	87.206581
21109.666667	-399.572815	87.135048
21109.733333	-399.538391	87.123291
21109.800000	-399.542755	87.093620
21109.866667	-399.547882	87.018494
21109.933333	-399.202972	87.121094
21110.000000	-399.318481	87.145615
21110.066667	-399.141235	87.246536
21110.133333	-399.010559	87.070190
21110.200000	-398.910736	87.260963
21110.266667	-398.996979	87.115318
21110.333333	-398.786713	87.114143
21110.400000	-398.783630	87.107948
21110.466667	-398.578766	87.191261
21110.533333	-398.583527	87.183296
21110.600000	-398.483795	87.285362
21110.666667	-398.286285	87.202843
21110.733333	-398.310913	87.304443
21110.800000	-398.201111	87.216393
21110.866667	-398.042206	87.187218
21110.933333	-397.921906	87.162064
21111.000000	-397.868317	87.245941
21111.066667	-397.955292	87.252213
21111.133333	-397.882965	87.345528
21111.200000	-397.390625	87.338959
21111.266667	-397.512512	87.286873
21111.333333	-397.328278	87.348808
21111.400000	-397.467590	87.354416
21111.466667	-397.331238	87.383675
21111.533333	-397.174011	87.374405
21111.600000	-397.158844	87.478813
21111.666667	-397.109467	87.443260
21111.733333	-396.938660	87.475700
21111.800000	-396.798279	87.549187
21111.866667	-396.813934	87.523277
21111.933333	-396.840576	87.439056
21112.000000	-396.735596	87.430176
21112.066667	-396.489777	87.419594
21112.133333	-396.412109	87.405518
21112.200000	-396.239685	87.447342
21112.266667	-396.192963	87.385292
21112.333333	-396.182281	87.382622
21112.400000	-396.224487	87.420006
21112.466667	-395.960144	87.645828
21112.533333	-395.729340	87.573883
21112.600000	-395.786713	87.605515
21112.666667	-395.660797	87.673279
21112.733333	-395.499023	87.580215
21112.800000	-395.573517	87.572357
21112.866667	-395.457214	87.454468
21112.933333	-395.434357	87.641357
21113.000000	-395.342010	87.603096
21113.066667	-395.347687	87.656204
21113.133333	-395.130280	87.612549
21113.200000	-395.088684	87.487717
21113.266667	-395.040680	87.773773
21113.333333	-394.957062	87.702942
21113.400000	-394.898224	87.595535
21113.466667	-394.743713	87.655197
21113.533333	-394.677734	87.632202
21113.600000	-394.599426	87.713455
21113.666667	-394.366089	87.722977
21113.733333	-394.279633	87.660728
21113.800000	-394.184814	87.622513
21113.866667	-394.194305	87.769829
21113.933333	-394.113098	87.704239
21114.000000	-394.113708	87.738846
21114.066667	-394.009979	87.798470
21114.133333	-394.062927	87.795990
21114.200000	-393.705627	87.809570
21114.266667	-393.403961	87.909645
21114.333333	-393.554993	87.840439
21114.400000	-393.413147	87.848679
21114.466667	-393.374786	87.855148
21114.533333	-393.116821	87.806419
21114.600000	-393.172974	87.866653
21114.666667	-392.935577	87.741905
21114.733333	-393.079926	87.876984
21114.800000	-393.232208	87.794998
21114.866667	-392.886078	87.879738
21114.933333	-392.659454	87.889687
21115.000000	-392.772339	88.030357
21115.066667	-392.478394	87.876343
21115.133333	-392.443451	87.913551
21115.200000	-392.450531	87.932114
21115.266667	-392.072662	87.867493
21115.333333	-392.082916	87.947861
21115.400000	-392.248718	87.919624
21115.466667	-392.170654	87.919624
21115.533333	-391.839844	87.827003
21115.600000	-391.939392	87.919678
21115.666667	-391.988525	87.965393
21115.733333	-391.735809	87.931183
21115.800000	-391.691315	87.946884
21115.866667	-391.748810	87.992271
21115.933333	-391.431091	88.046730
21116.000000	-391.306580	88.185188
21116.066667	-391.340332	88.128426
21116.133333	-391.340332	88.128426
21116.200000	-390.977234	87.984245
21116.266667	-391.129822	88.157219
21116.333333	-390.695831	88.083046
21116.400000	-390.918457	88.158684
21116.466667	-390.704315	88.203285
21116.533333	-390.704315	88.203285
21116.600000	-390.682709	88.163979
21116.666667	-390.539734	88.232201
21116.733333	-390.517334	88.092117
21116.800000	-390.351105	88.210327
21116.866667	-390.191803	88.204773
21116.933333	-390.191803	88.204773
21117.000000	-390.157684	88.186348
21117.066667	-389.958618	88.118149
21117.133333	-389.878876	88.207100
21117.200000	-373.223206	89.970741
21117.266667	-389.664734	88.267509
21117.333333	-389.664734	88.267509
21117.400000	-389.518616	88.269569
21117.466667	-389.448090	88.203758
21117.533333	-389.247528	88.139816
21117.600000	-389.325531	88.316940
21117.666667	-389.193451	88.288177
21117.733333	-389.010498	88.385620
21117.800000	-389.010498	88.385620
21117.866667	-388.815857	88.385132
21117.933333	-388.730591	88.404686
21118.000000	-388.751862	88.392815
21118.066667	-388.617462	88.461586
21118.133333	-388.616089	88.473793
21118.200000	-388.616089	88.473793
21118.266667	-388.274170	88.467163
21118.333333	-388.325226	88.468033
21118.400000	-388.267670	88.541794
21118.466667	-388.013184	88.569099
21118.533333	-387.958984	88.527618
21118.600000	-387.958984	88.527618
21118.666667	-387.925598	88.490898
21118.733333	-387.791626	88.549309
21118.800000	-387.824493	88.568916
21118.866667	-387.621216	88.526199
21118.933333	-387.590729	88.584160
21119.000000	-387.306915	88.514084
21119.066667	-387.306915	88.514084
21119.133333	-387.154694	88.580566
21119.200000	-387.205231	88.572052
21119.266667	-386.823792	88.564346
21119.333333	-386.870331	88.570381
21119.400000	-386.718536	88.656586
21119.466667	-386.718536	88.656586
21119.533333	-386.813782	88.713814
21119.600000	-386.545898	88.568573
21119.666667	-386.513855	88.643990
21119.733333	-386.261719	88.704811
21119.800000	-386.280426	88.655113
21119.866667	-386.280426	88.655113
21119.933333	-386.090454	88.866966
21120.000000	-386.263000	88.757889
