17520.066667	-255.711090	101.762527
17520.133333	-255.690155	101.773560
17520.200000	-255.498657	101.721344
17520.266667	-255.492767	101.787292
17520.333333	-255.639679	101.764832
17520.400000	-255.441574	101.806831
17520.466667	-255.465759	101.841339
17520.533333	-255.333939	101.748055
17520.600000	-255.497452	101.852478
17520.666667	-255.316925	101.769440
17520.733333	-255.178802	101.770340
17520.800000	-255.107132	101.850128
17520.866667	-255.016541	101.737419
17520.933333	-255.052826	101.891212
17521.000000	-254.842026	101.795181
17521.066667	-254.912018	101.836021
17521.133333	-254.766510	101.898323
17521.200000	-254.844223	101.749321
17521.266667	-254.705048	101.797951
17521.333333	-254.596741	101.768982
17521.400000	-254.629120	101.782341
17521.466667	-254.424759	101.757912
17521.533333	-254.514862	101.859352
17521.600000	-254.513550	101.802971
17521.666667	-254.408066	101.733360
17521.733333	-254.364029	101.825035
17521.800000	-254.494873	101.800308
17521.866667	-254.295837	101.846939
17521.933333	-254.087692	101.771530
17522.000000	-254.017227	101.761330
17522.066667	-253.988205	101.744919
17522.133333	-254.157547	101.837425
17522.200000	-254.057800	101.847321
17522.266667	-253.903473	101.821335
17522.333333	-253.870300	101.961395
17522.400000	-253.903397	101.900360
17522.466667	-253.778671	101.866226
17522.533333	-253.752335	101.984070
17522.600000	-253.778671	101.930389
17522.666667	-253.593277	102.009575
17522.733333	-253.479218	101.919868
17522.800000	-253.393768	102.009575
17522.866667	-253.423462	101.831848
17522.933333	-253.584534	102.082413
17523.000000	-253.361176	101.845680
17523.066667	-253.128799	101.986931
17523.133333	-253.154510	101.914680
17523.200000	-253.172089	102.032494
17523.266667	-253.207764	101.986954
17523.333333	-253.241043	101.978691
17523.400000	-253.078918	101.983192
17523.466667	-253.040039	101.882538
17523.533333	-252.896149	101.936813
17523.600000	-252.745193	101.842079
17523.666667	-252.884277	101.842819
17523.733333	-252.798859	101.921967
17523.800000	-252.765350	101.868851
17523.866667	-252.618027	101.875984
17523.933333	-252.726959	101.938202
17524.000000	-252.394897	101.861816
17524.066667	-252.559250	101.900360
17524.133333	-252.495605	101.884499
17524.200000	-252.356110	101.852592
17524.266667	-252.170135	101.926208
17524.333333	-252.339142	101.886215
17524.400000	-252.306763	102.123093
17524.466667	-252.218674	102.049789
17524.533333	-252.206116	102.071228
17524.600000	-252.076294	101.990036
17524.666667	-252.218536	102.099106
17524.733333	-252.051270	101.996567
17524.800000	-252.173187	102.007225
17524.866667	-252.098862	102.104561
17524.933333	-251.820648	102.090370
17525.000000	-251.748123	101.935463
17525.066667	-251.845810	102.013794
17525.133333	-251.648483	101.996567
17525.200000	-251.546631	102.022774
17525.266667	-251.461334	102.006340
17525.333333	-251.704483	102.016006
17525.400000	-251.568176	101.966339
17525.466667	-251.504303	102.044296
17525.533333	-251.320923	102.022301
17525.600000	-251.320923	102.022301
17525.666667	-251.365677	102.039001
17525.733333	-251.102753	102.087578
17525.800000	-251.209351	102.020332
17525.866667	-251.124908	102.078979
17525.933333	-251.113373	102.083069
17526.000000	-251.113373	102.083069
17526.066667	-250.919510	101.951668
17526.133333	-250.832352	102.098564
17526.200000	-250.794205	101.852707
17526.266667	-250.899719	102.153412
17526.333333	-250.630722	102.037415
17526.400000	-250.630722	102.037415
17526.466667	-250.638962	102.112411
17526.533333	-250.735733	102.181320
17526.600000	-250.704880	102.141426
17526.666667	-250.631638	102.108833
17526.733333	-250.276947	102.058731
17526.800000	-250.276947	102.058731
17526.866667	-250.395264	102.227524
17526.933333	-250.132202	102.046082
17527.000000	-250.208710	102.139725
17527.066667	-250.077530	102.278313
17527.133333	-249.991058	102.166595
17527.200000	-249.975449	102.129074
17527.266667	-249.975449	102.129074
17527.333333	-249.980606	102.237144
17527.400000	-249.998581	102.193230
17527.466667	-249.937698	102.116096
17527.533333	-249.733612	102.160851
17527.600000	-249.833710	101.989922
17527.666667	-249.833710	101.989922
17527.733333	-249.673813	102.060410
17527.800000	-249.653976	102.141617
17527.866667	-249.498703	102.253609
17527.933333	-249.389877	102.195930
17528.000000	-249.438400	102.202583
17528.066667	-249.438400	102.202583
17528.133333	-249.378113	102.230415
17528.200000	-249.441772	102.234467
17528.266667	-249.177231	102.095291
17528.333333	-249.235657	102.175804
17528.400000	-249.126114	102.316277
17528.466667	-249.165344	102.184677
17528.533333	-249.165344	102.184677
17528.600000	-249.086914	102.276093
17528.666667	-248.888947	102.214012
17528.733333	-248.965698	102.193626
17528.800000	-248.744919	102.353096
17528.866667	-248.549728	102.259560
17528.933333	-248.549728	102.259560
17529.000000	-248.506775	102.446167
17529.066667	-248.532394	102.355095
17529.133333	-248.577591	102.311974
17529.200000	-248.458206	102.281860
17529.266667	-248.346619	102.265312
17529.333333	-248.346619	102.265312
17529.400000	-248.402069	102.345726
17529.466667	-248.391937	102.446388
17529.533333	-248.004990	102.237694
17529.600000	-248.091980	102.336555
17529.666667	-248.119476	102.265427
17529.733333	-248.083557	102.316856
17529.800000	-248.083557	102.316856
17529.866667	-247.940689	102.200699
17529.933333	-247.826904	102.402008
17530.000000	-247.804474	102.251549
17530.066667	-247.661789	102.316277
17530.133333	-247.839325	102.376495
17530.200000	-247.839325	102.376495
17530.266667	-247.672668	102.287987
17530.333333	-247.567566	102.398201
17530.400000	-247.622787	102.264351
17530.466667	-247.283310	102.249214
17530.533333	-247.233566	102.306229
17530.600000	-247.233566	102.306229
17530.666667	-247.305206	102.396400
17530.733333	-247.157333	102.380127
17530.800000	-247.043549	102.283844
17530.866667	-247.170639	102.330841
17530.933333	-246.919815	102.406670
17531.000000	-246.919815	102.406670
17531.066667	-246.983109	102.458740
17531.133333	-246.787125	102.416794
17531.200000	-246.803238	102.447380
17531.266667	-246.761276	102.509224
17531.333333	-246.744553	102.442398
17531.400000	-246.731155	102.419029
17531.466667	-246.731155	102.419029
17531.533333	-246.650436	102.447296
17531.600000	-246.644608	102.455193
17531.666667	-246.273056	102.338860
17531.733333	-246.367950	102.445831
17531.800000	-246.233948	102.342926
17531.866667	-246.233948	102.342926
17531.933333	-246.328232	102.368240
17532.000000	-246.332474	102.471107
17532.066667	-246.218948	102.520035
17532.133333	-246.093903	102.421700
17532.200000	-246.126648	102.443817
17532.266667	-246.126648	102.443817
17532.333333	-246.089523	102.519035
17532.400000	-245.794373	102.455193
17532.466667	-245.891388	102.447052
17532.533333	-245.671448	102.500320
17532.600000	-245.670898	102.505569
17532.666667	-245.583664	102.441376
17532.733333	-245.632462	102.533379
17532.800000	-245.513290	102.501862
17532.866667	-245.389175	102.460007
17532.933333	-245.427002	102.638557
17533.000000	-245.405014	102.543877
17533.066667	-245.409027	102.616440
17533.133333	-245.409027	102.616440
17533.200000	-245.236130	102.546127
17533.266667	-245.261612	102.646439
17533.333333	-245.012253	102.636322
17533.400000	-245.215912	102.563530
17533.466667	-244.842300	102.557358
17533.533333	-244.891083	102.493759
17533.600000	-244.849274	102.540619
17533.666667	-244.927200	102.600060
17533.733333	-244.840347	102.537704
17533.800000	-244.658493	102.609879
17533.866667	-244.554276	102.522629
17533.933333	-244.620438	102.578934
17534.000000	-244.528503	102.508644
17534.066667	-244.574173	102.509300
17534.133333	-244.457031	102.568649
17534.200000	-244.334366	102.537125
17534.266667	-244.453979	102.576073
17534.333333	-244.249527	102.449821
17534.400000	-244.235855	102.553818
17534.466667	-244.101532	102.620964
17534.533333	-244.276627	102.663918
17534.600000	-244.118851	102.532249
17534.666667	-244.044067	102.647858
17534.733333	-243.918869	102.584404
17534.800000	-244.028671	102.614029
17534.866667	-243.676346	102.540314
17534.933333	-243.982101	102.711853
17535.000000	-243.735870	102.672890
17535.066667	-243.707214	102.557869
17535.133333	-243.664474	102.618797
17535.200000	-243.623734	102.631721
17535.266667	-243.690125	102.741020
17535.333333	-243.580765	102.761528
17535.400000	-243.522369	102.658150
17535.466667	-243.383728	102.717567
17535.533333	-243.102203	102.676483
17535.600000	-243.245468	102.732452
17535.666667	-243.172180	102.706978
17535.733333	-243.064865	102.678818
17535.800000	-243.173599	102.767349
17535.866667	-242.989853	102.655342
17535.933333	-242.767578	102.699715
17536.000000	-242.994446	102.759933
17536.066667	-242.831482	102.724312
17536.133333	-242.783081	102.654572
17536.200000	-242.828705	102.752022
17536.266667	-242.550659	102.624443
17536.333333	-242.624542	102.658798
17536.400000	-242.554993	102.721085
17536.466667	-242.523666	102.631668
17536.533333	-242.446274	102.735748
17536.600000	-242.402664	102.746239
17536.666667	-242.330154	102.666222
17536.733333	-242.184708	102.728157
17536.800000	-242.304703	102.863541
17536.866667	-242.298355	102.751442
17536.933333	-242.291290	102.836708
17537.000000	-242.099930	102.825317
17537.066667	-242.070251	102.758514
17537.133333	-242.173080	102.864174
17537.200000	-242.107666	102.859688
17537.266667	-241.825546	102.834595
17537.333333	-241.833237	102.908371
17537.400000	-241.775696	102.813210
17537.466667	-241.585373	102.859688
17537.533333	-241.532867	102.852852
17537.600000	-241.549957	102.855255
17537.666667	-241.473785	102.917961
17537.733333	-241.634277	102.836395
17537.800000	-241.570160	102.857567
17537.866667	-241.463455	102.904831
17537.933333	-241.332428	102.881447
17538.000000	-241.268051	102.824120
17538.066667	-241.266449	102.846626
17538.133333	-240.892426	102.810410
17538.200000	-241.081146	102.768555
17538.266667	-240.948593	102.774780
17538.333333	-240.950790	102.844383
17538.400000	-240.913055	102.908951
17538.466667	-240.942581	102.793419
17538.533333	-240.715836	102.753983
17538.600000	-240.822708	102.808998
17538.666667	-240.759064	102.918854
17538.733333	-240.705643	102.889214
17538.800000	-240.616623	102.758591
17538.866667	-240.553574	102.826500
17538.933333	-240.736877	102.862991
17539.000000	-240.640381	102.918533
17539.066667	-240.459290	102.918114
17539.133333	-240.263474	102.892838
17539.200000	-240.413528	102.861511
17539.266667	-240.467987	102.915619
17539.333333	-240.474670	102.874260
17539.400000	-240.475769	102.826462
17539.466667	-240.475113	102.825287
17539.533333	-240.364456	102.820679
17539.600000	-240.396729	102.813766
17539.666667	-240.663742	102.787956
17539.733333	-240.583008	102.765198
17539.800000	-240.591171	102.764473
17539.866667	-240.580856	102.793167
17539.933333	-240.576904	102.800552
17540.000000	-240.661133	102.843178
17540.066667	-240.630157	102.859322
17540.133333	-240.649567	102.832886
17540.200000	-240.636566	102.874023
17540.266667	-240.658829	102.806313
17540.333333	-240.677048	102.917816
17540.400000	-240.837418	102.918114
17540.466667	-240.677673	102.960800
17540.533333	-240.718857	102.942024
17540.600000	-240.738815	102.967751
17540.666667	-240.743927	102.856865
17540.733333	-240.714661	102.886139
17540.800000	-240.820938	102.942886
17540.866667	-240.848282	102.949348
17540.933333	-240.905975	102.934433
17541.000000	-240.864090	102.926620
17541.066667	-240.963058	103.002350
17541.133333	-240.901443	102.888580
17541.200000	-240.784866	102.829796
17541.266667	-240.888046	102.802826
17541.333333	-240.903458	102.850502
17541.400000	-240.931015	102.828728
17541.466667	-241.041626	102.787933
17541.533333	-241.155197	102.862175
17541.600000	-241.237900	102.717438
17541.666667	-241.082184	102.720009
17541.733333	-241.186432	102.778625
17541.800000	-241.156754	102.871246
17541.866667	-241.274933	102.713272
17541.933333	-241.290878	102.790146
17542.000000	-241.256973	102.804810
17542.066667	-241.226837	102.848618
17542.133333	-241.462021	102.809372
17542.200000	-241.313965	102.848640
17542.266667	-241.234818	102.845200
17542.333333	-241.401672	102.990257
17542.400000	-241.351151	102.808228
17542.466667	-241.427429	102.818794
17542.533333	-241.500992	102.954391
17542.600000	-241.488174	102.860435
17542.666667	-241.494629	102.948212
17542.733333	-241.543289	102.854614
17542.800000	-241.770172	102.854950
17542.866667	-241.616211	102.907936
17542.933333	-241.730515	102.860435
17543.000000	-241.623993	102.845413
17543.066667	-241.655670	102.889107
17543.133333	-241.547699	102.771027
17543.200000	-241.521194	102.908371
17543.266667	-241.652374	102.728615
17543.333333	-241.718414	102.734108
17543.400000	-241.655884	102.757790
17543.466667	-241.705978	102.704987
17543.533333	-241.888535	102.883591
17543.600000	-241.664993	102.727432
17543.666667	-241.899445	102.647614
17543.733333	-241.963287	102.803658
17543.800000	-241.865158	102.832375
17543.866667	-241.948746	102.598549
17543.933333	-241.957458	102.705414
17544.000000	-242.045883	102.738976
17544.066667	-242.138184	102.794930
17544.133333	-241.979660	102.738129
17544.200000	-242.228210	102.711403
17544.266667	-242.109039	102.832153
17544.333333	-242.169022	102.776985
17544.400000	-242.332306	102.722160
17544.466667	-242.290863	102.847862
17544.533333	-242.285645	102.878204
17544.600000	-242.191742	102.827591
17544.666667	-242.347260	102.873810
17544.733333	-242.277313	102.832947
17544.800000	-242.342865	102.854004
17544.866667	-242.343063	102.898598
17544.933333	-242.415482	102.847397
17545.000000	-242.383194	102.737526
17545.066667	-242.300217	102.775589
17545.133333	-242.387344	102.774368
17545.200000	-242.472839	102.766731
17545.266667	-242.556076	102.784561
17545.333333	-242.642136	102.758743
17545.400000	-242.470871	102.839905
17545.466667	-242.493790	102.670181
17545.533333	-242.479828	102.620514
17545.600000	-242.694153	102.653862
17545.666667	-242.661392	102.778900
17545.733333	-242.530991	102.656860
17545.800000	-242.759262	102.603798
17545.866667	-242.789307	102.640587
17545.933333	-242.820389	102.543724
17546.000000	-242.722153	102.589882
17546.066667	-242.890808	102.581131
17546.133333	-242.727066	102.661125
17546.200000	-242.824326	102.686653
17546.266667	-242.964890	102.651161
17546.333333	-242.815872	102.773376
17546.400000	-242.940063	102.587128
17546.466667	-243.052414	102.688652
17546.533333	-243.052490	102.836815
17546.600000	-243.073090	102.808563
17546.666667	-243.098602	102.783791
17546.733333	-243.246414	102.694611
17546.800000	-243.225357	102.697365
17546.866667	-243.305908	102.799583
17546.933333	-243.155838	102.647858
17547.000000	-243.121170	102.783432
17547.066667	-243.165878	102.719765
17547.133333	-243.239029	102.784309
17547.200000	-243.238754	102.714539
17547.266667	-243.139465	102.684555
17547.333333	-243.417969	102.675880
17547.400000	-243.344269	102.736115
17547.466667	-243.359100	102.636253
17547.533333	-243.377548	102.751518
17547.600000	-243.446701	102.592453
17547.666667	-243.431076	102.547882
17547.733333	-243.603592	102.618088
17547.800000	-243.387192	102.561737
17547.866667	-243.585464	102.541084
17547.933333	-243.646622	102.543350
17548.000000	-243.754807	102.583618
17548.066667	-243.571426	102.466652
17548.133333	-243.716202	102.576805
17548.200000	-243.549362	102.514236
17548.266667	-243.621262	102.472931
17548.333333	-243.808441	102.541519
17548.400000	-243.793716	102.592697
17548.466667	-243.719788	102.467651
17548.533333	-243.907242	102.592201
17548.600000	-243.859360	102.643166
17548.666667	-244.025681	102.668945
17548.733333	-243.820831	102.633949
17548.800000	-243.888321	102.627113
17548.866667	-244.017838	102.801849
17548.933333	-244.111588	102.775192
17549.000000	-244.241531	102.734360
17549.066667	-243.975922	102.720978
17549.133333	-243.920227	102.602959
17549.200000	-244.177109	102.668953
17549.266667	-243.954651	102.580154
17549.333333	-244.171295	102.542686
17549.400000	-244.058258	102.527924
17549.466667	-244.271072	102.659004
17549.533333	-244.224396	102.541847
17549.600000	-244.346924	102.553352
17549.666667	-244.346725	102.581352
17549.733333	-244.277405	102.528755
17549.800000	-244.241455	102.531425
17549.866667	-244.091766	102.480774
17549.933333	-244.408524	102.520538
17550.000000	-244.309296	102.467010
17550.066667	-244.378418	102.393250
17550.133333	-244.315170	102.435791
17550.200000	-244.561844	102.569023
17550.266667	-244.514847	102.524948
17550.333333	-244.588150	102.553520
17550.400000	-244.462006	102.451302
17550.466667	-244.615082	102.515480
17550.533333	-244.657135	102.476936
17550.600000	-244.588943	102.565193
17550.666667	-244.595230	102.512222
17550.733333	-244.657608	102.540909
17550.800000	-244.569824	102.607536
17550.866667	-244.699005	102.560677
17550.933333	-244.875565	102.687737
17551.000000	-244.824982	102.553734
17551.066667	-244.880463	102.517105
17551.133333	-244.989166	102.693703
17551.200000	-245.048279	102.649529
17551.266667	-245.060440	102.710022
17551.333333	-244.890152	102.604477
17551.400000	-244.905746	102.592369
17551.466667	-245.085007	102.638756
17551.533333	-244.919815	102.560173
17551.600000	-245.241333	102.593063
17551.666667	-245.189529	102.618965
17551.733333	-244.923538	102.484985
17551.800000	-245.112564	102.548874
17551.866667	-245.196991	102.521721
17551.933333	-245.168747	102.450607
17552.000000	-245.232330	102.492722
17552.066667	-245.174637	102.433846
17552.133333	-245.290909	102.433617
17552.200000	-245.161743	102.326706
17552.266667	-245.392914	102.443909
17552.333333	-245.400513	102.476326
17552.400000	-245.287201	102.418289
17552.466667	-245.375687	102.385735
17552.533333	-245.472992	102.369774
17552.600000	-245.416351	102.503418
17552.666667	-245.442963	102.419044
17552.733333	-245.501434	102.465179
17552.800000	-245.386902	102.473976
17552.866667	-245.500488	102.439140
17552.933333	-245.764145	102.612694
17553.000000	-245.654053	102.543823
17553.066667	-245.692398	102.569023
17553.133333	-245.870758	102.622620
17553.200000	-245.971375	102.585808
17553.266667	-246.050583	102.582458
17553.333333	-245.881775	102.501808
17553.400000	-245.858994	102.640778
17553.466667	-245.929886	102.608269
17553.533333	-245.875839	102.603615
17553.600000	-246.067017	102.629440
17553.666667	-245.977707	102.478111
17553.733333	-245.938477	102.431686
17553.800000	-246.128967	102.546860
17553.866667	-246.118607	102.514069
17553.933333	-246.074402	102.502617
17554.000000	-246.063278	102.534286
17554.066667	-246.179153	102.468292
17554.133333	-246.146210	102.341850
17554.200000	-246.078339	102.345627
17554.266667	-246.207047	102.352272
17554.333333	-246.400742	102.362160
17554.400000	-246.243546	102.322273
17554.466667	-246.274185	102.334465
17554.533333	-246.299591	102.377937
17554.600000	-246.407257	102.332443
17554.666667	-246.306061	102.323669
17554.733333	-246.467941	102.395607
17554.800000	-246.551224	102.439201
17554.866667	-246.573334	102.510391
17554.933333	-246.453613	102.419792
17555.000000	-246.638351	102.464943
17555.066667	-246.676300	102.473923
17555.133333	-246.587311	102.519363
17555.200000	-246.708771	102.462303
17555.266667	-246.749405	102.547882
17555.333333	-246.797104	102.552406
17555.400000	-246.815170	102.478600
17555.466667	-247.112701	102.605431
17555.533333	-246.838608	102.483955
17555.600000	-246.908218	102.520309
17555.666667	-247.182388	102.465958
17555.733333	-247.100784	102.551292
17555.800000	-246.970764	102.403847
17555.866667	-246.938278	102.437904
17555.933333	-247.030380	102.430107
17556.000000	-246.942520	102.400192
17556.066667	-247.100677	102.378052
17556.133333	-247.168686	102.353157
17556.200000	-247.162186	102.374176
17556.266667	-247.375900	102.322762
17556.333333	-247.281876	102.280228
17556.400000	-247.311493	102.365257
17556.466667	-247.271698	102.354729
17556.533333	-247.263962	102.284706
17556.600000	-247.393982	102.276443
17556.666667	-247.289719	102.249039
17556.733333	-247.406921	102.246651
17556.800000	-247.585876	102.173744
17556.866667	-247.576477	102.312256
17556.933333	-247.692276	102.382790
17557.000000	-247.592712	102.406120
17557.066667	-247.534851	102.367538
17557.133333	-247.793671	102.351639
17557.200000	-247.816299	102.466347
17557.266667	-247.613983	102.336021
17557.333333	-247.723679	102.449631
17557.400000	-247.737259	102.410172
17557.466667	-247.779160	102.423271
17557.533333	-247.829163	102.384972
17557.600000	-247.773834	102.449303
17557.666667	-247.875198	102.441429
17557.733333	-248.006973	102.372139
17557.800000	-248.133469	102.461044
17557.866667	-248.108643	102.447296
17557.933333	-248.016495	102.315979
17558.000000	-248.260330	102.408218
17558.066667	-248.054871	102.289154
17558.133333	-248.063080	102.377388
17558.200000	-248.076920	102.402481
17558.266667	-248.284515	102.222305
17558.333333	-248.096207	102.276268
17558.400000	-248.499725	102.234909
17558.466667	-248.306366	102.212761
17558.533333	-248.441177	102.151566
17558.600000	-248.333145	102.157799
17558.666667	-248.371735	102.229141
17558.733333	-248.613922	102.188438
17558.800000	-248.468338	102.237083
17558.866667	-248.478622	102.260155
17558.933333	-248.520538	102.198509
17559.000000	-248.652344	102.171074
17559.066667	-248.580704	102.193626
17559.133333	-248.719833	102.215378
17559.200000	-248.618286	102.271164
17559.266667	-248.790222	102.242317
17559.333333	-248.737930	102.298920
17559.400000	-248.707138	102.315399
17559.466667	-248.920883	102.441483
17559.533333	-249.037170	102.262787
17559.600000	-248.874115	102.367363
17559.666667	-249.011948	102.359955
17559.733333	-249.012527	102.326782
17559.800000	-249.177216	102.227982
17559.866667	-249.225052	102.363525
17559.933333	-249.139175	102.359795
17560.000000	-249.201324	102.452194
17560.066667	-249.287552	102.357307
17560.133333	-249.221649	102.221588
17560.200000	-249.256775	102.203613
17560.266667	-249.390060	102.224304
17560.333333	-249.225067	102.171906
17560.400000	-249.360443	102.097008
17560.466667	-249.458344	102.123962
17560.533333	-249.450424	102.233910
17560.600000	-249.436798	102.108673
17560.666667	-249.644440	102.138939
17560.733333	-249.558014	102.083572
17560.800000	-249.602814	102.130219
17560.866667	-249.674088	102.165863
17560.933333	-249.728302	102.035606
17561.000000	-249.709732	102.051811
17561.066667	-249.764114	102.094902
17561.133333	-249.766861	102.040688
17561.200000	-249.715485	102.157272
17561.266667	-249.858795	102.171539
17561.333333	-249.971863	102.130905
17561.400000	-249.968704	102.133781
17561.466667	-250.031021	102.253365
17561.533333	-249.940002	102.163330
17561.600000	-250.140182	102.229378
17561.666667	-250.227310	102.288902
17561.733333	-250.168152	102.220352
17561.800000	-250.093704	102.148148
17561.866667	-250.274826	102.256393
17561.933333	-250.279785	102.124115
17562.000000	-250.279785	102.124115
17562.066667	-250.386917	102.289413
17562.133333	-250.414215	102.279282
17562.200000	-250.398407	102.232895
17562.266667	-250.372467	102.232216
17562.333333	-250.460159	102.062004
17562.400000	-250.434204	102.046082
17562.466667	-250.434204	102.046082
17562.533333	-250.608932	102.076782
17562.600000	-250.719101	102.149826
17562.666667	-250.739365	101.917892
17562.733333	-250.637711	102.033966
17562.800000	-250.689331	101.821098
17562.866667	-250.689331	101.821098
17562.933333	-250.844559	101.995369
17563.000000	-250.738068	101.990005
17563.066667	-250.783707	102.042305
17563.133333	-250.839951	101.993057
17563.200000	-250.836731	101.948357
17563.266667	-250.836731	101.948357
17563.333333	-250.887253	101.998871
17563.400000	-251.086136	102.071014
17563.466667	-250.912094	101.993767
17563.533333	-251.215286	102.064949
17563.600000	-251.329941	102.072807
17563.666667	-251.450806	102.258453
17563.733333	-251.450806	102.258453
17563.800000	-251.303177	102.175774
17563.866667	-251.367935	102.081985
17563.933333	-251.393753	102.127815
17564.000000	-251.473221	102.113731
17564.066667	-251.431915	102.140381
17564.133333	-251.431915	102.140381
17564.200000	-251.658569	102.163818
17564.266667	-251.464981	102.097870
17564.333333	-251.598694	102.097168
17564.400000	-251.775299	102.110245
17564.466667	-251.719437	102.055420
17564.533333	-251.719437	102.055420
17564.600000	-251.759491	101.970329
17564.666667	-251.855865	101.980377
17564.733333	-251.889999	102.077766
17564.800000	-251.810898	101.887177
17564.866667	-251.741379	101.974861
17564.933333	-252.217789	101.939156
17565.000000	-252.217789	101.939156
17565.066667	-252.153717	101.836571
17565.133333	-251.910614	101.910370
17565.200000	-252.140213	101.887177
17565.266667	-252.213287	101.883835
17565.333333	-252.271988	101.911949
17565.400000	-252.271988	101.911949
17565.466667	-252.294968	101.923141
17565.533333	-252.391449	101.940041
17565.600000	-252.368546	101.956772
17565.666667	-252.513535	101.943848
17565.733333	-252.691177	102.034729
17565.800000	-252.691177	102.034729
17565.866667	-252.585709	102.034256
17565.933333	-252.659515	102.024986
17566.000000	-252.646591	102.058533
17566.066667	-252.870117	102.048279
17566.133333	-252.696487	101.984779
17566.200000	-252.696487	101.984779
17566.266667	-252.894073	102.111435
17566.333333	-252.925140	101.878960
17566.400000	-252.805588	101.999275
17566.466667	-252.864899	101.780457
17566.533333	-252.947586	101.896973
17566.600000	-253.092010	101.952591
17566.666667	-253.092010	101.952591
17566.733333	-253.080154	101.908600
17566.800000	-253.031464	101.835587
17566.866667	-253.084839	101.799583
17566.933333	-253.132812	101.738754
17567.000000	-253.186081	101.874245
17567.066667	-253.186081	101.874245
17567.133333	-253.162155	101.778564
17567.200000	-253.382568	101.882965
17567.266667	-253.230957	101.806641
17567.333333	-253.605469	101.822021
17567.400000	-253.539505	101.817856
17567.466667	-253.539505	101.817856
17567.533333	-253.516357	101.841644
17567.600000	-253.707474	101.811508
17567.666667	-253.810806	101.864105
17567.733333	-253.687088	101.766586
17567.800000	-253.858887	102.003731
17567.866667	-253.873779	101.866188
17567.933333	-253.846741	101.926422
17568.000000	-253.970596	101.912376
17568.066667	-254.083572	102.018417
17568.133333	-253.913361	101.996292
17568.200000	-254.020950	101.925743
17568.266667	-254.118759	101.889679
17568.333333	-254.071777	101.841942
17568.400000	-254.233414	102.003685
17568.466667	-254.215179	101.747414
17568.533333	-254.107956	101.742256
17568.600000	-254.390549	101.808449
17568.666667	-254.236130	101.750053
17568.733333	-254.236130	101.750053
17568.800000	-254.506363	101.840569
17568.866667	-254.360153	101.843590
17568.933333	-254.375916	101.683716
17569.000000	-254.692886	101.783669
17569.066667	-254.601944	101.752899
17569.133333	-254.523483	101.689766
17569.200000	-254.604370	101.652496
17569.266667	-254.673141	101.679214
17569.333333	-254.639267	101.722656
17569.400000	-254.764557	101.690346
17569.466667	-254.756897	101.646545
17569.533333	-254.670898	101.726501
17569.600000	-254.810501	101.683716
17569.666667	-254.774475	101.690468
17569.733333	-255.025116	101.734947
17569.800000	-255.105774	101.754807
17569.866667	-255.183105	101.729515
17569.933333	-255.108292	101.839989
17570.000000	-255.247437	101.823112
17570.066667	-255.321533	101.806328
17570.133333	-255.348145	101.830742
17570.200000	-255.173660	101.703964
17570.266667	-255.476395	101.877159
17570.333333	-255.374008	101.745834
17570.400000	-255.396255	101.721344
17570.466667	-255.297272	101.743843
17570.533333	-255.449371	101.747124
17570.600000	-255.432190	101.730247
17570.666667	-255.401718	101.663338
17570.733333	-255.581833	101.694687
17570.800000	-255.632477	101.669098
17570.866667	-255.483765	101.679214
17570.933333	-255.800079	101.712128
17571.000000	-255.801254	101.665703
17571.066667	-255.882202	101.595985
17571.133333	-255.862885	101.751999
17571.200000	-255.671951	101.546623
17571.266667	-255.970444	101.634621
17571.333333	-256.006165	101.528343
17571.400000	-255.896057	101.555397
17571.466667	-255.873322	101.546356
17571.533333	-255.879517	101.455620
17571.600000	-256.145386	101.622795
17571.666667	-256.071869	101.678162
17571.733333	-256.177063	101.661148
17571.800000	-256.268799	101.719124
17571.866667	-256.364044	101.709869
17571.933333	-256.334930	101.719742
17572.000000	-256.430176	101.810631
17572.066667	-256.478607	101.627914
17572.133333	-256.507416	101.640640
17572.200000	-256.593781	101.674606
17572.266667	-256.807953	101.721191
17572.333333	-256.701965	101.803055
17572.400000	-256.708954	101.766586
17572.466667	-256.615448	101.734779
17572.533333	-256.801849	101.752029
17572.600000	-256.822845	101.691368
17572.666667	-257.005157	101.773529
17572.733333	-256.942902	101.631927
17572.800000	-256.926605	101.727211
17572.866667	-257.091919	101.635475
17572.933333	-256.998566	101.617287
17573.000000	-256.980194	101.701225
17573.066667	-257.038300	101.590134
17573.133333	-257.118591	101.533455
17573.200000	-257.096405	101.554886
17573.266667	-257.151184	101.532951
17573.333333	-257.129150	101.423927
17573.400000	-257.136200	101.387756
17573.466667	-257.331146	101.419960
17573.533333	-257.530182	101.554550
17573.600000	-257.461700	101.496109
17573.666667	-257.555420	101.434944
17573.733333	-257.394226	101.524185
17573.800000	-257.564423	101.560387
17573.866667	-257.502594	101.469650
17573.933333	-257.559937	101.462936
17574.000000	-257.657898	101.592796
17574.066667	-257.570587	101.596985
17574.133333	-257.852264	101.597282
17574.200000	-257.779419	101.644707
17574.266667	-257.886475	101.682861
17574.333333	-257.865295	101.655136
17574.400000	-257.973877	101.725471
17574.466667	-258.025360	101.696938
17574.533333	-258.173706	101.665703
17574.600000	-258.101044	101.551270
17574.666667	-258.172791	101.687485
17574.733333	-258.043365	101.511269
17574.800000	-258.415070	101.686958
17574.866667	-258.261536	101.535782
17574.933333	-258.260254	101.539520
17575.000000	-258.338837	101.572212
17575.066667	-258.401489	101.423637
17575.133333	-258.504761	101.385742
17575.200000	-258.521362	101.389061
17575.266667	-258.551331	101.490494
17575.333333	-258.666595	101.508362
17575.400000	-258.644196	101.368034
17575.466667	-258.532867	101.250740
17575.533333	-258.730774	101.406754
17575.600000	-258.533173	101.370506
17575.666667	-258.850433	101.462547
17575.733333	-258.785828	101.387955
17575.800000	-258.750214	101.364075
17575.866667	-258.876801	101.374001
17575.933333	-258.933014	101.379288
17576.000000	-258.964813	101.490387
17576.066667	-259.060791	101.536598
17576.133333	-259.034241	101.443886
17576.200000	-259.120972	101.460388
17576.266667	-258.954437	101.413368
17576.333333	-259.278351	101.496262
17576.400000	-259.284698	101.573380
17576.466667	-259.269897	101.458466
17576.533333	-259.308411	101.603416
17576.600000	-259.396271	101.600372
17576.666667	-259.440338	101.496681
17576.733333	-259.321991	101.481110
17576.800000	-259.684448	101.605110
17576.866667	-259.473663	101.401428
17576.933333	-259.459991	101.515335
17577.000000	-259.625031	101.505318
17577.066667	-259.863373	101.510330
17577.133333	-259.698700	101.360374
17577.200000	-259.596924	101.439392
17577.266667	-259.814728	101.397942
17577.333333	-259.750153	101.340607
17577.400000	-259.890808	101.293480
17577.466667	-260.005981	101.413162
17577.533333	-260.012909	101.292236
17577.600000	-260.094604	101.373512
17577.666667	-260.043823	101.265045
17577.733333	-260.063446	101.313828
17577.800000	-260.143311	101.315338
17577.866667	-260.275787	101.337540
17577.933333	-260.088776	101.239670
17578.000000	-260.220184	101.254196
17578.066667	-260.100525	101.354477
17578.133333	-260.282196	101.327942
17578.200000	-260.379211	101.303047
17578.266667	-260.492737	101.318092
17578.333333	-260.462738	101.344589
17578.400000	-260.520966	101.439957
17578.466667	-260.472565	101.332329
17578.533333	-260.676544	101.462936
17578.600000	-260.569611	101.414513
17578.666667	-260.716431	101.358414
17578.733333	-260.690216	101.520462
17578.800000	-260.852234	101.327995
17578.866667	-260.777466	101.486053
17578.933333	-260.762817	101.446541
17579.000000	-261.048340	101.378815
17579.066667	-260.915039	101.268089
17579.133333	-260.896698	101.231422
17579.200000	-261.150726	101.335487
17579.266667	-260.957611	101.284203
17579.333333	-260.990387	101.195412
17579.400000	-260.902374	101.226036
17579.466667	-261.073578	101.272606
17579.533333	-261.115784	101.154968
17579.600000	-261.199219	101.236008
17579.666667	-261.328674	101.108513
17579.733333	-261.191376	101.223244
17579.800000	-261.423676	101.257957
17579.866667	-261.562653	101.086990
17579.933333	-261.423798	101.156219
17580.000000	-261.518311	101.098587
