7920.066667	-625.906860	46.824039
7920.133333	-625.416565	46.802750
7920.200000	-625.533264	46.629677
7920.266667	-625.425354	46.726353
7920.333333	-625.440857	46.785084
7920.400000	-625.295227	47.163067
7920.466667	-625.202087	46.768375
7920.533333	-624.796509	46.828064
7920.600000	-625.101807	46.880787
7920.666667	-625.000061	47.008610
7920.733333	-624.768250	46.914852
7920.800000	-624.614075	47.019505
7920.866667	-624.587708	47.129150
7920.933333	-624.379944	46.886921
7921.000000	-624.309448	47.045593
7921.066667	-624.411804	46.922985
7921.133333	-623.945312	47.133320
7921.200000	-624.010193	46.863049
7921.266667	-624.030090	47.041988
7921.333333	-624.009521	46.942928
7921.400000	-623.791992	47.220360
7921.466667	-623.781494	47.127609
7921.533333	-623.680420	47.154778
7921.600000	-623.490601	47.155884
7921.666667	-623.646484	47.016972
7921.733333	-623.591553	47.272545
7921.800000	-623.409485	47.212124
7921.866667	-623.049561	47.198868
7921.933333	-623.155518	47.268570
7922.000000	-622.939575	47.381977
7922.066667	-623.083496	47.183090
7922.133333	-622.679382	47.273678
7922.200000	-622.884399	47.371090
7922.266667	-622.784912	47.418091
7922.333333	-622.420227	47.420258
7922.400000	-622.495605	47.206223
7922.466667	-622.336853	47.460594
7922.533333	-622.338684	47.578812
7922.600000	-622.387756	47.550438
7922.666667	-621.957397	47.621788
7922.733333	-622.255127	47.356453
7922.800000	-621.928101	47.530319
7922.866667	-621.851257	47.645493
7922.933333	-621.918884	47.467773
7923.000000	-621.853271	47.655716
7923.066667	-621.684204	47.367222
7923.133333	-621.533875	47.504013
7923.200000	-621.335083	47.610332
7923.266667	-621.474060	47.566730
7923.333333	-621.074402	47.547371
7923.400000	-620.748779	47.727413
7923.466667	-621.027466	47.668343
7923.533333	-620.793884	47.587990
7923.600000	-620.926208	47.747894
7923.666667	-620.560974	47.738384
7923.733333	-620.772827	47.595390
7923.800000	-620.494263	47.814556
7923.866667	-620.573914	47.652077
7923.933333	-620.202637	47.734467
7924.000000	-620.323914	47.850788
7924.066667	-620.398010	47.920853
7924.133333	-620.092712	47.878395
7924.200000	-619.885193	48.005077
7924.266667	-619.793335	48.062180
7924.333333	-619.712097	47.943119
7924.400000	-619.615967	48.038940
7924.466667	-619.521301	48.090240
7924.533333	-619.622864	48.076042
7924.600000	-619.552429	47.988403
7924.666667	-619.431885	48.151352
7924.733333	-619.272095	48.005207
7924.800000	-619.148499	48.179317
7924.866667	-619.079346	48.022213
7924.933333	-618.973083	48.171608
7925.000000	-618.889160	48.195351
7925.066667	-618.626099	48.218590
7925.133333	-618.671204	48.291687
7925.200000	-618.837524	48.203098
7925.266667	-618.331787	48.207897
7925.333333	-618.332642	48.199352
7925.400000	-618.138245	48.210522
7925.466667	-618.166199	48.150814
7925.533333	-618.073425	48.376209
7925.600000	-617.923645	48.272099
7925.666667	-617.897217	48.229347
7925.733333	-617.714172	48.326462
7925.800000	-617.776428	48.323906
7925.866667	-617.527466	48.293587
7925.933333	-617.489319	48.443047
7926.000000	-617.377869	48.317287
7926.066667	-617.267822	48.403282
7926.133333	-617.249939	48.561764
7926.200000	-617.174500	48.459183
7926.266667	-617.055115	48.797115
7926.333333	-616.904419	48.539639
7926.400000	-616.481995	48.613907
7926.466667	-616.461487	48.839405
7926.533333	-616.593384	48.719059
7926.600000	-616.454712	48.540546
7926.666667	-616.398804	48.683819
7926.733333	-616.462097	48.752201
7926.800000	-616.274109	48.607075
7926.866667	-616.353394	48.707085
7926.933333	-616.159973	48.801750
7927.000000	-615.852112	48.734180
7927.066667	-615.942017	48.688881
7927.133333	-615.649292	48.756504
7927.200000	-615.767578	48.657608
7927.266667	-615.824036	48.656849
7927.333333	-615.350403	48.765110
7927.400000	-615.401428	48.758881
7927.466667	-615.465332	48.686020
7927.533333	-615.497192	48.664101
7927.600000	-615.159729	48.724876
7927.666667	-615.132202	48.788078
7927.733333	-615.050476	48.868984
7927.800000	-615.101807	48.696827
7927.866667	-614.881958	48.847137
7927.933333	-614.734436	49.032391
7928.000000	-614.756165	48.913906
7928.066667	-614.552429	48.965878
7928.133333	-614.606812	48.869530
7928.200000	-614.524109	48.812374
7928.266667	-614.462036	49.009640
7928.333333	-614.200989	48.962608
7928.400000	-614.448120	49.108837
7928.466667	-614.329224	49.114357
7928.533333	-614.252014	49.100494
7928.600000	-613.926392	49.204102
7928.666667	-614.050659	49.161354
7928.733333	-614.071655	49.311924
7928.800000	-613.661865	49.266159
7928.866667	-613.900024	49.259598
7928.933333	-613.643738	49.472343
7929.000000	-613.393066	49.210308
7929.066667	-613.552185	49.340820
7929.133333	-613.030823	49.350784
7929.200000	-613.171509	49.396519
7929.266667	-613.169556	49.433064
7929.333333	-612.923584	49.484936
7929.400000	-613.113220	49.262459
7929.466667	-612.705261	49.359734
7929.533333	-612.705261	49.359734
7929.600000	-612.597473	49.266056
7929.666667	-612.568237	49.291275
7929.733333	-612.775269	49.269291
7929.800000	-612.479187	49.419662
7929.866667	-612.145569	49.656788
7929.933333	-612.145569	49.656788
7930.000000	-612.224182	49.439419
7930.066667	-612.082031	49.440758
7930.133333	-611.877014	49.338486
7930.200000	-611.997925	49.469772
7930.266667	-611.447205	49.627056
7930.333333	-611.729309	49.563068
7930.400000	-611.729309	49.563068
7930.466667	-611.416687	49.772564
7930.533333	-611.448242	49.698700
7930.600000	-611.346008	49.819004
7930.666667	-610.989136	49.778217
7930.733333	-611.037842	49.636749
7930.800000	-611.037842	49.636749
7930.866667	-610.978577	49.779308
7930.933333	-611.107666	49.859226
7931.000000	-610.922363	49.734394
7931.066667	-610.687805	49.888020
7931.133333	-610.714233	49.841862
7931.200000	-610.714233	49.841862
7931.266667	-610.543274	49.782490
7931.333333	-610.609863	49.831585
7931.400000	-610.213989	50.007122
7931.466667	-609.994202	49.979034
7931.533333	-610.089783	50.014244
7931.600000	-609.942383	49.898701
7931.666667	-609.942383	49.898701
7931.733333	-609.497437	49.906681
7931.800000	-609.579224	49.801830
7931.866667	-609.327881	49.934967
7931.933333	-609.657776	50.190418
7932.000000	-609.319824	50.004715
7932.066667	-609.319824	50.004715
7932.133333	-609.559387	50.051720
7932.200000	-608.981262	49.823929
7932.266667	-608.978149	50.112045
7932.333333	-609.009644	50.169079
7932.400000	-609.007507	50.173523
7932.466667	-609.007507	50.173523
7932.533333	-608.733704	50.192364
7932.600000	-608.672424	50.251278
7932.666667	-608.337769	50.160549
7932.733333	-608.125793	50.167988
7932.800000	-608.313354	50.510735
7932.866667	-608.313354	50.510735
7932.933333	-608.187561	50.237095
7933.000000	-607.801880	50.506516
7933.066667	-607.796509	50.251904
7933.133333	-607.866333	50.393764
7933.200000	-607.691162	50.415585
7933.266667	-607.691162	50.415585
7933.333333	-607.795715	50.437580
7933.400000	-607.468140	50.548546
7933.466667	-607.696838	50.674412
7933.533333	-607.155334	50.546371
7933.600000	-607.250061	50.530571
7933.666667	-607.096069	50.485161
7933.733333	-607.096069	50.485161
7933.800000	-606.984741	50.475712
7933.866667	-607.058167	50.378067
7933.933333	-606.763184	50.400082
7934.000000	-606.534180	50.388390
7934.066667	-606.716370	50.747833
7934.133333	-606.716370	50.747833
7934.200000	-606.412231	50.722897
7934.266667	-606.128296	50.611622
7934.333333	-606.150696	50.663548
7934.400000	-606.026123	50.810768
7934.466667	-606.094421	50.626842
7934.533333	-606.094421	50.626842
7934.600000	-605.810913	50.678925
7934.666667	-605.671692	50.862820
7934.733333	-605.719971	50.602268
7934.800000	-605.474976	50.951447
7934.866667	-605.604858	50.772263
7934.933333	-605.683411	50.858711
7935.000000	-605.683411	50.858711
7935.066667	-605.190796	51.139854
7935.133333	-604.952942	50.992798
7935.200000	-605.054260	51.110832
7935.266667	-604.980957	51.089645
7935.333333	-604.810730	50.970207
7935.400000	-604.810730	50.970207
7935.466667	-604.813110	51.150406
7935.533333	-604.461914	50.875610
7935.600000	-604.449341	51.094456
7935.666667	-604.271851	50.889568
7935.733333	-604.377319	50.943737
7935.800000	-604.377319	50.943737
7935.866667	-603.891907	51.246124
7935.933333	-603.951477	51.009914
7936.000000	-603.936768	51.168194
7936.066667	-603.691345	51.123325
7936.133333	-603.658203	51.132027
7936.200000	-603.658203	51.132027
7936.266667	-603.493958	51.189007
7936.333333	-603.581299	51.244919
7936.400000	-603.243469	51.267948
7936.466667	-603.453918	51.157906
7936.533333	-603.408081	51.384285
7936.600000	-603.176453	51.334778
7936.666667	-603.059509	51.455620
7936.733333	-603.000854	51.274399
7936.800000	-603.077881	51.534828
7936.866667	-602.595032	51.307964
7936.933333	-602.744873	51.469612
7937.000000	-602.630981	51.405205
7937.066667	-602.567627	51.506092
7937.133333	-602.243774	51.627712
7937.200000	-602.279053	51.528225
7937.266667	-602.316711	51.598351
7937.333333	-602.135925	51.512913
7937.400000	-602.156677	51.461330
7937.466667	-601.994263	51.648941
7937.533333	-601.670593	51.638985
7937.600000	-601.483765	51.622002
7937.666667	-601.383911	51.521561
7937.733333	-601.445679	51.767265
7937.800000	-601.464722	51.656139
7937.866667	-601.232605	51.687790
7937.933333	-601.442261	51.667633
7938.000000	-601.165100	51.574078
7938.066667	-601.016541	51.798450
7938.133333	-600.842957	51.589127
7938.200000	-600.938416	51.575897
7938.266667	-600.632690	51.641197
7938.333333	-600.466248	51.721062
7938.400000	-600.602234	51.824150
7938.466667	-600.364563	51.831902
7938.533333	-600.032410	51.855671
7938.600000	-600.491577	51.658165
7938.666667	-600.185547	51.771721
7938.733333	-599.735474	51.918919
7938.800000	-599.898621	51.998619
7938.866667	-599.989014	52.107708
7938.933333	-600.023743	51.890472
7939.000000	-599.909119	52.042336
7939.066667	-599.678833	52.041775
7939.133333	-599.636108	52.001198
7939.200000	-599.338989	52.163624
7939.266667	-599.649658	51.973648
7939.333333	-599.369873	52.202717
7939.400000	-599.261841	52.175560
7939.466667	-599.046448	52.169750
7939.533333	-598.891663	52.165508
7939.600000	-598.972107	52.154003
7939.666667	-599.043030	52.002533
7939.733333	-598.588379	52.119232
7939.800000	-598.454102	52.141106
7939.866667	-598.458557	52.156868
7939.933333	-598.305786	52.196812
7940.000000	-598.366394	52.247593
7940.066667	-598.174927	52.180603
7940.133333	-598.013062	52.328503
7940.200000	-598.088013	52.308300
7940.266667	-597.972839	52.410709
7940.333333	-597.568604	52.338711
7940.400000	-597.855042	52.108757
7940.466667	-597.629639	52.363121
7940.533333	-597.408081	52.412876
7940.600000	-597.524109	52.264954
7940.666667	-597.390991	52.563972
7940.733333	-597.152344	52.357983
7940.800000	-597.053345	52.359432
7940.866667	-596.970154	52.519012
7940.933333	-596.949280	52.300621
7941.000000	-596.698547	52.528461
7941.066667	-596.681946	52.580196
7941.133333	-596.850403	52.526447
7941.200000	-596.526245	52.830765
7941.266667	-596.603210	52.542694
7941.333333	-596.337524	52.648308
7941.400000	-596.118835	52.512547
7941.466667	-596.411926	52.616547
7941.533333	-596.155762	52.681026
7941.600000	-596.085876	52.839809
7941.666667	-596.044556	52.619492
7941.733333	-595.737610	52.757099
7941.800000	-595.823120	52.764301
7941.866667	-595.582642	52.844646
7941.933333	-595.496521	52.686684
7942.000000	-595.335754	52.905800
7942.066667	-595.136841	52.685646
7942.133333	-595.362183	52.900745
7942.200000	-595.176453	52.877434
7942.266667	-594.801880	52.884354
7942.333333	-594.973572	52.918980
7942.400000	-594.801880	52.803040
7942.466667	-594.725159	52.817482
7942.533333	-594.523315	52.899841
7942.600000	-594.589844	52.849621
7942.666667	-594.502319	52.822300
7942.733333	-594.226562	52.900082
7942.800000	-594.245728	53.035145
7942.866667	-594.161743	53.033104
7942.933333	-593.871826	53.066570
7943.000000	-593.725342	53.019909
7943.066667	-593.829102	53.112835
7943.133333	-593.907593	53.159283
7943.200000	-593.384521	53.143158
7943.266667	-593.370728	53.178802
7943.333333	-593.679260	53.156639
7943.400000	-593.347412	53.134472
7943.466667	-593.326660	53.217941
7943.533333	-593.082947	53.340431
7943.600000	-592.872437	53.410225
7943.666667	-589.145447	53.014778
7943.733333	-593.031433	53.275684
7943.800000	-592.590942	53.313126
7943.866667	-592.586548	53.327232
7943.933333	-592.621155	53.402847
7944.000000	-592.427124	53.368217
7944.066667	-592.279907	53.430973
7944.133333	-592.167786	53.459949
7944.200000	-592.325867	53.369232
7944.266667	-591.807129	53.581528
7944.333333	-592.107239	53.463745
7944.400000	-591.834961	53.440865
7944.466667	-591.955444	53.594185
7944.533333	-591.651428	53.479195
7944.600000	-591.536011	53.491886
7944.666667	-591.346191	53.564983
7944.733333	-591.218689	53.501839
7944.800000	-591.013977	53.611973
7944.866667	-590.913452	53.758781
7944.933333	-591.208008	53.775864
7945.000000	-591.089783	53.763405
7945.066667	-590.868652	53.830059
7945.133333	-590.449707	53.678623
7945.200000	-590.605957	53.678089
7945.266667	-590.550476	53.702217
7945.333333	-590.335327	53.906734
7945.400000	-590.265686	53.772011
7945.466667	-590.209412	53.740643
7945.533333	-590.124512	53.910564
7945.600000	-590.127075	53.906761
7945.666667	-589.990479	53.992443
7945.733333	-589.809021	53.880100
7945.800000	-589.712036	53.999748
7945.866667	-589.856934	53.978264
7945.933333	-589.376831	54.051838
7946.000000	-589.404419	54.016392
7946.066667	-589.582764	54.050720
7946.133333	-589.547058	53.924778
7946.200000	-589.285950	54.002605
7946.266667	-589.011902	54.057156
7946.333333	-588.820312	53.905495
7946.400000	-588.879272	54.078262
7946.466667	-588.697388	53.997120
7946.533333	-588.536499	53.939400
7946.600000	-588.385559	54.052940
7946.666667	-588.390015	54.087914
7946.733333	-588.585632	54.064163
7946.800000	-588.412109	54.213005
7946.866667	-588.192627	54.278149
7946.933333	-587.993530	54.217403
7947.000000	-587.797852	54.335491
7947.066667	-587.897400	54.300831
7947.133333	-587.750916	54.384418
7947.200000	-587.684021	54.309834
7947.266667	-587.647339	54.228424
7947.333333	-587.574219	54.351654
7947.400000	-587.468689	54.270119
7947.466667	-587.376465	54.241856
7947.533333	-587.244690	54.501656
7947.600000	-586.900574	54.443020
7947.666667	-587.004456	54.389133
7947.733333	-586.887634	54.424259
7947.800000	-586.750000	54.415356
7947.866667	-586.562683	54.566906
7947.933333	-586.678894	54.380928
7948.000000	-586.321716	54.550911
7948.066667	-586.455322	54.414249
7948.133333	-586.259399	54.665001
7948.200000	-586.268005	54.556381
7948.266667	-586.290649	54.765770
7948.333333	-585.977234	54.629272
7948.400000	-586.105896	54.535336
7948.466667	-585.884888	54.715511
7948.533333	-585.622437	54.596096
7948.600000	-585.529907	54.594429
7948.666667	-585.384277	54.592476
7948.733333	-585.461060	54.729496
7948.800000	-585.556824	54.637775
7948.866667	-585.228516	54.587608
7948.933333	-585.066956	54.692165
7949.000000	-585.059326	54.638157
7949.066667	-585.088989	54.738106
7949.133333	-585.173279	54.761383
7949.200000	-584.802734	54.701015
7949.266667	-584.595276	54.788235
7949.333333	-584.641907	54.644596
7949.400000	-584.344299	54.772530
7949.466667	-584.320801	54.817551
7949.533333	-584.528381	54.886501
7949.600000	-584.170471	54.973110
7949.666667	-584.163391	55.180107
7949.733333	-583.891174	54.972767
7949.800000	-583.787720	54.971970
7949.866667	-583.676575	55.041866
7949.933333	-583.726685	55.071930
7950.000000	-583.516907	55.154091
7950.066667	-583.339233	55.239746
7950.133333	-583.333618	55.161953
7950.200000	-583.347290	55.117332
7950.266667	-583.274780	55.170277
7950.333333	-583.001770	55.094631
7950.400000	-583.020325	55.240238
7950.466667	-582.842224	55.117470
7950.533333	-582.776367	55.210281
7950.600000	-582.684387	55.140217
7950.666667	-582.721802	55.155647
7950.733333	-582.498413	55.212250
7950.800000	-582.294983	55.256618
7950.866667	-582.380249	55.339680
7950.933333	-582.227905	55.351681
7951.000000	-581.934021	55.393047
7951.066667	-582.216370	55.224377
7951.133333	-582.117737	55.249279
7951.200000	-581.910095	55.367546
7951.266667	-581.544250	55.427364
7951.333333	-581.744751	55.398415
7951.400000	-581.559265	55.492527
7951.466667	-581.592346	55.358173
7951.533333	-581.206543	55.376884
7951.600000	-581.172424	55.481564
7951.666667	-581.142639	55.482529
7951.733333	-581.075256	55.429909
7951.800000	-580.922668	55.601456
7951.866667	-580.798218	55.576202
7951.933333	-580.994995	55.585270
7952.000000	-580.497253	55.664059
7952.066667	-580.469055	55.659340
7952.133333	-580.529785	55.807568
7952.200000	-580.554932	55.637188
7952.266667	-580.370056	55.729256
7952.333333	-580.079956	55.750832
7952.400000	-580.066833	55.712803
7952.466667	-580.026245	55.764816
7952.533333	-579.948486	55.775204
7952.600000	-579.854980	55.749016
7952.666667	-579.731140	55.733620
7952.733333	-579.776917	55.736786
7952.800000	-579.631409	55.775349
7952.866667	-579.325195	55.741455
7952.933333	-579.368652	55.777111
7953.000000	-579.249939	55.815674
7953.066667	-579.217834	55.687908
7953.133333	-579.079468	55.955128
7953.200000	-579.006409	55.875626
7953.266667	-575.095581	55.839115
7953.333333	-578.701477	56.020386
7953.400000	-578.418884	55.945602
7953.466667	-578.539429	55.962349
7953.533333	-578.660095	56.180397
7953.600000	-578.307434	56.176105
7953.666667	-578.321594	56.123409
7953.733333	-578.223145	56.052952
7953.800000	-577.788208	56.091496
7953.866667	-577.880066	56.158195
7953.933333	-577.795349	56.271065
7954.000000	-577.967651	56.176071
7954.066667	-577.594360	56.277050
7954.133333	-577.655945	56.332817
7954.200000	-577.283752	56.359417
7954.266667	-577.409241	56.283691
7954.333333	-577.176025	56.468887
7954.400000	-576.994202	56.399429
7954.466667	-577.055420	56.270901
7954.533333	-577.030212	56.479954
7954.600000	-576.849854	56.317303
7954.666667	-576.729126	56.300774
7954.733333	-576.867188	56.314720
7954.800000	-576.500854	56.448105
7954.866667	-576.512939	56.385235
7954.933333	-576.213928	56.287296
7955.000000	-576.250000	56.407005
7955.066667	-576.017395	56.394878
7955.133333	-576.133606	56.446991
7955.200000	-575.954529	56.511913
7955.266667	-575.943237	56.395573
7955.333333	-575.760315	56.613155
7955.400000	-575.658020	56.486237
7955.466667	-575.587280	56.468964
7955.533333	-575.367065	56.536488
7955.600000	-575.414062	56.539112
7955.666667	-575.325684	56.566891
7955.733333	-575.295166	56.568035
7955.800000	-574.946167	56.673786
7955.866667	-575.106506	56.767986
7955.933333	-574.939453	56.805843
7956.000000	-574.734253	56.787838
7956.066667	-574.772156	56.730114
7956.133333	-574.271301	56.758297
7956.200000	-574.382507	56.608952
7956.266667	-574.379395	56.899654
7956.333333	-574.438293	56.891083
7956.400000	-574.335449	56.850777
7956.466667	-574.133362	56.892799
7956.533333	-573.997009	56.938660
7956.600000	-573.818115	56.953503
7956.666667	-573.734802	56.959049
7956.733333	-573.704834	56.886581
7956.800000	-573.336243	57.058781
7956.866667	-573.403198	56.950134
7956.933333	-573.340393	56.901558
7957.000000	-573.315552	56.956593
7957.066667	-573.190735	56.828835
7957.133333	-573.093445	56.955097
7957.200000	-572.975647	57.067162
7957.266667	-572.849365	56.920162
7957.333333	-573.130859	56.979504
7957.400000	-572.904236	57.060520
7957.466667	-572.807556	56.972927
7957.533333	-572.374390	57.017178
7957.600000	-572.492249	56.996655
7957.666667	-572.465515	57.181770
7957.733333	-572.366577	57.107903
7957.800000	-572.164551	57.047707
7957.866667	-572.254150	57.137199
7957.933333	-572.012878	57.167782
7958.000000	-572.098938	57.202404
7958.066667	-571.887756	57.265091
7958.133333	-571.770874	57.358395
7958.200000	-571.627625	57.306961
7958.266667	-571.535339	57.468590
7958.333333	-571.514648	57.394070
7958.400000	-571.373596	57.406616
7958.466667	-571.380615	57.492222
7958.533333	-571.122253	57.495197
7958.600000	-570.877136	57.461731
7958.666667	-570.903870	57.369534
7958.733333	-571.043091	57.516811
7958.800000	-570.861633	57.329773
7958.866667	-570.729553	57.475830
7958.933333	-570.612305	57.553261
7959.000000	-570.362244	57.666382
7959.066667	-570.207520	57.397083
7959.133333	-570.224426	57.552074
7959.200000	-570.188782	57.379528
7959.266667	-570.241394	57.568508
7959.333333	-569.887329	57.595501
7959.400000	-569.946777	57.698967
7959.466667	-569.788818	57.508331
7959.533333	-569.711182	57.484642
7959.600000	-569.531860	57.574547
7959.666667	-569.487549	57.600986
7959.733333	-569.504944	57.503326
7959.800000	-569.174255	57.614773
7959.866667	-569.220825	57.684727
7959.933333	-569.207458	57.713844
7960.000000	-568.944702	57.740177
7960.066667	-569.066406	57.761292
7960.133333	-569.042358	57.711300
7960.200000	-568.767517	57.774464
7960.266667	-568.751221	57.777615
7960.333333	-568.597351	58.057278
7960.400000	-568.603027	57.897930
7960.466667	-568.297302	57.868763
7960.533333	-568.286804	57.765690
7960.600000	-568.349792	57.958344
7960.666667	-561.175415	57.899967
7960.733333	-568.091858	57.989620
7960.800000	-567.954956	58.096863
7960.866667	-567.753723	58.084274
7960.933333	-567.653931	58.103294
7961.000000	-567.630249	58.135567
7961.066667	-567.444153	57.922329
7961.133333	-567.456299	58.106483
7961.200000	-567.195740	58.096745
7961.266667	-567.359924	58.087933
7961.333333	-567.019043	58.060638
7961.400000	-566.957642	57.950832
7961.466667	-566.817749	58.020126
7961.533333	-566.927063	58.037910
7961.600000	-566.747314	58.125751
7961.666667	-566.577271	58.117592
7961.733333	-566.450500	58.081017
7961.800000	-566.637329	58.156162
7961.866667	-566.484802	58.088085
7961.933333	-566.284241	58.149391
7962.000000	-566.305725	58.196949
7962.066667	-566.123535	58.274067
7962.133333	-566.047180	58.394165
7962.200000	-566.072021	58.215034
7962.266667	-565.965271	58.436420
7962.333333	-565.750732	58.409634
7962.400000	-565.834106	58.394791
7962.466667	-565.509155	58.389034
7962.533333	-565.450500	58.502018
7962.600000	-565.376160	58.466667
7962.666667	-565.228149	58.511940
7962.733333	-565.285889	58.524780
7962.800000	-565.253540	58.466492
7962.866667	-565.067627	58.475636
7962.933333	-564.976929	58.641331
7963.000000	-564.755798	58.367832
7963.066667	-564.703918	58.618931
7963.133333	-564.232971	58.479912
7963.200000	-564.382263	58.563095
7963.266667	-564.297424	58.468929
7963.333333	-564.363281	58.554226
7963.400000	-564.070374	58.576874
7963.466667	-564.206970	58.551659
7963.533333	-564.166687	58.523407
7963.600000	-563.744568	58.596012
7963.666667	-563.799561	58.573605
7963.733333	-563.837280	58.798668
7963.800000	-563.373718	58.616520
7963.866667	-563.682068	58.699451
7963.933333	-563.543457	58.711033
7964.000000	-563.482300	58.707554
7964.066667	-563.199280	58.830357
7964.133333	-562.997070	58.890564
7964.200000	-563.030151	58.732464
7964.266667	-562.873596	58.790642
7964.333333	-562.873596	58.790642
7964.400000	-562.713013	58.903965
7964.466667	-562.618225	59.054691
7964.533333	-562.692078	59.088821
7964.600000	-562.518250	58.869282
7964.666667	-562.412781	59.053902
7964.733333	-562.371460	59.041653
7964.800000	-562.166138	58.933475
7964.866667	-562.120544	59.093189
7964.933333	-562.036621	58.974525
7965.000000	-562.115051	58.998383
7965.066667	-561.535706	59.115921
7965.133333	-561.736145	59.143776
7965.200000	-561.736145	59.143776
7965.266667	-561.565674	59.244350
7965.333333	-561.541443	59.177498
7965.400000	-561.236450	59.161655
7965.466667	-561.173279	59.226624
7965.533333	-561.277527	59.161308
7965.600000	-561.277527	59.161308
7965.666667	-560.809448	59.072250
7965.733333	-561.056030	59.209698
7965.800000	-560.836121	59.294205
7965.866667	-560.740234	59.420006
7965.933333	-560.542053	59.310074
7966.000000	-560.542053	59.310074
7966.066667	-560.354858	59.162811
7966.133333	-560.332153	59.271236
7966.200000	-560.319519	59.438461
7966.266667	-559.637817	59.422565
7966.333333	-560.163269	59.395504
7966.400000	-560.163269	59.395504
7966.466667	-559.913757	59.481602
7966.533333	-559.690186	59.509811
7966.600000	-559.620178	59.468719
7966.666667	-559.354980	59.532631
7966.733333	-559.425354	59.512661
7966.800000	-559.320557	59.519081
7966.866667	-559.320557	59.519081
7966.933333	-559.291382	59.628387
7967.000000	-559.161865	59.621338
7967.066667	-559.236023	59.730190
7967.133333	-558.709839	59.588276
7967.200000	-558.780029	59.656860
7967.266667	-558.780029	59.656860
7967.333333	-558.826721	59.647892
7967.400000	-558.474304	59.606636
7967.466667	-558.408142	59.751915
7967.533333	-558.365967	59.572906
7967.600000	-558.072754	59.729469
7967.666667	-558.072754	59.729469
7967.733333	-558.139099	59.753006
7967.800000	-557.944153	59.768368
7967.866667	-557.637695	59.622681
7967.933333	-557.761902	59.889378
7968.000000	-557.664429	59.752323
7968.066667	-557.501343	59.939342
7968.133333	-557.501343	59.939342
7968.200000	-557.441406	59.737427
7968.266667	-557.323914	59.911667
7968.333333	-557.166016	59.900780
7968.400000	-557.176697	59.959591
7968.466667	-556.827454	59.960575
7968.533333	-556.827454	59.960575
7968.600000	-556.727844	59.949413
7968.666667	-556.626648	60.033268
7968.733333	-556.790344	60.027283
7968.800000	-556.404724	60.066765
7968.866667	-556.228882	60.119102
7968.933333	-556.228882	60.119102
7969.000000	-555.950623	60.215504
7969.066667	-556.170349	60.215302
7969.133333	-556.076477	60.202309
7969.200000	-556.077393	60.142422
7969.266667	-555.802124	60.268295
7969.333333	-555.668823	60.279594
7969.400000	-555.668823	60.279594
7969.466667	-555.499084	60.250713
7969.533333	-555.476807	60.241043
7969.600000	-555.260010	60.269814
7969.666667	-555.157288	60.236927
7969.733333	-554.864380	60.353607
7969.800000	-554.864380	60.353607
7969.866667	-555.079346	60.229225
7969.933333	-554.841736	60.324772
7970.000000	-554.650330	60.384708
7970.066667	-554.604736	60.286755
7970.133333	-554.495911	60.433514
7970.200000	-554.495911	60.433514
7970.266667	-554.305359	60.468079
7970.333333	-554.110901	60.338203
7970.400000	-554.194397	60.589962
7970.466667	-554.133118	60.455360
7970.533333	-553.981262	60.521351
7970.600000	-553.981262	60.521351
7970.666667	-553.705688	60.533916
7970.733333	-553.694824	60.563709
7970.800000	-553.475952	60.597527
7970.866667	-553.643372	60.639786
7970.933333	-553.285034	60.729908
7971.000000	-553.348450	60.622936
7971.066667	-553.238403	60.637108
7971.133333	-553.210815	60.736961
7971.200000	-553.017700	60.682632
7971.266667	-552.727417	60.744297
7971.333333	-553.053101	60.826595
7971.400000	-552.849792	60.714767
7971.466667	-552.719910	60.722481
7971.533333	-552.470154	60.859333
7971.600000	-552.594055	60.802048
7971.666667	-552.286804	60.750160
7971.733333	-552.320374	60.823681
7971.800000	-552.204895	60.727566
7971.866667	-552.034973	60.641693
7971.933333	-551.923584	60.823833
7972.000000	-552.104797	60.683773
7972.066667	-551.888062	60.718010
7972.133333	-551.766174	60.801540
7972.200000	-551.508301	60.873890
7972.266667	-551.408813	60.937576
7972.333333	-551.349487	60.906715
7972.400000	-551.417480	60.914955
7972.466667	-551.156311	61.004654
7972.533333	-551.067688	60.899258
7972.600000	-550.649719	61.060226
7972.666667	-550.955017	61.011276
7972.733333	-550.586243	60.892273
7972.800000	-550.672729	61.140347
7972.866667	-550.495300	61.002399
7972.933333	-550.403870	61.195129
7973.000000	-550.354126	61.108051
7973.066667	-550.314636	61.146069
7973.133333	-550.284424	61.227009
7973.200000	-550.145996	61.175552
7973.266667	-550.223999	61.253132
7973.333333	-549.907410	61.286556
7973.400000	-549.720215	61.273338
7973.466667	-549.656250	61.277431
7973.533333	-549.684875	61.336433
7973.600000	-549.700928	61.151993
7973.666667	-549.361877	61.352997
7973.733333	-549.214233	61.087944
7973.800000	-549.128357	61.369114
7973.866667	-549.063293	61.185123
7973.933333	-549.338806	61.370239
7974.000000	-549.008667	61.374950
7974.066667	-548.934387	61.488750
7974.133333	-548.853088	61.379147
7974.200000	-548.483154	61.413219
7974.266667	-548.470825	61.470272
7974.333333	-548.567932	61.284317
7974.400000	-548.419739	61.339294
7974.466667	-548.328186	61.376015
7974.533333	-548.245544	61.468842
7974.600000	-548.022827	61.547012
7974.666667	-548.096375	61.483013
7974.733333	-547.893982	61.480953
7974.800000	-547.747742	61.486736
7974.866667	-547.771423	61.593403
7974.933333	-547.643494	61.713699
7975.000000	-547.627319	61.691593
7975.066667	-547.584167	61.688583
7975.133333	-547.243530	61.710869
7975.200000	-547.198853	61.631481
7975.266667	-547.210022	61.780006
7975.333333	-546.862549	61.848976
7975.400000	-546.950439	61.837833
7975.466667	-546.813843	61.950733
7975.533333	-546.864624	61.758526
7975.600000	-546.642151	61.794617
7975.666667	-546.518311	61.897991
7975.733333	-546.356995	61.894394
7975.800000	-546.322876	61.876659
7975.866667	-546.317139	61.811531
7975.933333	-546.172607	62.026924
7976.000000	-546.250000	61.971519
7976.066667	-546.057434	61.939129
7976.133333	-545.960938	61.959599
7976.200000	-545.917053	61.860500
7976.266667	-545.862488	62.001602
7976.333333	-545.604492	61.907932
7976.400000	-545.691162	61.950325
7976.466667	-545.401978	61.947063
7976.533333	-545.184998	61.981712
7976.600000	-545.317505	62.029140
7976.666667	-545.086670	61.947598
7976.733333	-544.963379	61.916611
7976.800000	-545.015991	61.983635
7976.866667	-544.741882	62.098610
7976.933333	-544.888611	62.042625
7977.000000	-544.481750	62.320309
7977.066667	-544.659058	62.051239
7977.133333	-544.327576	62.020054
7977.200000	-544.357788	62.318352
7977.266667	-544.134949	62.323898
7977.333333	-544.221069	62.237782
7977.400000	-544.256592	62.328182
7977.466667	-544.135437	62.453804
7977.533333	-543.924988	62.269947
7977.600000	-543.832397	62.251053
7977.666667	-543.712036	62.314297
7977.733333	-543.844788	62.403152
7977.800000	-543.480103	62.486607
7977.866667	-543.461975	62.390530
7977.933333	-543.341980	62.316040
7978.000000	-543.283997	62.481579
7978.066667	-543.200806	62.407249
7978.133333	-542.831604	62.362865
7978.200000	-542.989563	62.477818
7978.266667	-542.716431	62.427704
7978.333333	-542.596497	62.484718
7978.400000	-542.651733	62.542431
7978.466667	-542.586243	62.584923
7978.533333	-542.499451	62.605095
7978.600000	-542.474670	62.531693
7978.666667	-542.241638	62.500458
7978.733333	-542.000427	62.546696
7978.800000	-542.161438	62.649555
7978.866667	-542.033081	62.558296
7978.933333	-542.105042	62.632168
7979.000000	-541.887268	62.721172
7979.066667	-541.835266	62.580734
7979.133333	-541.409668	62.627506
7979.200000	-541.733459	62.668491
7979.266667	-541.367249	62.625694
7979.333333	-541.268799	62.762226
7979.400000	-541.281616	62.718426
7979.466667	-541.298889	62.781937
7979.533333	-540.938782	62.802464
7979.600000	-541.034912	62.817287
7979.666667	-540.843567	62.831150
7979.733333	-540.587280	62.887745
7979.800000	-540.649902	62.943897
7979.866667	-540.613403	62.827896
7979.933333	-540.473267	62.793377
7980.000000	-540.371948	62.905125
