9000.066667	-280.381714	97.062943
9000.133333	-280.596497	97.184952
9000.200000	-280.443420	97.067780
9000.266667	-280.403687	97.041161
9000.333333	-280.545624	97.117142
9000.400000	-280.471924	97.119644
9000.466667	-280.387268	97.096901
9000.533333	-280.259430	97.003227
9000.600000	-280.316132	97.018127
9000.666667	-280.253967	97.029518
9000.733333	-280.380707	97.165825
9000.800000	-280.218689	96.961067
9000.866667	-280.458008	97.122398
9000.933333	-280.230408	97.038513
9001.000000	-280.321625	97.083771
9001.066667	-280.400452	97.133995
9001.133333	-280.191010	97.050980
9001.200000	-280.279907	97.146339
9001.266667	-280.279907	97.146339
9001.333333	-280.343964	97.068459
9001.400000	-280.096924	97.156937
9001.466667	-280.199951	97.156708
9001.533333	-280.161163	97.199104
9001.600000	-279.995636	97.147804
9001.666667	-280.393311	97.175468
9001.733333	-280.116211	97.080956
9001.800000	-280.068268	97.223877
9001.866667	-280.161011	97.219810
9001.933333	-279.872406	97.057846
9002.000000	-279.954071	97.144417
9002.066667	-279.906860	97.095901
9002.133333	-280.023438	97.202972
9002.200000	-279.801392	97.070641
9002.266667	-279.886139	97.119728
9002.333333	-279.890167	97.114952
9002.400000	-279.928986	97.182640
9002.466667	-279.907196	97.194710
9002.533333	-279.828522	97.083221
9002.600000	-279.774750	97.157158
9002.666667	-279.884430	97.066109
9002.733333	-279.853058	97.097267
9002.800000	-279.801208	97.037918
9002.866667	-279.809723	97.102356
9002.933333	-279.773499	97.036179
9003.000000	-279.804535	97.165428
9003.066667	-279.719360	97.131363
9003.133333	-279.742493	97.161179
9003.200000	-279.746460	97.169861
9003.266667	-279.661224	97.133980
9003.333333	-279.569000	97.058189
9003.400000	-279.699341	97.170647
9003.466667	-279.739990	97.220047
9003.533333	-279.566467	97.122780
9003.600000	-279.690155	97.215263
9003.666667	-279.594910	97.109253
9003.733333	-279.630707	97.140175
9003.800000	-279.442627	97.116142
9003.866667	-279.512268	97.198975
9003.933333	-279.514771	97.155472
9004.000000	-279.637115	97.264809
9004.066667	-279.481476	97.267349
9004.133333	-279.545380	97.282341
9004.200000	-279.449799	97.312187
9004.266667	-279.308319	97.094048
9004.333333	-279.277588	97.092979
9004.400000	-279.536469	97.248817
9004.466667	-279.410583	97.192230
9004.533333	-279.483215	97.204826
9004.600000	-279.504425	97.105392
9004.666667	-279.248413	97.100883
9004.733333	-279.342194	97.197433
9004.800000	-279.418274	97.254265
9004.866667	-279.177795	97.083801
9004.933333	-279.167450	97.099388
9005.000000	-279.316071	97.165794
9005.066667	-279.132385	97.084991
9005.133333	-279.103821	97.098747
9005.200000	-279.129730	97.107948
9005.266667	-279.194855	97.035728
9005.333333	-279.294281	97.141190
9005.400000	-279.194855	97.106148
9005.466667	-279.142456	97.162941
9005.533333	-279.036346	97.136002
9005.600000	-279.027374	97.188507
9005.666667	-279.114380	97.193329
9005.733333	-278.961792	97.017288
9005.800000	-279.078979	97.260780
9005.866667	-279.055450	97.166405
9005.933333	-278.980316	97.219948
9006.000000	-279.136169	97.293930
9006.066667	-279.034760	97.281380
9006.133333	-278.996826	97.120743
9006.200000	-278.967926	97.198814
9006.266667	-279.073914	97.339767
9006.333333	-278.919037	97.184593
9006.400000	-278.938538	97.327141
9006.466667	-278.897522	97.267555
9006.533333	-278.962463	97.307739
9006.600000	-278.957458	97.201973
9006.666667	-278.832123	97.192841
9006.733333	-278.938477	97.285461
9006.800000	-278.876892	97.112549
9006.866667	-278.752930	97.087837
9006.933333	-278.874176	97.098541
9007.000000	-278.854492	97.299438
9007.066667	-278.882629	97.216743
9007.133333	-278.662445	97.150452
9007.200000	-278.579529	97.101120
9007.266667	-278.569214	97.120140
9007.333333	-278.833832	97.201447
9007.400000	-278.576660	97.136002
9007.466667	-278.859619	97.175949
9007.533333	-278.702515	97.239555
9007.600000	-278.645935	97.268051
9007.666667	-278.897156	97.235664
9007.733333	-278.721069	97.182480
9007.800000	-278.582733	97.281746
9007.866667	-278.816284	97.368080
9007.933333	-278.662445	97.214973
9008.000000	-278.622101	97.349480
9008.066667	-278.603607	97.213341
9008.133333	-278.664276	97.299171
9008.200000	-278.523224	97.318901
9008.266667	-278.512268	97.338646
9008.333333	-278.581573	97.453629
9008.400000	-278.266479	97.315262
9008.466667	-278.566223	97.395699
9008.533333	-278.292023	97.274452
9008.600000	-278.325775	97.296951
9008.666667	-278.325745	97.312813
9008.733333	-278.401825	97.262436
9008.800000	-278.404938	97.242897
9008.866667	-278.297638	97.276604
9008.933333	-278.234161	97.221619
9009.000000	-278.313263	97.208466
9009.066667	-278.267303	97.285172
9009.133333	-278.172119	97.151421
9009.200000	-278.239471	97.220085
9009.266667	-278.221954	97.177948
9009.333333	-278.205658	97.196686
9009.400000	-278.225769	97.241951
9009.466667	-278.273560	97.184593
9009.533333	-278.195770	97.220047
9009.600000	-278.089844	97.218399
9009.666667	-278.270996	97.252365
9009.733333	-278.140778	97.269279
9009.800000	-278.215973	97.335640
9009.866667	-278.093079	97.384827
9009.933333	-278.179535	97.255165
9010.000000	-278.086700	97.240654
9010.066667	-277.974274	97.242180
9010.133333	-278.167999	97.363037
9010.200000	-278.105164	97.267342
9010.266667	-278.128510	97.401375
9010.333333	-278.226562	97.374931
9010.400000	-278.157349	97.335709
9010.466667	-277.967346	97.281288
9010.533333	-278.092651	97.372749
9010.600000	-278.054291	97.402863
9010.666667	-277.857422	97.323845
9010.733333	-277.912964	97.370369
9010.800000	-277.853699	97.311172
9010.866667	-277.832153	97.314705
9010.933333	-277.956970	97.356590
9011.000000	-278.011230	97.502251
9011.066667	-277.757721	97.261475
9011.133333	-277.926300	97.219948
9011.200000	-277.687256	97.154922
9011.266667	-277.768646	97.289589
9011.333333	-277.765961	97.239075
9011.400000	-277.825836	97.357452
9011.466667	-277.893799	97.287224
9011.533333	-277.575226	97.253693
9011.600000	-278.003815	97.275749
9011.666667	-277.649933	97.243393
9011.733333	-277.732849	97.255363
9011.800000	-277.692596	97.312439
9011.866667	-277.540436	97.256729
9011.933333	-277.653046	97.262863
9012.000000	-277.589111	97.368698
9012.066667	-277.687622	97.406258
9012.133333	-277.584076	97.260185
9012.200000	-277.621887	97.274452
9012.266667	-277.497284	97.346992
9012.333333	-277.731659	97.428207
9012.400000	-277.636841	97.340355
9012.466667	-277.606354	97.340309
9012.533333	-277.555817	97.386475
9012.600000	-277.494934	97.364441
9012.666667	-277.554169	97.434341
9012.733333	-277.541626	97.410347
9012.800000	-277.483795	97.437416
9012.866667	-277.454407	97.278610
9012.933333	-277.367706	97.466240
9013.000000	-277.546722	97.428055
9013.066667	-277.465729	97.331688
9013.133333	-277.401703	97.404594
9013.200000	-277.348907	97.292252
9013.266667	-277.391571	97.277733
9013.333333	-277.381104	97.307365
9013.400000	-277.313995	97.276031
9013.466667	-277.293427	97.289917
9013.533333	-277.273315	97.319542
9013.600000	-277.201691	97.324936
9013.666667	-277.344940	97.327065
9013.733333	-277.260620	97.297844
9013.800000	-277.136841	97.319458
9013.866667	-277.236389	97.272499
9013.933333	-277.167755	97.305885
9014.000000	-277.092041	97.331207
9014.066667	-277.200714	97.460167
9014.133333	-277.128418	97.317909
9014.200000	-277.226868	97.458237
9014.266667	-277.308624	97.417892
9014.333333	-277.089600	97.442192
9014.400000	-276.941071	97.496895
9014.466667	-277.140778	97.396858
9014.533333	-277.184784	97.433548
9014.600000	-277.210999	97.450890
9014.666667	-277.171234	97.360733
9014.733333	-277.249268	97.384827
9014.800000	-276.974548	97.395142
9014.866667	-276.997070	97.463516
9014.933333	-276.823273	97.298210
9015.000000	-276.906555	97.427483
9015.066667	-276.988586	97.409729
9015.133333	-276.879761	97.349739
9015.200000	-276.742401	97.329933
9015.266667	-276.938385	97.410522
9015.333333	-276.916260	97.342033
9015.400000	-276.895020	97.445213
9015.466667	-276.975372	97.329720
9015.533333	-276.865814	97.420578
9015.600000	-276.820374	97.290192
9015.666667	-276.750000	97.415154
9015.733333	-276.890839	97.366356
9015.800000	-276.829376	97.265930
9015.866667	-276.707062	97.429321
9015.933333	-276.716217	97.270355
9016.000000	-276.801971	97.346565
9016.066667	-276.733734	97.373863
9016.133333	-276.848785	97.439209
9016.200000	-276.742401	97.379166
9016.266667	-276.600555	97.391136
9016.333333	-276.694763	97.406273
9016.400000	-276.781799	97.395576
9016.466667	-276.893707	97.479156
9016.533333	-276.688263	97.475990
9016.600000	-276.652924	97.375298
9016.666667	-276.769165	97.453629
9016.733333	-276.682251	97.464363
9016.800000	-276.676788	97.430901
9016.866667	-276.719299	97.418892
9016.933333	-276.743896	97.494926
9017.000000	-276.614166	97.432137
9017.066667	-276.573578	97.424469
9017.133333	-276.570953	97.409615
9017.200000	-276.466766	97.509560
9017.266667	-276.343750	97.403755
9017.333333	-276.482086	97.387817
9017.400000	-276.459045	97.390923
9017.466667	-276.424774	97.425400
9017.533333	-276.634979	97.506386
9017.600000	-276.381256	97.449615
9017.666667	-276.588196	97.377518
9017.733333	-276.548676	97.388268
9017.800000	-276.517365	97.452164
9017.866667	-276.505096	97.347809
9017.933333	-276.465607	97.429832
9018.000000	-276.406097	97.425629
9018.066667	-276.473083	97.458237
9018.133333	-276.447723	97.442848
9018.200000	-276.497559	97.429848
9018.266667	-276.416809	97.402168
9018.333333	-276.420776	97.533112
9018.400000	-276.333832	97.516769
9018.466667	-276.600525	97.575806
9018.533333	-276.307678	97.440002
9018.600000	-276.113373	97.450500
9018.666667	-276.493988	97.547325
9018.733333	-276.415009	97.563866
9018.800000	-276.211945	97.430130
9018.866667	-276.151855	97.457008
9018.933333	-276.382019	97.538559
9019.000000	-276.119629	97.537918
9019.066667	-276.242340	97.520271
9019.133333	-276.361938	97.620392
9019.200000	-276.138275	97.456833
9019.266667	-276.111267	97.506050
9019.333333	-276.184784	97.532867
9019.400000	-276.450562	97.483887
9019.466667	-276.043610	97.396126
9019.533333	-276.028229	97.525620
9019.600000	-276.058838	97.489143
9019.666667	-276.318359	97.452988
9019.733333	-276.002411	97.410522
9019.800000	-276.036224	97.450378
9019.866667	-276.070587	97.352463
9019.933333	-276.033478	97.418106
9020.000000	-275.944885	97.358231
9020.066667	-276.040680	97.486252
9020.133333	-275.996338	97.455269
9020.200000	-275.951447	97.481201
9020.266667	-275.894440	97.457497
9020.333333	-275.859955	97.450745
9020.400000	-275.875519	97.442543
9020.466667	-275.788788	97.442192
9020.533333	-275.924866	97.393372
9020.600000	-276.001404	97.531296
9020.666667	-275.990143	97.457336
9020.733333	-275.970886	97.507744
9020.800000	-275.911041	97.504776
9020.866667	-275.971680	97.555260
9020.933333	-275.951416	97.531792
9021.000000	-275.743408	97.526054
9021.066667	-275.880371	97.516769
9021.133333	-275.864227	97.490952
9021.200000	-275.882263	97.496033
9021.266667	-275.748077	97.438370
9021.333333	-275.806488	97.462105
9021.400000	-275.738251	97.434875
9021.466667	-275.680450	97.465767
9021.533333	-275.870514	97.522270
9021.600000	-275.719238	97.493446
9021.666667	-275.876648	97.465691
9021.733333	-275.751343	97.388687
9021.800000	-275.624634	97.485374
9021.866667	-275.682251	97.581062
9021.933333	-275.514038	97.401962
9022.000000	-275.686127	97.467262
9022.066667	-275.677979	97.389633
9022.133333	-275.439392	97.393936
9022.200000	-275.772522	97.480911
9022.266667	-275.435577	97.400414
9022.333333	-275.393219	97.369621
9022.400000	-275.606903	97.459915
9022.466667	-275.606079	97.478699
9022.533333	-275.570801	97.453835
9022.600000	-275.604858	97.530922
9022.666667	-275.679657	97.582451
9022.733333	-275.602509	97.447098
9022.800000	-275.640259	97.531212
9022.866667	-275.445923	97.525299
9022.933333	-275.380157	97.590973
9023.000000	-275.496796	97.549210
9023.066667	-275.678650	97.572128
9023.133333	-275.374054	97.611282
9023.200000	-275.306244	97.507744
9023.266667	-275.461823	97.600761
9023.333333	-275.437653	97.628334
9023.400000	-275.408356	97.475464
9023.466667	-275.497314	97.646126
9023.533333	-275.357330	97.605637
9023.600000	-275.402649	97.546646
9023.666667	-275.392273	97.508537
9023.733333	-275.325592	97.552658
9023.800000	-275.434784	97.524658
9023.866667	-275.176819	97.564018
9023.933333	-275.190308	97.455940
9024.000000	-275.617310	97.569939
9024.066667	-275.481995	97.524796
9024.133333	-275.246521	97.464874
9024.200000	-275.292725	97.495331
9024.266667	-275.256714	97.500549
9024.333333	-275.216888	97.452164
9024.400000	-275.268219	97.563866
9024.466667	-275.054443	97.501846
9024.533333	-275.205841	97.600822
9024.600000	-275.168610	97.513733
9024.666667	-275.188751	97.510742
9024.733333	-275.197998	97.587234
9024.800000	-275.074524	97.599075
9024.866667	-275.121155	97.534248
9024.933333	-275.108917	97.607567
9025.000000	-275.011810	97.641174
9025.066667	-275.046051	97.562660
9025.133333	-275.075409	97.573921
9025.200000	-275.252472	97.602264
9025.266667	-275.062866	97.599075
9025.333333	-275.172729	97.505081
9025.400000	-275.060333	97.701897
9025.466667	-275.058624	97.600746
9025.533333	-275.198944	97.602470
9025.600000	-275.011566	97.645813
9025.666667	-275.025940	97.551102
9025.733333	-274.935852	97.560173
9025.800000	-274.997589	97.661537
9025.866667	-274.956543	97.556908
9025.933333	-274.927856	97.518593
9026.000000	-274.989899	97.511887
9026.066667	-275.041107	97.572594
9026.133333	-274.882690	97.554443
9026.200000	-274.934357	97.430679
9026.266667	-274.991394	97.536446
9026.333333	-274.714844	97.445107
9026.400000	-274.744354	97.488174
9026.466667	-274.852966	97.604080
9026.533333	-274.726807	97.576393
9026.600000	-274.781128	97.454254
9026.666667	-274.792969	97.636444
9026.733333	-274.554657	97.427673
9026.800000	-274.759735	97.514664
9026.866667	-274.747711	97.483063
9026.933333	-274.626495	97.655556
9027.000000	-274.776276	97.632980
9027.066667	-274.830048	97.559479
9027.133333	-274.627045	97.610558
9027.200000	-274.687988	97.678963
9027.266667	-274.839172	97.522934
9027.333333	-274.634125	97.693817
9027.400000	-274.708344	97.542015
9027.466667	-274.819427	97.651962
9027.533333	-274.678619	97.589142
9027.600000	-274.839111	97.668541
9027.666667	-274.835205	97.633499
9027.733333	-274.707031	97.609177
9027.800000	-274.539856	97.706093
9027.866667	-274.730347	97.631485
9027.933333	-274.579254	97.575806
9028.000000	-274.685333	97.597443
9028.066667	-274.462372	97.495247
9028.133333	-274.650024	97.533432
9028.200000	-274.703033	97.583069
9028.266667	-274.572235	97.555099
9028.333333	-274.573914	97.541573
9028.400000	-274.483795	97.543037
9028.466667	-274.530243	97.531715
9028.533333	-274.783478	97.613091
9028.600000	-274.443024	97.592278
9028.666667	-274.475555	97.594131
9028.733333	-274.448975	97.604263
9028.800000	-274.452362	97.457222
9028.866667	-274.467346	97.585716
9028.933333	-274.503784	97.599075
9029.000000	-274.554321	97.525932
9029.066667	-274.405579	97.609093
9029.133333	-274.469543	97.610710
9029.200000	-274.448761	97.742775
9029.266667	-274.295410	97.590729
9029.333333	-274.295410	97.590729
9029.400000	-274.485504	97.731567
9029.466667	-274.395325	97.613029
9029.533333	-274.565155	97.687828
9029.600000	-274.430695	97.717842
9029.666667	-274.256744	97.714783
9029.733333	-274.546448	97.648552
9029.800000	-274.133301	97.543060
9029.866667	-274.422089	97.738503
9029.933333	-274.422638	97.644936
9030.000000	-274.290710	97.637009
9030.066667	-274.414398	97.642296
9030.133333	-274.451965	97.660767
9030.200000	-274.451965	97.660767
9030.266667	-274.271210	97.562111
9030.333333	-274.229340	97.559059
9030.400000	-274.235931	97.534241
9030.466667	-274.220825	97.553917
9030.533333	-274.279114	97.658150
9030.600000	-274.279114	97.658150
9030.666667	-274.279022	97.647697
9030.733333	-274.340485	97.654160
9030.800000	-274.286713	97.647278
9030.866667	-274.283020	97.612602
9030.933333	-274.206909	97.587440
9031.000000	-274.206909	97.587440
9031.066667	-274.236572	97.655106
9031.133333	-274.212097	97.550659
9031.200000	-274.237457	97.618355
9031.266667	-274.179504	97.707039
9031.333333	-274.156097	97.714737
9031.400000	-273.965302	97.728767
9031.466667	-273.965302	97.728767
9031.533333	-274.244629	97.705322
9031.600000	-274.318726	97.709267
9031.666667	-274.149963	97.641380
9031.733333	-274.387329	97.739761
9031.800000	-274.259003	97.735764
9031.866667	-274.259003	97.735764
9031.933333	-274.255341	97.708809
9032.000000	-274.160858	97.616135
9032.066667	-274.103058	97.690613
9032.133333	-274.165436	97.593887
9032.200000	-273.756195	97.607422
9032.266667	-273.756195	97.607422
9032.333333	-274.184753	97.708267
9032.400000	-274.125549	97.643013
9032.466667	-274.150574	97.643082
9032.533333	-274.084625	97.565102
9032.600000	-274.044098	97.493156
9032.666667	-274.044098	97.493156
9032.733333	-274.057220	97.605583
9032.800000	-273.968842	97.669487
9032.866667	-274.119568	97.669937
9032.933333	-273.923492	97.530418
9033.000000	-273.917267	97.675209
9033.066667	-274.092163	97.624573
9033.133333	-274.092163	97.624573
9033.200000	-273.928406	97.671585
9033.266667	-273.939301	97.692154
9033.333333	-273.845001	97.698860
9033.400000	-273.905487	97.693375
9033.466667	-273.891815	97.733643
9033.533333	-273.891815	97.733643
9033.600000	-273.971466	97.682678
9033.666667	-273.919617	97.703835
9033.733333	-273.924957	97.761124
9033.800000	-273.775116	97.717735
9033.866667	-273.854980	97.722816
9033.933333	-273.854980	97.722816
9034.000000	-273.907013	97.739594
9034.066667	-273.889465	97.735580
9034.133333	-273.790497	97.708748
9034.200000	-273.778839	97.616058
9034.266667	-273.590546	97.669937
9034.333333	-273.742493	97.691612
9034.400000	-273.742493	97.691612
9034.466667	-273.886017	97.619621
9034.533333	-273.775696	97.576294
9034.600000	-273.738098	97.726471
9034.666667	-273.649200	97.688583
9034.733333	-273.876984	97.613419
9034.800000	-273.876984	97.613419
9034.866667	-273.576508	97.662781
9034.933333	-273.659088	97.600731
9035.000000	-273.681549	97.740524
9035.066667	-273.643585	97.548775
9035.133333	-273.786774	97.694168
9035.200000	-273.786774	97.694168
9035.266667	-273.590851	97.649734
9035.333333	-273.648224	97.762230
9035.400000	-273.713684	97.751343
9035.466667	-273.816406	97.786324
9035.533333	-273.619354	97.703346
9035.600000	-273.595154	97.711311
9035.666667	-273.595154	97.711311
9035.733333	-273.647858	97.743889
9035.800000	-273.625977	97.784157
9035.866667	-273.620239	97.684052
9035.933333	-273.699005	97.799515
9036.000000	-273.678467	97.896858
9036.066667	-273.663391	97.823639
9036.133333	-273.716461	97.736061
9036.200000	-273.604828	97.788490
9036.266667	-273.603546	97.725403
9036.333333	-273.663055	97.663345
9036.400000	-273.625977	97.749687
9036.466667	-273.625977	97.749687
9036.533333	-273.484924	97.697891
9036.600000	-273.508179	97.634575
9036.666667	-273.578003	97.689903
9036.733333	-273.565643	97.629234
9036.800000	-273.479279	97.634285
9036.866667	-273.479279	97.634285
9036.933333	-273.549011	97.691444
9037.000000	-273.515656	97.597435
9037.066667	-273.374634	97.546333
9037.133333	-273.588898	97.686424
9037.200000	-273.600037	97.758141
9037.266667	-273.544403	97.737511
9037.333333	-273.501068	97.694641
9037.400000	-273.369690	97.618851
9037.466667	-273.365326	97.635025
9037.533333	-273.552399	97.722534
9037.600000	-273.425720	97.717735
9037.666667	-273.488831	97.713768
9037.733333	-273.427277	97.686638
9037.800000	-273.601227	97.802109
9037.866667	-273.450928	97.714081
9037.933333	-273.444061	97.738235
9038.000000	-273.508423	97.783417
9038.066667	-273.427307	97.741585
9038.133333	-273.494690	97.789436
9038.200000	-273.573456	97.771385
9038.266667	-273.422394	97.759621
9038.333333	-273.481964	97.714928
9038.400000	-273.487396	97.802193
9038.466667	-273.437073	97.733444
9038.533333	-273.565308	97.756981
9038.600000	-273.394897	97.673927
9038.666667	-273.206818	97.638664
9038.733333	-273.449097	97.753319
9038.800000	-273.420593	97.708054
9038.866667	-273.316772	97.610466
9038.933333	-273.186920	97.685883
9039.000000	-273.356232	97.649811
9039.066667	-273.408539	97.872559
9039.133333	-273.138580	97.674561
9039.200000	-273.374084	97.676216
9039.266667	-273.270081	97.621750
9039.333333	-273.170868	97.670975
9039.400000	-273.296783	97.805634
9039.466667	-273.338074	97.787582
9039.533333	-273.340363	97.659203
9039.600000	-273.128937	97.676529
9039.666667	-273.147552	97.734138
9039.733333	-273.234528	97.620682
9039.800000	-273.401062	97.814430
9039.866667	-273.175751	97.834396
9039.933333	-273.341949	97.813698
9040.000000	-273.163269	97.868126
9040.066667	-273.196442	97.771202
9040.133333	-273.260193	97.776169
9040.200000	-273.206390	97.807243
9040.266667	-273.284241	97.753670
9040.333333	-273.260193	97.762596
9040.400000	-273.224792	97.749420
9040.466667	-273.132538	97.775703
9040.533333	-273.009979	97.827782
9040.600000	-273.149292	97.837410
9040.666667	-273.150665	97.627579
9040.733333	-273.215240	97.765800
9040.800000	-273.228149	97.746536
9040.866667	-273.030487	97.636192
9040.933333	-273.183075	97.805275
9041.000000	-273.183807	97.702354
9041.066667	-272.946655	97.674377
9041.133333	-272.996185	97.624329
9041.200000	-272.918701	97.761971
9041.266667	-272.960266	97.702133
9041.333333	-273.223785	97.707726
9041.400000	-273.060181	97.748940
9041.466667	-273.127075	97.800926
9041.533333	-273.089905	97.785240
9041.600000	-273.117950	97.791908
9041.666667	-272.945770	97.651146
9041.733333	-272.995361	97.729828
9041.800000	-272.789551	97.673927
9041.866667	-272.854675	97.779480
9041.933333	-272.923889	97.819168
9042.000000	-272.847290	97.692223
9042.066667	-273.014313	97.839638
9042.133333	-272.885834	97.791084
9042.200000	-272.787354	97.727089
9042.266667	-272.866272	97.736450
9042.333333	-272.925842	97.771202
9042.400000	-272.922729	97.903137
9042.466667	-272.916473	97.851151
9042.533333	-272.848907	97.772118
9042.600000	-272.896454	97.854492
9042.666667	-272.886810	97.760582
9042.733333	-272.838348	97.789467
9042.800000	-272.825378	97.778473
9042.866667	-272.834351	97.621758
9042.933333	-272.794617	97.762672
9043.000000	-272.918854	97.714737
9043.066667	-272.891510	97.799698
9043.133333	-272.821838	97.782875
9043.200000	-272.875275	97.823212
9043.266667	-272.914185	97.766556
9043.333333	-272.732422	97.837006
9043.400000	-272.702240	97.697960
9043.466667	-272.696625	97.803719
9043.533333	-272.884064	97.718109
9043.600000	-272.716003	97.722458
9043.666667	-272.677765	97.670860
9043.733333	-272.726379	97.692375
9043.800000	-272.784637	97.831451
9043.866667	-272.792938	97.754326
9043.933333	-272.756226	97.776031
9044.000000	-272.674561	97.883652
9044.066667	-272.554016	97.777328
9044.133333	-272.667664	97.815895
9044.200000	-272.741791	97.763878
9044.266667	-272.551300	97.756088
9044.333333	-272.745453	97.842377
9044.400000	-272.689453	97.829445
9044.466667	-272.775177	97.838753
9044.533333	-272.619507	97.843422
9044.600000	-272.639374	97.839462
9044.666667	-272.640808	97.881516
9044.733333	-272.746826	97.837280
9044.800000	-272.605865	97.835945
9044.866667	-272.594604	97.832817
9044.933333	-272.447571	97.713699
9045.000000	-272.703003	97.801941
9045.066667	-272.490509	97.795280
9045.133333	-272.605621	97.741486
9045.200000	-272.591339	97.720795
9045.266667	-272.561676	97.693573
9045.333333	-272.462280	97.796310
9045.400000	-272.528625	97.766045
9045.466667	-272.697968	97.793564
9045.533333	-272.563904	97.827698
9045.600000	-272.491241	97.758545
9045.666667	-272.443604	97.725021
9045.733333	-272.438904	97.765800
9045.800000	-272.309326	97.788673
9045.866667	-272.382019	97.754974
9045.933333	-272.433838	97.821320
9046.000000	-272.380371	97.746773
9046.066667	-272.358765	97.855576
9046.133333	-272.332184	97.822769
9046.200000	-272.428711	97.851662
9046.266667	-272.488739	97.884262
9046.333333	-272.533173	97.781631
9046.400000	-272.368927	97.887878
9046.466667	-272.482483	97.972351
9046.533333	-272.355927	97.792725
9046.600000	-272.407745	97.907150
9046.666667	-272.174469	97.872971
9046.733333	-272.389343	97.881050
9046.800000	-272.289886	97.809738
9046.866667	-272.360901	97.816528
9046.933333	-272.265106	97.760742
9047.000000	-272.252594	97.929657
9047.066667	-272.507660	97.863724
9047.133333	-272.405884	97.835274
9047.200000	-272.151398	97.729233
9047.266667	-272.252747	97.783882
9047.333333	-272.397186	97.815605
9047.400000	-272.260071	97.666504
9047.466667	-272.211914	97.876205
9047.533333	-272.207794	97.838043
9047.600000	-272.146759	97.792725
9047.666667	-272.265137	97.805984
9047.733333	-272.148468	97.791901
9047.800000	-272.174469	97.862984
9047.866667	-272.182709	97.802650
9047.933333	-272.231201	97.865234
9048.000000	-272.062775	97.818268
9048.066667	-272.145233	97.739304
9048.133333	-272.175720	97.781731
9048.200000	-272.149811	97.853874
9048.266667	-272.106506	97.762993
9048.333333	-272.161591	97.715904
9048.400000	-272.114838	97.882095
9048.466667	-272.195618	97.911568
9048.533333	-272.057983	97.822952
9048.600000	-272.191620	97.944458
9048.666667	-272.082642	97.813683
9048.733333	-272.144135	97.873550
9048.800000	-272.183655	97.888344
9048.866667	-272.172791	97.822014
9048.933333	-272.036713	97.784378
9049.000000	-272.092560	97.956451
9049.066667	-272.026764	97.781425
9049.133333	-272.073486	97.759903
9049.200000	-272.153900	97.864929
9049.266667	-272.067261	97.849861
9049.333333	-272.044098	97.739906
9049.400000	-272.022491	97.730331
9049.466667	-271.924927	97.692284
9049.533333	-271.946594	97.727631
9049.600000	-272.011108	97.823029
9049.666667	-272.006042	97.727051
9049.733333	-272.095306	97.865128
9049.800000	-272.088776	97.806435
9049.866667	-271.991455	97.748413
9049.933333	-272.060791	97.821526
9050.000000	-271.847473	97.682304
9050.066667	-271.950989	97.817551
9050.133333	-271.942078	97.799454
9050.200000	-272.039764	97.879646
9050.266667	-271.853088	97.747650
9050.333333	-272.024567	97.859413
9050.400000	-272.080963	97.907570
9050.466667	-272.162262	97.860764
9050.533333	-271.981567	97.865341
9050.600000	-271.938232	97.931282
9050.666667	-271.980377	97.900864
9050.733333	-272.080048	97.996132
9050.800000	-272.013855	97.820152
9050.866667	-272.011108	97.851730
9050.933333	-271.969757	97.875244
9051.000000	-272.029419	97.914894
9051.066667	-272.016174	97.902176
9051.133333	-272.028809	97.813286
9051.200000	-271.861420	97.907913
9051.266667	-272.065796	97.945778
9051.333333	-271.795502	97.942558
9051.400000	-271.920166	97.858391
9051.466667	-271.937744	97.829132
9051.533333	-271.806000	97.838829
9051.600000	-271.756775	97.799286
9051.666667	-271.994537	97.900688
9051.733333	-271.810822	97.775848
9051.800000	-271.977936	97.762993
9051.866667	-272.007843	97.899391
9051.933333	-271.778137	97.607681
9052.000000	-271.757416	97.823296
9052.066667	-271.818298	97.866943
9052.133333	-271.868622	97.745926
9052.200000	-271.909607	97.837410
9052.266667	-271.828033	97.824440
9052.333333	-271.871704	97.893227
9052.400000	-271.825623	97.862907
9052.466667	-271.914185	97.929176
9052.533333	-271.883118	97.972961
9052.600000	-271.676208	97.885567
9052.666667	-271.941803	97.927689
9052.733333	-271.865082	97.901031
9052.800000	-271.758087	97.894325
9052.866667	-271.859131	98.000084
9052.933333	-271.871124	97.970947
9053.000000	-271.766754	97.937744
9053.066667	-271.903351	97.942589
9053.133333	-271.832245	97.955193
9053.200000	-271.658356	97.896461
9053.266667	-271.784241	97.885841
9053.333333	-271.831818	97.923477
9053.400000	-271.947693	97.926788
9053.466667	-271.629089	97.888657
9053.533333	-271.707245	97.906425
9053.600000	-271.775024	97.776581
9053.666667	-271.861420	97.864502
9053.733333	-271.724060	97.854965
9053.800000	-271.753479	97.823471
9053.866667	-271.749207	97.808861
9053.933333	-271.666687	97.896866
9054.000000	-271.759338	97.851967
9054.066667	-271.821442	97.924675
9054.133333	-271.685089	97.786591
9054.200000	-271.781128	97.948334
9054.266667	-271.609436	97.826286
9054.333333	-271.884857	97.920959
9054.400000	-271.614258	97.847137
9054.466667	-271.452606	97.801369
9054.533333	-271.668945	97.873932
9054.600000	-271.768250	97.873138
9054.666667	-271.607727	97.850388
9054.733333	-271.485718	97.863449
9054.800000	-271.499115	97.915802
9054.866667	-271.762756	97.942757
9054.933333	-271.683105	97.950005
9055.000000	-271.623810	97.821350
9055.066667	-271.599121	97.893417
9055.133333	-271.591797	97.935776
9055.200000	-271.521423	97.901062
9055.266667	-271.712982	97.966927
9055.333333	-271.673035	97.979065
9055.400000	-271.516754	97.852036
9055.466667	-271.802582	97.938385
9055.533333	-271.408478	97.826508
9055.600000	-271.367279	97.814423
9055.666667	-271.530121	97.900688
9055.733333	-271.542175	97.810928
9055.800000	-271.527954	97.842613
9055.866667	-271.495819	97.825577
9055.933333	-271.746246	97.841133
9056.000000	-271.596130	97.856697
9056.066667	-271.688660	97.829185
9056.133333	-271.489197	97.770279
9056.200000	-271.634155	97.953522
9056.266667	-271.606720	97.918121
9056.333333	-271.488831	97.776070
9056.400000	-271.430450	97.796913
9056.466667	-271.398590	97.826508
9056.533333	-271.458618	97.807098
9056.600000	-271.576447	97.891739
9056.666667	-271.399414	97.861702
9056.733333	-271.541199	97.848549
9056.800000	-271.409943	97.853340
9056.866667	-271.551147	97.856697
9056.933333	-271.371979	97.881699
9057.000000	-271.680176	98.013428
9057.066667	-271.396088	97.891624
9057.133333	-271.671875	97.940598
9057.200000	-271.323334	97.911957
9057.266667	-271.460175	97.861595
9057.333333	-271.392548	97.776581
9057.400000	-271.469299	98.009361
9057.466667	-271.397369	97.904320
9057.533333	-271.294647	97.907570
9057.600000	-271.350372	97.922104
9057.666667	-271.469238	97.928192
9057.733333	-271.381927	97.940804
9057.800000	-271.469116	97.787712
9057.866667	-271.348694	97.808792
9057.933333	-271.321625	97.845993
9058.000000	-271.338562	97.852760
9058.066667	-271.203613	97.870178
9058.133333	-271.479126	97.901230
9058.200000	-271.285034	97.844200
9058.266667	-271.432983	97.852173
9058.333333	-271.427490	97.784584
9058.400000	-271.441803	97.950340
9058.466667	-271.253143	97.778595
9058.533333	-271.349091	97.890823
9058.600000	-271.355469	97.927177
9058.666667	-271.339966	97.803741
9058.733333	-271.384247	97.814056
9058.800000	-271.271179	97.875717
9058.866667	-271.376678	97.839066
9058.933333	-271.317352	97.868500
9059.000000	-271.347656	97.932487
9059.066667	-271.224396	97.905273
9059.133333	-271.286774	97.856133
9059.200000	-271.394714	98.017220
9059.266667	-271.299622	97.913010
9059.333333	-271.357391	97.961647
9059.400000	-271.281616	97.950386
9059.466667	-271.333588	98.105003
9059.533333	-271.325348	97.913544
9059.600000	-271.222260	97.880898
9059.666667	-271.317841	97.913857
9059.733333	-271.285767	97.879700
9059.800000	-271.306335	97.914894
9059.866667	-271.183350	97.931519
9059.933333	-271.183716	97.867073
9060.000000	-271.329590	97.926239
