1140.066667	44.922165	131.180023
1140.133333	44.922165	131.180023
1140.200000	44.922165	131.180023
1140.266667	44.922165	131.180023
1140.333333	44.922165	131.180023
1140.400000	44.922165	131.180023
1140.466667	44.922165	131.180023
1140.533333	44.922165	131.180023
1140.600000	44.922165	131.180023
1140.666667	44.922165	131.180023
1140.733333	44.922165	131.180023
1140.800000	44.922165	131.180023
1140.866667	44.922165	131.180023
1140.933333	44.922165	131.180023
1141.000000	44.922165	131.180023
1141.066667	44.922165	131.180023
1141.133333	44.922165	131.180023
1141.200000	44.922165	131.180023
1141.266667	44.922165	131.180023
1141.333333	44.922165	131.180023
1141.400000	44.922165	131.180023
1141.466667	44.922165	131.180023
1141.533333	44.922165	131.180023
1141.600000	44.922165	131.180023
1141.666667	44.922165	131.180023
1141.733333	44.922165	131.180023
1141.800000	44.922165	131.180023
1141.866667	44.922165	131.180023
1141.933333	44.922165	131.180023
1142.000000	44.922165	131.180023
1142.066667	44.922165	131.180023
1142.133333	44.922165	131.180023
1142.200000	44.922165	131.180023
1142.266667	44.922165	131.180023
1142.333333	44.922165	131.180023
1142.400000	44.922165	131.180023
1142.466667	44.922165	131.180023
1142.533333	44.922165	131.180023
1142.600000	44.922165	131.180023
1142.666667	44.922165	131.180023
1142.733333	44.922165	131.180023
1142.800000	44.922165	131.180023
1142.866667	44.922165	131.180023
1142.933333	44.922165	131.180023
1143.000000	44.922165	131.180023
1143.066667	44.922165	131.180023
1143.133333	44.922165	131.180023
1143.200000	44.922165	131.180023
1143.266667	44.922165	131.180023
1143.333333	44.922165	131.180023
1143.400000	44.922165	131.180023
1143.466667	44.922165	131.180023
1143.533333	44.922165	131.180023
1143.600000	44.922165	131.180023
1143.666667	44.922165	131.180023
1143.733333	44.922165	131.180023
1143.800000	44.922165	131.180023
1143.866667	44.922165	131.180023
1143.933333	44.922165	131.180023
1144.000000	44.922165	131.180023
1144.066667	44.922165	131.180023
1144.133333	44.922165	131.180023
1144.200000	44.922165	131.180023
1144.266667	44.922165	131.180023
1144.333333	44.922165	131.180023
1144.400000	44.922165	131.180023
1144.466667	44.922165	131.180023
1144.533333	44.922165	131.180023
1144.600000	44.922165	131.180023
1144.666667	44.922165	131.180023
1144.733333	44.922165	131.180023
1144.800000	44.922165	131.180023
1144.866667	44.922165	131.180023
1144.933333	44.922165	131.180023
1145.000000	44.922165	131.180023
1145.066667	44.922165	131.180023
1145.133333	44.922165	131.180023
1145.200000	44.922165	131.180023
1145.266667	44.922165	131.180023
1145.333333	44.922165	131.180023
1145.400000	44.922165	131.180023
1145.466667	44.922165	131.180023
1145.533333	44.922165	131.180023
1145.600000	44.922165	131.180023
1145.666667	44.922165	131.180023
1145.733333	44.922165	131.180023
1145.800000	44.922165	131.180023
1145.866667	44.922165	131.180023
1145.933333	44.922165	131.180023
1146.000000	44.922165	131.180023
1146.066667	44.922165	131.180023
1146.133333	44.922165	131.180023
1146.200000	44.922165	131.180023
1146.266667	44.922165	131.180023
1146.333333	44.922165	131.180023
1146.400000	44.922165	131.180023
1146.466667	44.922165	131.180023
1146.533333	44.922165	131.180023
1146.600000	44.922165	131.180023
1146.666667	44.922165	131.180023
1146.733333	44.922165	131.180023
1146.800000	44.922165	131.180023
1146.866667	44.922165	131.180023
1146.933333	44.922165	131.180023
1147.000000	44.922165	131.180023
1147.066667	44.922165	131.180023
1147.133333	44.922165	131.180023
1147.200000	44.922165	131.180023
1147.266667	44.922165	131.180023
1147.333333	44.922165	131.180023
1147.400000	44.922165	131.180023
1147.466667	44.922165	131.180023
1147.533333	44.922165	131.180023
1147.600000	44.922165	131.180023
1147.666667	44.922165	131.180023
1147.733333	44.922165	131.180023
1147.800000	44.922165	131.180023
1147.866667	44.922165	131.180023
1147.933333	44.922165	131.180023
1148.000000	44.922165	131.180023
1148.066667	44.922165	131.180023
1148.133333	44.922165	131.180023
1148.200000	44.922165	131.180023
1148.266667	44.922165	131.180023
1148.333333	44.922165	131.180023
1148.400000	44.922165	131.180023
1148.466667	44.922165	131.180023
1148.533333	44.922165	131.180023
1148.600000	44.922165	131.180023
1148.666667	44.922165	131.180023
1148.733333	44.922165	131.180023
1148.800000	44.922165	131.180023
1148.866667	44.922165	131.180023
1148.933333	44.922165	131.180023
1149.000000	44.922165	131.180023
1149.066667	44.922165	131.180023
1149.133333	44.922165	131.180023
1149.200000	44.922165	131.180023
1149.266667	44.922165	131.180023
1149.333333	44.922165	131.180023
1149.400000	44.922165	131.180023
1149.466667	44.922165	131.180023
1149.533333	44.922165	131.180023
1149.600000	44.922165	131.180023
1149.666667	44.922165	131.180023
1149.733333	44.922165	131.180023
1149.800000	44.922165	131.180023
1149.866667	44.922165	131.180023
1149.933333	44.922165	131.180023
1150.000000	44.922165	131.180023
1150.066667	44.922165	131.180023
1150.133333	44.922165	131.180023
1150.200000	44.922165	131.180023
1150.266667	44.922165	131.180023
1150.333333	44.922165	131.180023
1150.400000	44.922165	131.180023
1150.466667	44.922165	131.180023
1150.533333	44.922165	131.180023
1150.600000	44.922165	131.180023
1150.666667	44.922165	131.180023
1150.733333	44.922165	131.180023
1150.800000	44.922165	131.180023
1150.866667	44.922165	131.180023
1150.933333	44.922165	131.180023
1151.000000	44.922165	131.180023
1151.066667	44.922165	131.180023
1151.133333	44.922165	131.180023
1151.200000	44.922165	131.180023
1151.266667	44.922165	131.180023
1151.333333	44.922165	131.180023
1151.400000	44.922165	131.180023
1151.466667	44.922165	131.180023
1151.533333	44.922165	131.180023
1151.600000	44.922165	131.180023
1151.666667	44.922165	131.180023
1151.733333	44.922165	131.180023
1151.800000	44.922165	131.180023
1151.866667	44.922165	131.180023
1151.933333	44.922165	131.180023
1152.000000	44.922165	131.180023
1152.066667	44.922165	131.180023
1152.133333	44.922165	131.180023
1152.200000	44.922165	131.180023
1152.266667	44.922165	131.180023
1152.333333	44.922165	131.180023
1152.400000	44.922165	131.180023
1152.466667	44.922165	131.180023
1152.533333	44.922165	131.180023
1152.600000	44.922165	131.180023
1152.666667	44.922165	131.180023
1152.733333	44.922165	131.180023
1152.800000	44.922165	131.180023
1152.866667	44.922165	131.180023
1152.933333	44.922165	131.180023
1153.000000	44.922165	131.180023
1153.066667	44.922165	131.180023
1153.133333	44.922165	131.180023
1153.200000	44.922165	131.180023
1153.266667	44.922165	131.180023
1153.333333	44.922165	131.180023
1153.400000	44.922165	131.180023
1153.466667	44.922165	131.180023
1153.533333	44.922165	131.180023
1153.600000	44.922165	131.180023
1153.666667	44.922165	131.180023
1153.733333	44.922165	131.180023
1153.800000	44.922165	131.180023
1153.866667	44.922165	131.180023
1153.933333	44.922165	131.180023
1154.000000	44.922165	131.180023
1154.066667	44.922165	131.180023
1154.133333	44.922165	131.180023
1154.200000	44.922165	131.180023
1154.266667	44.922165	131.180023
1154.333333	44.922165	131.180023
1154.400000	44.922165	131.180023
1154.466667	44.922165	131.180023
1154.533333	44.922165	131.180023
1154.600000	44.922165	131.180023
1154.666667	44.922165	131.180023
1154.733333	44.922165	131.180023
1154.800000	44.922165	131.180023
1154.866667	44.922165	131.180023
1154.933333	44.922165	131.180023
1155.000000	44.922165	131.180023
1155.066667	44.922165	131.180023
1155.133333	44.922165	131.180023
1155.200000	44.922165	131.180023
1155.266667	44.922165	131.180023
1155.333333	44.922165	131.180023
1155.400000	44.922165	131.180023
1155.466667	44.922165	131.180023
1155.533333	44.922165	131.180023
1155.600000	44.922165	131.180023
1155.666667	44.922165	131.180023
1155.733333	44.922165	131.180023
1155.800000	44.922165	131.180023
1155.866667	44.922165	131.180023
1155.933333	44.922165	131.180023
1156.000000	44.922165	131.180023
1156.066667	44.922165	131.180023
1156.133333	44.922165	131.180023
1156.200000	44.922165	131.180023
1156.266667	44.922165	131.180023
1156.333333	44.922165	131.180023
1156.400000	44.922165	131.180023
1156.466667	44.922165	131.180023
1156.533333	44.922165	131.180023
1156.600000	44.922165	131.180023
1156.666667	44.922165	131.180023
1156.733333	44.922165	131.180023
1156.800000	44.922165	131.180023
1156.866667	44.922165	131.180023
1156.933333	44.922165	131.180023
1157.000000	44.922165	131.180023
1157.066667	44.922165	131.180023
1157.133333	44.922165	131.180023
1157.200000	44.922165	131.180023
1157.266667	44.922165	131.180023
1157.333333	44.922165	131.180023
1157.400000	44.922165	131.180023
1157.466667	44.922165	131.180023
1157.533333	44.922165	131.180023
1157.600000	44.922165	131.180023
1157.666667	44.922165	131.180023
1157.733333	44.922165	131.180023
1157.800000	44.922165	131.180023
1157.866667	44.922165	131.180023
1157.933333	44.922165	131.180023
1158.000000	44.922165	131.180023
1158.066667	44.922165	131.180023
1158.133333	44.922165	131.180023
1158.200000	44.922165	131.180023
1158.266667	44.922165	131.180023
1158.333333	44.922165	131.180023
1158.400000	44.922165	131.180023
1158.466667	44.922165	131.180023
1158.533333	44.922165	131.180023
1158.600000	44.922165	131.180023
1158.666667	44.922165	131.180023
1158.733333	44.922165	131.180023
1158.800000	44.922165	131.180023
1158.866667	44.922165	131.180023
1158.933333	44.922165	131.180023
1159.000000	44.922165	131.180023
1159.066667	44.922165	131.180023
1159.133333	44.922165	131.180023
1159.200000	44.922165	131.180023
1159.266667	44.922165	131.180023
1159.333333	44.922165	131.180023
1159.400000	44.922165	131.180023
1159.466667	44.922165	131.180023
1159.533333	44.922165	131.180023
1159.600000	44.922165	131.180023
1159.666667	44.922165	131.180023
1159.733333	44.922165	131.180023
1159.800000	44.922165	131.180023
1159.866667	44.922165	131.180023
1159.933333	44.922165	131.180023
1160.000000	44.922165	131.180023
1160.066667	44.922165	131.180023
1160.133333	44.922165	131.180023
1160.200000	44.922165	131.180023
1160.266667	44.922165	131.180023
1160.333333	44.922165	131.180023
1160.400000	44.922165	131.180023
1160.466667	44.922165	131.180023
1160.533333	44.922165	131.180023
1160.600000	44.922165	131.180023
1160.666667	44.922165	131.180023
1160.733333	44.922165	131.180023
1160.800000	44.922165	131.180023
1160.866667	44.922165	131.180023
1160.933333	44.922165	131.180023
1161.000000	44.922165	131.180023
1161.066667	44.922165	131.180023
1161.133333	44.922165	131.180023
1161.200000	44.922165	131.180023
1161.266667	44.922165	131.180023
1161.333333	44.922165	131.180023
1161.400000	44.922165	131.180023
1161.466667	44.922165	131.180023
1161.533333	44.922165	131.180023
1161.600000	44.922165	131.180023
1161.666667	44.922165	131.180023
1161.733333	44.922165	131.180023
1161.800000	44.922165	131.180023
1161.866667	44.922165	131.180023
1161.933333	44.922165	131.180023
1162.000000	44.922165	131.180023
1162.066667	44.922165	131.180023
1162.133333	44.922165	131.180023
1162.200000	44.922165	131.180023
1162.266667	44.922165	131.180023
1162.333333	44.922165	131.180023
1162.400000	44.922165	131.180023
1162.466667	44.922165	131.180023
1162.533333	44.922165	131.180023
1162.600000	44.922165	131.180023
1162.666667	44.922165	131.180023
1162.733333	44.922165	131.180023
1162.800000	44.922165	131.180023
1162.866667	44.922165	131.180023
1162.933333	44.922165	131.180023
1163.000000	44.922165	131.180023
1163.066667	44.922165	131.180023
1163.133333	44.922165	131.180023
1163.200000	44.922165	131.180023
1163.266667	44.922165	131.180023
1163.333333	44.922165	131.180023
1163.400000	44.922165	131.180023
1163.466667	44.922165	131.180023
1163.533333	44.922165	131.180023
1163.600000	44.922165	131.180023
1163.666667	44.922165	131.180023
1163.733333	44.922165	131.180023
1163.800000	44.922165	131.180023
1163.866667	44.922165	131.180023
1163.933333	44.922165	131.180023
1164.000000	44.922165	131.180023
1164.066667	44.922165	131.180023
1164.133333	44.922165	131.180023
1164.200000	44.922165	131.180023
1164.266667	44.922165	131.180023
1164.333333	44.922165	131.180023
1164.400000	44.922165	131.180023
1164.466667	44.922165	131.180023
1164.533333	44.922165	131.180023
1164.600000	44.922165	131.180023
1164.666667	44.922165	131.180023
1164.733333	44.922165	131.180023
1164.800000	44.922165	131.180023
1164.866667	44.922165	131.180023
1164.933333	44.922165	131.180023
1165.000000	44.922165	131.180023
1165.066667	44.922165	131.180023
1165.133333	44.922165	131.180023
1165.200000	44.922165	131.180023
1165.266667	44.922165	131.180023
1165.333333	44.922165	131.180023
1165.400000	44.922165	131.180023
1165.466667	44.922165	131.180023
1165.533333	44.922165	131.180023
1165.600000	44.922165	131.180023
1165.666667	44.922165	131.180023
1165.733333	44.922165	131.180023
1165.800000	44.922165	131.180023
1165.866667	44.922165	131.180023
1165.933333	44.922165	131.180023
1166.000000	44.922165	131.180023
1166.066667	44.922165	131.180023
1166.133333	44.922165	131.180023
1166.200000	44.922165	131.180023
1166.266667	44.922165	131.180023
1166.333333	44.922165	131.180023
1166.400000	44.922165	131.180023
1166.466667	44.922165	131.180023
1166.533333	44.922165	131.180023
1166.600000	44.922165	131.180023
1166.666667	44.922165	131.180023
1166.733333	44.922165	131.180023
1166.800000	44.922165	131.180023
1166.866667	44.922165	131.180023
1166.933333	44.922165	131.180023
1167.000000	44.922165	131.180023
1167.066667	44.922165	131.180023
1167.133333	44.922165	131.180023
1167.200000	44.922165	131.180023
1167.266667	44.922165	131.180023
1167.333333	44.922165	131.180023
1167.400000	44.922165	131.180023
1167.466667	44.922165	131.180023
1167.533333	44.922165	131.180023
1167.600000	44.922165	131.180023
1167.666667	44.922165	131.180023
1167.733333	44.922165	131.180023
1167.800000	44.922165	131.180023
1167.866667	44.922165	131.180023
1167.933333	44.922165	131.180023
1168.000000	44.922165	131.180023
1168.066667	44.922165	131.180023
1168.133333	44.922165	131.180023
1168.200000	44.922165	131.180023
1168.266667	44.922165	131.180023
1168.333333	44.922165	131.180023
1168.400000	44.922165	131.180023
1168.466667	44.922165	131.180023
1168.533333	44.922165	131.180023
1168.600000	44.922165	131.180023
1168.666667	44.922165	131.180023
1168.733333	44.922165	131.180023
1168.800000	44.922165	131.180023
1168.866667	44.922165	131.180023
1168.933333	44.922165	131.180023
1169.000000	44.922165	131.180023
1169.066667	44.922165	131.180023
1169.133333	44.922165	131.180023
1169.200000	44.922165	131.180023
1169.266667	44.922165	131.180023
1169.333333	44.922165	131.180023
1169.400000	44.922165	131.180023
1169.466667	44.922165	131.180023
1169.533333	44.922165	131.180023
1169.600000	44.922165	131.180023
1169.666667	44.922165	131.180023
1169.733333	44.922165	131.180023
1169.800000	44.922165	131.180023
1169.866667	44.922165	131.180023
1169.933333	44.922165	131.180023
1170.000000	44.922165	131.180023
1170.066667	44.922165	131.180023
1170.133333	44.922165	131.180023
1170.200000	44.922165	131.180023
1170.266667	44.922165	131.180023
1170.333333	44.922165	131.180023
1170.400000	44.922165	131.180023
1170.466667	44.922165	131.180023
1170.533333	44.922165	131.180023
1170.600000	44.922165	131.180023
1170.666667	44.922165	131.180023
1170.733333	44.922165	131.180023
1170.800000	44.922165	131.180023
1170.866667	44.922165	131.180023
1170.933333	44.922165	131.180023
1171.000000	44.922165	131.180023
1171.066667	44.922165	131.180023
1171.133333	44.922165	131.180023
1171.200000	44.922165	131.180023
1171.266667	44.922165	131.180023
1171.333333	44.922165	131.180023
1171.400000	44.922165	131.180023
1171.466667	44.922165	131.180023
1171.533333	44.922165	131.180023
1171.600000	44.922165	131.180023
1171.666667	44.922165	131.180023
1171.733333	44.922165	131.180023
1171.800000	44.922165	131.180023
1171.866667	44.922165	131.180023
1171.933333	44.922165	131.180023
1172.000000	44.922165	131.180023
1172.066667	44.922165	131.180023
1172.133333	44.922165	131.180023
1172.200000	44.922165	131.180023
1172.266667	44.922165	131.180023
1172.333333	44.922165	131.180023
1172.400000	44.922165	131.180023
1172.466667	44.922165	131.180023
1172.533333	44.922165	131.180023
1172.600000	44.922165	131.180023
1172.666667	44.922165	131.180023
1172.733333	44.922165	131.180023
1172.800000	44.922165	131.180023
1172.866667	44.922165	131.180023
1172.933333	44.922165	131.180023
1173.000000	44.922165	131.180023
1173.066667	44.922165	131.180023
1173.133333	44.922165	131.180023
1173.200000	44.922165	131.180023
1173.266667	44.922165	131.180023
1173.333333	44.922165	131.180023
1173.400000	44.922165	131.180023
1173.466667	44.922165	131.180023
1173.533333	44.922165	131.180023
1173.600000	44.922165	131.180023
1173.666667	44.922165	131.180023
1173.733333	44.922165	131.180023
1173.800000	44.922165	131.180023
1173.866667	44.922165	131.180023
1173.933333	44.922165	131.180023
1174.000000	44.922165	131.180023
1174.066667	44.922165	131.180023
1174.133333	44.922165	131.180023
1174.200000	44.922165	131.180023
1174.266667	44.922165	131.180023
1174.333333	44.922165	131.180023
1174.400000	44.922165	131.180023
1174.466667	44.922165	131.180023
1174.533333	44.922165	131.180023
1174.600000	44.922165	131.180023
1174.666667	44.922165	131.180023
1174.733333	44.922165	131.180023
1174.800000	44.922165	131.180023
1174.866667	44.922165	131.180023
1174.933333	44.922165	131.180023
1175.000000	44.922165	131.180023
1175.066667	44.922165	131.180023
1175.133333	44.922165	131.180023
1175.200000	44.922165	131.180023
1175.266667	44.922165	131.180023
1175.333333	44.922165	131.180023
1175.400000	44.922165	131.180023
1175.466667	44.922165	131.180023
1175.533333	44.922165	131.180023
1175.600000	44.922165	131.180023
1175.666667	44.922165	131.180023
1175.733333	44.922165	131.180023
1175.800000	44.922165	131.180023
1175.866667	44.922165	131.180023
1175.933333	44.922165	131.180023
1176.000000	44.922165	131.180023
1176.066667	44.922165	131.180023
1176.133333	44.922165	131.180023
1176.200000	44.922165	131.180023
1176.266667	44.922165	131.180023
1176.333333	44.922165	131.180023
1176.400000	44.922165	131.180023
1176.466667	44.922165	131.180023
1176.533333	44.922165	131.180023
1176.600000	44.922165	131.180023
1176.666667	44.922165	131.180023
1176.733333	44.922165	131.180023
1176.800000	44.922165	131.180023
1176.866667	44.922165	131.180023
1176.933333	44.922165	131.180023
1177.000000	44.922165	131.180023
1177.066667	44.922165	131.180023
1177.133333	44.922165	131.180023
1177.200000	44.922165	131.180023
1177.266667	44.922165	131.180023
1177.333333	44.922165	131.180023
1177.400000	44.922165	131.180023
1177.466667	44.922165	131.180023
1177.533333	44.922165	131.180023
1177.600000	44.922165	131.180023
1177.666667	44.922165	131.180023
1177.733333	44.922165	131.180023
1177.800000	44.922165	131.180023
1177.866667	44.922165	131.180023
1177.933333	44.922165	131.180023
1178.000000	44.922165	131.180023
1178.066667	44.922165	131.180023
1178.133333	44.922165	131.180023
1178.200000	44.922165	131.180023
1178.266667	44.922165	131.180023
1178.333333	44.922165	131.180023
1178.400000	44.922165	131.180023
1178.466667	44.922165	131.180023
1178.533333	44.922165	131.180023
1178.600000	44.922165	131.180023
1178.666667	44.922165	131.180023
1178.733333	44.922165	131.180023
1178.800000	44.922165	131.180023
1178.866667	44.922165	131.180023
1178.933333	44.922165	131.180023
1179.000000	44.922165	131.180023
1179.066667	44.922165	131.180023
1179.133333	44.922165	131.180023
1179.200000	44.922165	131.180023
1179.266667	44.922165	131.180023
1179.333333	44.922165	131.180023
1179.400000	44.922165	131.180023
1179.466667	44.922165	131.180023
1179.533333	44.922165	131.180023
1179.600000	44.922165	131.180023
1179.666667	44.922165	131.180023
1179.733333	44.922165	131.180023
1179.800000	44.922165	131.180023
1179.866667	44.922165	131.180023
1179.933333	44.922165	131.180023
1180.000000	44.922165	131.180023
1180.066667	44.922165	131.180023
1180.133333	44.922165	131.180023
1180.200000	44.922165	131.180023
1180.266667	44.922165	131.180023
1180.333333	44.922165	131.180023
1180.400000	44.922165	131.180023
1180.466667	44.922165	131.180023
1180.533333	44.922165	131.180023
1180.600000	44.922165	131.180023
1180.666667	44.922165	131.180023
1180.733333	44.922165	131.180023
1180.800000	44.922165	131.180023
1180.866667	44.922165	131.180023
1180.933333	44.922165	131.180023
1181.000000	44.922165	131.180023
1181.066667	44.922165	131.180023
1181.133333	44.922165	131.180023
1181.200000	44.922165	131.180023
1181.266667	44.922165	131.180023
1181.333333	44.922165	131.180023
1181.400000	44.922165	131.180023
1181.466667	44.922165	131.180023
1181.533333	44.922165	131.180023
1181.600000	44.922165	131.180023
1181.666667	44.922165	131.180023
1181.733333	44.922165	131.180023
1181.800000	44.922165	131.180023
1181.866667	44.922165	131.180023
1181.933333	44.922165	131.180023
1182.000000	44.922165	131.180023
1182.066667	44.922165	131.180023
1182.133333	44.922165	131.180023
1182.200000	44.922165	131.180023
1182.266667	44.922165	131.180023
1182.333333	44.922165	131.180023
1182.400000	44.922165	131.180023
1182.466667	44.922165	131.180023
1182.533333	44.922165	131.180023
1182.600000	44.922165	131.180023
1182.666667	44.922165	131.180023
1182.733333	44.922165	131.180023
1182.800000	44.922165	131.180023
1182.866667	44.922165	131.180023
1182.933333	44.922165	131.180023
1183.000000	44.922165	131.180023
1183.066667	44.922165	131.180023
1183.133333	44.922165	131.180023
1183.200000	44.922165	131.180023
1183.266667	44.922165	131.180023
1183.333333	44.922165	131.180023
1183.400000	44.922165	131.180023
1183.466667	44.922165	131.180023
1183.533333	44.922165	131.180023
1183.600000	44.922165	131.180023
1183.666667	44.922165	131.180023
1183.733333	44.922165	131.180023
1183.800000	44.922165	131.180023
1183.866667	44.922165	131.180023
1183.933333	44.922165	131.180023
1184.000000	44.922165	131.180023
1184.066667	44.922165	131.180023
1184.133333	44.922165	131.180023
1184.200000	44.922165	131.180023
1184.266667	44.922165	131.180023
1184.333333	44.922165	131.180023
1184.400000	44.922165	131.180023
1184.466667	44.922165	131.180023
1184.533333	44.922165	131.180023
1184.600000	44.922165	131.180023
1184.666667	44.922165	131.180023
1184.733333	44.922165	131.180023
1184.800000	44.922165	131.180023
1184.866667	44.922165	131.180023
1184.933333	44.922165	131.180023
1185.000000	44.922165	131.180023
1185.066667	44.922165	131.180023
1185.133333	44.922165	131.180023
1185.200000	44.922165	131.180023
1185.266667	44.922165	131.180023
1185.333333	44.922165	131.180023
1185.400000	44.922165	131.180023
1185.466667	44.922165	131.180023
1185.533333	44.922165	131.180023
1185.600000	44.922165	131.180023
1185.666667	44.922165	131.180023
1185.733333	44.922165	131.180023
1185.800000	44.922165	131.180023
1185.866667	44.922165	131.180023
1185.933333	44.922165	131.180023
1186.000000	44.922165	131.180023
1186.066667	44.922165	131.180023
1186.133333	44.922165	131.180023
1186.200000	44.922165	131.180023
1186.266667	44.922165	131.180023
1186.333333	44.922165	131.180023
1186.400000	44.922165	131.180023
1186.466667	44.922165	131.180023
1186.533333	44.922165	131.180023
1186.600000	44.922165	131.180023
1186.666667	44.922165	131.180023
1186.733333	44.922165	131.180023
1186.800000	44.922165	131.180023
1186.866667	44.922165	131.180023
1186.933333	44.922165	131.180023
1187.000000	44.922165	131.180023
1187.066667	44.922165	131.180023
1187.133333	44.922165	131.180023
1187.200000	44.922165	131.180023
1187.266667	44.922165	131.180023
1187.333333	44.922165	131.180023
1187.400000	44.922165	131.180023
1187.466667	44.922165	131.180023
1187.533333	44.922165	131.180023
1187.600000	44.922165	131.180023
1187.666667	44.922165	131.180023
1187.733333	44.922165	131.180023
1187.800000	44.922165	131.180023
1187.866667	44.922165	131.180023
1187.933333	44.922165	131.180023
1188.000000	44.922165	131.180023
1188.066667	44.922165	131.180023
1188.133333	44.922165	131.180023
1188.200000	44.922165	131.180023
1188.266667	44.922165	131.180023
1188.333333	44.922165	131.180023
1188.400000	44.922165	131.180023
1188.466667	44.922165	131.180023
1188.533333	44.922165	131.180023
1188.600000	44.922165	131.180023
1188.666667	44.922165	131.180023
1188.733333	44.922165	131.180023
1188.800000	44.922165	131.180023
1188.866667	44.922165	131.180023
1188.933333	44.922165	131.180023
1189.000000	44.922165	131.180023
1189.066667	44.922165	131.180023
1189.133333	44.922165	131.180023
1189.200000	44.922165	131.180023
1189.266667	44.922165	131.180023
1189.333333	44.922165	131.180023
1189.400000	44.922165	131.180023
1189.466667	44.922165	131.180023
1189.533333	44.922165	131.180023
1189.600000	44.922165	131.180023
1189.666667	44.922165	131.180023
1189.733333	44.922165	131.180023
1189.800000	44.922165	131.180023
1189.866667	44.922165	131.180023
1189.933333	44.922165	131.180023
1190.000000	44.922165	131.180023
1190.066667	44.922165	131.180023
1190.133333	44.922165	131.180023
1190.200000	44.922165	131.180023
1190.266667	44.922165	131.180023
1190.333333	44.922165	131.180023
1190.400000	44.922165	131.180023
1190.466667	44.922165	131.180023
1190.533333	44.922165	131.180023
1190.600000	44.922165	131.180023
1190.666667	44.922165	131.180023
1190.733333	44.922165	131.180023
1190.800000	44.922165	131.180023
1190.866667	44.922165	131.180023
1190.933333	44.922165	131.180023
1191.000000	44.922165	131.180023
1191.066667	44.922165	131.180023
1191.133333	44.922165	131.180023
1191.200000	44.922165	131.180023
1191.266667	44.922165	131.180023
1191.333333	44.922165	131.180023
1191.400000	44.922165	131.180023
1191.466667	44.922165	131.180023
1191.533333	44.922165	131.180023
1191.600000	44.922165	131.180023
1191.666667	44.922165	131.180023
1191.733333	44.922165	131.180023
1191.800000	44.922165	131.180023
1191.866667	44.922165	131.180023
1191.933333	44.922165	131.180023
1192.000000	44.922165	131.180023
1192.066667	44.922165	131.180023
1192.133333	44.922165	131.180023
1192.200000	44.922165	131.180023
1192.266667	44.922165	131.180023
1192.333333	44.922165	131.180023
1192.400000	44.922165	131.180023
1192.466667	44.922165	131.180023
1192.533333	44.922165	131.180023
1192.600000	44.922165	131.180023
1192.666667	44.922165	131.180023
1192.733333	44.922165	131.180023
1192.800000	44.922165	131.180023
1192.866667	44.922165	131.180023
1192.933333	44.922165	131.180023
1193.000000	44.922165	131.180023
1193.066667	44.922165	131.180023
1193.133333	44.922165	131.180023
1193.200000	44.922165	131.180023
1193.266667	44.922165	131.180023
1193.333333	44.922165	131.180023
1193.400000	44.922165	131.180023
1193.466667	44.922165	131.180023
1193.533333	44.922165	131.180023
1193.600000	44.922165	131.180023
1193.666667	44.922165	131.180023
1193.733333	44.922165	131.180023
1193.800000	44.922165	131.180023
1193.866667	44.922165	131.180023
1193.933333	44.922165	131.180023
1194.000000	44.922165	131.180023
1194.066667	44.922165	131.180023
1194.133333	44.922165	131.180023
1194.200000	44.922165	131.180023
1194.266667	44.922165	131.180023
1194.333333	44.922165	131.180023
1194.400000	44.922165	131.180023
1194.466667	44.922165	131.180023
1194.533333	44.922165	131.180023
1194.600000	44.922165	131.180023
1194.666667	44.922165	131.180023
1194.733333	44.922165	131.180023
1194.800000	44.922165	131.180023
1194.866667	44.922165	131.180023
1194.933333	44.922165	131.180023
1195.000000	44.922165	131.180023
1195.066667	44.922165	131.180023
1195.133333	44.922165	131.180023
1195.200000	44.922165	131.180023
1195.266667	44.922165	131.180023
1195.333333	44.922165	131.180023
1195.400000	44.922165	131.180023
1195.466667	44.922165	131.180023
1195.533333	44.922165	131.180023
1195.600000	44.922165	131.180023
1195.666667	44.922165	131.180023
1195.733333	44.922165	131.180023
1195.800000	44.922165	131.180023
1195.866667	44.922165	131.180023
1195.933333	44.922165	131.180023
1196.000000	44.922165	131.180023
1196.066667	44.922165	131.180023
1196.133333	44.922165	131.180023
1196.200000	44.922165	131.180023
1196.266667	44.922165	131.180023
1196.333333	44.922165	131.180023
1196.400000	44.922165	131.180023
1196.466667	44.922165	131.180023
1196.533333	44.922165	131.180023
1196.600000	44.922165	131.180023
1196.666667	44.922165	131.180023
1196.733333	44.922165	131.180023
1196.800000	44.922165	131.180023
1196.866667	44.922165	131.180023
1196.933333	44.922165	131.180023
1197.000000	44.922165	131.180023
1197.066667	44.922165	131.180023
1197.133333	44.922165	131.180023
1197.200000	44.922165	131.180023
1197.266667	44.922165	131.180023
1197.333333	44.922165	131.180023
1197.400000	44.922165	131.180023
1197.466667	44.922165	131.180023
1197.533333	44.922165	131.180023
1197.600000	44.922165	131.180023
1197.666667	44.922165	131.180023
1197.733333	44.922165	131.180023
1197.800000	44.922165	131.180023
1197.866667	44.922165	131.180023
1197.933333	44.922165	131.180023
1198.000000	44.922165	131.180023
1198.066667	44.922165	131.180023
1198.133333	44.922165	131.180023
1198.200000	44.922165	131.180023
1198.266667	44.922165	131.180023
1198.333333	44.922165	131.180023
1198.400000	44.922165	131.180023
1198.466667	44.922165	131.180023
1198.533333	44.922165	131.180023
1198.600000	44.922165	131.180023
1198.666667	44.922165	131.180023
1198.733333	44.922165	131.180023
1198.800000	44.922165	131.180023
1198.866667	44.922165	131.180023
1198.933333	44.922165	131.180023
1199.000000	44.922165	131.180023
1199.066667	44.922165	131.180023
1199.133333	44.922165	131.180023
1199.200000	44.922165	131.180023
1199.266667	44.922165	131.180023
1199.333333	44.922165	131.180023
1199.400000	44.922165	131.180023
1199.466667	44.922165	131.180023
1199.533333	44.922165	131.180023
1199.600000	44.922165	131.180023
1199.666667	44.922165	131.180023
1199.733333	44.922165	131.180023
1199.800000	44.922165	131.180023
1199.866667	44.922165	131.180023
1199.933333	44.922165	131.180023
1200.000000	44.922165	131.180023
