240.066667	163.800568	37.655590
240.133333	163.452393	37.703522
240.200000	163.073105	37.637794
240.333333	162.730362	37.677242
240.400000	162.428986	37.698471
240.466667	162.122742	37.746391
240.533333	161.748520	37.767735
240.600000	161.153580	37.791187
240.666667	160.841660	37.820839
240.733333	160.441940	37.878086
240.800000	160.075745	37.898647
240.866667	159.693008	37.913395
240.933333	159.380737	37.962597
241.066667	159.060562	37.962467
241.133333	158.738998	37.935875
241.200000	158.068008	37.892262
241.266667	157.694336	38.009369
241.333333	157.437943	38.037441
241.466667	157.118942	38.124897
241.533333	156.743164	38.054089
241.600000	156.158829	38.159851
241.666667	155.808746	38.244984
241.733333	155.459839	38.233204
241.800000	155.145874	38.212265
241.866667	154.860489	38.190414
241.933333	154.571045	38.212353
242.000000	154.244690	38.225471
242.066667	153.896957	38.274380
242.133333	153.590988	38.253990
242.200000	153.351166	38.237335
242.333333	153.003647	38.318714
242.400000	152.635544	38.289059
242.466667	151.908737	38.333637
242.533333	151.587738	38.356106
242.600000	151.252029	38.408497
242.666667	150.870514	38.418674
242.733333	150.568314	38.364681
242.866667	150.249573	38.368732
242.933333	149.555115	38.465466
243.000000	149.267761	38.504463
243.066667	148.959930	38.448776
243.133333	148.593307	38.405159
243.200000	148.256287	38.476513
243.266667	147.922150	38.508965
243.400000	147.607681	38.517101
243.466667	147.310501	38.573486
243.533333	146.702789	38.541996
243.600000	146.308090	38.561321
243.666667	146.030121	38.607548
243.733333	145.658081	38.694172
243.866667	145.311386	38.737404
243.933333	145.055099	38.798256
244.000000	144.405731	38.973778
244.066667	144.103317	38.995228
244.133333	143.774841	38.991360
244.200000	143.355408	38.956615
244.266667	143.064941	39.011341
244.333333	142.762909	39.090076
244.400000	142.421738	39.162125
244.533333	142.070496	39.206387
244.600000	141.439987	39.182392
244.666667	141.190033	39.178802
244.733333	140.865784	39.155937
244.800000	140.451294	39.171539
244.866667	140.221542	39.218773
244.933333	139.907227	39.298988
245.000000	139.550598	39.314339
245.066667	139.247833	39.289433
245.133333	139.019913	39.262939
245.266667	138.694870	39.301071
245.333333	138.424927	39.301819
245.400000	137.643295	39.313610
245.466667	137.389038	39.350269
245.533333	137.088593	39.335693
245.600000	136.775055	39.398674
245.733333	136.537491	39.461987
245.800000	136.237259	39.577961
245.866667	135.939011	39.517090
245.933333	135.607727	39.558525
246.000000	134.942169	39.593849
246.066667	134.660461	39.588600
246.133333	134.346680	39.642963
246.200000	134.025421	39.667469
246.266667	133.700592	39.666195
246.333333	133.350952	39.669849
246.400000	133.102188	39.629856
246.533333	132.754639	39.686512
246.600000	132.261688	39.721375
246.666667	131.966522	39.761101
246.733333	131.663681	39.726254
246.800000	131.316483	39.815018
246.933333	130.960953	39.820057
247.000000	130.416794	39.873554
247.066667	130.137024	39.819450
247.133333	129.841461	39.842186
247.200000	129.544647	39.790459
247.266667	129.275681	39.705891
247.333333	128.929428	39.843212
247.400000	128.637497	39.850311
247.466667	128.312439	39.865982
247.533333	128.023071	39.845158
247.666667	127.689949	39.857548
247.733333	127.209084	40.013729
247.800000	126.938835	40.063618
247.866667	126.627563	40.076305
247.933333	126.288162	40.085278
248.000000	125.991776	40.088531
248.133333	125.716171	40.157524
248.200000	125.160408	40.161308
248.266667	124.874741	40.123940
248.333333	124.580208	40.110813
248.466667	124.305923	40.138157
248.533333	124.033844	40.150845
248.600000	123.585670	40.280296
248.733333	123.359238	40.222950
248.800000	122.778862	40.254524
248.866667	122.413589	40.199524
248.933333	122.155144	40.191917
249.000000	121.955482	40.214069
249.066667	121.697044	40.272438
249.133333	121.462830	40.344231
249.200000	121.132072	40.349842
249.266667	120.792168	40.353153
249.400000	120.544983	40.392563
249.466667	120.217781	40.367214
249.533333	119.745171	40.321278
249.600000	119.464333	40.387493
249.666667	119.204666	40.446136
249.733333	118.993904	40.467968
249.800000	118.778526	40.556362
249.933333	118.243599	40.555805
250.000000	117.980019	40.503460
250.066667	117.616325	40.495495
250.133333	117.332527	40.512638
250.200000	117.093475	40.576229
250.266667	116.857452	40.684959
250.333333	116.622116	40.646030
250.466667	116.393402	40.667992
250.533333	115.888611	40.645512
250.600000	115.633324	40.649963
250.666667	115.347122	40.677433
250.733333	115.100807	40.706585
250.800000	114.807190	40.846260
250.933333	114.314842	40.812305
251.000000	114.063812	40.788467
251.066667	113.812469	40.737137
251.133333	113.541084	40.770157
251.200000	113.331604	40.875248
251.266667	113.087929	40.912628
251.333333	112.802002	40.947079
251.400000	112.463150	40.964321
251.466667	112.239761	40.934589
251.600000	112.005562	40.839001
251.666667	111.602074	40.981998
251.733333	111.416428	40.935608
251.800000	111.184036	41.040421
251.866667	110.996628	41.056423
251.933333	110.728065	41.068581
252.000000	110.498245	41.072926
252.066667	110.268173	41.086140
252.200000	109.687263	41.077381
252.266667	109.461449	41.197926
252.333333	109.205185	41.333473
252.400000	109.035706	41.315598
252.533333	108.601471	41.301067
252.600000	108.374199	41.334557
252.666667	108.149231	41.248081
252.733333	107.989311	41.247311
252.800000	107.758568	41.290375
252.866667	107.533600	41.233784
252.933333	107.340431	41.175110
253.066667	106.883598	41.208611
253.133333	106.669754	41.218079
253.200000	106.371246	41.300434
253.266667	106.152786	41.290115
253.333333	105.992149	41.341976
253.400000	105.762238	41.312145
253.466667	105.563576	41.315838
253.533333	105.366829	41.295151
253.600000	105.205368	41.368748
253.666667	105.025574	41.343243
253.733333	104.816978	41.381809
253.800000	104.639633	41.361118
253.933333	104.270416	41.397961
254.000000	104.047264	41.405346
254.066667	103.854752	41.482449
254.133333	103.669479	41.538113
254.266667	103.272011	41.531876
254.333333	103.083572	41.567074
254.400000	102.879494	41.524494
254.466667	102.698303	41.446163
254.533333	102.521118	41.418800
254.666667	102.132851	41.473782
254.733333	101.971451	41.465244
254.800000	101.846214	41.521538
254.933333	101.632706	41.539417
255.000000	101.342957	41.471939
255.066667	101.157623	41.513557
255.133333	100.957214	41.490582
255.266667	100.825180	41.518303
255.333333	100.539589	41.484886
255.400000	100.418892	41.545105
255.466667	100.295822	41.533173
255.533333	100.131195	41.572117
255.600000	99.956841	41.605564
255.666667	99.783493	41.571259
255.733333	99.624870	41.564922
255.800000	99.447945	41.591259
255.866667	99.311150	41.607361
256.000000	99.018684	41.707767
256.066667	98.849785	41.793468
256.133333	98.723816	41.817837
256.200000	98.553734	41.789036
256.333333	98.294144	41.818913
256.400000	98.140915	41.890282
256.466667	98.046745	41.878220
256.533333	97.916023	41.946259
256.600000	97.745972	41.943661
256.666667	97.627594	41.987530
256.800000	97.395325	41.948952
256.866667	97.217911	41.936310
256.933333	97.100403	41.944828
257.000000	96.982498	41.920128
257.066667	96.905846	41.980515
257.200000	96.685013	41.968353
257.266667	96.563889	41.943905
257.333333	96.432289	41.906960
257.400000	96.323128	41.888569
257.466667	96.229233	41.857693
257.533333	95.998756	41.847954
257.666667	95.878990	41.857883
257.733333	95.762321	41.865948
257.800000	95.692001	41.864735
257.866667	95.617386	41.914963
257.933333	95.499504	41.860935
258.066667	95.238602	41.852428
258.133333	95.113289	41.834030
258.200000	95.056488	41.846184
258.266667	94.958344	41.862873
258.333333	94.841560	41.934258
258.400000	94.769402	41.979843
258.466667	94.672157	41.954609
258.600000	94.495903	41.963779
258.666667	94.406563	41.966045
258.733333	94.288750	42.036354
258.800000	94.238235	42.058876
258.866667	94.079346	42.075706
258.933333	94.079346	42.075706
259.066667	93.968742	42.088840
259.133333	93.887512	42.045609
259.200000	93.860298	42.033203
259.266667	93.763603	42.014439
259.333333	93.708466	42.010490
259.400000	93.654060	42.024551
259.466667	93.613609	42.007435
259.533333	93.554016	42.038662
259.600000	93.482880	42.006081
259.666667	93.319244	41.985722
259.733333	93.319244	41.985722
259.866667	93.203133	41.965786
259.933333	93.144867	41.899349
260.000000	93.089653	41.895683
260.066667	93.015266	41.920635
260.133333	92.973351	41.922226
260.200000	92.939270	41.941910
260.266667	92.904213	41.920712
260.333333	92.883896	41.947731
260.400000	92.819664	41.903072
260.533333	92.790482	41.964748
260.600000	92.763733	41.989086
260.666667	92.687752	41.999405
260.733333	92.650246	42.034874
260.800000	92.631706	42.029106
260.866667	92.583969	42.033588
260.933333	92.553558	42.045315
261.000000	92.567711	42.053585
261.066667	92.506813	42.055325
261.200000	92.429375	42.074970
261.266667	92.381401	42.086136
261.333333	92.361984	42.096844
261.400000	92.333519	42.071949
261.466667	92.292046	42.069122
261.600000	92.260208	42.071819
261.666667	92.245415	42.046459
261.733333	92.198891	42.071480
261.800000	92.197571	42.049889
261.866667	92.197571	42.049889
261.933333	92.194283	42.039433
262.000000	92.160416	42.066223
262.133333	92.116753	42.056530
262.200000	92.096619	42.051300
262.266667	92.104004	42.065491
262.333333	92.104225	42.068260
262.400000	92.065407	42.082329
262.466667	92.084068	42.072895
262.533333	92.067261	42.069088
262.600000	92.067596	42.080528
262.733333	92.053627	42.121410
262.800000	92.076920	42.116112
262.866667	92.082985	42.119495
262.933333	92.090675	42.092014
263.000000	92.104027	42.138477
263.133333	92.113953	42.133022
263.200000	92.133018	42.113979
263.266667	92.153999	42.112259
263.333333	92.199829	42.073730
263.466667	92.249397	42.079731
263.533333	92.270554	42.058361
263.600000	92.291763	42.081364
263.666667	92.341019	42.028996
263.733333	92.395157	42.047375
263.800000	92.395439	42.025867
263.933333	92.423660	42.042587
264.000000	92.438477	42.076374
264.066667	92.466156	42.037098
264.133333	92.497353	42.054619
264.200000	92.551544	42.028015
264.333333	92.601944	42.044117
264.400000	92.664246	42.013351
264.466667	92.733810	42.037231
264.533333	92.905563	41.993114
264.666667	92.966354	41.980904
264.733333	93.012566	41.954548
264.800000	93.073151	41.958790
264.866667	93.105804	41.928127
264.933333	93.152496	41.952854
265.066667	93.202209	41.959888
265.133333	93.236595	41.964073
265.200000	93.287544	41.964676
265.266667	93.328110	41.983707
265.333333	93.376244	41.968338
265.400000	93.455536	41.932144
265.466667	93.541351	41.949173
265.600000	93.707817	41.991165
265.666667	93.786362	41.988605
265.733333	93.851707	41.997192
265.800000	93.957893	41.988209
265.866667	94.016472	42.012165
266.000000	94.147072	41.969879
266.066667	94.219757	41.988564
266.133333	94.294708	41.959705
266.200000	94.344154	41.968884
266.266667	94.416374	41.961945
266.333333	94.620575	41.927956
266.400000	94.739250	41.948704
266.533333	94.837715	41.951084
266.600000	94.901848	41.929455
266.666667	95.024269	41.895245
266.733333	95.154755	41.907986
266.800000	95.282333	41.919266
266.866667	95.360847	41.932339
266.933333	95.455093	41.965294
267.000000	95.627785	41.968250
267.066667	95.715622	41.999565
267.133333	95.813606	41.962799
267.200000	95.931953	41.953411
267.266667	96.132607	41.886562
267.333333	96.132607	41.886562
267.400000	96.318298	41.958008
267.533333	96.434074	41.944672
267.600000	96.538513	41.948093
267.666667	96.612503	41.968037
267.733333	96.709099	41.995674
267.800000	96.903893	41.927708
267.866667	97.016571	41.856190
268.000000	97.143669	41.856098
268.066667	97.249405	41.858997
268.133333	97.359856	41.843678
268.200000	97.511040	41.839546
268.266667	97.637489	41.777981
268.333333	97.774239	41.733803
268.400000	98.031746	41.690182
268.466667	98.181732	41.716217
268.533333	98.323845	41.672596
268.666667	98.515129	41.642952
268.733333	98.599533	41.583656
268.800000	98.899063	41.596611
268.866667	99.086113	41.591656
268.933333	99.219582	41.542267
269.000000	99.326149	41.594891
269.133333	99.451157	41.633583
269.200000	99.582939	41.585823
269.266667	99.730209	41.580524
269.333333	99.895729	41.608341
269.400000	100.068504	41.622463
269.466667	100.219643	41.651821
269.533333	100.376526	41.694679
269.600000	100.492752	41.684109
269.666667	100.628990	41.654816
269.733333	100.912430	41.540947
269.800000	100.912430	41.540947
269.866667	101.195213	41.544384
269.933333	101.394089	41.500992
270.066667	101.541130	41.513214
270.133333	101.717751	41.472767
270.200000	101.973282	41.414787
270.266667	101.973282	41.414787
270.333333	102.419159	41.435596
270.466667	102.586426	41.417141
270.533333	102.780304	41.403439
270.600000	103.165840	41.371033
270.666667	103.165840	41.371033
270.733333	103.334785	41.366081
270.800000	103.735405	41.414707
270.866667	103.949997	41.461361
271.000000	104.209816	41.395496
271.066667	104.400818	41.350170
271.133333	104.479317	41.292240
271.200000	104.710213	41.335026
271.266667	105.085617	41.406517
271.400000	105.287331	41.452610
271.466667	105.502838	41.461697
271.533333	105.768539	41.435196
271.600000	105.983917	41.425808
271.666667	106.215752	41.406483
271.733333	106.346024	41.342606
271.800000	106.860031	41.283039
271.866667	107.085922	41.267139
271.933333	107.283951	41.205917
272.000000	107.416862	41.198067
272.133333	107.621010	41.206387
272.200000	107.917496	41.175297
272.266667	108.181404	41.171799
272.333333	108.404869	41.191795
272.400000	108.702599	41.215340
272.466667	108.913017	41.198044
272.533333	109.094193	41.098179
272.600000	109.545547	40.950474
272.666667	109.783272	41.047886
272.800000	110.027550	40.998791
272.866667	110.389755	40.956764
272.933333	110.839211	40.960640
273.000000	111.097908	40.915794
273.066667	111.301064	40.976448
273.200000	111.580299	41.012535
273.266667	111.877480	41.025021
273.333333	112.175087	40.936020
273.400000	112.711403	40.929607
273.466667	113.015869	40.895336
273.533333	113.318909	40.856541
273.666667	113.606934	40.857681
273.733333	113.944542	40.776741
273.800000	114.501907	40.726322
273.866667	114.779190	40.757099
273.933333	115.064308	40.777645
274.066667	115.298645	40.767532
274.133333	115.610977	40.700836
274.200000	115.925369	40.681927
274.266667	116.486740	40.632771
274.333333	116.785522	40.578629
274.400000	117.018906	40.608658
274.533333	117.353600	40.568527
274.600000	117.648872	40.514526
274.666667	118.105286	40.482800
274.733333	118.414009	40.445568
274.866667	118.771965	40.440006
274.933333	119.082268	40.481712
275.000000	119.380257	40.467216
275.066667	119.612450	40.391972
275.133333	119.885666	40.440922
275.200000	120.540649	40.485130
275.266667	120.838196	40.474346
275.333333	121.158539	40.429535
275.400000	121.486465	40.392845
275.466667	121.727394	40.305927
275.533333	122.081490	40.179016
275.666667	122.395760	40.205528
275.733333	122.666382	40.243908
275.800000	123.297867	40.171764
275.866667	123.611717	40.171928
275.933333	123.955246	40.133865
276.000000	124.263947	40.151131
276.066667	124.582558	40.118347
276.133333	124.904892	40.064938
276.266667	125.196648	40.074936
276.333333	125.568825	40.111221
276.400000	125.896713	40.142025
276.466667	126.210594	40.086411
276.533333	126.528221	40.129871
276.600000	126.783714	40.043114
276.666667	126.998047	39.972313
276.733333	127.636879	39.936157
276.800000	127.976044	39.947510
276.933333	128.353043	39.891239
277.000000	128.657394	39.925407
277.066667	129.245041	39.815731
277.133333	129.590714	39.857742
277.200000	129.954926	39.852589
277.266667	130.242645	39.868179
277.400000	130.637207	39.803627
277.466667	130.966675	39.766285
277.533333	131.260880	39.707584
277.600000	131.945145	39.719887
277.666667	132.351425	39.689003
277.733333	132.602020	39.644150
277.800000	132.993881	39.595024
277.866667	133.353241	39.567730
278.000000	133.690582	39.602592
278.066667	134.019302	39.572048
278.133333	134.657303	39.542698
278.200000	134.992859	39.529812
278.266667	135.323059	39.516659
278.333333	135.661209	39.493996
278.466667	136.049606	39.506725
278.533333	136.636505	39.439976
278.600000	136.950668	39.499130
278.666667	137.297195	39.450752
278.800000	137.661163	39.368610
278.866667	137.927719	39.281338
278.933333	138.259583	39.266571
279.000000	138.735489	39.311649
279.066667	139.121674	39.333504
279.133333	139.770035	39.231609
279.200000	140.052139	39.131592
279.266667	140.454422	39.160683
279.333333	140.863190	39.169502
279.400000	141.152710	39.207840
279.533333	141.492615	39.200962
279.600000	141.822403	39.216225
279.666667	142.553619	39.220268
279.733333	142.976654	39.182392
279.800000	143.345581	39.178074
279.866667	143.693802	39.106880
279.933333	144.004211	39.067623
280.000000	144.336609	38.954815
280.066667	144.754913	38.851173
280.200000	145.095261	38.745300
280.266667	145.853577	38.799244
280.333333	146.237549	38.788521
280.400000	146.527039	38.753475
280.466667	146.893539	38.750160
280.533333	147.286667	38.686909
280.666667	147.685287	38.621597
280.733333	147.959045	38.590889
280.800000	148.377121	38.550915
280.866667	148.933411	38.553226
280.933333	149.314606	38.539745
281.000000	149.754654	38.595936
281.066667	150.196442	38.510784
281.133333	150.608704	38.501015
281.266667	150.933624	38.355072
281.333333	151.305267	38.463024
281.400000	152.164734	38.322613
281.466667	152.507614	38.290211
281.533333	152.875381	38.233028
281.600000	153.283997	38.222988
281.666667	153.701721	38.316864
281.733333	154.048141	38.397377
281.800000	154.375305	38.406200
281.866667	154.673019	38.420780
281.933333	155.062836	38.340855
282.000000	155.361252	38.371052
282.133333	155.779327	38.392292
282.200000	156.119751	38.352657
282.266667	156.862839	38.187756
282.333333	157.203278	38.154728
282.400000	157.545258	38.143040
282.466667	157.929596	38.158749
282.600000	158.321136	38.166035
282.666667	159.066010	38.002056
282.733333	159.443710	38.017410
282.800000	159.936752	37.953354
282.866667	160.305832	37.937859
282.933333	160.662262	37.890907
283.000000	161.151855	37.874454
283.133333	161.472351	37.867226
283.200000	162.245560	37.692398
283.266667	162.598633	37.622486
283.333333	162.924561	37.672531
283.400000	163.291428	37.705559
283.466667	163.712509	37.659725
283.533333	164.180084	37.641582
283.600000	164.494370	37.576233
283.666667	164.808838	37.553661
283.800000	165.281921	37.546227
283.866667	165.930756	37.512474
283.933333	166.291428	37.579140
284.000000	166.626740	37.640350
284.066667	166.992752	37.653934
284.133333	167.429352	37.586380
284.200000	167.758148	37.491123
284.266667	168.152618	37.467735
284.400000	168.463470	37.419529
284.466667	169.263153	37.435936
284.533333	169.586609	37.430515
284.600000	169.976105	37.349010
284.666667	170.386978	37.259396
284.733333	170.714981	37.240246
284.800000	171.109451	37.218353
284.866667	171.505478	37.275696
285.000000	171.878693	37.254642
285.066667	172.674240	37.122379
285.133333	173.041672	37.070187
285.200000	173.392746	37.109055
285.333333	173.794159	37.028015
285.400000	174.462540	36.999512
285.466667	174.920105	36.945255
285.533333	175.307495	36.929646
285.666667	176.120010	36.863228
285.733333	176.519852	36.860916
285.800000	176.870697	36.891174
285.866667	177.221100	36.975662
285.933333	177.562210	36.996651
286.000000	177.864487	36.949936
286.066667	178.267410	36.925674
286.133333	178.673172	36.913704
286.200000	179.028793	36.881981
286.333333	179.444397	36.775669
286.400000	180.216843	36.702965
286.466667	180.674973	36.656269
286.533333	181.007889	36.627304
286.600000	181.388901	36.569481
286.666667	181.771423	36.585102
286.800000	182.140060	36.574905
286.866667	182.842117	36.370747
286.933333	183.156998	36.372852
287.000000	183.549866	36.355011
287.066667	183.965637	36.437138
287.133333	184.374130	36.417431
287.200000	184.706528	36.364605
287.333333	185.444199	36.317638
287.400000	185.444199	36.317638
287.466667	186.130661	36.378914
287.533333	186.582947	36.289570
287.600000	186.998520	36.249588
287.666667	187.331741	36.278313
287.733333	187.665848	36.212288
287.800000	188.121857	36.156857
287.866667	188.535324	36.221825
287.933333	188.928894	36.211250
288.066667	189.646240	36.157925
288.133333	190.040771	36.104401
288.200000	190.468033	36.070747
288.266667	190.869049	36.050938
288.400000	191.699295	36.079777
288.466667	192.012161	36.082867
288.533333	192.350159	36.051258
288.600000	192.736160	36.030556
288.733333	193.042542	35.980270
288.800000	193.704071	35.906548
288.866667	194.101135	35.917435
288.933333	194.521942	35.912552
289.000000	194.885056	35.870327
289.066667	195.225189	35.860783
289.133333	195.629745	35.799198
289.200000	196.070358	35.782047
289.266667	196.516815	35.742531
289.400000	197.189560	35.642704
289.466667	197.610229	35.630756
289.533333	197.900192	35.604095
289.600000	198.222366	35.603699
289.733333	199.068222	35.584637
289.800000	199.396194	35.570923
289.866667	199.743973	35.488323
289.933333	200.196960	35.480614
290.000000	200.589508	35.480076
290.066667	200.975555	35.515202
290.133333	201.388779	35.517544
290.200000	201.725204	35.551216
290.266667	202.024109	35.553909
290.333333	202.389908	35.493828
290.466667	203.251389	35.438351
290.533333	203.656952	35.451977
290.600000	203.942688	35.422802
290.666667	204.284485	35.421730
290.733333	204.600296	35.376007
290.866667	205.377777	35.287766
290.933333	205.742355	35.310383
291.000000	206.236832	35.310162
291.066667	206.567642	35.405445
291.133333	206.971634	35.297779
291.200000	207.290558	35.239037
291.266667	207.632950	35.167191
291.400000	208.530823	35.031197
291.466667	208.897186	35.061195
291.533333	209.318588	35.092438
291.600000	209.664337	35.025970
291.666667	209.954697	35.007023
291.733333	210.317963	35.024712
291.866667	211.150146	34.928646
291.933333	211.579254	34.915100
292.000000	211.830429	34.843769
292.066667	212.203003	34.846905
292.133333	212.646088	34.873909
292.200000	213.027237	34.793171
292.333333	213.895081	34.750759
292.400000	214.332367	34.735687
292.466667	214.621918	34.736351
292.533333	214.959793	34.772583
292.666667	215.746964	34.693184
292.733333	216.192001	34.660488
292.800000	216.463760	34.606106
292.866667	216.805832	34.573505
292.933333	217.217392	34.549637
293.000000	217.555496	34.525867
293.066667	217.981354	34.506256
293.133333	218.434189	34.501545
293.200000	219.211945	34.417923
293.333333	219.211945	34.417923
293.400000	219.919022	34.465725
293.466667	220.274689	34.402515
293.533333	220.653336	34.352749
293.600000	221.117645	34.326569
293.666667	221.454147	34.338520
293.733333	221.818756	34.366394
293.866667	222.388290	34.391441
293.933333	222.849625	34.349659
294.000000	223.264938	34.312393
294.066667	224.125076	34.316929
294.200000	224.528442	34.323536
294.266667	224.870834	34.329987
294.333333	225.311630	34.284260
294.400000	225.643997	34.246197
294.466667	225.947662	34.191303
294.533333	226.376740	34.168869
294.666667	227.130066	34.166313
294.733333	227.450119	34.161076
294.800000	227.848160	34.179844
294.866667	228.175278	34.151150
294.933333	228.537491	34.220146
295.000000	229.010101	34.235138
295.133333	229.691177	34.255592
295.200000	230.003967	34.241661
295.266667	230.365189	34.229126
295.333333	231.140671	34.188473
295.466667	231.571136	34.080368
295.533333	232.150955	34.140373
295.600000	232.381271	34.128613
295.666667	232.837967	34.042839
295.733333	233.175461	34.045475
295.800000	233.527649	34.014206
295.866667	233.940491	33.973267
295.933333	234.415466	34.006882
296.000000	234.735107	33.987907
296.066667	235.378937	33.939678
296.200000	235.759399	33.957497
296.266667	236.165726	33.977722
296.333333	236.654816	33.909744
296.400000	237.067352	33.959076
296.466667	237.302322	34.038044
296.533333	237.715424	33.997021
296.666667	238.484589	33.906178
296.733333	238.836334	33.873665
296.800000	239.121490	33.817513
296.866667	239.428436	33.853203
296.933333	239.907181	33.872169
297.000000	240.496948	33.826138
297.133333	240.858536	33.845192
297.200000	241.374435	33.854908
297.266667	241.766846	33.834705
297.333333	242.210007	33.838440
297.400000	242.483688	33.821529
297.466667	242.794540	33.806377
297.533333	243.129028	33.805470
297.600000	243.883286	33.714157
297.733333	244.255325	33.670357
297.800000	244.545258	33.608646
297.866667	244.974716	33.690296
297.933333	245.340424	33.658916
298.000000	246.146713	33.584358
298.133333	246.459106	33.602814
298.200000	246.819153	33.617035
298.266667	247.251419	33.658962
298.333333	247.660446	33.723782
298.400000	248.053894	33.757099
298.466667	248.377289	33.699429
298.533333	248.647141	33.709324
298.600000	249.294205	33.631973
298.733333	249.645050	33.647770
298.800000	249.998169	33.675247
298.866667	250.381104	33.730007
298.933333	250.749680	33.732765
299.000000	251.174896	33.719624
299.066667	251.606400	33.666431
299.133333	251.922226	33.669876
299.200000	252.269882	33.668365
299.266667	252.961761	33.648136
299.400000	253.369431	33.686657
299.466667	253.619888	33.694607
299.533333	253.895462	33.605293
299.600000	254.316177	33.572533
299.666667	254.663361	33.579071
299.733333	255.295700	33.525112
299.866667	255.517654	33.510628
299.933333	255.851959	33.542439
300.000000	256.202606	33.562592
