360.133333	145.902267	38.856350
360.200000	145.501678	38.890877
360.266667	145.333099	38.920269
360.333333	145.086975	38.951248
360.466667	144.954437	38.984283
360.533333	144.631485	39.049362
360.600000	144.432800	39.083427
360.666667	144.255524	39.062881
360.800000	143.871506	39.089878
360.866667	143.726242	39.086544
360.933333	143.588058	39.084137
361.000000	143.395584	39.128757
361.133333	143.090637	39.171837
361.200000	142.922516	39.152645
361.266667	142.759140	39.119476
361.333333	142.573578	39.153080
361.466667	142.185364	39.223091
361.533333	141.987717	39.205894
361.600000	141.825058	39.178829
361.666667	141.704391	39.204865
361.733333	141.531204	39.214451
361.800000	141.375977	39.211224
361.933333	141.027405	39.266090
362.000000	140.849045	39.309021
362.066667	140.726471	39.300201
362.133333	140.596619	39.273075
362.266667	140.242905	39.293316
362.333333	140.047134	39.306789
362.400000	139.943024	39.325459
362.466667	139.819168	39.307297
362.600000	139.570526	39.330063
362.666667	139.416870	39.366425
362.733333	139.240982	39.322807
362.800000	139.087311	39.382755
362.866667	138.958023	39.368706
362.933333	138.875214	39.390835
363.000000	138.709869	39.391876
363.133333	138.469025	39.409981
363.200000	138.336807	39.353096
363.266667	138.206055	39.366394
363.333333	138.025970	39.374264
363.400000	137.875732	39.378597
363.533333	137.659485	39.356560
363.600000	137.534805	39.413761
363.666667	137.406311	39.445469
363.733333	137.223465	39.474289
363.800000	137.050659	39.527649
363.933333	136.761719	39.437073
364.000000	136.638367	39.392044
364.066667	136.470901	39.455994
364.133333	136.337112	39.488461
364.200000	136.234253	39.495495
364.333333	136.061249	39.590179
364.400000	135.939423	39.614502
364.466667	135.842026	39.595749
364.533333	135.760254	39.531761
364.600000	135.597885	39.513828
364.733333	135.330994	39.543915
364.800000	135.186478	39.587692
364.866667	135.055527	39.598801
364.933333	134.946091	39.585190
365.000000	134.810699	39.626762
365.133333	134.554138	39.641731
365.200000	134.456039	39.626476
365.266667	134.374512	39.610687
365.333333	134.110687	39.625870
365.466667	133.971344	39.623764
365.533333	133.835159	39.620529
365.600000	133.694351	39.592709
365.666667	133.554276	39.549015
365.733333	133.325897	39.577770
365.866667	133.259445	39.570915
365.933333	133.194290	39.570599
366.000000	133.109100	39.613750
366.066667	133.044998	39.659557
366.200000	132.818039	39.670792
366.266667	132.702988	39.685104
366.333333	132.587723	39.651623
366.400000	132.477631	39.644604
366.533333	132.317596	39.761185
366.600000	132.245239	39.766315
366.666667	132.146622	39.800068
366.733333	132.089462	39.869686
366.800000	132.007980	39.885590
366.933333	131.790390	39.900398
367.000000	131.685577	39.929596
367.066667	131.560074	39.924145
367.133333	131.353500	39.905224
367.266667	131.259003	39.874153
367.333333	131.164871	39.859047
367.400000	131.107819	39.824928
367.466667	131.025345	39.782547
367.600000	130.825073	39.740879
367.666667	130.719147	39.754135
367.733333	130.620438	39.779125
367.800000	130.437347	39.771790
367.933333	130.338654	39.789150
368.000000	130.258377	39.766415
368.066667	130.166992	39.782013
368.133333	130.101196	39.804844
368.200000	129.978165	39.871574
368.333333	129.907516	39.931263
368.400000	129.812027	40.005547
368.466667	129.738525	40.056202
368.533333	129.565811	40.065590
368.600000	129.498138	40.069866
368.666667	129.475037	40.036724
368.800000	129.414566	40.010773
368.866667	129.340927	40.033001
368.933333	129.247131	40.070709
369.000000	129.156006	40.125717
369.066667	129.021866	40.224300
369.200000	128.937164	40.209549
369.266667	128.864822	40.203892
369.333333	128.785522	40.197029
369.400000	128.698776	40.159149
369.533333	128.662140	40.155079
369.600000	128.576691	40.129093
369.666667	128.498001	40.091080
369.733333	128.435013	40.112640
369.800000	128.358963	40.077812
369.933333	128.280685	40.064747
370.000000	128.216675	40.095955
370.066667	128.151703	40.069553
370.133333	128.044159	40.091530
370.266667	128.006622	40.093582
370.333333	127.978188	40.101025
370.400000	127.954163	40.107380
370.466667	127.912369	40.089436
370.600000	127.849823	40.091358
370.666667	127.816109	40.072777
370.733333	127.816536	40.076515
370.800000	127.772209	40.080040
370.866667	127.740273	40.109890
371.000000	127.664001	40.107971
371.066667	127.593918	40.119942
371.133333	127.568268	40.131477
371.200000	127.515999	40.126041
371.333333	127.470917	40.124355
371.400000	127.429550	40.137280
371.466667	127.390244	40.132294
371.600000	127.352928	40.130352
371.666667	127.354210	40.108437
371.733333	127.324333	40.138863
371.800000	127.334908	40.134243
371.866667	127.281937	40.136936
372.000000	127.226875	40.188076
372.066667	127.190636	40.167953
372.133333	127.134979	40.173332
372.200000	127.155296	40.166504
372.333333	127.159431	40.167847
372.400000	127.142120	40.175121
372.466667	127.148170	40.167980
372.533333	127.147125	40.168472
372.666667	127.120056	40.128315
372.733333	127.117233	40.130169
372.800000	127.126831	40.088585
372.866667	127.131828	40.111176
373.000000	127.110901	40.133835
373.066667	127.105110	40.121834
373.133333	127.132980	40.127674
373.200000	127.129616	40.108093
373.333333	127.147858	40.122768
373.400000	127.157791	40.108459
373.466667	127.172295	40.116432
373.533333	127.210258	40.095684
373.600000	127.222862	40.101013
373.733333	127.233162	40.104923
373.800000	127.254059	40.099361
373.866667	127.295334	40.102428
373.933333	127.311989	40.097095
374.000000	127.375305	40.118900
374.066667	127.408722	40.120682
374.200000	127.437286	40.130917
374.266667	127.458893	40.113651
374.333333	127.529701	40.090771
374.400000	127.576927	40.113972
374.533333	127.600945	40.094536
374.600000	127.619377	40.091869
374.666667	127.649857	40.089180
374.733333	127.720238	40.096268
374.866667	127.773628	40.087406
374.933333	127.845253	40.089859
375.000000	127.916466	40.097847
375.066667	127.935211	40.100998
375.133333	128.013443	40.140953
375.200000	128.049850	40.127178
375.266667	128.121445	40.116928
375.400000	128.184067	40.095985
375.466667	128.258652	40.093853
375.533333	128.321121	40.066689
375.600000	128.451035	40.080017
375.733333	128.523926	40.031559
375.800000	128.574203	40.055218
375.866667	128.596909	40.077923
375.933333	128.672363	40.118572
376.066667	128.727753	40.132359
376.133333	128.787491	40.111408
376.200000	128.904465	40.114746
376.266667	128.998322	40.096798
376.400000	129.085815	40.078743
376.466667	129.151306	40.060028
376.533333	129.285889	39.998165
376.600000	129.383972	39.983875
376.666667	129.434464	40.013359
376.733333	129.473938	39.991180
376.800000	129.573807	39.955399
376.933333	129.652512	39.933830
377.000000	129.692154	39.967861
377.066667	129.865128	39.985565
377.133333	129.968079	39.978863
377.266667	129.998276	39.922829
377.333333	130.032822	39.908943
377.400000	130.237289	39.898647
377.466667	130.343414	39.885700
377.600000	130.332993	39.907471
377.666667	130.421082	39.912979
377.733333	130.622223	39.915882
377.800000	130.693924	39.861774
377.933333	130.766602	39.870426
378.000000	130.836945	39.846481
378.066667	131.032715	39.819962
378.133333	131.124863	39.813747
378.266667	131.229797	39.879848
378.333333	131.335312	39.919651
378.400000	131.440994	39.929848
378.466667	131.570160	39.904594
378.533333	131.731735	39.839989
378.666667	131.855911	39.811642
378.733333	132.039749	39.814426
378.800000	132.039749	39.814426
378.866667	132.131866	39.828457
378.933333	132.347397	39.846775
379.000000	132.485641	39.821339
379.133333	132.597137	39.835590
379.200000	132.709976	39.789536
379.266667	132.765167	39.772678
379.333333	133.032364	39.687950
379.466667	133.168961	39.733662
379.533333	133.303375	39.756989
379.600000	133.605469	39.707088
379.733333	133.663757	39.659473
379.800000	133.798309	39.685600
379.866667	133.886551	39.728165
379.933333	134.176178	39.716770
380.000000	134.324966	39.679775
380.133333	134.452988	39.703491
380.200000	134.539230	39.672855
380.266667	134.770004	39.614777
380.333333	134.886658	39.516338
380.466667	134.967010	39.494484
380.533333	135.130783	39.480888
380.600000	135.272751	39.529800
380.666667	135.628464	39.536716
380.733333	135.764130	39.532520
380.800000	135.914871	39.561012
380.933333	136.023834	39.590736
381.000000	136.164352	39.584526
381.066667	136.332123	39.597740
381.133333	136.466644	39.576649
381.200000	136.597992	39.518730
381.266667	136.683945	39.554756
381.400000	136.860779	39.539139
381.466667	136.992569	39.575680
381.533333	137.158173	39.522419
381.600000	137.426727	39.564384
381.666667	137.610718	39.581753
381.800000	137.754364	39.535355
381.866667	137.836487	39.524094
381.933333	138.128845	39.478394
382.000000	138.279999	39.470604
382.066667	138.430908	39.484543
382.133333	138.589676	39.423283
382.266667	138.798294	39.414673
382.333333	138.961227	39.420567
382.400000	139.296127	39.424568
382.466667	139.443420	39.343899
382.533333	139.610382	39.364098
382.666667	139.710037	39.381203
382.733333	139.823502	39.261158
382.800000	140.156311	39.279270
382.866667	140.240311	39.241096
382.933333	140.394989	39.231819
383.066667	140.594437	39.234192
383.133333	140.785889	39.257648
383.200000	141.129868	39.262161
383.266667	141.337952	39.280800
383.400000	141.488892	39.279221
383.466667	141.669464	39.304897
383.533333	141.950409	39.260048
383.600000	142.125916	39.231201
383.733333	142.243256	39.240437
383.800000	142.576630	39.251198
383.866667	142.752136	39.243290
383.933333	142.877869	39.201244
384.066667	142.972610	39.119995
384.133333	143.187866	39.105595
384.200000	143.418945	39.127075
384.266667	143.577667	39.187778
384.333333	143.941956	39.120724
384.400000	144.078903	39.153561
384.466667	144.286682	39.066322
384.533333	144.441956	39.137310
384.666667	144.643967	39.019360
384.733333	144.832901	39.028362
384.800000	145.169724	38.929028
384.866667	145.398407	38.948044
384.933333	145.540176	38.942093
385.000000	145.661957	38.932064
385.133333	145.885864	38.961994
385.200000	146.058624	38.873928
385.266667	146.432556	38.889194
385.400000	146.561157	38.894451
385.466667	146.883972	38.815586
385.600000	146.995026	38.808323
385.666667	147.125320	38.764065
385.733333	147.296799	38.722675
385.800000	147.746490	38.811493
385.866667	147.990768	38.860275
385.933333	148.153915	38.814377
386.066667	148.323853	38.810028
386.133333	148.688217	38.714291
386.200000	148.853592	38.771679
386.333333	149.005051	38.785286
386.400000	149.216583	38.802814
386.466667	149.400299	38.716743
386.533333	149.685760	38.715942
386.600000	149.935867	38.690872
386.733333	150.098831	38.674034
386.800000	150.254608	38.696468
386.866667	150.670395	38.726303
386.933333	150.906494	38.698574
387.066667	151.048050	38.703461
387.133333	151.417542	38.650272
387.200000	151.554810	38.652016
387.266667	151.766800	38.577438
387.400000	152.004501	38.570911
387.466667	152.311905	38.526672
387.533333	152.517227	38.533428
387.600000	152.708984	38.545109
387.733333	152.948914	38.555836
387.800000	153.344955	38.523872
387.866667	153.505722	38.532455
388.000000	153.698120	38.530540
388.066667	153.917847	38.545418
388.133333	154.350433	38.550663
388.200000	154.479935	38.628098
388.333333	154.662857	38.628712
388.400000	155.103348	38.490120
388.466667	155.103348	38.490120
388.533333	155.392059	38.489113
388.600000	155.559692	38.391117
388.666667	155.749985	38.395229
388.800000	156.134720	38.387909
388.866667	156.134720	38.387909
388.933333	156.402130	38.279301
389.066667	156.662491	38.327972
389.133333	156.915527	38.340130
389.200000	157.121613	38.334412
389.266667	157.439148	38.312214
389.333333	157.629471	38.324860
389.400000	157.805939	38.292645
389.466667	157.966217	38.298965
389.600000	158.209671	38.284962
389.666667	158.632492	38.263512
389.733333	158.820816	38.231560
389.800000	158.985947	38.240814
389.933333	159.227249	38.231136
390.000000	159.367813	38.179848
390.066667	159.809479	38.205009
390.133333	160.007324	38.147266
390.200000	160.202103	38.129932
390.333333	160.462296	38.139618
390.400000	160.998688	37.973602
390.466667	161.164154	38.021732
390.533333	161.313278	38.011772
390.600000	161.506958	38.002579
390.733333	161.664276	38.000492
390.800000	162.133163	37.946518
390.866667	162.375946	37.855965
390.933333	162.585876	37.823711
391.066667	162.769073	37.742306
391.133333	163.163254	37.756905
391.200000	163.375839	37.771214
391.266667	163.612747	37.805050
391.400000	163.803741	37.768303
391.466667	164.253067	37.804771
391.533333	164.384033	37.767086
391.600000	164.565125	37.811172
391.733333	164.741272	37.847008
391.800000	165.125961	37.806999
391.866667	165.416626	37.818825
391.933333	165.656158	37.795574
392.000000	165.824768	37.747097
392.066667	166.014847	37.783699
392.133333	166.187271	37.802895
392.266667	166.367310	37.788918
392.333333	166.817139	37.787479
392.400000	167.022583	37.760113
392.533333	167.467712	37.648319
392.600000	167.683807	37.619171
392.666667	167.847168	37.623806
392.733333	168.056793	37.498367
392.800000	168.228470	37.532017
392.866667	168.451691	37.483845
392.933333	168.784485	37.457802
393.000000	169.011871	37.463718
393.066667	169.261414	37.464867
393.133333	169.373184	37.460106
393.200000	169.566803	37.438339
393.266667	169.737228	37.421497
393.333333	169.958237	37.427422
393.400000	170.170120	37.416050
393.466667	170.363297	37.369125
393.533333	170.581818	37.330536
393.600000	170.738129	37.351009
393.666667	170.965790	37.297001
393.733333	171.215149	37.336639
393.800000	171.459869	37.382584
393.866667	171.633987	37.368858
393.933333	171.857986	37.375191
394.000000	172.083130	37.447212
394.066667	172.278732	37.444950
394.133333	172.460052	37.364143
394.200000	172.724289	37.239182
394.266667	172.912460	37.251202
394.333333	173.114700	37.157887
394.400000	173.412674	37.162952
394.466667	173.674408	37.166790
394.533333	173.845840	37.170765
394.600000	174.029617	37.160816
394.666667	174.281921	37.150581
394.733333	174.483139	37.156693
394.800000	174.677368	37.073990
394.866667	174.908112	37.067326
394.933333	175.077408	37.082527
395.000000	175.330704	37.048843
395.066667	175.602158	37.000034
395.133333	175.807632	37.000587
395.200000	176.061417	37.004387
395.266667	176.320053	36.962822
395.333333	176.449722	36.954433
395.400000	176.723419	36.965351
395.466667	176.966995	36.974236
395.533333	177.143036	36.921303
395.600000	177.337097	36.925915
395.666667	177.549271	36.901817
395.733333	177.730667	36.909767
395.800000	177.964447	36.927570
395.866667	178.178909	36.949799
395.933333	178.416275	36.922543
396.000000	178.636154	36.894707
396.066667	178.817520	36.914093
396.133333	179.010361	36.856514
396.200000	179.168610	36.838482
396.266667	179.442184	36.877228
396.333333	179.660843	36.860672
396.400000	179.875473	36.806728
396.466667	180.052505	36.735493
396.533333	180.223419	36.732079
396.600000	180.496613	36.764294
396.666667	180.737106	36.749538
396.733333	180.970688	36.769848
396.800000	181.204849	36.738735
396.866667	181.491562	36.692055
396.933333	181.607025	36.682934
397.000000	181.848175	36.674274
397.066667	182.090561	36.638100
397.133333	182.257339	36.640827
397.200000	182.450058	36.555115
397.266667	182.704483	36.570343
397.333333	182.792343	36.491055
397.400000	183.029449	36.529892
397.466667	183.240829	36.511444
397.533333	183.425415	36.461220
397.600000	183.582886	36.465904
397.666667	183.867386	36.479092
397.733333	184.112625	36.513538
397.800000	184.324936	36.505875
397.866667	184.474350	36.518738
397.933333	184.711594	36.523739
398.000000	184.919388	36.584187
398.066667	185.111511	36.608688
398.133333	185.329559	36.555298
398.200000	185.574860	36.521416
398.266667	185.780457	36.552597
398.333333	185.949219	36.510693
398.400000	186.137573	36.478222
398.466667	186.366333	36.538952
398.533333	186.576828	36.512848
398.600000	186.833145	36.474567
398.666667	187.006393	36.454479
398.733333	187.253494	36.453655
398.800000	187.466904	36.449444
398.866667	187.605133	36.406643
398.933333	187.830109	36.308922
399.000000	188.125183	36.290184
399.066667	188.355560	36.337971
399.133333	188.531876	36.371384
399.266667	188.993301	36.333443
399.333333	189.178238	36.315403
399.400000	189.178238	36.315403
399.466667	189.616531	36.211945
399.533333	189.821732	36.176006
399.600000	189.978394	36.166447
399.666667	190.272186	36.165833
399.733333	190.504959	36.135368
399.800000	190.504959	36.135368
399.866667	190.743759	36.134068
399.933333	191.275940	36.116756
400.000000	191.551453	36.142403
400.066667	191.692337	36.203514
400.133333	191.827850	36.211258
400.200000	191.943329	36.229099
400.266667	192.159729	36.254864
400.333333	192.403397	36.271530
400.400000	192.613663	36.245163
400.466667	192.754196	36.230839
400.533333	192.984711	36.139069
400.600000	193.216644	36.144073
400.666667	193.426117	36.154446
400.733333	193.631561	36.101765
400.800000	193.753754	36.095081
400.866667	193.922134	36.109207
400.933333	194.086395	36.107578
401.000000	194.326584	36.067921
401.066667	194.568436	36.042000
401.133333	194.761429	36.030216
401.200000	194.910400	35.967480
401.266667	195.153290	35.936565
401.333333	195.367111	35.903526
401.400000	195.588806	35.909279
401.466667	195.838699	35.880924
401.533333	196.041000	35.903561
401.600000	196.304550	35.924450
401.666667	196.556168	35.847580
401.733333	196.761505	35.797401
401.800000	196.864456	35.762444
401.866667	197.012726	35.739517
401.933333	197.241394	35.829666
402.000000	197.464752	35.797306
402.066667	197.585678	35.753147
402.133333	197.762268	35.739887
402.200000	197.986603	35.771282
402.266667	198.128799	35.731285
402.333333	198.392410	35.701099
402.400000	198.633972	35.750431
402.466667	198.821503	35.785618
402.533333	198.988647	35.794136
402.600000	199.200851	35.756367
402.666667	199.394836	35.707386
402.733333	199.574417	35.698353
402.800000	199.717987	35.692951
402.866667	199.891510	35.671741
402.933333	200.165634	35.629276
403.000000	200.441422	35.676132
403.066667	200.560593	35.638115
403.133333	200.746902	35.643787
403.200000	200.994217	35.617290
403.266667	201.184113	35.629883
403.333333	201.355377	35.665710
403.400000	201.610977	35.687683
403.466667	201.773071	35.593410
403.533333	201.952591	35.524330
403.600000	202.193008	35.548992
403.666667	202.387863	35.550484
403.733333	202.529953	35.504322
403.800000	202.701492	35.436855
403.866667	202.921921	35.422924
403.933333	203.145447	35.479633
404.000000	203.313293	35.493832
404.066667	203.521759	35.463448
404.133333	203.708878	35.451805
404.200000	203.830109	35.491261
404.266667	203.997406	35.522476
404.333333	204.099594	35.540684
404.400000	204.304337	35.513420
404.466667	204.492310	35.506668
404.533333	204.590134	35.509396
404.600000	204.745697	35.484459
404.666667	204.944168	35.482998
404.733333	205.187790	35.467457
404.800000	205.380707	35.485298
404.866667	205.594589	35.543591
404.933333	205.703308	35.557640
405.000000	205.816589	35.515594
405.066667	206.016144	35.533756
405.133333	206.311859	35.539124
405.200000	206.525818	35.532692
405.266667	206.605255	35.548729
405.333333	206.726227	35.474819
405.400000	206.885696	35.421379
405.466667	207.027145	35.420307
405.533333	207.284119	35.418949
405.600000	207.483582	35.348083
405.666667	207.652649	35.323509
405.733333	207.840912	35.360256
405.800000	208.002853	35.317913
405.866667	208.230164	35.233070
405.933333	208.384750	35.208775
406.000000	208.558380	35.160866
406.066667	208.780975	35.190243
406.133333	208.991226	35.180584
406.200000	209.135696	35.204552
406.266667	209.281982	35.234272
406.333333	209.397644	35.267559
406.400000	209.575699	35.284245
406.466667	209.734360	35.256767
406.533333	209.848541	35.235279
406.600000	210.009430	35.262272
406.666667	210.169250	35.262680
406.733333	210.310730	35.257496
406.800000	210.449951	35.306465
406.866667	210.630814	35.243389
406.933333	210.720901	35.227398
407.000000	210.903198	35.173447
407.066667	211.099854	35.164913
407.133333	211.333694	35.205215
407.200000	211.507095	35.121918
407.266667	211.651901	35.071609
407.333333	211.781860	35.030544
407.400000	211.876480	34.977085
407.466667	212.026535	34.987549
407.533333	212.153519	34.989143
407.600000	212.313324	34.982632
407.666667	212.483505	34.992573
407.733333	212.585938	34.936302
407.800000	212.794098	34.975754
407.866667	212.957214	34.990448
407.933333	213.030884	34.891594
408.000000	213.237350	34.927208
408.066667	213.421494	34.917015
408.133333	213.500931	34.879929
408.200000	213.709183	34.876293
408.266667	213.933594	34.954048
408.333333	214.023026	34.938869
408.400000	214.151520	34.870407
408.466667	214.294586	34.853115
408.533333	214.456635	34.850571
408.600000	214.646698	34.896446
408.666667	214.795975	34.893803
408.733333	214.887894	34.919121
408.800000	215.005295	34.908184
408.866667	215.187317	34.893425
408.933333	215.297211	34.934525
409.000000	215.403763	34.939968
409.066667	215.569138	34.867310
409.133333	215.752518	34.893414
409.200000	215.897827	34.874294
409.266667	215.995758	34.898418
409.333333	216.114639	34.839569
409.400000	216.259521	34.780281
409.466667	216.399445	34.762951
409.533333	216.540924	34.711864
409.600000	216.676743	34.744926
409.666667	216.767975	34.719582
409.733333	216.848862	34.702999
409.800000	217.043060	34.719292
409.866667	217.125763	34.690777
409.933333	217.223694	34.720501
410.000000	217.377136	34.712875
410.066667	217.557312	34.726562
410.133333	217.658142	34.701691
410.200000	217.794098	34.661396
410.266667	217.896027	34.652889
410.333333	217.984619	34.606167
410.400000	218.128448	34.591930
410.466667	218.276276	34.597271
410.533333	218.399857	34.574242
410.600000	218.544510	34.619526
410.666667	218.672470	34.631962
410.733333	218.822906	34.631260
410.800000	218.961884	34.632717
410.866667	219.041122	34.578781
410.933333	219.153656	34.589958
411.000000	219.262604	34.599930
411.066667	219.398285	34.666965
411.133333	219.527481	34.671494
411.200000	219.655151	34.626205
411.266667	219.769623	34.637672
411.333333	219.832474	34.644295
411.400000	219.967804	34.678837
411.466667	220.060593	34.660774
411.533333	220.182846	34.617298
411.600000	220.240555	34.629005
411.666667	220.327530	34.579548
411.733333	220.442795	34.517460
411.800000	220.553406	34.506851
411.866667	220.711334	34.506207
411.933333	220.854599	34.490681
412.000000	220.975250	34.473083
412.066667	221.079102	34.455925
412.133333	221.177643	34.485283
412.200000	221.303741	34.509308
412.266667	221.412094	34.525024
412.333333	221.461365	34.516552
412.400000	221.590363	34.494610
412.466667	221.647186	34.463223
412.533333	221.715515	34.454227
412.600000	221.818375	34.451408
412.666667	221.948944	34.512264
412.733333	222.092178	34.516922
412.800000	222.185638	34.552700
412.866667	222.241409	34.585670
412.933333	222.340591	34.598007
413.000000	222.382812	34.597481
413.066667	222.507156	34.584171
413.133333	222.655365	34.580070
413.200000	222.768250	34.569138
413.266667	222.861023	34.550243
413.333333	222.951324	34.537971
413.400000	223.084549	34.542435
413.466667	223.171494	34.541557
413.533333	223.267029	34.501945
413.600000	223.457703	34.518078
413.666667	223.525040	34.529221
413.733333	223.601318	34.552410
413.800000	223.659348	34.558617
413.866667	223.929092	34.534996
413.933333	224.090057	34.509365
414.066667	224.177917	34.492470
414.133333	224.260864	34.466579
414.200000	224.328598	34.426010
414.266667	224.399826	34.431705
414.333333	224.520081	34.431396
414.400000	224.596497	34.432281
414.466667	224.666275	34.407692
414.533333	224.757065	34.418442
414.600000	224.824600	34.430771
414.666667	224.854965	34.404423
414.800000	224.882996	34.377655
414.866667	224.923431	34.358047
414.933333	224.971420	34.331348
415.000000	225.065857	34.339855
415.066667	225.132095	34.354923
415.133333	225.210999	34.359402
415.200000	225.237930	34.385990
415.266667	225.274094	34.424015
415.333333	225.375809	34.416882
415.400000	225.465759	34.430012
415.466667	225.526108	34.445656
415.533333	225.625824	34.446949
415.600000	225.650940	34.444527
415.666667	225.718369	34.440693
415.733333	225.822861	34.444290
415.800000	225.918091	34.416332
415.866667	226.009399	34.420280
415.933333	226.031143	34.400581
416.000000	226.136139	34.428032
416.066667	226.146790	34.418789
416.133333	226.167313	34.392845
416.200000	226.196121	34.375401
416.266667	226.240936	34.358410
416.333333	226.355576	34.327663
416.400000	226.472382	34.302925
416.466667	226.510620	34.301670
416.533333	226.510620	34.301670
416.600000	226.579651	34.305611
416.666667	226.676498	34.305561
416.733333	226.716629	34.296165
416.800000	226.776703	34.310932
416.866667	226.838425	34.281429
416.933333	226.903488	34.282696
417.066667	226.943176	34.291042
417.133333	227.016922	34.316719
417.266667	227.121918	34.383732
417.333333	227.126450	34.384151
417.466667	227.201523	34.392342
417.533333	227.265594	34.377399
417.666667	227.307556	34.388512
417.733333	227.392136	34.367310
417.800000	227.391434	34.375618
417.866667	227.401047	34.330444
417.933333	227.416794	34.326336
418.000000	227.419952	34.294788
418.066667	227.455490	34.289825
418.133333	227.457886	34.299950
418.200000	227.495377	34.281551
418.266667	227.534393	34.301193
418.333333	227.598038	34.321339
418.400000	227.644470	34.305363
418.466667	227.674591	34.293056
418.533333	227.712738	34.263199
418.600000	227.725449	34.283356
418.666667	227.749268	34.290287
418.733333	227.785629	34.285248
418.800000	227.826355	34.266247
418.866667	227.849640	34.248375
418.933333	227.856461	34.246120
419.000000	227.892303	34.242775
419.066667	227.909042	34.266197
419.133333	227.958344	34.292130
419.200000	228.002533	34.297512
419.266667	228.015747	34.306301
419.333333	228.050125	34.328434
419.400000	228.096603	34.322243
419.466667	228.122040	34.324741
419.533333	228.145920	34.322239
419.600000	228.162140	34.327255
419.666667	228.160461	34.303310
419.733333	228.157288	34.306747
419.800000	228.178986	34.274174
419.866667	228.162323	34.274780
419.933333	228.160645	34.256886
420.000000	228.161789	34.254230
