840.066667	53.800079	57.736668
840.133333	53.800079	57.736668
840.200000	53.800079	57.736668
840.266667	53.800079	57.736668
840.333333	53.800079	57.736668
840.400000	53.800079	57.736668
840.466667	53.800079	57.736668
840.533333	53.800079	57.736668
840.600000	53.800079	57.736668
840.666667	53.800079	57.736668
840.733333	53.800079	57.736668
840.800000	53.800079	57.736668
840.866667	53.800079	57.736668
840.933333	53.800079	57.736668
841.000000	53.800079	57.736668
841.066667	53.800079	57.736668
841.133333	53.800079	57.736668
841.200000	53.800079	57.736668
841.266667	53.800079	57.736668
841.333333	53.800079	57.736668
841.400000	53.800079	57.736668
841.466667	53.800079	57.736668
841.533333	53.800079	49.535439
841.600000	53.800079	49.535439
841.666667	53.800079	49.535439
841.733333	53.800079	49.535439
841.800000	53.800079	49.535439
841.866667	53.800079	49.535439
841.933333	53.800079	49.535439
842.000000	53.800079	49.535439
842.066667	53.800079	49.535439
842.133333	53.800079	49.535439
842.200000	53.800079	49.535439
842.266667	53.800079	49.535439
842.333333	53.800079	49.535439
842.400000	53.800079	49.535439
842.466667	53.800079	49.535439
842.533333	53.800079	49.535439
842.600000	53.800079	49.535439
842.666667	53.800079	49.535439
842.733333	53.800079	49.535439
842.800000	53.800079	49.535439
842.866667	53.800079	49.535439
842.933333	53.800079	49.535439
843.000000	53.800079	49.535439
843.066667	53.800079	49.535439
843.133333	53.800079	49.535439
843.200000	53.800079	49.535439
843.266667	53.800079	49.535439
843.333333	53.800079	49.535439
843.400000	53.800079	49.535439
843.466667	53.800079	49.535439
843.533333	53.800079	49.535439
843.600000	53.800079	49.535439
843.666667	53.800079	49.535439
843.733333	53.800079	49.535439
843.800000	53.800079	49.535439
843.866667	53.800079	49.535439
843.933333	53.800079	49.535439
844.000000	53.800079	49.535439
844.066667	53.800079	49.535439
844.133333	53.800079	49.535439
844.200000	53.800079	49.535439
844.266667	53.800079	49.535439
844.333333	53.800079	49.535439
844.400000	53.800079	49.535439
844.466667	53.800079	49.535439
844.533333	53.800079	49.535439
844.600000	53.800079	49.535439
844.666667	53.800079	49.535439
844.733333	53.800079	49.535439
844.800000	53.800079	49.535439
844.866667	53.800079	49.535439
844.933333	53.800079	49.535439
845.000000	53.800079	49.535439
845.066667	53.800079	49.535439
845.133333	53.800079	49.535439
845.200000	53.800079	49.535439
845.266667	53.800079	49.535439
845.333333	53.800079	49.535439
845.400000	53.800079	49.535439
845.466667	53.800079	49.535439
845.533333	53.800079	49.535439
845.600000	53.800079	49.535439
845.666667	53.800079	49.535439
845.733333	53.800079	49.535439
845.800000	53.800079	49.535439
845.866667	53.800079	49.535439
845.933333	53.800079	49.535439
846.000000	53.800079	49.535439
846.066667	53.800079	49.535439
846.133333	53.800079	49.535439
846.200000	53.800079	49.535439
846.266667	53.800079	49.535439
846.333333	53.800079	49.535439
846.400000	53.800079	49.535439
846.466667	53.800079	49.535439
846.533333	53.800079	49.535439
846.600000	53.800079	49.535439
846.666667	53.800079	49.535439
846.733333	53.800079	49.535439
846.800000	53.800079	49.535439
846.866667	53.800079	49.535439
846.933333	53.800079	49.535439
847.000000	53.800079	49.535439
847.066667	53.800079	49.535439
847.133333	53.800079	49.535439
847.200000	53.800079	49.535439
847.266667	53.800079	49.535439
847.333333	53.800079	49.535439
847.400000	53.800079	49.535439
847.466667	53.800079	49.535439
847.533333	53.800079	49.535439
847.600000	53.800079	49.535439
847.666667	53.800079	49.535439
847.733333	53.800079	49.535439
847.800000	53.800079	49.535439
847.866667	53.800079	49.535439
847.933333	53.800079	49.535439
848.000000	53.800079	49.535439
848.066667	53.800079	49.535439
848.133333	53.800079	49.535439
848.200000	53.800079	49.535439
848.266667	53.800079	49.535439
848.333333	53.800079	49.535439
848.400000	53.800079	49.535439
848.466667	53.800079	49.535439
848.533333	53.800079	49.535439
848.600000	53.800079	49.535439
848.666667	53.800079	49.535439
848.733333	53.800079	49.535439
848.800000	53.800079	49.535439
848.866667	53.800079	49.535439
848.933333	53.800079	49.535439
849.000000	53.800079	49.535439
849.066667	53.800079	49.535439
849.133333	53.800079	49.535439
849.200000	53.800079	49.535439
849.266667	53.800079	49.535439
849.333333	53.800079	49.535439
849.400000	53.800079	49.535439
849.466667	53.800079	49.535439
849.533333	53.800079	49.535439
849.600000	53.800079	49.535439
849.666667	53.800079	49.535439
849.733333	53.800079	49.535439
849.800000	53.800079	49.535439
849.866667	53.800079	49.535439
849.933333	53.800079	49.535439
850.000000	53.800079	49.535439
850.066667	53.800079	49.535439
850.133333	53.800079	49.535439
850.200000	53.800079	49.535439
850.266667	53.800079	49.535439
850.333333	53.800079	49.535439
850.400000	53.800079	49.535439
850.466667	53.800079	49.535439
850.533333	53.800079	49.535439
850.600000	53.800079	49.535439
850.666667	53.800079	49.535439
850.733333	53.800079	49.535439
850.800000	53.800079	49.535439
850.866667	53.800079	49.535439
850.933333	53.800079	49.535439
851.000000	53.800079	49.535439
851.066667	53.800079	49.535439
851.133333	53.800079	49.535439
851.200000	53.800079	49.535439
851.266667	53.800079	49.535439
851.333333	53.800079	49.535439
851.400000	53.800079	49.535439
851.466667	53.800079	49.535439
851.533333	53.800079	49.535439
851.600000	53.800079	49.535439
851.666667	53.800079	49.535439
851.733333	53.800079	49.535439
851.800000	53.800079	49.535439
851.866667	53.800079	49.535439
851.933333	53.800079	49.535439
852.000000	53.800079	49.535439
852.066667	53.800079	49.535439
852.133333	53.800079	49.535439
852.200000	53.800079	49.535439
852.266667	53.800079	49.535439
852.333333	53.800079	49.535439
852.400000	53.800079	49.535439
852.466667	53.800079	49.535439
852.533333	53.800079	49.535439
852.600000	53.800079	49.535439
852.666667	53.800079	49.535439
852.733333	53.800079	49.535439
852.800000	53.800079	49.535439
852.866667	53.800079	49.535439
852.933333	53.800079	49.535439
853.000000	53.800079	49.535439
853.066667	53.800079	49.535439
853.133333	53.800079	49.535439
853.200000	53.800079	49.535439
853.266667	53.800079	49.535439
853.333333	53.800079	49.535439
853.400000	53.800079	49.535439
853.466667	53.800079	49.535439
853.533333	53.800079	49.535439
853.600000	53.800079	49.535439
853.666667	53.800079	49.535439
853.733333	53.800079	49.535439
853.800000	53.800079	49.535439
853.866667	53.800079	49.535439
853.933333	53.800079	49.535439
854.000000	53.800079	49.535439
854.066667	53.800079	49.535439
854.133333	53.800079	49.535439
854.200000	53.800079	49.535439
854.266667	53.800079	49.535439
854.333333	53.800079	49.535439
854.400000	53.800079	49.535439
854.466667	53.800079	49.535439
854.533333	53.800079	49.535439
854.600000	53.800079	49.535439
854.666667	53.800079	49.535439
854.733333	53.800079	49.535439
854.800000	53.800079	49.535439
854.866667	53.800079	49.535439
854.933333	53.800079	49.535439
855.000000	53.800079	49.535439
855.066667	53.800079	49.535439
855.133333	53.800079	49.535439
855.200000	53.800079	49.535439
855.266667	53.800079	49.535439
855.333333	53.800079	49.535439
855.400000	53.800079	49.535439
855.466667	53.800079	49.535439
855.533333	53.800079	49.535439
855.600000	53.800079	49.535439
855.666667	53.800079	49.535439
855.733333	53.800079	49.535439
855.800000	53.800079	49.535439
855.866667	53.800079	49.535439
855.933333	53.800079	49.535439
856.000000	53.800079	49.535439
856.066667	53.800079	49.535439
856.133333	53.800079	49.535439
856.200000	53.800079	49.535439
856.266667	53.800079	49.535439
856.333333	53.800079	49.535439
856.400000	53.800079	57.736668
856.466667	53.800079	57.736668
856.533333	53.800079	57.736668
856.600000	53.800079	57.736668
856.666667	53.800079	57.736668
856.733333	53.800079	57.736668
856.800000	53.800079	57.736668
856.866667	53.800079	57.736668
856.933333	53.800079	57.736668
857.000000	53.800079	57.736668
857.066667	53.800079	57.736668
857.133333	53.800079	57.736668
857.200000	53.800079	57.736668
857.266667	53.800079	57.736668
857.333333	53.800079	57.736668
857.400000	53.800079	57.736668
857.466667	53.800079	57.736668
857.533333	53.800079	57.736668
857.600000	53.800079	57.736668
857.666667	53.800079	57.736668
857.733333	53.800079	57.736668
857.800000	53.800079	57.736668
857.866667	53.800079	57.736668
857.933333	53.800079	57.736668
858.000000	53.800079	57.736668
858.066667	53.800079	57.736668
858.133333	53.800079	57.736668
858.200000	53.800079	57.736668
858.266667	53.800079	57.736668
858.333333	53.800079	57.736668
858.400000	53.800079	57.736668
858.466667	53.800079	57.736668
858.533333	53.800079	57.736668
858.600000	53.800079	57.736668
858.666667	53.800079	57.736668
858.733333	53.800079	57.736668
858.800000	53.800079	57.736668
858.866667	53.800079	57.736668
858.933333	53.800079	57.736668
859.000000	53.800079	57.736668
859.066667	53.800079	57.736668
859.133333	53.800079	57.736668
859.200000	53.800079	57.736668
859.266667	53.800079	57.736668
859.333333	53.800079	57.736668
859.400000	53.800079	57.736668
859.466667	53.800079	57.736668
859.533333	53.800079	57.736668
859.600000	53.800079	57.736668
859.666667	53.800079	57.736668
859.733333	53.800079	57.736668
859.800000	53.800079	57.736668
859.866667	53.800079	57.736668
859.933333	53.800079	57.736668
860.000000	53.800079	57.736668
860.066667	53.800079	57.736668
860.133333	53.800079	57.736668
860.200000	53.800079	57.736668
860.266667	53.800079	57.736668
860.333333	53.800079	57.736668
860.400000	53.800079	57.736668
860.466667	53.800079	57.736668
860.533333	53.800079	57.736668
860.600000	53.800079	49.535439
860.666667	53.800079	49.535439
860.733333	53.800079	49.535439
860.800000	53.800079	49.535439
860.866667	53.800079	49.535439
860.933333	53.800079	49.535439
861.000000	53.800079	49.535439
861.066667	53.800079	49.535439
861.133333	53.800079	49.535439
861.200000	53.800079	49.535439
861.266667	53.800079	49.535439
861.333333	53.800079	49.535439
861.400000	53.800079	49.535439
861.466667	53.800079	49.535439
861.533333	53.800079	49.535439
861.600000	53.800079	49.535439
861.666667	53.800079	49.535439
861.733333	53.800079	49.535439
861.800000	53.800079	49.535439
861.866667	53.800079	49.535439
861.933333	53.800079	49.535439
862.000000	53.800079	49.535439
862.066667	53.800079	49.535439
862.133333	53.800079	49.535439
862.200000	53.800079	49.535439
862.266667	53.800079	49.535439
862.333333	53.800079	49.535439
862.400000	53.800079	49.535439
862.466667	53.800079	49.535439
862.533333	53.800079	49.535439
862.600000	53.800079	49.535439
862.666667	53.800079	49.535439
862.733333	53.800079	49.535439
862.800000	53.800079	49.535439
862.866667	53.800079	49.535439
862.933333	53.800079	49.535439
863.000000	53.800079	49.535439
863.066667	53.800079	49.535439
863.133333	53.800079	49.535439
863.200000	53.800079	49.535439
863.266667	53.800079	49.535439
863.333333	53.800079	49.535439
863.400000	53.800079	49.535439
863.466667	53.800079	49.535439
863.533333	53.800079	49.535439
863.600000	53.800079	49.535439
863.666667	53.800079	49.535439
863.733333	53.800079	49.535439
863.800000	53.800079	49.535439
863.866667	53.800079	49.535439
863.933333	53.800079	49.535439
864.000000	53.800079	49.535439
864.066667	53.800079	49.535439
864.133333	53.800079	49.535439
864.200000	53.800079	49.535439
864.266667	53.800079	49.535439
864.333333	53.800079	49.535439
864.400000	53.800079	49.535439
864.466667	53.800079	49.535439
864.533333	53.800079	49.535439
864.600000	53.800079	49.535439
864.666667	53.800079	49.535439
864.733333	53.800079	49.535439
864.800000	53.800079	49.535439
864.866667	53.800079	49.535439
864.933333	53.800079	49.535439
865.000000	53.800079	49.535439
865.066667	53.800079	49.535439
865.133333	53.800079	49.535439
865.200000	53.800079	49.535439
865.266667	53.800079	49.535439
865.333333	53.800079	49.535439
865.400000	53.800079	49.535439
865.466667	53.800079	49.535439
865.533333	53.800079	49.535439
865.600000	53.800079	49.535439
865.666667	53.800079	49.535439
865.733333	53.800079	49.535439
865.800000	53.800079	49.535439
865.866667	53.800079	49.535439
865.933333	53.800079	49.535439
866.000000	53.800079	49.535439
866.066667	53.800079	49.535439
866.133333	53.800079	49.535439
866.200000	53.800079	49.535439
866.266667	53.800079	49.535439
866.333333	53.800079	49.535439
866.400000	53.800079	49.535439
866.466667	53.800079	49.535439
866.533333	53.800079	49.535439
866.600000	53.800079	49.535439
866.666667	53.800079	49.535439
866.733333	53.800079	49.535439
866.800000	53.800079	49.535439
866.866667	53.800079	49.535439
866.933333	53.800079	49.535439
867.000000	53.800079	49.535439
867.066667	53.800079	49.535439
867.133333	53.800079	49.535439
867.200000	53.800079	49.535439
867.266667	53.800079	49.535439
867.333333	53.800079	49.535439
867.400000	53.800079	49.535439
867.466667	53.800079	49.535439
867.533333	53.800079	49.535439
867.600000	53.800079	49.535439
867.666667	53.800079	49.535439
867.733333	53.800079	49.535439
867.800000	53.800079	49.535439
867.866667	53.800079	49.535439
867.933333	53.800079	49.535439
868.000000	53.800079	49.535439
868.066667	53.800079	49.535439
868.133333	53.800079	49.535439
868.200000	53.800079	49.535439
868.266667	53.800079	49.535439
868.333333	53.800079	49.535439
868.400000	53.800079	49.535439
868.466667	53.800079	49.535439
868.533333	53.800079	49.535439
868.600000	53.800079	49.535439
868.666667	53.800079	49.535439
868.733333	53.800079	49.535439
868.800000	53.800079	49.535439
868.866667	53.800079	49.535439
868.933333	53.800079	49.535439
869.000000	53.800079	49.535439
869.066667	53.800079	49.535439
869.133333	53.800079	49.535439
869.200000	53.800079	49.535439
869.266667	53.800079	49.535439
869.333333	53.800079	49.535439
869.400000	53.800079	49.535439
869.466667	53.800079	49.535439
869.533333	53.800079	49.535439
869.600000	53.800079	49.535439
869.666667	53.800079	49.535439
869.733333	53.800079	49.535439
869.800000	53.800079	49.535439
869.866667	53.800079	49.535439
869.933333	53.800079	49.535439
870.000000	53.800079	49.535439
870.066667	53.800079	49.535439
870.133333	53.800079	49.535439
870.200000	53.800079	49.535439
870.266667	53.800079	49.535439
870.333333	53.800079	49.535439
870.400000	53.800079	49.535439
870.466667	53.800079	49.535439
870.533333	53.800079	49.535439
870.600000	53.800079	49.535439
870.666667	53.800079	49.535439
870.733333	53.800079	49.535439
870.800000	53.800079	49.535439
870.866667	53.800079	49.535439
870.933333	53.800079	49.535439
871.000000	53.800079	49.535439
871.066667	53.800079	49.535439
871.133333	53.800079	49.535439
871.200000	53.800079	49.535439
871.266667	53.800079	49.535439
871.333333	53.800079	49.535439
871.400000	53.800079	49.535439
871.466667	53.800079	49.535439
871.533333	53.800079	49.535439
871.600000	53.800079	49.535439
871.666667	53.800079	49.535439
871.733333	53.800079	49.535439
871.800000	53.800079	49.535439
871.866667	53.800079	49.535439
871.933333	53.800079	49.535439
872.000000	53.800079	49.535439
872.066667	53.800079	49.535439
872.133333	53.800079	49.535439
872.200000	53.800079	49.535439
872.266667	53.800079	49.535439
872.333333	53.800079	49.535439
872.400000	53.800079	49.535439
872.466667	53.800079	49.535439
872.533333	53.800079	49.535439
872.600000	53.800079	49.535439
872.666667	53.800079	49.535439
872.733333	53.800079	49.535439
872.800000	53.800079	49.535439
872.866667	53.800079	49.535439
872.933333	53.800079	49.535439
873.000000	53.800079	49.535439
873.066667	53.800079	49.535439
873.133333	53.800079	49.535439
873.200000	53.800079	49.535439
873.266667	53.800079	49.535439
873.333333	53.800079	49.535439
873.400000	53.800079	49.535439
873.466667	53.800079	49.535439
873.533333	53.800079	49.535439
873.600000	53.800079	49.535439
873.666667	53.800079	49.535439
873.733333	53.800079	49.535439
873.800000	53.800079	49.535439
873.866667	53.800079	49.535439
873.933333	53.800079	49.535439
874.000000	53.800079	49.535439
874.066667	53.800079	49.535439
874.133333	53.800079	49.535439
874.200000	53.800079	49.535439
874.266667	53.800079	49.535439
874.333333	53.800079	49.535439
874.400000	53.800079	49.535439
874.466667	53.800079	49.535439
874.533333	53.800079	49.535439
874.600000	53.800079	49.535439
874.666667	53.800079	49.535439
874.733333	53.800079	49.535439
874.800000	53.800079	49.535439
874.866667	53.800079	49.535439
874.933333	53.800079	49.535439
875.000000	53.800079	49.535439
875.066667	53.800079	49.535439
875.133333	53.800079	49.535439
875.200000	53.800079	49.535439
875.266667	53.800079	49.535439
875.333333	53.800079	49.535439
875.400000	53.800079	49.535439
875.466667	53.800079	49.535439
875.533333	53.800079	49.535439
875.600000	53.800079	49.535439
875.666667	53.800079	49.535439
875.733333	53.800079	49.535439
875.800000	53.800079	49.535439
875.866667	53.800079	49.535439
875.933333	53.800079	49.535439
876.000000	53.800079	49.535439
876.066667	53.800079	49.535439
876.133333	53.800079	49.535439
876.200000	53.800079	49.535439
876.266667	53.800079	49.535439
876.333333	53.800079	49.535439
876.400000	53.800079	49.535439
876.466667	53.800079	49.535439
876.533333	53.800079	49.535439
876.600000	53.800079	49.535439
876.666667	53.800079	49.535439
876.733333	53.800079	49.535439
876.800000	53.800079	49.535439
876.866667	53.800079	49.535439
876.933333	53.800079	49.535439
877.000000	53.800079	49.535439
877.066667	53.800079	49.535439
877.133333	53.800079	49.535439
877.200000	53.800079	49.535439
877.266667	53.800079	49.535439
877.333333	53.800079	49.535439
877.400000	53.800079	49.535439
877.466667	53.800079	49.535439
877.533333	53.800079	49.535439
877.600000	53.800079	49.535439
877.666667	53.800079	49.535439
877.733333	53.800079	49.535439
877.800000	53.800079	49.535439
877.866667	53.800079	49.535439
877.933333	53.800079	49.535439
878.000000	53.800079	49.535439
878.066667	53.800079	49.535439
878.133333	53.800079	49.535439
878.200000	53.800079	49.535439
878.266667	53.800079	49.535439
878.333333	53.800079	49.535439
878.400000	53.800079	49.535439
878.466667	53.800079	49.535439
878.533333	53.800079	49.535439
878.600000	53.800079	49.535439
878.666667	53.800079	49.535439
878.733333	53.800079	49.535439
878.800000	53.800079	49.535439
878.866667	53.800079	49.535439
878.933333	53.800079	49.535439
879.000000	53.800079	49.535439
879.066667	53.800079	49.535439
879.133333	53.800079	49.535439
879.200000	53.800079	49.535439
879.266667	53.800079	49.535439
879.333333	53.800079	49.535439
879.400000	53.800079	49.535439
879.466667	53.800079	49.535439
879.533333	53.800079	49.535439
879.600000	53.800079	49.535439
879.666667	53.800079	49.535439
879.733333	53.800079	49.535439
879.800000	53.800079	49.535439
879.866667	53.800079	49.535439
879.933333	53.800079	49.535439
880.000000	53.800079	49.535439
880.066667	53.800079	49.535439
880.133333	53.800079	49.535439
880.200000	53.800079	49.535439
880.266667	53.800079	49.535439
880.333333	53.800079	49.535439
880.400000	53.800079	49.535439
880.466667	53.800079	49.535439
880.533333	53.800079	49.535439
880.600000	53.800079	49.535439
880.666667	53.800079	49.535439
880.733333	53.800079	49.535439
880.800000	53.800079	49.535439
880.866667	53.800079	49.535439
880.933333	53.800079	49.535439
881.000000	53.800079	49.535439
881.066667	53.800079	49.535439
881.133333	53.800079	49.535439
881.200000	53.800079	49.535439
881.266667	53.800079	49.535439
881.333333	53.800079	49.535439
881.400000	53.800079	49.535439
881.466667	53.800079	49.535439
881.533333	53.800079	49.535439
881.600000	53.800079	49.535439
881.666667	53.800079	49.535439
881.733333	53.800079	49.535439
881.800000	53.800079	49.535439
881.866667	53.800079	49.535439
881.933333	53.800079	49.535439
882.000000	53.800079	49.535439
882.066667	53.800079	49.535439
882.133333	53.800079	49.535439
882.200000	53.800079	49.535439
882.266667	53.800079	49.535439
882.333333	53.800079	49.535439
882.400000	53.800079	49.535439
882.466667	53.800079	49.535439
882.533333	53.800079	49.535439
882.600000	53.800079	49.535439
882.666667	53.800079	49.535439
882.733333	53.800079	49.535439
882.800000	53.800079	49.535439
882.866667	53.800079	49.535439
882.933333	53.800079	49.535439
883.000000	53.800079	49.535439
883.066667	53.800079	49.535439
883.133333	53.800079	49.535439
883.200000	53.800079	49.535439
883.266667	53.800079	49.535439
883.333333	53.800079	49.535439
883.400000	53.800079	49.535439
883.466667	53.800079	49.535439
883.533333	53.800079	49.535439
883.600000	53.800079	49.535439
883.666667	53.800079	49.535439
883.733333	53.800079	49.535439
883.800000	53.800079	49.535439
883.866667	53.800079	49.535439
883.933333	53.800079	49.535439
884.000000	53.800079	49.535439
884.066667	53.800079	49.535439
884.133333	53.800079	49.535439
884.200000	53.800079	49.535439
884.266667	53.800079	49.535439
884.333333	53.800079	49.535439
884.400000	53.800079	49.535439
884.466667	53.800079	49.535439
884.533333	53.800079	49.535439
884.600000	53.800079	49.535439
884.666667	53.800079	49.535439
884.733333	53.800079	49.535439
884.800000	53.800079	49.535439
884.866667	53.800079	49.535439
884.933333	53.800079	49.207390
885.000000	53.800079	49.207390
885.066667	53.800079	49.207390
885.133333	53.800079	49.207390
885.200000	53.800079	49.207390
885.266667	53.800079	49.207390
885.333333	53.800079	49.207390
885.400000	53.800079	49.207390
885.466667	53.800079	49.207390
885.533333	53.800079	49.207390
885.600000	53.800079	49.207390
885.666667	53.800079	49.207390
885.733333	53.800079	49.207390
885.800000	53.800079	49.207390
885.866667	53.800079	49.207390
885.933333	53.800079	49.207390
886.000000	53.800079	49.207390
886.066667	53.800079	49.207390
886.133333	53.800079	49.207390
886.200000	53.800079	49.207390
886.266667	53.800079	49.207390
886.333333	53.800079	49.207390
886.400000	53.800079	49.207390
886.466667	53.800079	49.207390
886.533333	53.800079	49.207390
886.600000	53.800079	49.207390
886.666667	53.800079	49.207390
886.733333	53.800079	49.207390
886.800000	53.800079	49.207390
886.866667	53.800079	49.207390
886.933333	53.800079	49.207390
887.000000	53.800079	49.207390
887.066667	53.800079	49.207390
887.133333	53.800079	49.207390
887.200000	53.800079	49.207390
887.266667	53.800079	49.207390
887.333333	53.800079	49.207390
887.400000	53.800079	49.207390
887.466667	53.800079	49.207390
887.533333	53.800079	49.207390
887.600000	53.800079	49.207390
887.666667	53.800079	49.207390
887.733333	53.800079	49.207390
887.800000	53.800079	49.207390
887.866667	53.800079	49.207390
887.933333	53.800079	49.207390
888.000000	53.800079	49.207390
888.066667	53.800079	49.207390
888.133333	53.800079	49.207390
888.200000	53.800079	49.207390
888.266667	53.800079	49.207390
888.333333	53.800079	49.207390
888.400000	53.800079	49.207390
888.466667	53.800079	49.207390
888.533333	53.800079	49.207390
888.600000	53.800079	49.207390
888.666667	53.800079	49.207390
888.733333	53.800079	49.207390
888.800000	53.800079	49.207390
888.866667	53.800079	49.207390
888.933333	53.800079	49.207390
889.000000	53.800079	49.207390
889.066667	53.800079	49.207390
889.133333	53.800079	49.207390
889.200000	53.800079	49.207390
889.266667	53.800079	49.207390
889.333333	53.800079	49.207390
889.400000	53.800079	49.207390
889.466667	53.800079	49.207390
889.533333	53.800079	49.207390
889.600000	53.800079	49.207390
889.666667	53.800079	49.207390
889.733333	53.800079	49.207390
889.800000	53.800079	49.207390
889.866667	53.800079	49.207390
889.933333	53.800079	49.207390
890.000000	53.800079	49.207390
890.066667	53.800079	49.207390
890.133333	53.800079	49.207390
890.200000	53.800079	49.207390
890.266667	53.800079	49.207390
890.333333	53.800079	49.207390
890.400000	53.800079	49.207390
890.466667	53.800079	49.207390
890.533333	53.800079	49.207390
890.600000	53.800079	49.207390
890.666667	53.800079	49.207390
890.733333	53.800079	49.207390
890.800000	53.800079	49.207390
890.866667	53.800079	49.207390
890.933333	53.800079	49.207390
891.000000	53.800079	49.207390
891.066667	53.800079	49.207390
891.133333	53.800079	49.207390
891.200000	53.800079	49.207390
891.266667	53.800079	49.207390
891.333333	53.800079	147.294113
891.400000	53.800079	147.294113
891.466667	53.800079	147.294113
891.533333	53.800079	147.294113
891.600000	53.800079	147.294113
891.666667	53.800079	147.294113
891.733333	53.800079	147.294113
891.800000	53.800079	147.294113
891.866667	53.800079	147.294113
891.933333	53.800079	147.294113
892.000000	53.800079	147.294113
892.066667	53.800079	147.294113
892.133333	53.800079	147.294113
892.200000	53.800079	147.294113
892.266667	53.800079	147.294113
892.333333	53.800079	147.294113
892.400000	53.800079	147.294113
892.466667	53.800079	147.294113
892.533333	53.800079	147.294113
892.600000	53.800079	147.294113
892.666667	53.800079	147.294113
892.733333	53.800079	147.294113
892.800000	53.800079	147.294113
892.866667	53.800079	147.294113
892.933333	53.800079	147.294113
893.000000	53.800079	147.294113
893.066667	53.800079	147.294113
893.133333	53.800079	147.294113
893.200000	53.800079	147.294113
893.266667	53.800079	147.294113
893.333333	53.800079	147.294113
893.400000	53.800079	147.294113
893.466667	53.800079	147.294113
893.533333	53.800079	147.294113
893.600000	53.800079	147.294113
893.666667	53.800079	147.294113
893.733333	53.800079	147.294113
893.800000	53.800079	147.294113
893.866667	53.800079	147.294113
893.933333	53.800079	147.294113
894.000000	53.800079	147.294113
894.066667	53.800079	147.294113
894.133333	53.800079	147.294113
894.200000	53.800079	147.294113
894.266667	53.800079	57.736668
894.333333	53.800079	57.736668
894.400000	53.800079	57.736668
894.466667	53.800079	57.736668
894.533333	53.800079	57.736668
894.600000	53.800079	57.736668
894.666667	53.800079	57.736668
894.733333	53.800079	57.736668
894.800000	53.800079	57.736668
894.866667	53.800079	57.736668
894.933333	53.800079	57.736668
895.000000	53.800079	57.736668
895.066667	53.800079	57.736668
895.133333	53.800079	57.736668
895.200000	53.800079	57.736668
895.266667	53.800079	57.736668
895.333333	53.800079	57.736668
895.400000	53.800079	57.736668
895.466667	53.800079	57.736668
895.533333	53.800079	57.736668
895.600000	53.800079	57.736668
895.666667	53.800079	57.736668
895.733333	53.800079	57.736668
895.800000	53.800079	57.736668
895.866667	53.800079	57.736668
895.933333	53.800079	57.736668
896.000000	53.800079	57.736668
896.066667	53.800079	57.736668
896.133333	53.800079	57.736668
896.200000	53.800079	57.736668
896.266667	53.800079	57.736668
896.333333	53.800079	57.736668
896.400000	53.800079	57.736668
896.466667	53.800079	57.736668
896.533333	53.800079	57.736668
896.600000	53.800079	57.736668
896.666667	53.800079	57.736668
896.733333	53.800079	57.736668
896.800000	53.800079	57.736668
896.866667	53.800079	57.736668
896.933333	53.800079	57.736668
897.000000	53.800079	57.736668
897.066667	53.800079	57.736668
897.133333	53.800079	57.736668
897.200000	53.800079	57.736668
897.266667	53.800079	57.736668
897.333333	53.800079	57.736668
897.400000	53.800079	57.736668
897.466667	53.800079	57.736668
897.533333	53.800079	57.736668
897.600000	53.800079	57.736668
897.666667	53.800079	57.736668
897.733333	53.800079	57.736668
897.800000	53.800079	57.736668
897.866667	53.800079	57.736668
897.933333	53.800079	57.736668
898.000000	53.800079	57.736668
898.066667	53.800079	57.736668
898.133333	53.800079	57.736668
898.200000	53.800079	57.736668
898.266667	53.800079	57.736668
898.333333	53.800079	57.736668
898.400000	53.800079	57.736668
898.466667	53.800079	57.736668
898.533333	53.800079	57.736668
898.600000	53.800079	57.736668
898.666667	53.800079	57.736668
898.733333	53.800079	57.736668
898.800000	53.800079	57.736668
898.866667	53.800079	57.736668
898.933333	53.800079	57.736668
899.000000	53.800079	57.736668
899.066667	53.800079	57.736668
899.133333	53.800079	57.736668
899.200000	53.800079	57.736668
899.266667	53.800079	57.736668
899.333333	53.800079	57.736668
899.400000	53.800079	57.736668
899.466667	53.800079	57.736668
899.533333	53.800079	57.736668
899.600000	53.800079	57.736668
899.666667	53.800079	57.736668
899.733333	53.800079	57.736668
899.800000	53.800079	57.736668
899.866667	53.800079	57.736668
899.933333	53.800079	57.736668
900.000000	53.800079	57.736668
