540.066667	-317.053162	95.882149
540.133333	-317.258026	96.045547
540.200000	-317.178925	96.340874
540.266667	-317.150604	96.724731
540.333333	-317.113190	96.930855
540.400000	-317.207092	97.014885
540.466667	-317.151031	97.289116
540.533333	-317.188934	97.312752
540.600000	-317.153656	97.392944
540.666667	-317.231293	97.361969
540.733333	-317.274719	97.267937
540.800000	-317.093048	97.296356
540.866667	-317.002075	97.207581
540.933333	-317.081879	96.934189
541.000000	-316.878754	96.761345
541.066667	-316.743439	96.578873
541.133333	-316.678864	96.354561
541.200000	-316.826874	95.907097
541.266667	-316.810242	95.596558
541.333333	-316.690460	95.448715
541.400000	-316.600555	95.060913
541.466667	-316.601746	94.817879
541.533333	-316.475586	94.700150
541.600000	-316.392975	94.642189
541.666667	-316.305237	94.689659
541.733333	-316.327515	94.663254
541.800000	-316.357391	94.674133
541.866667	-316.374359	94.704926
541.933333	-316.497009	94.905449
542.000000	-316.436066	95.143166
542.066667	-316.484436	95.409134
542.133333	-316.585907	95.557724
542.200000	-316.537048	95.940727
542.266667	-316.587708	96.210716
542.333333	-316.699982	96.401505
542.400000	-316.683685	96.652908
542.466667	-316.700928	96.845093
542.533333	-316.684723	97.053497
542.600000	-316.750885	97.215424
542.666667	-316.597290	97.381950
542.733333	-316.665985	97.388420
542.800000	-316.683563	97.379997
542.866667	-316.595276	97.337372
542.933333	-316.556793	97.264259
543.000000	-316.508423	97.124893
543.066667	-316.517975	96.903465
543.133333	-316.477600	96.720886
543.200000	-316.369629	96.454483
543.266667	-316.183319	96.319893
543.333333	-316.263641	95.987267
543.400000	-316.114990	95.511581
543.466667	-316.114990	95.511581
543.533333	-316.082428	95.273361
543.600000	-316.149048	95.032936
543.666667	-316.051208	94.950630
543.733333	-315.958466	94.875664
543.800000	-315.954376	94.816391
543.866667	-315.954376	94.816391
543.933333	-316.036835	94.903908
544.000000	-315.971466	95.073608
544.066667	-316.129608	95.091599
544.133333	-316.069702	95.277992
544.200000	-316.086121	95.579254
544.266667	-316.081543	95.847824
544.333333	-316.232727	96.065506
544.400000	-316.313812	96.179825
544.466667	-316.342957	96.398323
544.533333	-316.291718	96.749329
544.600000	-316.403687	96.826195
544.666667	-316.440521	97.085724
544.733333	-316.524628	97.118347
544.800000	-316.480377	97.212273
544.866667	-316.496613	97.260269
544.933333	-316.455322	97.301575
545.000000	-316.350555	97.220688
545.066667	-316.239410	97.076271
545.133333	-316.239410	97.076271
545.200000	-316.162109	96.914482
545.266667	-316.178345	96.630302
545.333333	-316.015167	96.502190
545.400000	-315.856110	96.095528
545.466667	-315.690033	95.828255
545.533333	-315.690033	95.828255
545.600000	-315.707855	95.544945
545.666667	-315.616516	95.364784
545.733333	-315.658722	95.145844
545.800000	-315.603058	94.941566
545.866667	-315.580811	94.885712
545.933333	-315.580811	94.885712
546.000000	-315.557983	94.924110
546.066667	-315.589050	94.982231
546.133333	-315.710907	95.083122
546.200000	-315.787598	95.316742
546.266667	-315.773987	95.586967
546.333333	-315.815247	95.896187
546.400000	-315.815247	95.896187
546.466667	-315.907837	96.117355
546.533333	-315.956909	96.252281
546.600000	-316.009064	96.718552
546.666667	-316.016388	96.977364
546.733333	-316.057648	97.109421
546.800000	-316.057648	97.109421
546.866667	-316.156647	97.179710
546.933333	-316.205505	97.306549
547.000000	-316.090515	97.310135
547.066667	-316.083069	97.300377
547.133333	-316.031647	97.216682
547.200000	-316.031647	97.216682
547.266667	-315.901733	97.041245
547.333333	-315.826752	96.898964
547.400000	-315.570587	96.453728
547.466667	-315.398834	96.291481
547.533333	-315.378571	95.995377
547.600000	-315.378571	95.995377
547.666667	-315.323669	95.751366
547.733333	-315.267670	95.498825
547.800000	-315.049072	95.293106
547.866667	-315.071991	95.127251
547.933333	-315.065430	95.086273
548.000000	-315.145233	94.935471
548.066667	-315.145233	94.935471
548.133333	-315.058319	95.053818
548.200000	-315.107971	95.152374
548.266667	-315.094299	95.325577
548.333333	-315.312958	95.452393
548.400000	-315.305298	95.594063
548.466667	-315.305298	95.594063
548.533333	-315.395599	95.860130
548.600000	-315.503326	96.391998
548.666667	-315.493195	96.666954
548.733333	-315.573242	96.907440
548.800000	-315.661530	97.088890
548.866667	-315.661530	97.088890
548.933333	-315.752655	97.177078
549.000000	-315.891907	97.314224
549.066667	-315.848267	97.364647
549.133333	-315.858276	97.345993
549.200000	-315.779602	97.287880
549.266667	-315.595673	97.176964
549.333333	-315.595673	97.176964
549.400000	-315.445099	96.981514
549.466667	-315.341431	96.763763
549.533333	-315.238373	96.531578
549.600000	-315.231476	96.236206
549.666667	-315.138641	95.935837
549.733333	-315.138641	95.935837
549.800000	-314.975586	95.441971
549.866667	-314.960022	95.195465
549.933333	-314.891083	95.095520
550.000000	-314.866760	94.987457
550.066667	-314.725281	95.010628
550.133333	-314.725281	95.010628
550.200000	-314.767639	94.981277
550.266667	-314.847565	95.053032
550.333333	-314.878906	95.163910
550.400000	-315.037994	95.163399
550.466667	-315.028748	95.426575
550.533333	-315.028748	95.426575
550.600000	-315.109375	95.733665
550.666667	-315.230927	96.210075
550.733333	-315.324677	96.483208
550.800000	-315.277222	96.772194
550.866667	-315.409851	96.916138
550.933333	-315.483917	97.171051
551.000000	-315.507202	97.323883
551.066667	-315.502869	97.391068
551.133333	-315.559357	97.433296
551.200000	-315.516388	97.403831
551.266667	-315.526306	97.420433
551.333333	-315.452667	97.407501
551.400000	-315.409546	97.252014
551.466667	-315.429688	97.071892
551.533333	-315.347717	96.936798
551.600000	-315.216095	96.675705
551.666667	-315.078674	96.449875
551.733333	-315.038422	96.178566
551.800000	-315.038422	96.178566
551.866667	-314.852936	95.691635
551.933333	-314.787781	95.398026
552.000000	-314.740021	95.078926
552.066667	-314.575592	95.108345
552.133333	-314.510468	95.002419
552.200000	-314.511475	94.991302
552.266667	-314.487274	95.018173
552.333333	-314.503906	94.993835
552.400000	-314.581970	95.018761
552.466667	-314.625641	95.033226
552.533333	-314.668335	95.241379
552.600000	-314.594238	95.527847
552.666667	-314.524292	95.845726
552.733333	-314.690399	96.098297
552.800000	-314.773560	96.268852
552.866667	-314.852051	96.471664
552.933333	-314.997437	96.867393
553.000000	-315.083435	96.972137
553.066667	-315.189972	97.111687
553.133333	-315.209900	97.276138
553.200000	-315.304260	97.344482
553.266667	-315.428406	97.423637
553.333333	-315.425232	97.407814
553.400000	-315.321655	97.329872
553.466667	-315.323120	97.291626
553.533333	-315.232513	97.207634
553.600000	-315.133148	97.020004
553.666667	-314.998688	96.924187
553.733333	-314.938934	96.677124
553.800000	-314.784760	96.398399
553.866667	-314.702576	96.158730
553.933333	-314.603333	95.908081
554.000000	-314.508484	95.628593
554.066667	-314.544128	95.420471
554.133333	-314.399506	95.256897
554.200000	-314.433533	95.057167
554.266667	-314.355408	94.982185
554.333333	-314.320953	94.904579
554.400000	-314.299622	94.929718
554.466667	-314.331665	94.952904
554.533333	-314.253174	95.054901
554.600000	-314.290771	95.090385
554.666667	-314.232300	95.343079
554.733333	-314.342804	95.549080
554.800000	-314.379456	95.804375
554.866667	-314.506165	96.048416
554.933333	-314.579498	96.322952
555.000000	-314.706543	96.552437
555.066667	-314.816315	96.785713
555.133333	-314.841248	96.931580
555.200000	-315.066895	97.089272
555.266667	-315.167786	97.194145
555.333333	-315.166321	97.296844
555.400000	-315.154175	97.389473
555.466667	-315.127319	97.384178
555.533333	-315.174316	97.302597
555.600000	-315.076508	97.273598
555.666667	-315.097626	97.102150
555.733333	-314.892761	96.951866
555.800000	-314.774048	96.817886
555.866667	-314.754883	96.637871
555.933333	-314.675903	96.286949
556.000000	-314.653503	96.109146
556.066667	-314.472198	95.822487
556.133333	-314.381317	95.580215
556.200000	-314.299683	95.389046
556.266667	-314.231293	95.154259
556.333333	-314.166382	95.083206
556.400000	-314.127136	94.956512
556.466667	-314.160187	94.943123
556.533333	-314.097382	94.935799
556.600000	-314.113525	94.971680
556.666667	-314.131409	95.083488
556.733333	-314.020325	95.300629
556.800000	-314.081726	95.390633
556.866667	-314.107819	95.568909
556.933333	-314.197998	95.852844
557.000000	-314.328491	96.046501
557.066667	-314.408997	96.354301
557.133333	-314.402527	96.595581
557.200000	-314.610046	96.772690
557.266667	-314.637573	97.098167
557.333333	-314.785400	97.271324
557.400000	-314.705170	97.374382
557.466667	-314.784882	97.494225
557.533333	-314.837708	97.561615
557.600000	-314.826630	97.550194
557.666667	-314.872040	97.392235
557.733333	-314.874817	97.339760
557.800000	-314.807343	97.087334
557.866667	-314.792358	96.930916
557.933333	-314.694855	96.726357
558.000000	-314.577484	96.557915
558.066667	-314.588043	96.261833
558.133333	-314.569763	96.030487
558.200000	-314.329865	95.751839
558.266667	-314.260773	95.540230
558.333333	-314.114777	95.374840
558.400000	-314.084381	95.197014
558.466667	-314.031281	95.071915
558.533333	-313.977783	94.965599
558.600000	-314.045471	94.958885
558.666667	-313.968018	94.981941
558.733333	-313.895813	95.041199
558.800000	-313.997192	95.118919
558.866667	-314.020691	95.296280
558.933333	-314.008972	95.454529
559.000000	-314.070831	95.635193
559.066667	-314.188538	95.793732
559.133333	-314.306641	96.074326
559.200000	-314.464569	96.314522
559.266667	-314.433258	96.547134
559.333333	-314.463409	96.871559
559.400000	-314.492828	97.135841
559.466667	-314.572510	97.235512
559.533333	-314.704498	97.364532
559.600000	-314.692383	97.447220
559.666667	-314.748871	97.503807
559.733333	-314.656555	97.565903
559.800000	-314.688507	97.470795
559.866667	-314.637848	97.372520
559.933333	-314.613678	97.230927
560.000000	-314.568420	97.092987
560.066667	-314.527679	96.718941
560.133333	-314.458160	96.567612
560.200000	-314.451202	96.284988
560.266667	-314.318146	96.033905
560.333333	-314.218811	95.686333
560.400000	-314.099579	95.522781
560.466667	-314.059479	95.328537
560.533333	-313.997253	95.182709
560.600000	-313.966278	95.075844
560.666667	-313.959686	95.021080
560.733333	-314.044617	94.881813
560.800000	-313.947296	94.961609
560.866667	-313.891418	95.050819
560.933333	-313.925476	95.141518
561.000000	-313.871216	95.238197
561.066667	-314.114594	95.376472
561.133333	-314.059448	95.677490
561.200000	-314.183105	95.829254
561.266667	-314.342834	96.146774
561.333333	-314.353882	96.385712
561.400000	-314.376953	96.672798
561.466667	-314.385376	96.931168
561.533333	-314.430115	97.244492
561.600000	-314.484161	97.314201
561.666667	-314.533264	97.512016
561.733333	-314.582306	97.604012
561.800000	-314.585083	97.596909
561.866667	-314.632843	97.572258
561.933333	-314.656616	97.479431
562.000000	-314.558258	97.409973
562.066667	-314.455200	97.317215
562.133333	-314.451874	97.040619
562.200000	-314.385803	96.745636
562.266667	-314.451477	96.482224
562.333333	-314.354492	96.259712
562.400000	-314.266632	95.962608
562.466667	-314.119415	95.661903
562.533333	-314.091217	95.438049
562.600000	-313.960205	95.331993
562.666667	-313.948425	95.185905
562.733333	-313.925842	95.077385
562.800000	-313.887207	95.049438
562.866667	-313.892120	95.001984
562.933333	-313.883606	95.005997
563.000000	-313.875977	95.070465
563.066667	-313.855835	95.158760
563.133333	-313.979156	95.272125
563.200000	-314.083069	95.358452
563.266667	-314.070770	95.590355
563.333333	-314.170563	95.890213
563.400000	-314.176361	96.145294
563.466667	-314.334869	96.357193
563.533333	-314.342651	96.701141
563.600000	-314.387207	96.967880
563.666667	-314.444580	97.210388
563.733333	-314.551849	97.271629
563.800000	-314.532990	97.465263
563.866667	-314.603516	97.536629
563.933333	-314.604523	97.495415
564.000000	-314.532562	97.518707
564.066667	-314.490143	97.486710
564.133333	-314.475159	97.374214
564.200000	-314.398407	97.221031
564.266667	-314.397766	96.961678
564.333333	-314.239441	96.757011
564.400000	-314.290192	96.471794
564.466667	-314.172455	96.223885
564.533333	-314.140594	95.962402
564.600000	-314.067963	95.664848
564.666667	-314.029846	95.433563
564.733333	-313.952606	95.259384
564.800000	-313.846130	95.169907
564.866667	-313.876099	95.051018
564.933333	-313.889069	94.962006
565.000000	-313.877991	94.940727
565.066667	-313.900940	95.015106
565.133333	-313.913208	95.045723
565.200000	-313.885498	95.201477
565.266667	-313.964508	95.249489
565.333333	-314.115814	95.406700
565.400000	-314.103638	95.604393
565.466667	-314.169281	95.872040
565.533333	-314.289215	96.183182
565.600000	-314.390228	96.399391
565.666667	-314.252991	96.737221
565.733333	-314.368744	97.013596
565.800000	-314.465393	97.270103
565.866667	-314.468353	97.353889
565.933333	-314.475739	97.548553
566.000000	-314.612915	97.491730
566.066667	-314.616821	97.560493
566.133333	-314.474823	97.615059
566.200000	-314.445618	97.474968
566.266667	-314.299316	97.423889
566.333333	-314.333832	97.180962
566.400000	-314.230896	96.984917
566.466667	-314.190948	96.718452
566.533333	-314.115692	96.503471
566.600000	-314.145508	96.180481
566.666667	-314.072571	95.902092
566.733333	-313.996552	95.641022
566.800000	-314.001740	95.372253
566.866667	-313.896790	95.257133
566.933333	-313.864166	95.175194
567.000000	-313.851990	95.037529
567.066667	-313.794739	94.944160
567.133333	-313.754425	94.926003
567.200000	-313.812531	94.979591
567.266667	-313.866638	95.139954
567.333333	-313.895905	95.172638
567.400000	-313.967377	95.241821
567.466667	-314.033966	95.481575
567.533333	-314.049500	95.700790
567.600000	-314.241669	95.947960
567.666667	-314.286560	96.239204
567.733333	-314.393738	96.525169
567.800000	-314.307892	96.790337
567.866667	-314.427307	96.969246
567.933333	-314.482697	97.258957
568.000000	-314.551788	97.324348
568.066667	-314.655060	97.495972
568.133333	-314.630127	97.441650
568.200000	-314.615234	97.548615
568.266667	-314.564514	97.596405
568.333333	-314.506470	97.399895
568.400000	-314.513580	97.261337
568.466667	-314.377197	97.168358
568.533333	-314.252136	96.936668
568.600000	-314.290710	96.675758
568.666667	-314.264130	96.354988
568.733333	-314.183167	96.099037
568.800000	-314.058044	95.831688
568.866667	-313.900818	95.651222
568.933333	-313.886566	95.430199
569.000000	-313.853485	95.267776
569.066667	-313.761414	95.197380
569.133333	-313.734406	95.079369
569.200000	-313.768738	94.967407
569.266667	-313.726501	94.925728
569.333333	-313.834351	94.947868
569.400000	-313.865967	95.075142
569.466667	-313.942047	95.160469
569.533333	-313.899384	95.309532
569.600000	-313.995575	95.488495
569.666667	-314.160309	95.657097
569.733333	-314.131134	95.911705
569.800000	-314.318329	96.305397
569.866667	-314.407501	96.484833
569.933333	-314.530304	96.684364
570.000000	-314.453522	97.054420
570.066667	-314.496674	97.195183
570.133333	-314.594452	97.346588
570.200000	-314.696228	97.447105
570.266667	-314.722778	97.490974
570.333333	-314.639069	97.534851
570.400000	-314.588104	97.482193
570.466667	-314.608734	97.370277
570.533333	-314.491425	97.341316
570.600000	-314.453674	97.099602
570.666667	-314.354828	96.855766
570.733333	-314.295441	96.608788
570.800000	-314.239349	96.343231
570.866667	-314.121857	96.026917
570.933333	-314.003937	95.838844
571.000000	-314.022125	95.559143
571.066667	-314.009552	95.325523
571.133333	-313.865143	95.201004
571.200000	-313.856995	95.125374
571.266667	-313.791382	95.023506
571.333333	-313.814758	94.959000
571.400000	-313.830078	94.935295
571.466667	-313.885742	94.959572
571.533333	-313.848328	95.100754
571.600000	-313.918152	95.205261
571.666667	-313.966827	95.309311
571.733333	-314.081238	95.515999
571.800000	-314.191803	95.693687
571.866667	-314.217651	96.008652
571.933333	-314.372803	96.281067
572.000000	-314.388855	96.569252
572.066667	-314.527405	96.709351
572.133333	-314.524933	97.052734
572.200000	-314.606262	97.305931
572.266667	-314.721954	97.319412
572.333333	-314.699371	97.481857
572.400000	-314.725098	97.510071
572.466667	-314.684448	97.499916
572.533333	-314.733612	97.521652
572.600000	-314.762238	97.303101
572.666667	-314.556244	97.259789
572.733333	-314.479279	97.134277
572.800000	-314.495880	96.729019
572.866667	-314.442322	96.506081
572.933333	-314.380157	96.336617
573.000000	-314.220032	96.106659
573.066667	-314.046967	95.803658
573.133333	-313.991211	95.593559
573.200000	-314.006775	95.336716
573.266667	-313.878571	95.270203
573.333333	-313.903442	95.134918
573.400000	-313.949707	94.999657
573.466667	-313.874390	95.005882
573.533333	-313.910309	94.955612
573.600000	-313.885742	95.074234
573.666667	-313.893311	95.137802
573.733333	-313.915833	95.273323
573.800000	-313.997345	95.329185
573.866667	-314.116577	95.485619
573.933333	-314.139740	95.824844
574.000000	-314.319641	96.052246
574.066667	-314.397552	96.377739
574.133333	-314.525482	96.474442
574.200000	-314.581055	96.695793
574.266667	-314.711182	96.876183
574.333333	-314.716370	97.114639
574.400000	-314.775299	97.310204
574.466667	-314.847107	97.379959
574.533333	-314.826996	97.434418
574.600000	-314.830017	97.463760
574.666667	-314.799408	97.386147
574.733333	-314.797363	97.308479
574.800000	-314.688263	97.069809
574.866667	-314.717194	96.815727
574.933333	-314.653290	96.703194
575.000000	-314.531036	96.517174
575.066667	-314.493958	96.301796
575.133333	-314.416779	96.060562
575.200000	-314.231598	95.745918
575.266667	-314.099152	95.533646
575.333333	-313.998230	95.367859
575.400000	-314.016052	95.171310
575.466667	-314.050323	95.007690
575.533333	-314.006195	94.991440
575.600000	-314.024017	94.944191
575.666667	-313.879059	95.055367
575.733333	-313.960754	95.022202
575.800000	-313.983887	95.070610
575.866667	-313.988525	95.311508
575.933333	-314.092010	95.406639
576.000000	-314.124695	95.683243
576.066667	-314.306122	95.866615
576.133333	-314.461639	96.172989
576.200000	-314.473450	96.412193
576.266667	-314.631226	96.613152
576.333333	-314.710754	96.768585
576.400000	-314.827271	96.906189
576.466667	-314.938782	97.135384
576.533333	-315.059845	97.210297
576.600000	-315.164612	97.287346
576.666667	-315.124969	97.360176
576.733333	-315.071320	97.376106
576.800000	-315.104401	97.288864
576.866667	-315.058350	97.184052
576.933333	-315.000732	97.082672
577.000000	-314.924347	96.950134
577.066667	-314.754486	96.802505
577.133333	-314.619202	96.498497
577.200000	-314.722687	96.219780
577.266667	-314.632782	96.017288
577.333333	-314.478607	95.715019
577.400000	-314.376526	95.531952
577.466667	-314.500061	95.188965
577.533333	-314.346039	95.150238
577.600000	-314.411652	95.003281
577.666667	-314.438080	94.858582
577.733333	-314.509033	94.763069
577.800000	-314.370453	94.865723
577.866667	-314.427063	94.946205
577.933333	-314.481323	95.001747
578.000000	-314.427734	95.198669
578.066667	-314.466766	95.372910
578.133333	-314.517883	95.654488
578.200000	-314.561615	95.925056
578.266667	-314.641479	96.161461
578.333333	-314.709778	96.323540
578.400000	-314.741333	96.763474
578.466667	-314.906799	96.901001
578.533333	-315.028656	96.983383
578.600000	-315.138916	97.155243
578.666667	-315.204834	97.257591
578.733333	-315.262390	97.376007
578.800000	-315.342102	97.325363
578.866667	-315.373566	97.342194
578.933333	-315.301208	97.321297
579.000000	-315.307434	97.172791
579.066667	-315.238037	97.083115
579.133333	-315.237366	96.845215
579.200000	-315.130402	96.736717
579.266667	-315.111053	96.448586
579.333333	-315.075409	96.161293
579.400000	-314.923157	95.912956
579.466667	-314.888062	95.646217
579.533333	-314.825958	95.345329
579.600000	-314.757080	95.179459
579.666667	-314.611542	95.083450
579.733333	-314.579254	94.978249
579.800000	-314.537720	94.909775
579.866667	-314.600098	94.851654
579.933333	-314.595612	94.882744
580.000000	-314.610138	94.967545
580.066667	-314.618225	95.027328
580.133333	-314.707489	95.145424
580.200000	-314.748962	95.322777
580.266667	-314.798950	95.647354
580.333333	-314.863220	95.976379
580.400000	-314.935333	96.152390
580.466667	-315.079987	96.469398
580.533333	-315.208618	96.715599
580.600000	-315.310089	96.849159
580.666667	-315.398041	96.967339
580.733333	-315.425385	97.196335
580.800000	-315.468597	97.261238
580.866667	-315.526733	97.314262
580.933333	-315.593689	97.302551
581.000000	-315.489685	97.315689
581.066667	-315.366241	97.224190
581.133333	-315.366241	97.224190
581.200000	-315.324158	97.090294
581.266667	-315.296753	96.920471
581.333333	-315.265350	96.659729
581.400000	-315.231964	96.452965
581.466667	-315.172180	95.885864
581.533333	-315.172180	95.885864
581.600000	-315.124054	95.564667
581.666667	-315.085693	95.334938
581.733333	-314.965027	95.207191
581.800000	-314.927338	95.090782
581.866667	-314.884888	94.924789
581.933333	-314.884888	94.924789
582.000000	-314.749054	94.960655
582.066667	-314.794556	94.963432
582.133333	-314.785431	95.058502
582.200000	-314.878052	95.163490
582.266667	-315.046600	95.460594
582.333333	-315.110138	95.767700
582.400000	-315.110138	95.767700
582.466667	-315.232941	95.941429
582.533333	-315.181335	96.247452
582.600000	-315.211029	96.498665
582.666667	-315.367340	96.912659
582.733333	-315.389496	97.090828
582.800000	-315.389496	97.090828
582.866667	-315.453369	97.269653
582.933333	-315.653290	97.281113
583.000000	-315.793243	97.273643
583.066667	-315.810455	97.305679
583.133333	-315.640015	97.320465
583.200000	-315.640015	97.320465
583.266667	-315.605408	97.175789
583.333333	-315.665253	97.070480
583.400000	-315.538330	96.787567
583.466667	-315.528656	96.245941
583.533333	-315.459412	96.101852
583.600000	-315.418793	95.820099
583.666667	-315.418793	95.820099
583.733333	-315.362366	95.551331
583.800000	-315.269958	95.399567
583.866667	-315.233063	95.043236
583.933333	-315.274048	94.923431
584.000000	-315.244293	94.912567
584.066667	-315.244293	94.912567
584.133333	-315.285431	94.912949
584.200000	-315.341248	94.874535
584.266667	-315.311981	95.109009
584.333333	-315.325897	95.300140
584.400000	-315.339935	95.540871
584.466667	-315.339935	95.540871
584.533333	-315.458801	95.780182
584.600000	-315.528564	95.977470
584.666667	-315.690002	96.474304
584.733333	-315.784515	96.660858
584.800000	-315.801361	96.828514
584.866667	-315.921478	96.948006
584.933333	-315.921478	96.948006
585.000000	-315.950500	97.110168
585.066667	-315.965546	97.223450
585.133333	-316.002899	97.203445
585.200000	-316.003815	97.170937
585.266667	-315.919586	97.145576
585.333333	-315.919586	97.145576
585.400000	-316.004974	97.019485
585.466667	-315.989227	96.690338
585.533333	-315.887909	96.542000
585.600000	-315.949371	96.301315
585.666667	-315.864716	96.035675
585.733333	-315.864716	96.035675
585.800000	-315.751617	95.851624
585.866667	-315.656738	95.369209
585.933333	-315.674225	95.162811
586.000000	-315.624969	94.984398
586.066667	-315.680359	94.927612
586.133333	-315.710266	94.814911
586.200000	-315.710266	94.814911
586.266667	-315.713531	94.845337
586.333333	-315.770966	94.905167
586.400000	-315.765808	95.038521
586.466667	-315.882172	95.229233
586.533333	-315.857361	95.469887
586.600000	-315.857361	95.469887
586.666667	-315.955658	95.983582
586.733333	-315.892883	96.251282
586.800000	-316.054169	96.424881
586.866667	-316.093567	96.633110
586.933333	-316.202026	96.784248
587.000000	-316.202026	96.784248
587.066667	-316.219879	97.148972
587.133333	-316.273590	97.182411
587.200000	-316.292023	97.341583
587.266667	-316.329834	97.263840
587.333333	-316.318085	97.282669
587.400000	-316.304962	97.160202
587.466667	-316.290009	96.951172
587.533333	-316.366333	96.765495
587.600000	-316.305786	96.687149
587.666667	-316.162567	96.442451
587.733333	-316.101196	96.313469
587.800000	-316.094696	96.029152
587.866667	-316.028168	95.847351
587.933333	-315.968384	95.524742
588.000000	-316.017303	95.164040
588.066667	-315.903107	95.171646
588.133333	-315.876526	94.981964
588.200000	-315.900818	94.803909
588.266667	-315.823364	94.823158
588.333333	-315.846313	94.794960
588.400000	-315.909180	94.852524
588.466667	-315.988861	94.938004
588.533333	-316.037323	95.050446
588.600000	-316.054932	95.223343
588.666667	-316.194122	95.435005
588.733333	-316.305664	95.705734
588.800000	-316.340729	95.913277
588.866667	-316.399384	96.234077
588.933333	-316.403259	96.483978
589.000000	-316.541534	96.606850
589.066667	-316.721924	96.804420
589.133333	-316.766174	96.979004
589.200000	-316.807556	97.105766
589.266667	-316.807831	97.218575
589.333333	-316.850464	97.288132
589.400000	-316.802460	97.323326
589.466667	-316.742859	97.237564
589.533333	-316.703583	97.119148
589.600000	-316.780823	96.998726
589.666667	-316.615173	96.829308
589.733333	-316.509003	96.648033
589.800000	-316.457733	96.539612
589.866667	-316.495148	96.226929
589.933333	-316.404724	95.924187
590.000000	-316.361908	95.720436
590.066667	-316.342468	95.353546
590.133333	-316.306885	95.158791
590.200000	-316.303467	95.040092
590.266667	-316.294891	94.851814
590.333333	-316.191406	94.749619
590.400000	-316.284760	94.731857
590.466667	-316.275940	94.707672
590.533333	-316.350555	94.711929
590.600000	-316.417328	94.772057
590.666667	-316.493927	94.965546
590.733333	-316.602539	95.115799
590.800000	-316.707764	95.379608
590.866667	-316.758392	95.724861
590.933333	-316.904449	95.886238
591.000000	-316.955841	96.146362
591.066667	-317.001007	96.389977
591.133333	-317.100098	96.665459
591.200000	-317.188293	96.812897
591.266667	-317.258545	97.078766
591.333333	-317.195831	97.161911
591.400000	-317.291687	97.245651
591.466667	-317.110687	97.323677
591.533333	-317.189209	97.324348
591.600000	-317.171875	97.241478
591.666667	-317.166229	97.143867
591.733333	-317.126160	97.039642
591.800000	-317.129639	96.860100
591.866667	-317.128723	96.526268
591.933333	-317.058411	96.290291
592.000000	-317.044403	96.066216
592.066667	-316.922089	95.824135
592.133333	-316.645599	95.677711
592.200000	-316.706573	95.321938
592.266667	-316.647369	95.089363
592.333333	-316.653198	94.877289
592.400000	-316.612366	94.859299
592.466667	-316.578369	94.795692
592.533333	-316.619476	94.733521
592.600000	-316.696838	94.713654
592.666667	-316.725067	94.772629
592.733333	-316.780457	94.826950
592.800000	-316.833282	94.983932
592.866667	-316.927032	95.110474
592.933333	-316.854492	95.440666
593.000000	-316.996643	95.779472
593.066667	-317.124817	96.018219
593.133333	-317.320099	96.146797
593.200000	-317.274780	96.399246
593.266667	-317.441010	96.590294
593.333333	-317.559265	96.785912
593.400000	-317.632629	97.023491
593.466667	-317.799072	97.071358
593.533333	-317.793762	97.199272
593.600000	-317.792572	97.185783
593.666667	-317.750122	97.224274
593.733333	-317.733948	97.216888
593.800000	-317.702972	97.064865
593.866667	-317.628143	96.899734
593.933333	-317.531586	96.683502
594.000000	-317.449341	96.471329
594.066667	-317.359131	96.238853
594.133333	-317.210999	96.097008
594.200000	-317.131378	95.827332
594.266667	-317.090759	95.608315
594.333333	-317.200500	95.238815
594.400000	-317.120026	95.054108
594.466667	-317.209900	94.871887
594.533333	-317.154999	94.796272
594.600000	-317.102417	94.745789
594.666667	-317.097229	94.613953
594.733333	-317.081482	94.758591
594.800000	-317.173401	94.784607
594.866667	-317.288696	94.822044
594.933333	-317.374969	94.995262
595.000000	-317.294891	95.297958
595.066667	-317.325531	95.525780
595.133333	-317.422150	95.720146
595.200000	-317.579163	95.959999
595.266667	-317.661316	96.185158
595.333333	-317.815369	96.449570
595.400000	-318.003021	96.642570
595.466667	-318.179260	96.790581
595.533333	-318.218231	96.917229
595.600000	-318.208801	97.094063
595.666667	-318.252472	97.153915
595.733333	-318.300629	97.112099
595.800000	-318.343201	97.130188
595.866667	-318.279877	97.068161
595.933333	-318.178680	96.962051
596.000000	-318.140564	96.811211
596.066667	-318.006561	96.715439
596.133333	-317.993683	96.352669
596.200000	-317.881561	96.193634
596.266667	-317.844696	95.891075
596.333333	-317.757111	95.584450
596.400000	-317.720459	95.418167
596.466667	-317.664429	95.146957
596.533333	-317.525330	95.106827
596.600000	-317.455231	94.986053
596.666667	-317.335815	94.865341
596.733333	-317.281158	94.797630
596.800000	-317.364319	94.747375
596.866667	-317.308716	94.767036
596.933333	-317.372467	94.857315
597.000000	-317.427551	94.990662
597.066667	-317.664673	95.041397
597.133333	-317.824646	95.219246
597.200000	-317.966949	95.352737
597.266667	-318.023468	95.567612
597.333333	-318.064117	95.909286
597.400000	-318.139343	96.210251
597.466667	-318.140381	96.390511
597.533333	-318.414276	96.607635
597.600000	-318.374054	96.865837
597.666667	-318.396240	97.024269
597.733333	-318.526917	97.105179
597.800000	-318.605225	97.147881
597.866667	-318.693207	97.176109
597.933333	-318.671997	97.134521
598.000000	-318.611908	97.090431
598.066667	-318.544067	97.000435
598.133333	-318.579590	96.799149
598.200000	-318.516266	96.584442
598.266667	-318.492950	96.375092
598.333333	-318.438110	96.173218
598.400000	-318.403198	95.830116
598.466667	-318.205505	95.587921
598.533333	-318.203430	95.336960
598.600000	-318.075684	95.194550
598.666667	-317.982361	95.071358
598.733333	-317.939514	94.858910
598.800000	-317.934631	94.717010
598.866667	-317.827515	94.656578
598.933333	-317.828552	94.703545
599.000000	-317.925323	94.611366
599.066667	-317.918121	94.776520
599.133333	-317.998718	94.968254
599.200000	-318.072052	95.034492
599.266667	-318.187469	95.222481
599.333333	-318.307312	95.419647
599.400000	-318.538300	95.532623
599.466667	-318.549530	95.956482
599.533333	-318.515381	96.328606
599.600000	-318.623596	96.501930
599.666667	-318.766846	96.668976
599.733333	-318.918671	96.878319
599.800000	-319.044678	97.006630
599.866667	-319.080780	97.057426
599.933333	-319.152496	97.082619
600.000000	-319.107208	97.153946
