2880.066667	-57.961376	23.735588
2880.133333	-57.878769	23.716253
2880.200000	-57.815086	23.703339
2880.266667	-57.754940	23.696428
2880.333333	-57.700745	23.716618
2880.400000	-57.700745	23.716618
2880.466667	-57.623550	23.714182
2880.533333	-57.551975	23.720554
2880.600000	-57.534943	23.707657
2880.666667	-57.467384	23.687115
2880.733333	-57.443649	23.722778
2880.800000	-57.415779	23.737295
2880.866667	-57.385807	23.725555
2880.933333	-57.334427	23.705387
2881.000000	-57.297096	23.676519
2881.066667	-57.228436	23.647451
2881.133333	-57.150043	23.636799
2881.200000	-57.087315	23.629190
2881.266667	-57.078663	23.636086
2881.333333	-57.058510	23.625240
2881.400000	-57.044441	23.609089
2881.466667	-56.992702	23.558764
2881.533333	-56.956230	23.590143
2881.600000	-56.910492	23.608006
2881.666667	-56.888229	23.627623
2881.733333	-56.828251	23.639709
2881.800000	-56.809799	23.644169
2881.866667	-56.754639	23.651119
2881.933333	-56.698799	23.656237
2882.000000	-56.699829	23.678789
2882.066667	-56.691532	23.686693
2882.133333	-56.651245	23.712627
2882.200000	-56.633949	23.746054
2882.266667	-56.628147	23.739429
2882.333333	-56.604832	23.698853
2882.400000	-56.529877	23.686056
2882.466667	-56.465302	23.692984
2882.533333	-56.461464	23.697519
2882.600000	-56.426880	23.709650
2882.666667	-56.410690	23.680931
2882.733333	-56.363441	23.684395
2882.800000	-56.385773	23.665722
2882.866667	-56.319336	23.680250
2882.933333	-56.281303	23.687908
2883.000000	-56.256233	23.661417
2883.066667	-56.252998	23.688581
2883.133333	-56.212479	23.686893
2883.200000	-56.178661	23.678827
2883.266667	-56.126431	23.698273
2883.333333	-56.127033	23.680580
2883.400000	-56.107277	23.686378
2883.466667	-56.080559	23.691061
2883.533333	-56.063507	23.646959
2883.600000	-56.097527	23.691936
2883.666667	-56.071899	23.688875
2883.733333	-56.086922	23.678011
2883.800000	-56.080822	23.678057
2883.866667	-56.059441	23.660940
2883.933333	-56.065907	23.667196
2884.000000	-56.014278	23.646154
2884.066667	-55.987045	23.643480
2884.133333	-55.987045	23.643480
2884.200000	-55.961330	23.668959
2884.266667	-55.961330	23.668959
2884.333333	-55.974197	23.699036
2884.400000	-55.950256	23.652649
2884.466667	-55.959061	23.669292
2884.533333	-55.947918	23.669497
2884.600000	-55.939545	23.668339
2884.666667	-55.933094	23.662985
2884.733333	-55.915775	23.652098
2884.800000	-55.935417	23.626638
2884.866667	-55.947910	23.646666
2884.933333	-55.939392	23.618958
2885.000000	-55.926414	23.645176
2885.066667	-55.927410	23.621744
2885.133333	-55.913021	23.626223
2885.200000	-55.907318	23.656174
2885.266667	-55.923401	23.626057
2885.333333	-55.933399	23.632692
2885.400000	-55.880604	23.637096
2885.466667	-55.895683	23.622952
2885.533333	-55.895634	23.627016
2885.600000	-55.920929	23.625368
2885.666667	-55.881081	23.631931
2885.733333	-55.875290	23.651382
2885.800000	-55.898682	23.623674
2885.866667	-55.900612	23.610361
2885.933333	-55.889645	23.645565
2886.000000	-55.896782	23.638086
2886.066667	-55.929886	23.641874
2886.133333	-55.915142	23.633528
2886.200000	-55.927002	23.642073
2886.266667	-55.937355	23.634558
2886.333333	-55.923946	23.626020
2886.400000	-55.914959	23.620745
2886.466667	-55.910625	23.580894
2886.533333	-55.915298	23.605434
2886.600000	-55.914768	23.584661
2886.666667	-55.927601	23.579510
2886.733333	-55.910660	23.595562
2886.800000	-55.941700	23.594173
2886.866667	-55.959835	23.597162
2886.933333	-55.973701	23.611814
2887.000000	-55.983105	23.577938
2887.066667	-56.004932	23.596817
2887.133333	-56.030056	23.605938
2887.200000	-56.022690	23.606098
2887.266667	-56.038677	23.632557
2887.333333	-56.051834	23.613028
2887.400000	-56.061691	23.584240
2887.466667	-56.062660	23.594269
2887.533333	-56.104702	23.574429
2887.600000	-56.097282	23.607660
2887.666667	-56.130001	23.590496
2887.733333	-56.125481	23.593889
2887.800000	-56.129791	23.622047
2887.866667	-56.172676	23.593147
2887.933333	-56.171329	23.622791
2888.000000	-56.218372	23.632156
2888.066667	-56.236298	23.622335
2888.133333	-56.236118	23.620096
2888.200000	-56.290089	23.656376
2888.266667	-56.308556	23.667273
2888.333333	-56.308556	23.667273
2888.400000	-56.343948	23.657379
2888.466667	-56.381104	23.690197
2888.533333	-56.415539	23.682205
2888.600000	-56.443111	23.684015
2888.666667	-56.466736	23.662359
2888.733333	-56.468967	23.669342
2888.800000	-56.468967	23.669342
2888.866667	-56.500916	23.679996
2888.933333	-56.535965	23.666822
2889.000000	-56.578499	23.688795
2889.066667	-56.641445	23.691349
2889.133333	-56.634186	23.663134
2889.200000	-56.663349	23.667864
2889.266667	-56.691174	23.658756
2889.333333	-56.724583	23.658945
2889.400000	-56.770962	23.675106
2889.466667	-56.809158	23.653433
2889.533333	-56.861382	23.677742
2889.600000	-56.899269	23.662033
2889.666667	-56.965050	23.653320
2889.733333	-57.026318	23.655216
2889.800000	-57.093990	23.627277
2889.866667	-57.163963	23.627937
2889.933333	-57.169834	23.640045
2890.000000	-57.177158	23.640018
2890.066667	-57.219212	23.655748
2890.133333	-57.234978	23.660038
2890.200000	-57.286533	23.687817
2890.266667	-57.326111	23.696629
2890.333333	-57.353848	23.675959
2890.400000	-57.352993	23.685259
2890.466667	-57.398598	23.696739
2890.533333	-57.464302	23.693859
2890.600000	-57.552292	23.714750
2890.666667	-57.547878	23.711037
2890.733333	-57.599678	23.703171
2890.800000	-57.698719	23.706463
2890.866667	-57.778286	23.705605
2890.933333	-57.861122	23.729061
2891.000000	-57.892673	23.734102
2891.066667	-57.972984	23.749668
2891.133333	-58.015083	23.771973
2891.200000	-58.079582	23.756811
2891.266667	-58.107632	23.790222
2891.333333	-58.088398	23.788622
2891.400000	-58.167145	23.792719
2891.466667	-58.179600	23.830824
2891.533333	-58.240978	23.849798
2891.600000	-58.303291	23.826427
2891.666667	-58.307255	23.798525
2891.733333	-58.347401	23.798521
2891.800000	-58.350719	23.794344
2891.866667	-58.403111	23.779427
2891.933333	-58.440823	23.797060
2892.000000	-58.464767	23.817684
2892.066667	-58.533783	23.809240
2892.133333	-58.571163	23.838961
2892.200000	-58.618763	23.830677
2892.266667	-58.646210	23.857841
2892.333333	-58.736202	23.851704
2892.400000	-58.736202	23.851704
2892.466667	-58.854004	23.863350
2892.533333	-58.854004	23.863350
2892.600000	-58.900646	23.837749
2892.666667	-58.962986	23.854588
2892.733333	-58.971565	23.858400
2892.800000	-59.041378	23.890577
2892.866667	-59.193729	23.913015
2892.933333	-59.240707	23.917606
2893.000000	-59.240707	23.917606
2893.066667	-59.292080	23.902245
2893.133333	-59.326363	23.904509
2893.200000	-59.372955	23.944052
2893.266667	-59.433567	23.925936
2893.333333	-59.467213	23.917244
2893.400000	-59.544846	23.898668
2893.466667	-59.566799	23.841087
2893.533333	-59.621437	23.849079
2893.600000	-59.613091	23.862427
2893.666667	-59.653595	23.832851
2893.733333	-59.725807	23.834261
2893.800000	-59.759193	23.831377
2893.866667	-59.799671	23.842180
2893.933333	-59.828560	23.863443
2894.000000	-59.855160	23.867107
2894.066667	-59.925049	23.882915
2894.133333	-59.939129	23.889154
2894.200000	-59.939129	23.889154
2894.266667	-59.962170	23.878054
2894.333333	-59.997593	23.889090
2894.400000	-59.997593	23.889090
2894.466667	-60.080524	23.872452
2894.533333	-60.105522	23.906832
2894.600000	-60.130802	23.862335
2894.666667	-60.130802	23.862335
2894.733333	-60.176575	23.843161
2894.800000	-60.237022	23.837894
2894.866667	-60.275681	23.828880
2894.933333	-60.294239	23.820539
2895.000000	-60.336796	23.836863
2895.066667	-60.336796	23.836863
2895.133333	-60.371723	23.836712
2895.200000	-60.417995	23.845362
2895.266667	-60.405834	23.845106
2895.333333	-60.449924	23.841183
2895.400000	-60.482491	23.864464
2895.466667	-60.482491	23.864464
2895.533333	-60.522144	23.850245
2895.600000	-60.544807	23.853224
2895.666667	-60.544476	23.867409
2895.733333	-60.586288	23.858686
2895.800000	-60.625980	23.873096
2895.866667	-60.652588	23.883497
2895.933333	-60.652588	23.883497
2896.000000	-60.700844	23.891903
2896.066667	-60.722576	23.873457
2896.133333	-60.766468	23.902056
2896.200000	-60.790997	23.915789
2896.266667	-60.793091	23.918417
2896.333333	-60.793091	23.918417
2896.400000	-60.818855	23.914907
2896.466667	-60.846828	23.917522
2896.533333	-60.887650	23.907522
2896.600000	-60.896786	23.901945
2896.666667	-60.916786	23.901457
2896.733333	-60.916786	23.901457
2896.800000	-60.921021	23.914236
2896.866667	-60.914425	23.906288
2896.933333	-60.944347	23.915146
2897.000000	-60.944408	23.897980
2897.066667	-60.965302	23.902811
2897.133333	-60.958889	23.885399
2897.200000	-60.958889	23.885399
2897.266667	-60.984356	23.885275
2897.333333	-60.994644	23.904716
2897.400000	-61.012997	23.906193
2897.466667	-60.989517	23.894999
2897.533333	-61.004200	23.880354
2897.600000	-61.004200	23.880354
2897.666667	-60.991291	23.872561
2897.733333	-61.010799	23.881266
2897.800000	-60.989944	23.884214
2897.866667	-61.031593	23.894751
2897.933333	-61.016087	23.883965
2898.000000	-61.016087	23.883965
2898.066667	-60.997211	23.893772
2898.133333	-61.029819	23.888992
2898.200000	-61.029709	23.889685
2898.266667	-61.026978	23.884163
2898.333333	-61.037125	23.893259
2898.400000	-61.037125	23.893259
2898.466667	-61.040806	23.899073
2898.533333	-61.023270	23.901031
2898.600000	-61.041904	23.914801
2898.666667	-61.033207	23.946201
2898.733333	-61.026237	23.916582
2898.800000	-61.027435	23.908407
2898.866667	-61.027435	23.908407
2898.933333	-61.035496	23.906706
2899.000000	-61.022274	23.893503
2899.066667	-61.050789	23.885544
2899.133333	-61.024582	23.878460
2899.200000	-61.058083	23.881529
2899.266667	-61.058083	23.881529
2899.333333	-61.060104	23.864912
2899.400000	-61.067432	23.873276
2899.466667	-61.089764	23.866087
2899.533333	-61.103981	23.867233
2899.600000	-61.103050	23.876232
2899.666667	-61.103050	23.876232
2899.733333	-61.091118	23.861591
2899.800000	-61.112286	23.877602
2899.866667	-61.122219	23.869699
2899.933333	-61.118816	23.876577
2900.000000	-61.097984	23.880348
2900.066667	-61.084526	23.860628
2900.133333	-61.084526	23.860628
2900.200000	-61.054661	23.864071
2900.266667	-61.037575	23.877163
2900.333333	-61.048328	23.868580
2900.400000	-61.014912	23.871933
2900.466667	-60.973923	23.871887
2900.533333	-60.989941	23.868944
2900.600000	-60.961277	23.861235
2900.666667	-60.933960	23.856436
2900.733333	-60.904465	23.841597
2900.800000	-60.899815	23.823853
2900.866667	-60.886082	23.830385
2900.933333	-60.886082	23.830385
2901.000000	-60.892406	23.828016
2901.066667	-60.891743	23.817806
2901.133333	-60.885834	23.805895
2901.200000	-60.863491	23.809534
2901.266667	-60.863846	23.823040
2901.333333	-60.874359	23.830444
2901.400000	-60.861458	23.823599
2901.466667	-60.841385	23.829599
2901.533333	-60.829697	23.810492
2901.600000	-60.832214	23.812618
2901.666667	-60.841042	23.828083
2901.733333	-60.833652	23.813982
2901.800000	-60.836800	23.808430
2901.866667	-60.790737	23.822275
2901.933333	-60.810745	23.801027
2902.000000	-60.792538	23.826136
2902.066667	-60.767094	23.828959
2902.133333	-60.766254	23.838961
2902.200000	-60.750664	23.821074
2902.266667	-60.760845	23.823568
2902.333333	-60.729538	23.839281
2902.400000	-60.747841	23.833645
2902.466667	-60.711212	23.830437
2902.533333	-60.695057	23.854912
2902.600000	-60.674023	23.824800
2902.666667	-60.672142	23.848154
2902.733333	-60.650150	23.841494
2902.800000	-60.621635	23.829601
2902.866667	-60.588562	23.849195
2902.933333	-60.575272	23.838146
2903.000000	-60.559563	23.831144
2903.066667	-60.503368	23.840893
2903.133333	-60.462502	23.829453
2903.200000	-60.419636	23.853992
2903.266667	-60.352509	23.862371
2903.333333	-60.308414	23.835291
2903.400000	-60.272751	23.833580
2903.466667	-60.244781	23.804024
2903.533333	-60.235207	23.819113
2903.600000	-60.187618	23.797865
2903.666667	-60.191612	23.819811
2903.733333	-60.192421	23.814724
2903.800000	-60.120579	23.793785
2903.866667	-60.051865	23.792301
2903.933333	-60.010181	23.810246
2904.000000	-59.949596	23.763199
2904.066667	-59.921314	23.798801
2904.133333	-59.924858	23.796824
2904.200000	-59.867252	23.794170
2904.266667	-59.848423	23.799023
2904.333333	-59.815269	23.769659
2904.400000	-59.789410	23.767025
2904.466667	-59.752769	23.766912
2904.533333	-59.737644	23.757355
2904.600000	-59.688255	23.757185
2904.666667	-59.647884	23.762531
2904.733333	-59.631077	23.762424
2904.800000	-59.621944	23.779579
2904.866667	-59.582600	23.765478
2904.933333	-59.539665	23.760624
2905.000000	-59.511639	23.753241
2905.066667	-59.490314	23.758846
2905.133333	-59.482365	23.759876
2905.200000	-59.474865	23.758064
2905.266667	-59.476528	23.760569
2905.333333	-59.446312	23.748976
2905.400000	-59.420010	23.762510
2905.466667	-59.421024	23.772093
2905.533333	-59.324852	23.757305
2905.600000	-59.300701	23.768131
2905.666667	-59.281868	23.746078
2905.733333	-59.265125	23.749887
2905.800000	-59.227406	23.760601
2905.866667	-59.186512	23.777332
2905.933333	-59.160339	23.757315
2906.000000	-59.137810	23.782368
2906.066667	-59.085491	23.787117
2906.133333	-59.089092	23.796930
2906.200000	-59.042427	23.805508
2906.266667	-58.997341	23.816076
2906.333333	-58.903164	23.821705
2906.400000	-58.874977	23.844587
2906.466667	-58.832104	23.850668
2906.533333	-58.826595	23.880497
2906.600000	-58.793713	23.875174
2906.666667	-58.766342	23.851583
2906.733333	-58.712353	23.851753
2906.800000	-58.714909	23.844200
2906.866667	-58.625172	23.874016
2906.933333	-58.585945	23.808249
2907.000000	-58.561539	23.849844
2907.066667	-58.544460	23.830591
2907.133333	-58.517937	23.799234
2907.200000	-58.487785	23.797289
2907.266667	-58.404263	23.778721
2907.333333	-58.388565	23.800533
2907.400000	-58.352989	23.760605
2907.466667	-58.345997	23.792734
2907.533333	-58.290115	23.779072
2907.600000	-58.302338	23.823565
2907.666667	-58.241562	23.804258
2907.733333	-58.187027	23.807930
2907.800000	-58.137936	23.770102
2907.866667	-58.134155	23.788315
2907.933333	-58.148148	23.786308
2908.000000	-58.100792	23.789761
2908.066667	-58.087551	23.782928
2908.133333	-58.049850	23.759745
2908.200000	-58.053452	23.770256
2908.266667	-58.013969	23.753441
2908.333333	-57.970516	23.749891
2908.400000	-57.956062	23.753887
2908.466667	-57.922688	23.743361
2908.533333	-57.888840	23.737408
2908.600000	-57.852646	23.724298
2908.666667	-57.845551	23.736296
2908.733333	-57.785141	23.748037
2908.800000	-57.792572	23.731560
2908.866667	-57.796860	23.748466
2908.933333	-57.770020	23.743526
2909.000000	-57.765434	23.725512
2909.066667	-57.773975	23.767380
2909.133333	-57.756691	23.738647
2909.200000	-57.732082	23.741655
2909.266667	-57.681847	23.722679
2909.333333	-57.654797	23.736727
2909.400000	-57.640160	23.725592
2909.466667	-57.624878	23.719336
2909.533333	-57.594830	23.734491
2909.600000	-57.587791	23.729124
2909.666667	-57.537052	23.718756
2909.733333	-57.515141	23.716967
2909.800000	-57.514885	23.731050
2909.866667	-57.483318	23.707569
2909.933333	-57.475529	23.712231
2910.000000	-57.458965	23.720373
2910.066667	-57.466751	23.694267
2910.133333	-57.460442	23.686079
2910.200000	-57.418503	23.686880
2910.266667	-57.412197	23.670401
2910.333333	-57.405975	23.672449
2910.400000	-57.394707	23.690367
2910.466667	-57.427219	23.685589
2910.533333	-57.414543	23.679810
2910.600000	-57.417797	23.709686
2910.666667	-57.425922	23.708118
2910.733333	-57.390755	23.714148
2910.800000	-57.369507	23.721146
2910.866667	-57.369854	23.714788
2910.933333	-57.354801	23.740973
2911.000000	-57.319004	23.716656
2911.066667	-57.325733	23.710270
2911.133333	-57.313274	23.676121
2911.200000	-57.325172	23.663601
2911.266667	-57.285469	23.644762
2911.333333	-57.267513	23.654181
2911.400000	-57.248417	23.606152
2911.466667	-57.279800	23.640533
2911.533333	-57.261963	23.630838
2911.600000	-57.247601	23.601536
2911.666667	-57.232986	23.621014
2911.733333	-57.242157	23.618345
2911.800000	-57.246132	23.621832
2911.866667	-57.244316	23.619926
2911.933333	-57.254654	23.638630
2912.000000	-57.229382	23.638437
2912.066667	-57.250610	23.641176
2912.133333	-57.278492	23.626404
2912.200000	-57.279091	23.645187
2912.266667	-57.282532	23.634478
2912.333333	-57.323246	23.673372
2912.400000	-57.314278	23.655647
2912.466667	-57.322216	23.653078
2912.533333	-57.355755	23.672783
2912.600000	-57.351124	23.629860
2912.666667	-57.357063	23.660170
2912.733333	-57.374859	23.654465
2912.800000	-57.372940	23.639965
2912.866667	-57.385231	23.632338
2912.933333	-57.390797	23.644985
2913.000000	-57.377312	23.644447
2913.066667	-57.394768	23.674101
2913.133333	-57.422638	23.663305
2913.200000	-57.405643	23.683701
2913.266667	-57.425667	23.697399
2913.333333	-57.440739	23.680540
2913.400000	-57.454807	23.726933
2913.466667	-57.471958	23.707462
2913.533333	-57.495720	23.740332
2913.600000	-57.470837	23.714657
2913.666667	-57.486160	23.701637
2913.733333	-57.542011	23.730831
2913.800000	-57.545723	23.704912
2913.866667	-57.545403	23.710846
2913.933333	-57.576141	23.736216
2914.000000	-57.592758	23.718149
2914.066667	-57.632053	23.716898
2914.133333	-57.644520	23.723846
2914.200000	-57.692863	23.726780
2914.266667	-57.734863	23.756586
2914.333333	-57.738159	23.732885
2914.400000	-57.751312	23.754925
2914.466667	-57.799061	23.767181
2914.533333	-57.812992	23.749083
2914.600000	-57.824280	23.766230
2914.666667	-57.869179	23.768942
2914.733333	-57.846874	23.776436
2914.800000	-57.846268	23.759958
2914.866667	-57.874924	23.772884
2914.933333	-57.914379	23.771849
2915.000000	-57.904160	23.782345
2915.066667	-57.974983	23.777536
2915.133333	-57.995102	23.763525
2915.200000	-58.028328	23.776522
2915.266667	-58.058205	23.746294
2915.333333	-58.106197	23.734625
2915.400000	-58.157978	23.740124
2915.466667	-58.204353	23.738434
2915.533333	-58.225796	23.741983
2915.600000	-58.237278	23.730280
2915.666667	-58.250454	23.738867
2915.733333	-58.270378	23.734865
2915.800000	-58.290646	23.721729
2915.866667	-58.281910	23.741514
2915.933333	-58.318123	23.744463
2916.000000	-58.345558	23.748699
2916.066667	-58.381241	23.738762
2916.133333	-58.419792	23.763929
2916.200000	-58.438843	23.773481
2916.266667	-58.509880	23.790697
2916.333333	-58.525146	23.799841
2916.400000	-58.597164	23.805508
2916.466667	-58.662224	23.832781
2916.533333	-58.695587	23.820889
2916.600000	-58.699627	23.859024
2916.666667	-58.813332	23.828913
2916.733333	-58.859074	23.847952
2916.800000	-58.930428	23.833063
2916.866667	-58.975510	23.835121
2916.933333	-59.057732	23.809862
2917.000000	-59.089077	23.818283
2917.066667	-59.110844	23.836702
2917.133333	-59.161213	23.835316
2917.200000	-59.201061	23.843315
2917.266667	-59.254009	23.868757
2917.333333	-59.280598	23.863647
2917.400000	-59.331917	23.862207
2917.466667	-59.424953	23.870142
2917.533333	-59.474518	23.865808
2917.600000	-59.494652	23.905338
2917.666667	-59.527508	23.846794
2917.733333	-59.568367	23.864061
2917.800000	-59.643326	23.872738
2917.866667	-59.725006	23.893919
2917.933333	-59.774010	23.906546
2918.000000	-59.827568	23.881285
2918.066667	-59.855232	23.877968
2918.133333	-59.866356	23.879353
2918.200000	-59.940849	23.880136
2918.266667	-59.956882	23.865942
2918.333333	-60.014877	23.849609
2918.400000	-60.009853	23.848269
2918.466667	-60.047081	23.838499
2918.533333	-60.085720	23.822083
2918.600000	-60.097778	23.811043
2918.666667	-60.121635	23.814251
2918.733333	-60.166634	23.822594
2918.800000	-60.220665	23.849012
2918.866667	-60.259300	23.834213
2918.933333	-60.338985	23.835831
2919.000000	-60.366367	23.851198
2919.066667	-60.450314	23.870905
2919.133333	-60.530277	23.861181
2919.200000	-60.563084	23.858429
2919.266667	-60.580875	23.895903
2919.333333	-60.633530	23.931211
2919.400000	-60.630421	23.888536
2919.466667	-60.689259	23.915289
2919.533333	-60.716805	23.878252
2919.600000	-60.737431	23.890987
2919.666667	-60.758507	23.875999
2919.733333	-60.765083	23.859423
2919.800000	-60.807632	23.869333
2919.866667	-60.837082	23.880457
2919.933333	-60.875847	23.881571
2920.000000	-60.923798	23.890123
2920.066667	-60.968613	23.893990
2920.133333	-60.987518	23.874556
2920.200000	-61.061497	23.899460
2920.266667	-61.077660	23.910151
2920.333333	-61.121735	23.940353
2920.400000	-61.173630	23.939861
2920.466667	-61.224110	23.943890
2920.533333	-61.237354	23.945522
2920.600000	-61.278877	23.929859
2920.666667	-61.334946	23.927322
2920.733333	-61.366787	23.926695
2920.800000	-61.400574	23.940557
2920.866667	-61.428162	23.910959
2920.933333	-61.454830	23.926590
2921.000000	-61.496368	23.930513
2921.066667	-61.502914	23.917351
2921.133333	-61.517807	23.906452
2921.200000	-61.569172	23.922819
2921.266667	-61.580029	23.936998
2921.333333	-61.592426	23.928926
2921.400000	-61.641945	23.923685
2921.466667	-61.641945	23.923685
2921.533333	-61.622284	23.928373
2921.600000	-61.624149	23.919605
2921.666667	-61.620659	23.911026
2921.733333	-61.667370	23.873245
2921.800000	-61.680164	23.849369
2921.866667	-61.680164	23.849369
2921.933333	-61.674889	23.878872
2922.000000	-61.729877	23.858261
2922.066667	-61.753590	23.849419
2922.133333	-61.756340	23.854889
2922.200000	-61.804691	23.854988
2922.266667	-61.818027	23.871590
2922.333333	-61.814415	23.851192
2922.400000	-61.809841	23.891258
2922.466667	-61.814423	23.868248
2922.533333	-61.830471	23.871140
2922.600000	-61.832291	23.866140
2922.666667	-61.833656	23.873314
2922.733333	-61.861702	23.877256
2922.800000	-61.862141	23.874441
2922.866667	-61.852230	23.856188
2922.933333	-61.862000	23.870562
2923.000000	-61.875660	23.873068
2923.066667	-61.827351	23.850370
2923.133333	-61.842937	23.860987
2923.200000	-61.850952	23.854784
2923.266667	-61.832054	23.873611
2923.333333	-61.822315	23.873091
2923.400000	-61.789215	23.849218
2923.466667	-61.788422	23.848541
2923.533333	-61.784710	23.847015
2923.600000	-61.770382	23.824253
2923.666667	-61.764565	23.842211
2923.733333	-61.768433	23.847378
2923.800000	-61.768398	23.856894
2923.866667	-61.743744	23.843712
2923.933333	-61.704376	23.836624
2924.000000	-61.700542	23.858490
2924.066667	-61.657867	23.844002
2924.133333	-61.630920	23.850775
2924.200000	-61.572628	23.839886
2924.266667	-61.601463	23.844337
2924.333333	-61.546242	23.856640
2924.400000	-61.540752	23.846804
2924.466667	-61.508446	23.850969
2924.533333	-61.454063	23.809931
2924.600000	-61.431099	23.820400
2924.666667	-61.410530	23.835651
2924.733333	-61.410271	23.828146
2924.800000	-61.380302	23.810118
2924.866667	-61.323631	23.857370
2924.933333	-61.315414	23.845320
2925.000000	-61.313240	23.848335
2925.066667	-61.240974	23.842426
2925.133333	-61.228825	23.838280
2925.200000	-61.171112	23.868591
2925.266667	-61.185780	23.860714
2925.333333	-61.112083	23.868515
2925.400000	-61.133564	23.862598
2925.466667	-61.113049	23.880320
2925.533333	-61.053226	23.895697
2925.600000	-61.006634	23.882967
2925.666667	-60.942707	23.857718
2925.733333	-60.889706	23.863897
2925.800000	-60.839977	23.846367
2925.866667	-60.795715	23.826647
2925.933333	-60.782219	23.818155
2926.000000	-60.777508	23.807655
2926.066667	-60.744808	23.799328
2926.133333	-60.720158	23.824551
2926.200000	-60.698425	23.816530
2926.266667	-60.647381	23.832918
2926.333333	-60.604336	23.830011
2926.400000	-60.575455	23.833588
2926.466667	-60.536472	23.833937
2926.533333	-60.508316	23.789371
2926.600000	-60.466976	23.789267
2926.666667	-60.395275	23.765390
2926.733333	-60.336918	23.748821
2926.800000	-60.277420	23.743368
2926.866667	-60.210438	23.735058
2926.933333	-60.122902	23.700993
2927.000000	-60.073242	23.719728
2927.066667	-60.021770	23.706314
2927.133333	-59.951206	23.713875
2927.200000	-59.887447	23.725920
2927.266667	-59.863186	23.726480
2927.333333	-59.809231	23.739916
2927.400000	-59.785629	23.715078
2927.466667	-59.711979	23.704571
2927.533333	-59.649590	23.731453
2927.600000	-59.650898	23.707134
2927.666667	-59.618801	23.723639
2927.733333	-59.556465	23.739557
2927.800000	-59.492798	23.716394
2927.866667	-59.456856	23.743822
2927.933333	-59.407547	23.744764
2928.000000	-59.346790	23.731007
2928.066667	-59.290443	23.727955
2928.133333	-59.244228	23.717035
2928.200000	-59.225159	23.737537
2928.266667	-59.237701	23.716618
2928.333333	-59.177708	23.731785
2928.400000	-59.123104	23.781754
2928.466667	-59.065262	23.770441
2928.533333	-59.012234	23.816927
2928.600000	-58.929256	23.821878
2928.666667	-58.896049	23.815882
2928.733333	-58.805046	23.807005
2928.800000	-58.733055	23.800945
2928.866667	-58.673531	23.800360
2928.933333	-58.593979	23.793602
2929.000000	-58.534420	23.806664
2929.066667	-58.459518	23.804224
2929.133333	-58.371861	23.795034
2929.200000	-58.338779	23.799582
2929.266667	-58.283009	23.789516
2929.333333	-58.200871	23.766953
2929.400000	-58.069241	23.754354
2929.466667	-58.069241	23.754354
2929.533333	-58.009323	23.739483
2929.600000	-57.949760	23.764900
2929.666667	-57.893410	23.780869
2929.733333	-57.849171	23.797733
2929.800000	-57.756401	23.806189
2929.866667	-57.756401	23.806189
2929.933333	-57.684483	23.789215
2930.000000	-57.550449	23.737158
2930.066667	-57.491852	23.726589
2930.133333	-57.469234	23.714422
2930.200000	-57.415695	23.707468
2930.266667	-57.415695	23.707468
2930.333333	-57.342140	23.660690
2930.400000	-57.277962	23.654324
2930.466667	-57.221886	23.639349
2930.533333	-57.160229	23.627201
2930.600000	-57.098537	23.605980
2930.666667	-57.098537	23.605980
2930.733333	-57.116310	23.606281
2930.800000	-57.086437	23.611197
2930.866667	-57.010437	23.665426
2930.933333	-56.908722	23.675316
2931.000000	-56.784443	23.691528
2931.066667	-56.724545	23.713238
2931.133333	-56.724545	23.713238
2931.200000	-56.683392	23.734709
2931.266667	-56.651016	23.762857
2931.333333	-56.616333	23.713236
2931.400000	-56.434254	23.643545
2931.466667	-56.377785	23.650593
2931.533333	-56.377785	23.650593
2931.600000	-56.363850	23.671450
2931.666667	-56.349182	23.691732
2931.733333	-56.341637	23.677734
2931.800000	-56.206451	23.666304
2931.866667	-56.126675	23.660776
2931.933333	-56.126675	23.660776
2932.000000	-56.105427	23.650482
2932.066667	-56.056454	23.622160
2932.133333	-56.051418	23.629358
2932.200000	-55.994469	23.618055
2932.266667	-55.935841	23.592432
2932.333333	-55.861492	23.595655
2932.400000	-55.861492	23.595655
2932.466667	-55.823147	23.599142
2932.533333	-55.781311	23.601368
2932.600000	-55.637562	23.558195
2932.666667	-55.599041	23.542332
2932.733333	-55.453278	23.538061
2932.800000	-55.453278	23.538061
2932.866667	-55.391491	23.543016
2932.933333	-55.413174	23.578459
2933.000000	-55.370281	23.590755
2933.066667	-55.279324	23.574949
2933.133333	-55.248211	23.558718
2933.200000	-55.248211	23.558718
2933.266667	-55.257587	23.569975
2933.333333	-55.239643	23.606529
2933.400000	-55.172897	23.580574
2933.466667	-55.094715	23.585266
2933.533333	-55.023705	23.578760
2933.600000	-54.959858	23.553347
2933.666667	-54.959858	23.553347
2933.733333	-54.910793	23.523819
2933.800000	-54.843212	23.482550
2933.866667	-54.859997	23.459057
2933.933333	-54.819576	23.465883
2934.000000	-54.768749	23.444611
2934.066667	-54.768749	23.444611
2934.133333	-54.751518	23.442318
2934.200000	-54.675442	23.420965
2934.266667	-54.621269	23.448042
2934.333333	-54.579479	23.449629
2934.400000	-54.557331	23.469900
2934.466667	-54.559929	23.491177
2934.533333	-54.506783	23.469837
2934.600000	-54.442574	23.474855
2934.666667	-54.409039	23.486183
2934.733333	-54.378418	23.467495
2934.800000	-54.330349	23.451031
2934.866667	-54.291649	23.455713
2934.933333	-54.243385	23.446091
2935.000000	-54.167099	23.462229
2935.066667	-54.154305	23.538363
2935.133333	-54.106136	23.565414
2935.200000	-54.056377	23.546789
2935.266667	-54.037491	23.534805
2935.333333	-54.037491	23.534805
2935.400000	-53.983032	23.525761
2935.466667	-53.968243	23.529902
2935.533333	-53.957352	23.531143
2935.600000	-53.912380	23.535097
2935.666667	-53.898033	23.508049
2935.733333	-53.824020	23.505678
2935.800000	-53.813400	23.500027
2935.866667	-53.771873	23.476662
2935.933333	-53.706219	23.463547
2936.000000	-53.674026	23.493988
2936.066667	-53.672405	23.475929
2936.133333	-53.658554	23.469156
2936.200000	-53.637394	23.497583
2936.266667	-53.626137	23.475245
2936.333333	-53.609463	23.488512
2936.400000	-53.586006	23.495939
2936.466667	-53.554562	23.510250
2936.533333	-53.547127	23.511539
2936.600000	-53.537106	23.515913
2936.666667	-53.475922	23.504318
2936.733333	-53.432732	23.503309
2936.800000	-53.430695	23.502934
2936.866667	-53.420433	23.500893
2936.933333	-53.323631	23.512669
2937.000000	-53.303417	23.479456
2937.066667	-53.258556	23.499817
2937.133333	-53.232800	23.487858
2937.200000	-53.249352	23.507423
2937.266667	-53.201454	23.492813
2937.333333	-53.222443	23.500164
2937.400000	-53.241089	23.470011
2937.466667	-53.229187	23.518370
2937.533333	-53.225037	23.495972
2937.600000	-53.205647	23.521244
2937.666667	-53.218002	23.534389
2937.733333	-53.178654	23.507967
2937.800000	-53.167400	23.491318
2937.866667	-53.140053	23.456928
2937.933333	-53.086716	23.455645
2938.000000	-53.049995	23.435310
2938.066667	-52.994480	23.418118
2938.133333	-52.982132	23.418461
2938.200000	-52.972927	23.413290
2938.266667	-52.968376	23.408152
2938.333333	-52.967220	23.409279
2938.400000	-52.949268	23.421494
2938.466667	-52.936893	23.430113
2938.533333	-52.944962	23.443062
2938.600000	-52.936935	23.444721
2938.666667	-52.932060	23.443577
2938.733333	-52.941162	23.429716
2938.800000	-52.930660	23.444143
2938.866667	-52.924393	23.451717
2938.933333	-52.913532	23.426237
2939.000000	-52.893017	23.425114
2939.066667	-52.879589	23.439692
2939.133333	-52.864094	23.413841
2939.200000	-52.865410	23.433823
2939.266667	-52.849277	23.437492
2939.333333	-52.862362	23.447584
2939.400000	-52.849022	23.462427
2939.466667	-52.860355	23.446033
2939.533333	-52.828587	23.464525
2939.600000	-52.836208	23.455866
2939.666667	-52.800507	23.457176
2939.733333	-52.801189	23.431587
2939.800000	-52.787163	23.447159
2939.866667	-52.759594	23.425919
2939.933333	-52.749435	23.429945
2940.000000	-52.759491	23.422413
