4320.066667	-58.893356	23.305363
4320.133333	-58.945400	23.331997
4320.200000	-58.925919	23.313187
4320.266667	-58.977154	23.310228
4320.333333	-58.991791	23.310724
4320.400000	-58.991791	23.310724
4320.466667	-59.013721	23.335363
4320.533333	-59.036213	23.340313
4320.600000	-59.042137	23.346775
4320.666667	-59.079815	23.367435
4320.733333	-59.172318	23.391994
4320.800000	-59.220833	23.388348
4320.866667	-59.259457	23.385262
4320.933333	-59.277233	23.371790
4321.000000	-59.280167	23.374590
4321.133333	-59.318062	23.371351
4321.200000	-59.332672	23.357201
4321.266667	-59.322651	23.343393
4321.333333	-59.372150	23.329651
4321.400000	-59.376446	23.316278
4321.466667	-59.411491	23.302158
4321.533333	-59.439480	23.307878
4321.600000	-59.461838	23.276218
4321.666667	-59.508812	23.273947
4321.733333	-59.508812	23.273947
4321.800000	-59.539265	23.281343
4321.866667	-59.583721	23.287912
4321.933333	-59.602558	23.299971
4322.000000	-59.639088	23.313631
4322.066667	-59.657925	23.331526
4322.133333	-59.652790	23.351324
4322.200000	-59.649342	23.345629
4322.266667	-59.649574	23.360477
4322.333333	-59.715607	23.353121
4322.400000	-59.681889	23.347597
4322.466667	-59.695042	23.328941
4322.533333	-59.731598	23.318512
4322.600000	-59.766193	23.310432
4322.666667	-59.801277	23.305811
4322.733333	-59.809849	23.298164
4322.800000	-59.841614	23.313337
4322.866667	-59.853619	23.267097
4322.933333	-59.897243	23.297400
4323.000000	-59.912067	23.277557
4323.066667	-59.939117	23.288387
4323.133333	-59.918499	23.316946
4323.200000	-59.968338	23.277857
4323.266667	-60.005028	23.305229
4323.333333	-60.013508	23.298738
4323.400000	-60.075680	23.305046
4323.466667	-60.082157	23.307117
4323.533333	-60.126312	23.295843
4323.600000	-60.148621	23.287336
4323.666667	-60.184910	23.282370
4323.733333	-60.223587	23.265676
4323.800000	-60.224052	23.293432
4323.866667	-60.218204	23.278500
4323.933333	-60.259621	23.284487
4324.000000	-60.244362	23.299896
4324.066667	-60.255745	23.285572
4324.133333	-60.288029	23.297531
4324.200000	-60.304810	23.299345
4324.266667	-60.298103	23.264782
4324.333333	-60.325928	23.299782
4324.400000	-60.326195	23.285782
4324.466667	-60.344433	23.298309
4324.533333	-60.338917	23.282951
4324.600000	-60.315933	23.282274
4324.666667	-60.345547	23.281786
4324.733333	-60.352165	23.306679
4324.800000	-60.355701	23.296070
4324.866667	-60.338932	23.297607
4324.933333	-60.358978	23.292032
4325.000000	-60.363281	23.338140
4325.066667	-60.391602	23.337948
4325.133333	-60.425167	23.364613
4325.200000	-60.413822	23.380997
4325.266667	-60.459667	23.374243
4325.333333	-60.446117	23.411001
4325.400000	-60.480103	23.394789
4325.466667	-60.512253	23.393179
4325.533333	-60.477760	23.407024
4325.600000	-60.516556	23.406807
4325.666667	-60.519424	23.367926
4325.733333	-60.532005	23.409878
4325.800000	-60.545296	23.389891
4325.866667	-60.545086	23.391602
4325.933333	-60.544693	23.376911
4326.000000	-60.559917	23.379366
4326.066667	-60.585350	23.379318
4326.133333	-60.616013	23.397619
4326.200000	-60.597183	23.406010
4326.266667	-60.583302	23.394215
4326.333333	-60.581917	23.400494
4326.400000	-60.621979	23.418026
4326.466667	-60.645855	23.425674
4326.533333	-60.648773	23.407982
4326.600000	-60.654457	23.417286
4326.666667	-60.656559	23.433155
4326.733333	-60.680824	23.437597
4326.800000	-60.658569	23.452404
4326.866667	-60.680344	23.439072
4326.933333	-60.711563	23.442104
4327.000000	-60.734104	23.454340
4327.066667	-60.736214	23.450987
4327.133333	-60.741985	23.454908
4327.200000	-60.722820	23.455595
4327.266667	-60.717896	23.441042
4327.333333	-60.715935	23.488644
4327.400000	-60.728821	23.446753
4327.466667	-60.716290	23.432339
4327.533333	-60.719097	23.445795
4327.600000	-60.734844	23.469749
4327.666667	-60.719925	23.418209
4327.733333	-60.711746	23.431143
4327.800000	-60.722179	23.449167
4327.866667	-60.686420	23.410166
4327.933333	-60.690670	23.406551
4328.000000	-60.676987	23.419939
4328.066667	-60.702244	23.416210
4328.133333	-60.687897	23.407816
4328.200000	-60.701813	23.397732
4328.266667	-60.700249	23.408096
4328.333333	-60.685169	23.420786
4328.400000	-60.693859	23.412788
4328.466667	-60.679501	23.415628
4328.533333	-60.676769	23.409901
4328.600000	-60.664852	23.404902
4328.666667	-60.657925	23.395233
4328.733333	-60.665287	23.390717
4328.800000	-60.651199	23.395760
4328.866667	-60.635468	23.398809
4328.933333	-60.616554	23.394197
4329.000000	-60.641724	23.380566
4329.066667	-60.625671	23.377527
4329.133333	-60.606075	23.376406
4329.200000	-60.591583	23.392756
4329.266667	-60.599369	23.394775
4329.333333	-60.583015	23.395382
4329.400000	-60.561520	23.386295
4329.466667	-60.558990	23.371056
4329.533333	-60.547779	23.402140
4329.600000	-60.522476	23.389051
4329.666667	-60.511482	23.398609
4329.733333	-60.536091	23.383505
4329.800000	-60.518620	23.390524
4329.866667	-60.509842	23.391207
4329.933333	-60.481262	23.375607
4330.000000	-60.473240	23.364460
4330.066667	-60.428089	23.375654
4330.133333	-60.446903	23.377041
4330.200000	-60.438263	23.339594
4330.266667	-60.412666	23.354029
4330.333333	-60.411499	23.347485
4330.466667	-60.388405	23.353455
4330.533333	-60.358612	23.342609
4330.600000	-60.401493	23.341225
4330.666667	-60.371410	23.356245
4330.733333	-60.346222	23.347267
4330.866667	-60.333355	23.337189
4330.933333	-60.302410	23.345100
4331.000000	-60.317245	23.346481
4331.066667	-60.283367	23.332670
4331.133333	-60.233082	23.364431
4331.200000	-60.262924	23.337015
4331.266667	-60.216236	23.328497
4331.333333	-60.194828	23.352257
4331.400000	-60.186764	23.340780
4331.466667	-60.142010	23.334906
4331.533333	-60.148533	23.338800
4331.600000	-60.138157	23.317171
4331.666667	-60.104027	23.329996
4331.733333	-60.102516	23.317345
4331.800000	-60.074631	23.309534
4331.866667	-60.052818	23.331161
4331.933333	-60.094959	23.311630
4332.000000	-60.081882	23.314684
4332.066667	-60.082214	23.343222
4332.133333	-60.073338	23.308474
4332.200000	-60.076126	23.324505
4332.266667	-60.082539	23.313808
4332.333333	-60.056316	23.329424
4332.400000	-60.072788	23.325594
4332.466667	-60.056843	23.303991
4332.533333	-60.049984	23.339207
4332.600000	-60.058762	23.308308
4332.666667	-60.085987	23.312883
4332.733333	-60.041039	23.326685
4332.800000	-60.075695	23.320673
4332.866667	-60.050236	23.313404
4332.933333	-60.047352	23.311556
4333.000000	-60.038692	23.298296
4333.066667	-60.059448	23.290518
4333.133333	-60.020111	23.304129
4333.200000	-59.996223	23.277212
4333.266667	-60.012794	23.290066
4333.333333	-60.003288	23.276363
4333.400000	-59.985554	23.265934
4333.466667	-59.984299	23.292913
4333.533333	-59.943691	23.283438
4333.600000	-59.971043	23.268171
4333.666667	-59.948700	23.267612
4333.733333	-59.926018	23.255966
4333.800000	-59.922398	23.253372
4333.866667	-59.919556	23.269075
4333.933333	-59.886711	23.276497
4334.000000	-59.893898	23.282694
4334.066667	-59.885899	23.266945
4334.133333	-59.854366	23.262701
4334.200000	-59.856274	23.284498
4334.266667	-59.869488	23.282301
4334.333333	-59.853275	23.263121
4334.400000	-59.841766	23.262825
4334.466667	-59.823490	23.229797
4334.533333	-59.823040	23.229298
4334.600000	-59.803337	23.233240
4334.666667	-59.782482	23.221270
4334.733333	-59.784306	23.196066
4334.800000	-59.750298	23.203859
4334.866667	-59.747368	23.211266
4334.933333	-59.717812	23.194859
4335.000000	-59.710335	23.218201
4335.066667	-59.689381	23.205053
4335.133333	-59.708237	23.196215
4335.200000	-59.708195	23.187664
4335.266667	-59.667480	23.182302
4335.333333	-59.650513	23.181158
4335.400000	-59.649445	23.167356
4335.466667	-59.606506	23.183933
4335.533333	-59.624931	23.176268
4335.600000	-59.587090	23.183794
4335.666667	-59.588100	23.184885
4335.733333	-59.560196	23.204828
4335.800000	-59.561481	23.173372
4335.866667	-59.549370	23.218540
4335.933333	-59.549683	23.219107
4336.000000	-59.517452	23.221268
4336.066667	-59.518650	23.226408
4336.133333	-59.492580	23.232580
4336.200000	-59.484715	23.241329
4336.266667	-59.473278	23.237236
4336.333333	-59.473698	23.224234
4336.400000	-59.456772	23.245153
4336.466667	-59.452473	23.256710
4336.533333	-59.456577	23.251791
4336.600000	-59.421516	23.257563
4336.666667	-59.445133	23.265402
4336.733333	-59.439117	23.251431
4336.800000	-59.437950	23.232561
4336.866667	-59.422001	23.247419
4336.933333	-59.444599	23.250664
4337.000000	-59.414677	23.228443
4337.066667	-59.421970	23.259592
4337.133333	-59.416847	23.244370
4337.200000	-59.417637	23.244495
4337.266667	-59.409691	23.262442
4337.333333	-59.441315	23.271982
4337.400000	-59.414524	23.276823
4337.466667	-59.418396	23.270227
4337.533333	-59.423645	23.268164
4337.600000	-59.436390	23.262836
4337.666667	-59.425507	23.253122
4337.733333	-59.420975	23.242455
4337.800000	-59.452389	23.246927
4337.866667	-59.438438	23.236837
4337.933333	-59.459618	23.273655
4338.000000	-59.462372	23.252878
4338.066667	-59.459370	23.249100
4338.133333	-59.470867	23.243767
4338.200000	-59.474518	23.256464
4338.266667	-59.465149	23.248423
4338.333333	-59.470589	23.253922
4338.400000	-59.503605	23.241924
4338.466667	-59.470753	23.246944
4338.533333	-59.494709	23.213469
4338.600000	-59.496094	23.253874
4338.666667	-59.493824	23.219223
4338.733333	-59.485531	23.236668
4338.800000	-59.485531	23.236668
4338.866667	-59.500984	23.226048
4338.933333	-59.500984	23.226048
4339.000000	-59.523918	23.203913
4339.066667	-59.538918	23.200354
4339.133333	-59.557640	23.197104
4339.200000	-59.567139	23.209913
4339.266667	-59.576607	23.208441
4339.333333	-59.608242	23.187784
4339.400000	-59.580845	23.209560
4339.466667	-59.624077	23.193153
4339.533333	-59.627117	23.229094
4339.600000	-59.622143	23.215691
4339.666667	-59.625870	23.239717
4339.733333	-59.643127	23.227659
4339.800000	-59.636452	23.245422
4339.866667	-59.647949	23.234842
4339.933333	-59.649586	23.223263
4340.000000	-59.672729	23.229294
4340.066667	-59.663452	23.222034
4340.133333	-59.682724	23.224615
4340.200000	-59.665627	23.204519
4340.266667	-59.691280	23.228666
4340.333333	-59.652100	23.216784
4340.400000	-59.681137	23.225544
4340.466667	-59.681087	23.205845
4340.533333	-59.667454	23.211634
4340.600000	-59.674988	23.221169
4340.666667	-59.694225	23.225420
4340.733333	-59.675369	23.239077
4340.800000	-59.697109	23.196688
4340.866667	-59.703133	23.222471
4340.933333	-59.699223	23.187696
4341.000000	-59.706856	23.222538
4341.066667	-59.699860	23.194111
4341.133333	-59.718815	23.190580
4341.200000	-59.734367	23.196941
4341.266667	-59.730282	23.202478
4341.333333	-59.742645	23.200409
4341.400000	-59.727165	23.202715
4341.466667	-59.739143	23.218977
4341.533333	-59.733925	23.198221
4341.600000	-59.729816	23.216026
4341.666667	-59.725052	23.218365
4341.733333	-59.745499	23.196077
4341.800000	-59.741482	23.222845
4341.866667	-59.749050	23.198042
4341.933333	-59.744797	23.218708
4342.000000	-59.730114	23.209284
4342.066667	-59.722031	23.202637
4342.133333	-59.751282	23.218006
4342.200000	-59.760071	23.181198
4342.266667	-59.734615	23.210211
4342.333333	-59.723228	23.211853
4342.400000	-59.749359	23.199827
4342.466667	-59.731915	23.216684
4342.533333	-59.740345	23.192282
4342.600000	-59.729202	23.217945
4342.666667	-59.721333	23.219536
4342.733333	-59.724167	23.219791
4342.800000	-59.705830	23.211414
4342.866667	-59.710854	23.210503
4342.933333	-59.721054	23.186928
4343.000000	-59.698616	23.205702
4343.066667	-59.695068	23.227789
4343.133333	-59.686565	23.224701
4343.200000	-59.670918	23.239815
4343.266667	-59.679398	23.241678
4343.333333	-59.657276	23.262590
4343.400000	-59.665867	23.246143
4343.466667	-59.664562	23.260815
4343.533333	-59.658230	23.260592
4343.600000	-59.683865	23.234737
4343.666667	-59.681042	23.225964
4343.733333	-59.681717	23.254745
4343.800000	-59.672482	23.230427
4343.866667	-59.669514	23.239262
4343.933333	-59.666111	23.228424
4344.000000	-59.667828	23.232714
4344.066667	-59.682999	23.249275
4344.133333	-59.667377	23.218447
4344.200000	-59.652061	23.234520
4344.266667	-59.681870	23.211016
4344.333333	-59.655510	23.220352
4344.400000	-59.648617	23.227182
4344.466667	-59.630863	23.214575
4344.533333	-59.648712	23.201990
4344.600000	-59.601849	23.229624
4344.666667	-59.613663	23.224699
4344.733333	-59.606331	23.245520
4344.800000	-59.595039	23.251696
4344.866667	-59.576065	23.259245
4344.933333	-59.572960	23.270409
4345.000000	-59.583771	23.237514
4345.066667	-59.548054	23.274792
4345.133333	-59.526932	23.276846
4345.200000	-59.526932	23.276846
4345.266667	-59.538353	23.279594
4345.333333	-59.514629	23.284451
4345.400000	-59.524456	23.287100
4345.466667	-59.538631	23.298548
4345.533333	-59.520885	23.286596
4345.600000	-59.510136	23.281101
4345.666667	-59.518864	23.278688
4345.733333	-59.497715	23.320456
4345.800000	-59.499298	23.318298
4345.866667	-59.507072	23.315075
4345.933333	-59.513550	23.322981
4346.000000	-59.514565	23.302170
4346.066667	-59.521317	23.314875
4346.133333	-59.513100	23.331009
4346.266667	-59.499664	23.315287
4346.333333	-59.495358	23.344635
4346.400000	-59.482788	23.290922
4346.466667	-59.485409	23.298002
4346.600000	-59.468281	23.292875
4346.666667	-59.488216	23.313242
4346.733333	-59.481461	23.302700
4346.800000	-59.471722	23.283709
4346.866667	-59.445690	23.281567
4346.933333	-59.448242	23.285755
4347.000000	-59.475330	23.266430
4347.066667	-59.464024	23.271933
4347.133333	-59.458862	23.259729
4347.200000	-59.471512	23.223003
4347.266667	-59.453079	23.230907
4347.333333	-59.453281	23.241142
4347.400000	-59.457077	23.229862
4347.466667	-59.439915	23.209892
4347.533333	-59.462082	23.241989
4347.600000	-59.447163	23.213829
4347.666667	-59.459942	23.226341
4347.733333	-59.454990	23.221426
4347.800000	-59.461594	23.227112
4347.866667	-59.460503	23.238134
4347.933333	-59.481430	23.244246
4348.000000	-59.446251	23.207073
4348.066667	-59.450260	23.206820
4348.133333	-59.493904	23.212578
4348.200000	-59.467266	23.204481
4348.266667	-59.463238	23.240801
4348.333333	-59.484241	23.211264
4348.400000	-59.473347	23.217775
4348.466667	-59.481430	23.223389
4348.533333	-59.481430	23.223389
4348.600000	-59.485569	23.223228
4348.666667	-59.490025	23.221146
4348.733333	-59.476303	23.218996
4348.800000	-59.494205	23.212135
4348.866667	-59.492325	23.212387
4348.933333	-59.498249	23.207500
4349.000000	-59.496826	23.190771
4349.066667	-59.510998	23.203682
4349.133333	-59.515270	23.199612
4349.200000	-59.520847	23.192024
4349.266667	-59.539360	23.201450
4349.333333	-59.536831	23.175247
4349.400000	-59.579220	23.198063
4349.466667	-59.565144	23.194120
4349.533333	-59.568829	23.200745
4349.600000	-59.590752	23.202755
4349.666667	-59.598106	23.213797
4349.733333	-59.632694	23.200903
4349.800000	-59.627880	23.201050
4349.866667	-59.616447	23.213463
4349.933333	-59.606274	23.225183
4350.000000	-59.638844	23.209650
4350.066667	-59.626938	23.239489
4350.133333	-59.644558	23.215227
4350.200000	-59.657413	23.231895
4350.266667	-59.657413	23.231895
4350.333333	-59.648251	23.235495
4350.400000	-59.697525	23.240213
4350.466667	-59.704720	23.223955
4350.533333	-59.706367	23.242422
4350.600000	-59.727470	23.244486
4350.666667	-59.724346	23.250259
4350.733333	-59.759762	23.232910
4350.800000	-59.775372	23.254904
4350.866667	-59.780888	23.263653
4350.933333	-59.795647	23.291534
4351.000000	-59.815617	23.291361
4351.066667	-59.847816	23.269508
4351.133333	-59.847816	23.269508
4351.200000	-59.864010	23.301933
4351.266667	-59.884583	23.295744
4351.333333	-59.917496	23.303438
4351.400000	-59.947117	23.296810
4351.466667	-59.944336	23.309464
4351.533333	-59.944336	23.309464
4351.600000	-59.909019	23.308275
4351.666667	-59.962933	23.284531
4351.733333	-59.953156	23.301249
4351.800000	-60.004086	23.301338
4351.866667	-60.001396	23.297810
4351.933333	-60.001396	23.297810
4352.000000	-59.994186	23.297461
4352.066667	-60.016541	23.289679
4352.133333	-60.027313	23.301968
4352.200000	-60.020039	23.307060
4352.266667	-60.062027	23.292366
4352.333333	-60.062027	23.292366
4352.400000	-60.071564	23.308064
4352.466667	-60.078918	23.295462
4352.533333	-60.094425	23.304018
4352.600000	-60.108528	23.284504
4352.666667	-60.113586	23.284946
4352.733333	-60.138493	23.298443
4352.800000	-60.127800	23.297586
4352.866667	-60.138927	23.304266
4352.933333	-60.127193	23.280468
4353.000000	-60.123676	23.283916
4353.066667	-60.133083	23.298391
4353.133333	-60.145870	23.272890
4353.200000	-60.145870	23.272890
4353.266667	-60.141548	23.280649
4353.333333	-60.149837	23.276173
4353.400000	-60.129692	23.294340
4353.466667	-60.121769	23.267282
4353.533333	-60.113831	23.282495
4353.600000	-60.113831	23.282495
4353.666667	-60.118465	23.287186
4353.733333	-60.122124	23.276604
4353.800000	-60.128819	23.307413
4353.866667	-60.119648	23.321840
4353.933333	-60.146717	23.309740
4354.000000	-60.136761	23.309677
4354.066667	-60.145004	23.324245
4354.133333	-60.142658	23.321821
4354.200000	-60.139729	23.317135
4354.266667	-60.137859	23.334753
4354.333333	-60.117565	23.319487
4354.400000	-60.103756	23.318008
4354.466667	-60.082394	23.331154
4354.533333	-60.082806	23.315313
4354.600000	-60.074722	23.330570
4354.666667	-60.074196	23.297100
4354.733333	-60.054646	23.311003
4354.800000	-60.038837	23.295973
4354.933333	-60.016209	23.287067
4355.000000	-59.980259	23.265793
4355.066667	-59.954941	23.239887
4355.133333	-59.949852	23.269152
4355.200000	-59.939976	23.258713
4355.266667	-59.939976	23.258713
4355.333333	-59.946796	23.285532
4355.400000	-59.903950	23.275446
4355.466667	-59.868877	23.285164
4355.533333	-59.875149	23.259047
4355.600000	-59.829048	23.289127
4355.666667	-59.761139	23.286795
4355.733333	-59.743408	23.289143
4355.800000	-59.726078	23.291691
4355.866667	-59.707165	23.273321
4355.933333	-59.685715	23.270721
4356.000000	-59.647079	23.265623
4356.066667	-59.641010	23.241508
4356.133333	-59.641010	23.241508
4356.200000	-59.608295	23.243067
4356.266667	-59.569794	23.232733
4356.333333	-59.519432	23.218391
4356.400000	-59.480610	23.205427
4356.466667	-59.452984	23.213223
4356.533333	-59.409168	23.227152
4356.600000	-59.400856	23.225819
4356.666667	-59.410160	23.257248
4356.733333	-59.375584	23.239449
4356.800000	-59.360722	23.247503
4356.866667	-59.264088	23.236073
4356.933333	-59.222252	23.218458
4357.000000	-59.196667	23.258348
4357.066667	-59.174488	23.265593
4357.200000	-59.021679	23.205967
4357.266667	-58.997227	23.196959
4357.333333	-58.960716	23.223288
4357.400000	-58.887802	23.253904
4357.466667	-58.844284	23.254881
4357.533333	-58.753891	23.261927
4357.600000	-58.736347	23.246353
4357.666667	-58.728306	23.256889
4357.733333	-58.653721	23.241587
4357.800000	-58.593655	23.252752
4357.866667	-58.569080	23.263063
4357.933333	-58.527657	23.307650
4358.000000	-58.483585	23.309031
4358.066667	-58.439907	23.315228
4358.133333	-58.394047	23.274607
4358.200000	-58.337738	23.277159
4358.266667	-58.261375	23.255745
4358.333333	-58.207584	23.304701
4358.400000	-58.175934	23.300468
4358.466667	-58.121365	23.295668
4358.533333	-58.048630	23.281935
4358.600000	-57.968693	23.241314
4358.666667	-57.897549	23.223682
4358.733333	-57.846245	23.213827
4358.800000	-57.776096	23.206785
4358.866667	-57.747574	23.212709
4358.933333	-57.761627	23.229593
4359.000000	-57.733849	23.211466
4359.066667	-57.692108	23.226538
4359.133333	-57.653229	23.244745
4359.200000	-57.620644	23.240440
4359.266667	-57.607750	23.245998
4359.333333	-57.545341	23.204523
4359.400000	-57.510845	23.145620
4359.466667	-57.491844	23.103159
4359.533333	-57.445465	23.136541
4359.600000	-57.386181	23.107431
4359.666667	-57.342667	23.116543
4359.733333	-57.290909	23.133690
4359.800000	-57.230724	23.134312
4359.866667	-57.188835	23.121412
4359.933333	-57.124149	23.131657
4360.000000	-57.058620	23.088287
4360.066667	-56.992142	23.066500
4360.133333	-56.948086	23.086584
4360.200000	-56.871719	23.090105
4360.266667	-56.800900	23.114628
4360.333333	-56.727699	23.134369
4360.400000	-56.662495	23.143873
4360.466667	-56.634823	23.175852
4360.533333	-56.584023	23.167152
4360.600000	-56.525517	23.149679
4360.666667	-56.444523	23.177137
4360.733333	-56.387272	23.151871
4360.800000	-56.321503	23.169909
4360.866667	-56.285992	23.150383
4360.933333	-56.197689	23.188316
4361.000000	-56.142990	23.181791
4361.066667	-56.058399	23.189800
4361.133333	-56.018162	23.169466
4361.200000	-56.009491	23.184288
4361.266667	-55.987022	23.173832
4361.333333	-55.960804	23.158506
4361.400000	-55.897987	23.189331
4361.466667	-55.885738	23.179466
4361.533333	-55.846218	23.158651
4361.600000	-55.787060	23.146091
4361.666667	-55.742226	23.116190
4361.733333	-55.704681	23.113636
4361.800000	-55.654758	23.115475
4361.866667	-55.578476	23.143679
4361.933333	-55.517155	23.158176
4362.000000	-55.472912	23.137150
4362.066667	-55.416855	23.155720
4362.133333	-55.324989	23.129272
4362.200000	-55.230785	23.116741
4362.266667	-55.184624	23.113176
4362.333333	-55.098373	23.068686
4362.400000	-55.069073	23.061806
4362.466667	-55.002148	23.038044
4362.533333	-54.953964	23.016418
4362.600000	-54.921417	23.065706
4362.666667	-54.880146	23.087193
4362.733333	-54.794128	23.093376
4362.800000	-54.764549	23.104958
4362.866667	-54.696144	23.088999
4362.933333	-54.639683	23.113298
4363.000000	-54.541416	23.115932
4363.066667	-54.468777	23.080103
4363.133333	-54.393013	23.129734
4363.200000	-54.342304	23.088655
4363.266667	-54.269047	23.094034
4363.333333	-54.196011	23.066437
4363.400000	-54.161911	23.070057
4363.466667	-54.138351	23.081787
4363.533333	-54.106571	23.092588
4363.600000	-54.065735	23.064802
4363.666667	-54.041759	23.080088
4363.733333	-53.949409	23.038801
4363.800000	-53.890663	23.050585
4363.866667	-53.803062	23.052296
4363.933333	-53.719212	23.037518
4364.000000	-53.637741	23.065178
4364.066667	-53.611000	23.054253
4364.133333	-53.547951	23.071903
4364.200000	-53.520813	23.063751
4364.266667	-53.486553	23.112211
4364.333333	-53.453953	23.135220
4364.400000	-53.372219	23.069744
4364.466667	-53.243080	23.043484
4364.533333	-53.250946	23.033262
4364.600000	-53.226292	23.031364
4364.666667	-53.147114	23.030380
4364.733333	-53.071167	23.064346
4364.800000	-52.995422	23.082588
4364.866667	-52.952644	23.058735
4364.933333	-52.914219	23.036339
4365.000000	-52.882359	23.043270
4365.066667	-52.806084	23.006021
4365.133333	-52.715336	22.996857
4365.200000	-52.645794	23.001730
4365.266667	-52.554550	22.994703
4365.333333	-52.527805	23.000536
4365.400000	-52.471172	22.937969
4365.466667	-52.467438	22.932669
4365.533333	-52.412838	22.963923
4365.600000	-52.318569	22.978813
4365.666667	-52.224297	22.963123
4365.733333	-52.146648	22.969032
4365.800000	-52.105518	22.920630
4365.866667	-52.112144	22.949879
4365.933333	-52.115459	22.938654
4366.000000	-52.042179	23.002892
4366.066667	-51.956913	22.994205
4366.133333	-51.854481	23.007101
4366.200000	-51.776482	22.958149
4366.266667	-51.748074	22.959682
4366.333333	-51.713688	22.975380
4366.400000	-51.699402	23.001085
4366.466667	-51.632053	22.977501
4366.533333	-51.615639	22.952383
4366.600000	-51.555584	22.943176
4366.666667	-51.484352	22.907852
4366.733333	-51.397186	22.880630
4366.800000	-51.388329	22.889791
4366.866667	-51.380215	22.891325
4366.933333	-51.313526	22.915161
4367.000000	-51.251648	22.912586
4367.066667	-51.171021	22.921274
4367.133333	-51.067966	22.918566
4367.200000	-51.065464	22.896545
4367.266667	-50.997726	22.858631
4367.333333	-50.910370	22.872622
4367.400000	-50.803585	22.869162
4367.466667	-50.791309	22.885332
4367.533333	-50.728745	22.870295
4367.600000	-50.700058	22.879051
4367.666667	-50.665909	22.855886
4367.733333	-50.634693	22.869221
4367.800000	-50.581955	22.864925
4367.866667	-50.559959	22.847948
4367.933333	-50.534073	22.829672
4368.000000	-50.488007	22.835800
4368.066667	-50.452530	22.860098
4368.133333	-50.396156	22.886141
4368.200000	-50.302448	22.921469
4368.266667	-50.259758	22.904932
4368.333333	-50.178089	22.935476
4368.400000	-50.059319	22.937101
4368.466667	-50.062267	22.952131
4368.533333	-50.023861	22.935005
4368.600000	-50.027843	22.913845
4368.666667	-50.032715	22.954607
4368.733333	-50.002674	22.965963
4368.800000	-49.944317	22.966248
4368.866667	-49.867424	22.963285
4368.933333	-49.765640	22.971140
4369.000000	-49.681480	22.949381
4369.066667	-49.629410	22.949324
4369.133333	-49.591446	22.946630
4369.200000	-49.545822	22.981676
4369.266667	-49.505554	22.963568
4369.333333	-49.456169	22.995455
4369.400000	-49.423927	23.000708
4369.466667	-49.403584	22.994232
4369.533333	-49.339371	22.998625
4369.600000	-49.298286	22.974697
4369.666667	-49.232510	23.004114
4369.733333	-49.222778	23.004259
4369.800000	-49.197506	22.992361
4369.866667	-49.129177	22.991123
4369.933333	-49.109295	22.982338
4370.000000	-49.002308	22.943735
4370.066667	-48.993179	22.955917
4370.133333	-48.941448	22.906567
4370.200000	-48.852982	22.939985
4370.266667	-48.857082	22.944626
4370.333333	-48.857082	22.944626
4370.400000	-48.797585	22.965021
4370.466667	-48.748497	22.977041
4370.533333	-48.704334	22.988338
4370.600000	-48.693764	22.956104
4370.666667	-48.663757	22.944134
4370.733333	-48.633980	22.920895
4370.800000	-48.650665	22.918711
4370.866667	-48.620567	22.889910
4370.933333	-48.604050	22.896730
4371.000000	-48.579430	22.916059
4371.066667	-48.531059	22.916451
4371.133333	-48.530735	22.926500
4371.200000	-48.497326	22.926207
4371.266667	-48.471867	22.942020
4371.333333	-48.433205	22.925859
4371.400000	-48.438465	22.937065
4371.466667	-48.407146	22.926773
4371.533333	-48.398563	22.942694
4371.600000	-48.363537	22.906029
4371.666667	-48.334858	22.921221
4371.733333	-48.308784	22.887669
4371.800000	-48.295967	22.880455
4371.866667	-48.282238	22.870754
4371.933333	-48.248573	22.900387
4372.000000	-48.225826	22.887394
4372.066667	-48.242237	22.886318
4372.133333	-48.199226	22.869305
4372.200000	-48.164616	22.857061
4372.266667	-48.197960	22.875277
4372.333333	-48.171997	22.875317
4372.400000	-48.198673	22.911963
4372.466667	-48.167278	22.906391
4372.533333	-48.182259	22.909500
4372.600000	-48.169632	22.886217
4372.666667	-48.185345	22.882940
4372.733333	-48.164783	22.834089
4372.800000	-48.165028	22.845198
4372.866667	-48.187130	22.821060
4372.933333	-48.151627	22.838734
4373.000000	-48.176949	22.856255
4373.066667	-48.173676	22.840363
4373.133333	-48.160370	22.870483
4373.200000	-48.179035	22.854418
4373.266667	-48.192768	22.863930
4373.333333	-48.174290	22.867737
4373.400000	-48.172234	22.870584
4373.466667	-48.187977	22.852758
4373.533333	-48.152107	22.863979
4373.600000	-48.136978	22.861509
4373.666667	-48.135769	22.854193
4373.733333	-48.144672	22.862396
4373.800000	-48.129967	22.844513
4373.866667	-48.161049	22.849243
4373.933333	-48.184811	22.853241
4374.000000	-48.171925	22.857937
4374.066667	-48.191757	22.864763
4374.133333	-48.246243	22.854746
4374.200000	-48.248390	22.843361
4374.266667	-48.300053	22.889374
4374.333333	-48.318485	22.882362
4374.400000	-48.324902	22.893166
4374.466667	-48.371716	22.907393
4374.533333	-48.427761	22.906874
4374.600000	-48.435009	22.920349
4374.666667	-48.460598	22.937393
4374.733333	-48.469490	22.907444
4374.800000	-48.520584	22.918020
4374.866667	-48.529037	22.913504
4374.933333	-48.530930	22.882496
4375.000000	-48.532608	22.870436
4375.066667	-48.557045	22.879330
4375.133333	-48.584946	22.886896
4375.200000	-48.596703	22.865427
4375.266667	-48.625435	22.855305
4375.333333	-48.650902	22.846544
4375.400000	-48.646561	22.845997
4375.466667	-48.698772	22.843906
4375.533333	-48.691063	22.847227
4375.600000	-48.705208	22.873865
4375.666667	-48.757988	22.853825
4375.733333	-48.779388	22.859074
4375.800000	-48.828873	22.849880
4375.866667	-48.896576	22.876459
4375.933333	-48.923042	22.847767
4376.000000	-48.964165	22.882469
4376.066667	-49.072201	22.941080
4376.133333	-49.118462	22.940697
4376.200000	-49.121334	22.951097
4376.266667	-49.133724	22.890718
4376.333333	-49.167625	22.889175
4376.400000	-49.214104	22.867601
4376.466667	-49.235668	22.860815
4376.533333	-49.264572	22.874695
4376.600000	-49.299358	22.872131
4376.666667	-49.299179	22.866314
4376.733333	-49.316311	22.826881
4376.800000	-49.341625	22.808151
4376.866667	-49.394989	22.804401
4376.933333	-49.419834	22.804083
4377.000000	-49.452000	22.797579
4377.066667	-49.520939	22.847120
4377.133333	-49.556465	22.856028
4377.200000	-49.604977	22.865469
4377.266667	-49.640221	22.875441
4377.333333	-49.669422	22.877077
4377.400000	-49.713226	22.876438
4377.466667	-49.769215	22.880234
4377.533333	-49.789928	22.866640
4377.600000	-49.824131	22.885477
4377.666667	-49.878128	22.862194
4377.733333	-49.928555	22.874262
4377.800000	-49.914997	22.832443
4377.866667	-49.968689	22.854029
4377.933333	-50.041325	22.859135
4378.000000	-50.070286	22.832527
4378.066667	-50.122459	22.869316
4378.133333	-50.133751	22.878237
4378.200000	-50.182381	22.879431
4378.266667	-50.143761	22.840967
4378.333333	-50.191807	22.814922
4378.400000	-50.236252	22.818813
4378.466667	-50.308414	22.850004
4378.533333	-50.334896	22.855709
4378.600000	-50.407505	22.890974
4378.666667	-50.453899	22.937069
4378.733333	-50.502346	22.920837
4378.800000	-50.490265	22.946251
4378.866667	-50.536743	22.918083
4378.933333	-50.603409	22.916445
4379.000000	-50.646168	22.916225
4379.066667	-50.723373	22.902155
4379.133333	-50.823936	22.882523
4379.200000	-50.896942	22.875202
4379.266667	-50.964668	22.871798
4379.333333	-51.051144	22.890709
4379.400000	-51.106117	22.913857
4379.466667	-51.107983	22.933750
4379.533333	-51.107155	22.958948
4379.600000	-51.120380	22.936642
4379.666667	-51.177307	22.977823
4379.733333	-51.283627	22.938461
4379.800000	-51.361259	22.939520
4379.866667	-51.389008	22.928656
4379.933333	-51.448380	22.943783
4380.000000	-51.495621	22.957012
