4080.066667	-60.855064	23.415535
4080.133333	-60.871490	23.417686
4080.200000	-60.908573	23.412292
4080.266667	-60.932545	23.422079
4080.333333	-60.996670	23.423101
4080.400000	-60.996670	23.423101
4080.466667	-61.006611	23.404779
4080.533333	-61.088387	23.406570
4080.666667	-61.105270	23.389015
4080.733333	-61.114254	23.389164
4080.800000	-61.231384	23.389439
4080.866667	-61.253571	23.386484
4080.933333	-61.322205	23.404373
4081.000000	-61.357262	23.431431
4081.066667	-61.374920	23.416759
4081.133333	-61.374920	23.416759
4081.200000	-61.384525	23.425806
4081.266667	-61.376690	23.424528
4081.333333	-61.397831	23.425362
4081.400000	-61.431915	23.419651
4081.466667	-61.468140	23.399574
4081.533333	-61.493839	23.402372
4081.600000	-61.541222	23.378153
4081.666667	-61.621552	23.399443
4081.733333	-61.679527	23.395563
4081.800000	-61.708633	23.385456
4081.866667	-61.758358	23.420259
4081.933333	-61.816208	23.434372
4082.000000	-61.829510	23.458036
4082.066667	-61.869568	23.482964
4082.133333	-61.872864	23.485008
4082.200000	-61.857468	23.482542
4082.266667	-61.843033	23.457060
4082.333333	-61.851337	23.445675
4082.400000	-61.857128	23.432253
4082.466667	-61.879101	23.429295
4082.533333	-61.888332	23.428759
4082.600000	-61.904655	23.429754
4082.666667	-61.926746	23.434416
4082.733333	-61.960506	23.423626
4082.800000	-61.981094	23.443913
4082.866667	-62.029434	23.443554
4082.933333	-62.076824	23.433340
4083.000000	-62.086700	23.435389
4083.066667	-62.125431	23.451910
4083.133333	-62.150642	23.453878
4083.200000	-62.201973	23.460436
4083.266667	-62.230530	23.467505
4083.333333	-62.254070	23.428843
4083.400000	-62.293087	23.438208
4083.466667	-62.323994	23.441263
4083.533333	-62.331829	23.424877
4083.600000	-62.399574	23.411882
4083.666667	-62.409561	23.410536
4083.733333	-62.446884	23.459579
4083.800000	-62.494358	23.464945
4083.866667	-62.513340	23.469862
4083.933333	-62.524490	23.476177
4084.000000	-62.596394	23.475855
4084.066667	-62.625656	23.474972
4084.133333	-62.694382	23.505177
4084.200000	-62.715954	23.496677
4084.266667	-62.755642	23.515989
4084.333333	-62.776402	23.507776
4084.400000	-62.779255	23.539257
4084.466667	-62.787811	23.532774
4084.533333	-62.789711	23.536160
4084.600000	-62.794598	23.531588
4084.666667	-62.826405	23.533405
4084.733333	-62.897026	23.520014
4084.800000	-62.902149	23.494272
4084.866667	-62.919418	23.490005
4084.933333	-62.931812	23.500282
4085.000000	-62.952904	23.498810
4085.066667	-62.964119	23.484531
4085.133333	-62.990692	23.506945
4085.200000	-63.015842	23.525066
4085.266667	-63.005695	23.517904
4085.333333	-63.005695	23.517904
4085.400000	-63.047260	23.514111
4085.466667	-63.037987	23.500360
4085.533333	-63.087536	23.506765
4085.600000	-63.114613	23.525112
4085.666667	-63.178684	23.512596
4085.733333	-63.224174	23.520618
4085.800000	-63.230175	23.528925
4085.866667	-63.318851	23.545851
4085.933333	-63.303429	23.553839
4086.000000	-63.347855	23.579502
4086.066667	-63.374241	23.561104
4086.133333	-63.401661	23.581495
4086.200000	-63.377983	23.561014
4086.266667	-63.424019	23.573349
4086.333333	-63.423054	23.574306
4086.400000	-63.449924	23.582159
4086.466667	-63.469635	23.579622
4086.533333	-63.461060	23.573881
4086.600000	-63.461060	23.573881
4086.666667	-63.474277	23.564051
4086.733333	-63.462063	23.551825
4086.800000	-63.472809	23.541443
4086.866667	-63.508827	23.540869
4086.933333	-63.507778	23.517212
4087.000000	-63.517170	23.507948
4087.066667	-63.559044	23.509008
4087.133333	-63.609272	23.514090
4087.200000	-63.634663	23.528948
4087.266667	-63.616520	23.530611
4087.333333	-63.693291	23.540901
4087.400000	-63.693291	23.540901
4087.466667	-63.696495	23.525158
4087.533333	-63.738247	23.544846
4087.600000	-63.752449	23.513788
4087.666667	-63.752449	23.513788
4087.733333	-63.737762	23.510113
4087.800000	-63.724010	23.507584
4087.866667	-63.711216	23.498686
4087.933333	-63.707626	23.513958
4088.000000	-63.671364	23.526493
4088.066667	-63.681435	23.515526
4088.133333	-63.663643	23.481152
4088.200000	-63.650665	23.489767
4088.266667	-63.648323	23.493063
4088.333333	-63.620670	23.477564
4088.400000	-63.620670	23.477564
4088.466667	-63.628876	23.490452
4088.533333	-63.610348	23.506552
4088.600000	-63.591606	23.504036
4088.666667	-63.589844	23.501492
4088.733333	-63.593719	23.490208
4088.800000	-63.588509	23.483980
4088.866667	-63.566795	23.492716
4088.933333	-63.554600	23.509756
4089.000000	-63.550377	23.514635
4089.066667	-63.532673	23.495955
4089.133333	-63.517162	23.485651
4089.200000	-63.497330	23.512735
4089.266667	-63.488354	23.493124
4089.333333	-63.466663	23.523397
4089.400000	-63.447800	23.529617
4089.466667	-63.413010	23.525080
4089.533333	-63.387695	23.557850
4089.600000	-63.336315	23.568262
4089.666667	-63.304268	23.579454
4089.733333	-63.209408	23.574512
4089.800000	-63.150055	23.598982
4089.866667	-63.076092	23.570707
4089.933333	-63.076092	23.570707
4090.000000	-63.092472	23.569771
4090.066667	-63.083344	23.570583
4090.133333	-63.046097	23.570871
4090.200000	-63.024658	23.590000
4090.266667	-62.975967	23.578083
4090.333333	-62.908592	23.557981
4090.466667	-62.888123	23.526768
4090.533333	-62.819611	23.486145
4090.600000	-62.768635	23.457895
4090.666667	-62.728485	23.452974
4090.733333	-62.732609	23.445810
4090.800000	-62.702801	23.456642
4090.866667	-62.667660	23.454514
4090.933333	-62.660763	23.468843
4091.000000	-62.660763	23.468843
4091.066667	-62.635567	23.493814
4091.133333	-62.570549	23.471436
4091.200000	-62.570549	23.471436
4091.266667	-62.481281	23.460506
4091.333333	-62.430008	23.464468
4091.400000	-62.424873	23.472233
4091.466667	-62.379894	23.448265
4091.533333	-62.359154	23.466599
4091.600000	-62.311398	23.445885
4091.666667	-62.266148	23.433134
4091.733333	-62.209332	23.428749
4091.800000	-62.142361	23.458008
4091.866667	-62.075748	23.462229
4091.933333	-62.005455	23.445536
4092.000000	-61.947716	23.417242
4092.066667	-61.876423	23.421835
4092.133333	-61.797993	23.432978
4092.200000	-61.787247	23.458143
4092.266667	-61.770382	23.449736
4092.333333	-61.756458	23.453178
4092.400000	-61.679810	23.478630
4092.466667	-61.628445	23.453646
4092.533333	-61.541443	23.475319
4092.666667	-61.502045	23.453382
4092.733333	-61.464260	23.453939
4092.800000	-61.439251	23.440121
4092.866667	-61.401352	23.431957
4092.933333	-61.346348	23.423609
4093.000000	-61.328968	23.385586
4093.066667	-61.282681	23.372198
4093.133333	-61.253571	23.361311
4093.200000	-61.215652	23.362106
4093.266667	-61.175354	23.346510
4093.333333	-61.148399	23.363552
4093.400000	-61.106651	23.348873
4093.466667	-61.057671	23.328699
4093.533333	-61.034386	23.341963
4093.600000	-60.969803	23.341778
4093.666667	-60.962872	23.365351
4093.733333	-60.934006	23.370962
4093.800000	-60.881725	23.379004
4093.866667	-60.814278	23.380621
4093.933333	-60.755775	23.401264
4094.000000	-60.697559	23.384899
4094.066667	-60.636013	23.395828
4094.133333	-60.608307	23.380585
4094.200000	-60.580059	23.378025
4094.266667	-60.539520	23.368416
4094.333333	-60.501553	23.369070
4094.400000	-60.462151	23.335470
4094.466667	-60.451912	23.331516
4094.533333	-60.411224	23.338802
4094.600000	-60.411224	23.338802
4094.666667	-60.364853	23.350300
4094.733333	-60.350891	23.346684
4094.800000	-60.300762	23.354494
4094.866667	-60.286999	23.358791
4094.933333	-60.278183	23.356672
4095.000000	-60.247623	23.356018
4095.066667	-60.213829	23.346943
4095.133333	-60.171768	23.344307
4095.200000	-60.167248	23.355669
4095.266667	-60.167767	23.368975
4095.333333	-60.160938	23.372158
4095.400000	-60.152897	23.373253
4095.466667	-60.155693	23.346956
4095.533333	-60.136852	23.365101
4095.600000	-60.122307	23.362246
4095.666667	-60.094860	23.366592
4095.733333	-60.082306	23.384790
4095.800000	-60.082306	23.384790
4095.866667	-60.049400	23.384123
4095.933333	-60.034752	23.382246
4096.000000	-59.996330	23.344435
4096.066667	-59.984818	23.344236
4096.133333	-59.983490	23.353069
4096.200000	-59.977089	23.314348
4096.266667	-59.977089	23.314348
4096.333333	-59.953976	23.304575
4096.400000	-59.954128	23.294680
4096.466667	-59.924191	23.302664
4096.533333	-59.908478	23.295847
4096.600000	-59.918495	23.288872
4096.666667	-59.896481	23.323696
4096.733333	-59.880898	23.335798
4096.800000	-59.857735	23.344481
4096.866667	-59.860065	23.346146
4096.933333	-59.843643	23.325562
4097.000000	-59.862885	23.328749
4097.066667	-59.820381	23.321423
4097.133333	-59.812275	23.340685
4097.200000	-59.811062	23.339848
4097.266667	-59.810272	23.342669
4097.333333	-59.789654	23.343533
4097.400000	-59.766640	23.350195
4097.466667	-59.757641	23.333506
4097.533333	-59.773121	23.341120
4097.600000	-59.778286	23.291019
4097.666667	-59.781319	23.284966
4097.733333	-59.804966	23.296371
4097.800000	-59.804867	23.285322
4097.866667	-59.831181	23.318577
4097.933333	-59.881069	23.300417
4098.000000	-59.866501	23.294384
4098.066667	-59.888798	23.286259
4098.133333	-59.880749	23.265957
4098.200000	-59.879910	23.256990
4098.266667	-59.871300	23.249949
4098.333333	-59.871593	23.262932
4098.400000	-59.916878	23.226585
4098.466667	-59.911617	23.238638
4098.533333	-59.930477	23.238218
4098.600000	-59.931557	23.241764
4098.666667	-59.948227	23.300022
4098.733333	-59.979713	23.308901
4098.800000	-60.014286	23.346146
4098.866667	-60.030727	23.348883
4098.933333	-60.002285	23.347061
4099.000000	-60.036777	23.342678
4099.066667	-60.082619	23.335394
4099.133333	-60.115688	23.327572
4099.200000	-60.145195	23.323254
4099.266667	-60.171719	23.299347
4099.333333	-60.208641	23.304436
4099.400000	-60.195156	23.293623
4099.466667	-60.228722	23.335163
4099.533333	-60.256889	23.344175
4099.600000	-60.295708	23.359955
4099.666667	-60.270084	23.351225
4099.733333	-60.284485	23.346079
4099.800000	-60.304386	23.344879
4099.866667	-60.320293	23.323298
4099.933333	-60.327557	23.332846
4100.000000	-60.327557	23.332846
4100.066667	-60.368389	23.370169
4100.133333	-60.380291	23.384712
4100.200000	-60.424835	23.410088
4100.266667	-60.443043	23.435080
4100.333333	-60.440372	23.440159
4100.400000	-60.457230	23.429293
4100.466667	-60.511749	23.445532
4100.533333	-60.572483	23.448372
4100.600000	-60.603889	23.419445
4100.666667	-60.582211	23.401266
4100.733333	-60.593288	23.359095
4100.800000	-60.626160	23.362865
4100.866667	-60.692715	23.327112
4100.933333	-60.732960	23.332144
4101.000000	-60.740498	23.330463
4101.066667	-60.828262	23.326777
4101.133333	-60.861362	23.349140
4101.200000	-60.905045	23.342325
4101.266667	-60.999878	23.358793
4101.333333	-60.986179	23.360205
4101.400000	-61.058823	23.354641
4101.466667	-61.058823	23.354641
4101.533333	-61.111599	23.341169
4101.600000	-61.284557	23.401331
4101.666667	-61.344719	23.428501
4101.733333	-61.344719	23.428501
4101.800000	-61.436913	23.437140
4101.866667	-61.479733	23.433603
4101.933333	-61.493202	23.431158
4102.000000	-61.553410	23.415731
4102.066667	-61.607601	23.435310
4102.133333	-61.673729	23.466747
4102.200000	-61.732464	23.448183
4102.266667	-61.755661	23.455544
4102.333333	-61.795258	23.443062
4102.400000	-61.795258	23.443062
4102.466667	-61.893944	23.456453
4102.533333	-61.893944	23.456453
4102.600000	-61.943058	23.439453
4102.666667	-61.947254	23.434465
4102.733333	-61.968323	23.444744
4102.800000	-61.991150	23.454771
4102.866667	-62.048794	23.448105
4102.933333	-62.048794	23.448105
4103.000000	-62.087193	23.443256
4103.066667	-62.109184	23.463402
4103.133333	-62.136284	23.453703
4103.200000	-62.224682	23.476242
4103.266667	-62.288361	23.481436
4103.333333	-62.330738	23.463108
4103.400000	-62.330738	23.463108
4103.466667	-62.376247	23.479601
4103.533333	-62.405033	23.469168
4103.600000	-62.423615	23.483885
4103.666667	-62.489311	23.482153
4103.733333	-62.483139	23.508835
4103.800000	-62.483139	23.508835
4103.866667	-62.547195	23.493179
4103.933333	-62.531876	23.500799
4104.000000	-62.563457	23.475014
4104.066667	-62.594288	23.474876
4104.133333	-62.669468	23.447071
4104.200000	-62.669468	23.447071
4104.266667	-62.701317	23.499269
4104.333333	-62.713078	23.478590
4104.400000	-62.711811	23.479288
4104.466667	-62.747417	23.457817
4104.533333	-62.801365	23.450874
4104.600000	-62.857761	23.446339
4104.666667	-62.857761	23.446339
4104.733333	-62.866096	23.451324
4104.800000	-62.902317	23.466030
4104.866667	-62.911816	23.453865
4104.933333	-62.909718	23.449631
4105.000000	-62.945038	23.455711
4105.066667	-62.945038	23.455711
4105.133333	-62.975849	23.497383
4105.200000	-63.032959	23.500202
4105.266667	-63.046322	23.504467
4105.333333	-63.056103	23.496067
4105.400000	-63.059521	23.487730
4105.466667	-63.059521	23.487730
4105.533333	-63.090874	23.510817
4105.600000	-63.115288	23.507637
4105.666667	-63.127998	23.528542
4105.733333	-63.155575	23.526985
4105.800000	-63.185768	23.514582
4105.866667	-63.174366	23.524227
4105.933333	-63.174366	23.524227
4106.000000	-63.209335	23.506016
4106.066667	-63.201385	23.530987
4106.133333	-63.229183	23.531599
4106.200000	-63.247826	23.542120
4106.266667	-63.263126	23.541733
4106.333333	-63.263126	23.541733
4106.400000	-63.263245	23.561415
4106.466667	-63.327995	23.596655
4106.533333	-63.342823	23.583229
4106.600000	-63.333351	23.611629
4106.666667	-63.356663	23.610086
4106.733333	-63.356663	23.610086
4106.800000	-63.378235	23.596746
4106.866667	-63.394688	23.618479
4106.933333	-63.444447	23.647266
4107.000000	-63.473949	23.662193
4107.066667	-63.495159	23.654800
4107.133333	-63.495159	23.654800
4107.200000	-63.529400	23.670391
4107.266667	-63.557758	23.661074
4107.333333	-63.564674	23.656649
4107.400000	-63.577873	23.640659
4107.466667	-63.551231	23.642967
4107.533333	-63.570755	23.636698
4107.600000	-63.570755	23.636698
4107.666667	-63.602802	23.635700
4107.733333	-63.610218	23.627483
4107.800000	-63.613068	23.611776
4107.866667	-63.637730	23.604540
4107.933333	-63.640545	23.613628
4108.000000	-63.652111	23.587049
4108.066667	-63.718063	23.588236
4108.133333	-63.669819	23.601917
4108.200000	-63.721088	23.584244
4108.266667	-63.705128	23.572973
4108.333333	-63.685867	23.570389
4108.400000	-63.776520	23.565639
4108.466667	-63.736477	23.561274
4108.533333	-63.806686	23.582468
4108.600000	-63.806686	23.582468
4108.666667	-63.719219	23.557295
4108.733333	-63.788952	23.557692
4108.800000	-63.773979	23.563133
4108.866667	-63.766285	23.545891
4108.933333	-63.782238	23.574200
4109.000000	-63.762646	23.568850
4109.066667	-63.758968	23.582380
4109.133333	-63.764111	23.584635
4109.200000	-63.761147	23.575668
4109.266667	-63.778233	23.567415
4109.333333	-63.746880	23.567154
4109.400000	-63.760250	23.560287
4109.466667	-63.797161	23.552324
4109.533333	-63.746407	23.563391
4109.600000	-63.720596	23.564224
4109.666667	-63.684639	23.553585
4109.733333	-63.664120	23.535892
4109.800000	-63.690674	23.554785
4109.866667	-63.654106	23.527206
4109.933333	-63.617950	23.534332
4110.000000	-63.600471	23.542416
4110.066667	-63.558670	23.545124
4110.133333	-63.575569	23.561779
4110.200000	-63.548168	23.583319
4110.266667	-63.478992	23.580717
4110.333333	-63.446365	23.573050
4110.400000	-63.434345	23.567715
4110.466667	-63.383732	23.568161
4110.533333	-63.374031	23.599192
4110.600000	-63.354118	23.574280
4110.666667	-63.306831	23.582994
4110.733333	-63.322464	23.579826
4110.800000	-63.267895	23.569963
4110.866667	-63.224548	23.578613
4110.933333	-63.232212	23.555761
4111.000000	-63.200062	23.536255
4111.066667	-63.144920	23.554995
4111.133333	-63.153175	23.531630
4111.200000	-63.088455	23.535656
4111.266667	-63.060738	23.528900
4111.333333	-63.052883	23.534704
4111.400000	-63.029705	23.570263
4111.466667	-63.000214	23.539930
4111.533333	-62.968960	23.544636
4111.600000	-62.927814	23.558743
4111.666667	-62.910217	23.534370
4111.733333	-62.892624	23.548798
4111.800000	-62.863617	23.539392
4111.866667	-62.837994	23.489048
4111.933333	-62.775047	23.485229
4112.000000	-62.721020	23.436867
4112.066667	-62.690208	23.433348
4112.133333	-62.640682	23.428030
4112.200000	-62.613674	23.450796
4112.266667	-62.576054	23.481703
4112.333333	-62.550568	23.481983
4112.400000	-62.522972	23.463175
4112.466667	-62.470905	23.411633
4112.533333	-62.427578	23.419312
4112.600000	-62.373165	23.403627
4112.666667	-62.331696	23.387424
4112.733333	-62.268517	23.402826
4112.800000	-62.215233	23.412155
4112.866667	-62.145065	23.402990
4112.933333	-62.092197	23.406693
4113.000000	-62.022507	23.426672
4113.066667	-61.930229	23.402554
4113.133333	-61.851299	23.396196
4113.200000	-61.767704	23.408875
4113.266667	-61.769310	23.401869
4113.333333	-61.747299	23.401007
4113.400000	-61.713699	23.425211
4113.466667	-61.687641	23.446424
4113.533333	-61.645927	23.439512
4113.600000	-61.559925	23.447668
4113.666667	-61.473728	23.433620
4113.733333	-61.423298	23.425529
4113.800000	-61.377792	23.440134
4113.866667	-61.358513	23.427607
4113.933333	-61.315815	23.428122
4114.000000	-61.227623	23.414906
4114.066667	-61.216827	23.416178
4114.133333	-61.145084	23.416981
4114.200000	-61.123188	23.431725
4114.266667	-61.050907	23.407698
4114.333333	-60.996471	23.374176
4114.400000	-60.944180	23.353987
4114.466667	-60.892365	23.360054
4114.533333	-60.849014	23.382013
4114.600000	-60.729050	23.390566
4114.666667	-60.645020	23.382179
4114.733333	-60.545666	23.376926
4114.800000	-60.526394	23.377249
4114.866667	-60.522854	23.412109
4114.933333	-60.465645	23.403481
4115.000000	-60.353737	23.366484
4115.066667	-60.251495	23.365517
4115.133333	-60.212616	23.361149
4115.200000	-60.149441	23.352877
4115.266667	-60.098030	23.339901
4115.333333	-60.031349	23.314571
4115.400000	-60.004829	23.283747
4115.466667	-60.016106	23.318924
4115.533333	-59.962414	23.326517
4115.600000	-59.878235	23.352859
4115.666667	-59.819691	23.335505
4115.733333	-59.719532	23.345114
4115.800000	-59.626961	23.300638
4115.866667	-59.575085	23.267784
4115.933333	-59.505108	23.291332
4116.000000	-59.408165	23.302771
4116.066667	-59.314026	23.311234
4116.133333	-59.296764	23.301350
4116.200000	-59.227566	23.315166
4116.266667	-59.153580	23.322815
4116.333333	-59.051075	23.324736
4116.400000	-59.002579	23.309185
4116.466667	-58.907406	23.277338
4116.533333	-58.861965	23.281321
4116.600000	-58.796909	23.302397
4116.666667	-58.742188	23.313457
4116.733333	-58.653526	23.318163
4116.800000	-58.538548	23.275694
4116.866667	-58.456734	23.275297
4116.933333	-58.361328	23.283197
4117.000000	-58.308750	23.309893
4117.066667	-58.252430	23.347702
4117.133333	-58.155140	23.349838
4117.200000	-58.044849	23.347984
4117.266667	-57.999981	23.346558
4117.333333	-57.948898	23.343212
4117.400000	-57.916687	23.351725
4117.466667	-57.914909	23.358871
4117.533333	-57.874687	23.354273
4117.600000	-57.834179	23.359238
4117.666667	-57.719849	23.335451
4117.733333	-57.639832	23.323915
4117.800000	-57.529209	23.318474
4117.866667	-57.425823	23.263468
4117.933333	-57.368896	23.215273
4118.000000	-57.312988	23.216400
4118.066667	-57.256565	23.267366
4118.133333	-57.200058	23.303762
4118.200000	-57.133888	23.299929
4118.266667	-57.052906	23.279188
4118.333333	-56.930408	23.241051
4118.400000	-56.823051	23.242527
4118.466667	-56.762146	23.248444
4118.533333	-56.694012	23.282198
4118.600000	-56.711567	23.311970
4118.666667	-56.659458	23.288258
4118.733333	-56.595356	23.269327
4118.800000	-56.555359	23.289614
4118.866667	-56.471523	23.257053
4118.933333	-56.372574	23.255140
4119.000000	-56.314735	23.219193
4119.066667	-56.260250	23.208597
4119.133333	-56.268497	23.207125
4119.200000	-56.216633	23.260061
4119.266667	-56.117157	23.243320
4119.333333	-56.015575	23.214336
4119.400000	-55.954403	23.244715
4119.466667	-55.888790	23.253639
4119.533333	-55.842781	23.244614
4119.600000	-55.809231	23.231033
4119.666667	-55.715725	23.214602
4119.733333	-55.662506	23.203566
4119.800000	-55.639206	23.246490
4119.866667	-55.575249	23.203529
4119.933333	-55.547428	23.225056
4120.000000	-55.434357	23.204294
4120.066667	-55.299835	23.218105
4120.133333	-55.180580	23.218409
4120.200000	-55.138664	23.224092
4120.266667	-55.125546	23.250336
4120.333333	-55.069614	23.253973
4120.400000	-54.983692	23.219728
4120.466667	-54.952667	23.191025
4120.533333	-54.861816	23.204542
4120.600000	-54.824883	23.172977
4120.666667	-54.787163	23.180588
4120.733333	-54.738731	23.143469
4120.800000	-54.658676	23.145557
4120.866667	-54.599792	23.139191
4120.933333	-54.560223	23.114586
4121.000000	-54.531319	23.129528
4121.066667	-54.454021	23.160429
4121.133333	-54.404861	23.150608
4121.200000	-54.344604	23.173090
4121.266667	-54.269127	23.188009
4121.333333	-54.171829	23.196772
4121.400000	-54.103016	23.241829
4121.466667	-53.998638	23.217686
4121.533333	-53.938541	23.203476
4121.600000	-53.863503	23.176706
4121.666667	-53.795868	23.159172
4121.733333	-53.730350	23.171097
4121.800000	-53.672031	23.167889
4121.866667	-53.605255	23.196547
4121.933333	-53.573261	23.174520
4122.000000	-53.500107	23.187841
4122.066667	-53.429642	23.164557
4122.133333	-53.332241	23.135498
4122.200000	-53.332253	23.161884
4122.266667	-53.255936	23.170029
4122.333333	-53.191967	23.190271
4122.400000	-53.176556	23.193813
4122.466667	-53.174286	23.158579
4122.533333	-53.155018	23.161913
4122.600000	-53.114708	23.153826
4122.666667	-53.029121	23.129631
4122.733333	-52.880810	23.082964
4122.800000	-52.796062	23.089375
4122.933333	-52.738026	23.086784
4123.000000	-52.684605	23.087080
4123.066667	-52.684605	23.087080
4123.133333	-52.638126	23.051895
4123.200000	-52.585209	23.015486
4123.266667	-52.526352	22.983074
4123.333333	-52.463867	22.994638
4123.400000	-52.443954	22.989449
4123.466667	-52.436413	22.986805
4123.533333	-52.417904	23.007166
4123.600000	-52.344669	23.034834
4123.666667	-52.304214	22.985239
4123.733333	-52.260956	23.041460
4123.800000	-52.231415	23.003918
4123.866667	-52.190815	23.010725
4123.933333	-52.152657	23.016693
4124.000000	-52.158516	23.042440
4124.066667	-52.138550	23.016207
4124.133333	-52.111629	23.035059
4124.200000	-52.059280	23.040428
4124.266667	-52.059280	23.040428
4124.333333	-52.014210	23.021870
4124.400000	-51.995239	23.017002
4124.466667	-51.986092	23.013784
4124.533333	-51.939816	22.997955
4124.600000	-51.913067	23.021004
4124.666667	-51.913483	23.001381
4124.733333	-51.879341	23.027201
4124.800000	-51.867661	23.020487
4124.866667	-51.816628	23.033167
4124.933333	-51.819115	23.033461
4125.000000	-51.807701	23.009441
4125.066667	-51.775757	23.038565
4125.133333	-51.769329	23.015337
4125.200000	-51.742065	23.015381
4125.266667	-51.729729	23.024124
4125.333333	-51.685116	23.020964
4125.400000	-51.674728	23.003443
4125.466667	-51.677948	23.017872
4125.533333	-51.629345	22.999353
4125.600000	-51.609978	23.014788
4125.666667	-51.614689	23.010916
4125.733333	-51.599209	22.981216
4125.800000	-51.593571	22.996838
4125.866667	-51.587273	22.989796
4125.933333	-51.563869	23.007397
4126.000000	-51.575855	23.003244
4126.066667	-51.553127	22.998558
4126.133333	-51.542118	22.990217
4126.200000	-51.556011	23.005093
4126.266667	-51.541351	23.006847
4126.333333	-51.527611	23.033005
4126.400000	-51.525063	23.003428
4126.466667	-51.525017	23.046247
4126.533333	-51.511799	23.040567
4126.600000	-51.495384	23.038486
4126.666667	-51.510242	23.069763
4126.733333	-51.480358	23.035151
4126.800000	-51.479351	23.079937
4126.866667	-51.513916	23.076092
4126.933333	-51.496304	23.065817
4127.000000	-51.514179	23.069794
4127.066667	-51.514179	23.069794
4127.133333	-51.531704	23.068203
4127.200000	-51.535942	23.062687
4127.266667	-51.535942	23.062687
4127.333333	-51.550732	23.037315
4127.400000	-51.561214	23.033680
4127.466667	-51.556900	22.998737
4127.533333	-51.548512	23.030296
4127.600000	-51.564365	23.031984
4127.666667	-51.592445	23.060677
4127.733333	-51.576069	23.039946
4127.800000	-51.604675	23.076180
4127.866667	-51.595261	23.056858
4127.933333	-51.639263	23.101015
4128.000000	-51.652618	23.104340
4128.066667	-51.658318	23.107227
4128.133333	-51.686329	23.096777
4128.200000	-51.664188	23.091793
4128.266667	-51.675293	23.080612
4128.333333	-51.656116	23.063679
4128.400000	-51.620876	23.068800
4128.466667	-51.647396	23.035576
4128.533333	-51.641792	23.059187
4128.600000	-51.659767	23.025127
4128.666667	-51.674290	23.022411
4128.733333	-51.686417	22.997295
4128.800000	-51.716515	23.000589
4128.866667	-51.746380	23.022411
4128.933333	-51.761631	23.071905
4129.000000	-51.790833	23.046850
4129.066667	-51.797077	23.065971
4129.133333	-51.809219	23.059746
4129.200000	-51.852356	23.039936
4129.266667	-51.881798	23.057001
4129.333333	-51.899605	23.065388
4129.400000	-51.932739	23.076836
4129.466667	-52.012215	23.060709
4129.533333	-52.042068	23.059694
4129.600000	-52.094490	23.075499
4129.666667	-52.128235	23.064117
4129.733333	-52.142803	23.076851
4129.800000	-52.171539	23.068018
4129.866667	-52.202457	23.052269
4129.933333	-52.240891	23.055861
4130.000000	-52.274456	23.050943
4130.066667	-52.315807	23.046701
4130.133333	-52.320950	23.043100
4130.200000	-52.364765	23.031622
4130.266667	-52.447739	23.071936
4130.333333	-52.459225	23.057652
4130.400000	-52.510365	23.062323
4130.466667	-52.540112	23.059834
4130.533333	-52.581516	23.093306
4130.600000	-52.625332	23.073618
4130.666667	-52.668728	23.075073
4130.733333	-52.683136	23.082973
4130.800000	-52.739098	23.096659
4130.866667	-52.790272	23.108675
4130.933333	-52.839657	23.111416
4131.000000	-52.869850	23.165171
4131.066667	-52.886318	23.149601
4131.133333	-52.962238	23.142794
4131.200000	-52.985870	23.116411
4131.266667	-53.073353	23.114666
4131.333333	-53.111313	23.131775
4131.400000	-53.168278	23.116163
4131.466667	-53.204163	23.111349
4131.533333	-53.204163	23.111349
4131.600000	-53.260818	23.082977
4131.666667	-53.304344	23.121078
4131.733333	-53.331955	23.075626
4131.800000	-53.358322	23.079578
4131.866667	-53.358322	23.079578
4131.933333	-53.426029	23.057732
4132.000000	-53.442047	23.124271
4132.066667	-53.493980	23.144356
4132.133333	-53.527470	23.150543
4132.200000	-53.574959	23.154236
4132.266667	-53.631226	23.180000
4132.333333	-53.687744	23.170570
4132.400000	-53.741737	23.202000
4132.466667	-53.810104	23.191885
4132.533333	-53.880146	23.182169
4132.600000	-53.969082	23.198727
4132.666667	-54.080696	23.190958
4132.733333	-54.134300	23.184771
4132.800000	-54.174789	23.189165
4132.866667	-54.244057	23.174461
4132.933333	-54.272034	23.159185
4133.000000	-54.359921	23.165369
4133.066667	-54.402588	23.140919
4133.133333	-54.402588	23.140919
4133.200000	-54.445068	23.134766
4133.266667	-54.503380	23.138119
4133.333333	-54.577873	23.163250
4133.400000	-54.634579	23.151234
4133.466667	-54.710709	23.166641
4133.533333	-54.731426	23.169586
4133.600000	-54.787216	23.119219
4133.666667	-54.821693	23.124847
4133.733333	-54.855270	23.117283
4133.800000	-54.880234	23.108183
4133.866667	-54.932705	23.141193
4133.933333	-54.937199	23.168114
4134.000000	-55.010799	23.184540
4134.066667	-55.026371	23.182209
4134.133333	-55.083603	23.198320
4134.200000	-55.087154	23.208744
4134.266667	-55.118599	23.206871
4134.333333	-55.295353	23.222500
4134.400000	-55.295353	23.222500
4134.466667	-55.350422	23.237995
4134.533333	-55.433334	23.239944
4134.600000	-55.476875	23.253586
4134.666667	-55.520454	23.272581
4134.733333	-55.654629	23.237122
4134.800000	-55.654629	23.237122
4134.866667	-55.692020	23.255838
4134.933333	-55.780956	23.273809
4135.000000	-55.828754	23.289349
4135.066667	-55.859795	23.314510
4135.133333	-55.944218	23.326731
4135.200000	-55.951580	23.327723
4135.266667	-55.997044	23.295000
4135.333333	-56.024376	23.272411
4135.400000	-56.079025	23.269197
4135.466667	-56.104233	23.258987
4135.533333	-56.136932	23.298248
4135.600000	-56.164513	23.278130
4135.666667	-56.210602	23.315657
4135.733333	-56.228325	23.296377
4135.800000	-56.260017	23.307779
4135.866667	-56.297516	23.300583
4135.933333	-56.363762	23.306608
4136.000000	-56.386379	23.285570
4136.066667	-56.448601	23.308510
4136.133333	-56.496239	23.290344
4136.200000	-56.536747	23.314869
4136.266667	-56.571697	23.287413
4136.333333	-56.617180	23.288029
4136.400000	-56.651051	23.310024
4136.466667	-56.730667	23.337446
4136.533333	-56.760651	23.335680
4136.600000	-56.778255	23.337507
4136.666667	-56.794426	23.339651
4136.733333	-56.791046	23.303488
4136.800000	-56.831017	23.303654
4136.866667	-56.856308	23.309330
4136.933333	-56.876064	23.305836
4137.000000	-56.911827	23.318632
4137.066667	-56.911083	23.352293
4137.133333	-56.921616	23.339714
4137.200000	-56.946529	23.322622
4137.266667	-56.985058	23.324541
4137.333333	-57.010872	23.324865
4137.400000	-57.037983	23.343887
4137.466667	-57.065178	23.331873
4137.533333	-57.078884	23.313700
4137.600000	-57.117535	23.289190
4137.666667	-57.175285	23.296568
4137.733333	-57.175285	23.296568
4137.800000	-57.245792	23.302839
4137.866667	-57.271381	23.282703
4137.933333	-57.326393	23.256294
4138.000000	-57.375160	23.266859
4138.066667	-57.431240	23.257233
4138.133333	-57.517666	23.281973
4138.200000	-57.568195	23.273497
4138.266667	-57.590450	23.269632
4138.333333	-57.626923	23.250750
4138.400000	-57.632683	23.237963
4138.466667	-57.661663	23.248220
4138.533333	-57.685055	23.225214
4138.600000	-57.719788	23.270420
4138.666667	-57.752766	23.248028
4138.733333	-57.795391	23.269108
4138.800000	-57.817467	23.263550
4138.866667	-57.827591	23.260868
4138.933333	-57.837139	23.305792
4139.000000	-57.837139	23.305792
4139.066667	-57.896580	23.303822
4139.133333	-57.905235	23.302372
4139.200000	-57.935509	23.327023
4139.266667	-57.927074	23.313101
4139.333333	-57.943649	23.337124
4139.400000	-57.945160	23.350660
4139.466667	-57.945446	23.354435
4139.533333	-57.965942	23.346512
4139.600000	-57.980724	23.347673
4139.666667	-58.000587	23.369532
4139.733333	-58.026272	23.353540
4139.800000	-58.036667	23.373110
4139.866667	-58.045132	23.350042
4139.933333	-58.079899	23.349430
4140.000000	-58.090248	23.336329
