3120.066667	-55.156673	23.488506
3120.133333	-55.217892	23.471439
3120.200000	-55.255062	23.485432
3120.266667	-55.296478	23.533241
3120.333333	-55.391960	23.545919
3120.400000	-55.474449	23.541203
3120.466667	-55.515278	23.568808
3120.533333	-55.515278	23.568808
3120.600000	-55.638851	23.581238
3120.666667	-55.672741	23.573139
3120.733333	-55.754570	23.602884
3120.800000	-55.788525	23.604687
3120.866667	-55.872478	23.627346
3120.933333	-55.909328	23.637611
3121.066667	-55.940800	23.649069
3121.133333	-56.000778	23.627243
3121.200000	-56.017521	23.616255
3121.266667	-56.055187	23.588799
3121.333333	-56.134014	23.569233
3121.400000	-56.286892	23.555019
3121.533333	-56.322655	23.566593
3121.600000	-56.317905	23.554771
3121.666667	-56.330036	23.553690
3121.733333	-56.390976	23.559296
3121.800000	-56.437740	23.574396
3121.866667	-56.506260	23.580664
3121.933333	-56.577389	23.587442
3122.000000	-56.613739	23.607309
3122.066667	-56.698540	23.585035
3122.133333	-56.692505	23.593868
3122.200000	-56.714821	23.576412
3122.266667	-56.806404	23.655617
3122.333333	-56.932594	23.681437
3122.400000	-56.993912	23.677048
3122.466667	-56.980640	23.691853
3122.533333	-56.977345	23.675196
3122.600000	-57.008148	23.640581
3122.666667	-57.081272	23.651487
3122.733333	-57.143494	23.616783
3122.800000	-57.232941	23.647324
3122.866667	-57.324390	23.626020
3122.933333	-57.359409	23.629204
3123.000000	-57.400253	23.634296
3123.066667	-57.498154	23.632076
3123.133333	-57.539284	23.607712
3123.200000	-57.647900	23.602472
3123.266667	-57.722500	23.627975
3123.333333	-57.776035	23.660049
3123.400000	-57.813118	23.667711
3123.466667	-57.822571	23.682894
3123.533333	-57.894703	23.685394
3123.600000	-57.974857	23.723749
3123.666667	-58.066944	23.746656
3123.733333	-58.130226	23.745382
3123.800000	-58.147495	23.761026
3123.866667	-58.246212	23.718863
3123.933333	-58.308056	23.733034
3124.000000	-58.412891	23.731405
3124.066667	-58.469109	23.762363
3124.133333	-58.507320	23.786343
3124.200000	-58.585163	23.778503
3124.266667	-58.653522	23.768986
3124.333333	-58.734581	23.789000
3124.400000	-58.762810	23.804850
3124.466667	-58.935883	23.805826
3124.600000	-59.055264	23.777672
3124.666667	-59.097309	23.771755
3124.733333	-59.169338	23.774553
3124.800000	-59.239624	23.807390
3124.866667	-59.293232	23.810921
3124.933333	-59.344093	23.843895
3125.000000	-59.404640	23.854822
3125.066667	-59.454624	23.800810
3125.133333	-59.495945	23.798216
3125.200000	-59.529366	23.768534
3125.266667	-59.597595	23.748091
3125.333333	-59.649364	23.758778
3125.400000	-59.701611	23.735609
3125.466667	-59.765072	23.755985
3125.533333	-59.832172	23.758047
3125.600000	-59.927956	23.800505
3125.666667	-60.009216	23.810696
3125.733333	-60.059879	23.801004
3125.800000	-60.113415	23.822664
3125.866667	-60.175735	23.858362
3125.933333	-60.258892	23.850483
3126.000000	-60.344124	23.848755
3126.066667	-60.386204	23.828295
3126.133333	-60.495308	23.844318
3126.200000	-60.543232	23.848591
3126.266667	-60.603149	23.851568
3126.333333	-60.659576	23.860445
3126.400000	-60.707779	23.831810
3126.466667	-60.760174	23.831171
3126.533333	-60.776825	23.833755
3126.600000	-60.841908	23.812155
3126.666667	-60.912689	23.857540
3126.733333	-61.007923	23.864218
3126.800000	-61.065613	23.870352
3126.866667	-61.113808	23.881922
3126.933333	-61.187252	23.864223
3127.000000	-61.237637	23.862371
3127.066667	-61.405773	23.840305
3127.133333	-61.388283	23.838631
3127.266667	-61.452984	23.846838
3127.333333	-61.527863	23.887228
3127.400000	-61.618908	23.925697
3127.466667	-61.718739	23.936193
3127.533333	-61.800282	23.905163
3127.600000	-61.815666	23.844461
3127.666667	-61.858173	23.813490
3127.733333	-61.915844	23.817848
3127.800000	-61.960377	23.821917
3127.866667	-62.044151	23.818096
3127.933333	-62.062012	23.844761
3128.000000	-62.114124	23.815758
3128.066667	-62.179024	23.804892
3128.133333	-62.277283	23.792356
3128.200000	-62.312447	23.798548
3128.266667	-62.415470	23.820932
3128.333333	-62.543873	23.815250
3128.400000	-62.596054	23.832838
3128.466667	-62.666580	23.824995
3128.533333	-62.682102	23.808554
3128.600000	-62.731438	23.776037
3128.666667	-62.809315	23.772350
3128.733333	-62.844566	23.764584
3128.800000	-62.936436	23.760626
3128.866667	-63.012367	23.762074
3128.933333	-63.055195	23.775299
3129.000000	-63.075844	23.780245
3129.066667	-63.151375	23.830439
3129.133333	-63.190411	23.866131
3129.200000	-63.191254	23.867887
3129.266667	-63.307575	23.874294
3129.333333	-63.389256	23.886822
3129.400000	-63.424145	23.889748
3129.466667	-63.424145	23.889748
3129.533333	-63.468601	23.917938
3129.600000	-63.507435	23.882748
3129.666667	-63.597393	23.917513
3129.733333	-63.619354	23.901943
3129.800000	-63.653454	23.943270
3129.866667	-63.682789	23.916538
3129.933333	-63.714802	23.927837
3130.000000	-63.724571	23.902071
3130.066667	-63.772858	23.876534
3130.133333	-63.826454	23.865602
3130.200000	-63.861343	23.867203
3130.266667	-63.889637	23.851797
3130.333333	-63.930912	23.886250
3130.400000	-63.953831	23.895956
3130.466667	-64.071266	23.886532
3130.533333	-64.104523	23.897970
3130.600000	-64.149292	23.884201
3130.666667	-64.180916	23.889805
3130.733333	-64.219978	23.873812
3130.800000	-64.263725	23.896105
3130.866667	-64.315987	23.895361
3130.933333	-64.315987	23.895361
3131.000000	-64.319061	23.924543
3131.066667	-64.359764	23.905884
3131.133333	-64.365494	23.919716
3131.200000	-64.400391	23.924160
3131.266667	-64.384445	23.911894
3131.333333	-64.397797	23.943724
3131.400000	-64.446571	23.953062
3131.466667	-64.480965	23.964346
3131.533333	-64.532745	23.957375
3131.600000	-64.541367	23.953350
3131.666667	-64.585052	23.934061
3131.733333	-64.621513	23.929651
3131.800000	-64.670181	23.924034
3131.866667	-64.667763	23.921600
3131.933333	-64.754684	23.921902
3132.000000	-64.778976	23.939844
3132.066667	-64.794327	23.926649
3132.133333	-64.842117	23.939960
3132.200000	-64.864296	23.941954
3132.266667	-64.891083	23.942076
3132.333333	-64.900108	23.951685
3132.400000	-64.898605	23.948267
3132.466667	-64.941620	23.935997
3132.533333	-64.952354	23.951334
3132.600000	-64.947876	23.929556
3132.666667	-64.947876	23.929556
3132.733333	-64.959259	23.948015
3132.800000	-64.972931	23.939589
3132.866667	-64.979561	23.938669
3132.933333	-64.990326	23.938936
3133.000000	-64.972145	23.959803
3133.066667	-64.996162	23.931927
3133.133333	-64.996162	23.931927
3133.200000	-64.994446	23.945240
3133.266667	-64.982025	23.927780
3133.333333	-64.999664	23.927448
3133.400000	-65.028641	23.922928
3133.466667	-65.044708	23.929729
3133.533333	-65.006706	23.935822
3133.600000	-65.046036	23.920359
3133.733333	-65.036964	23.907589
3133.800000	-65.050476	23.903399
3133.866667	-65.048119	23.922564
3133.933333	-65.048119	23.922564
3134.000000	-65.064384	23.925722
3134.066667	-65.034248	23.926464
3134.133333	-65.045876	23.929487
3134.200000	-65.062485	23.938021
3134.266667	-65.009026	23.925560
3134.333333	-64.993576	23.921875
3134.400000	-64.990868	23.893929
3134.466667	-64.956612	23.897905
3134.533333	-64.946159	23.885811
3134.600000	-64.912086	23.906881
3134.666667	-64.903801	23.944288
3134.733333	-64.915611	23.909601
3134.800000	-64.865364	23.923628
3134.866667	-64.832474	23.894514
3134.933333	-64.805580	23.928244
3135.000000	-64.803116	23.888325
3135.066667	-64.705513	23.841402
3135.133333	-64.696121	23.819166
3135.200000	-64.634338	23.818077
3135.266667	-64.626831	23.818813
3135.333333	-64.584991	23.822598
3135.400000	-64.566757	23.815081
3135.466667	-64.538300	23.827187
3135.533333	-64.479935	23.833708
3135.600000	-64.479935	23.833708
3135.666667	-64.442642	23.856859
3135.733333	-64.399109	23.868326
3135.800000	-64.345970	23.858841
3135.866667	-64.326492	23.870237
3135.933333	-64.324745	23.876583
3136.000000	-64.262207	23.857237
3136.066667	-64.243927	23.844662
3136.133333	-64.229843	23.851149
3136.200000	-64.208366	23.853500
3136.266667	-64.153397	23.828333
3136.333333	-64.159058	23.835123
3136.400000	-64.124641	23.829149
3136.466667	-64.076294	23.835558
3136.533333	-64.035477	23.812639
3136.600000	-63.989338	23.849081
3136.666667	-63.970196	23.831909
3136.733333	-63.927967	23.838070
3136.800000	-63.896584	23.826561
3136.866667	-63.896584	23.826561
3136.933333	-63.824650	23.832516
3137.000000	-63.678463	23.848684
3137.066667	-63.633621	23.830790
3137.133333	-63.551395	23.870420
3137.200000	-63.493641	23.880472
3137.266667	-63.493641	23.880472
3137.333333	-63.425934	23.900038
3137.400000	-63.387745	23.881157
3137.466667	-63.284454	23.854895
3137.533333	-63.183403	23.815052
3137.600000	-63.125320	23.797777
3137.666667	-63.101597	23.777954
3137.733333	-63.101597	23.777954
3137.800000	-63.078358	23.766216
3137.866667	-63.014740	23.740215
3137.933333	-62.938484	23.721725
3138.000000	-62.959286	23.714119
3138.066667	-62.881813	23.706631
3138.133333	-62.881813	23.706631
3138.200000	-62.890465	23.712364
3138.266667	-62.808014	23.746010
3138.333333	-62.778488	23.691418
3138.400000	-62.735996	23.693056
3138.466667	-62.706280	23.715895
3138.533333	-62.596630	23.750317
3138.600000	-62.596630	23.750317
3138.666667	-62.587440	23.768553
3138.733333	-62.551281	23.774694
3138.800000	-62.497200	23.764130
3138.866667	-62.461288	23.744507
3138.933333	-62.393627	23.766636
3139.000000	-62.340019	23.771738
3139.066667	-62.279018	23.729515
3139.133333	-62.241764	23.740391
3139.200000	-62.191456	23.725145
3139.266667	-62.143154	23.728104
3139.333333	-62.142883	23.735163
3139.400000	-62.120934	23.759998
3139.466667	-62.063267	23.719513
3139.533333	-61.977711	23.723045
3139.600000	-61.965855	23.755207
3139.666667	-61.907585	23.706114
3139.733333	-61.848549	23.724068
3139.800000	-61.785614	23.712000
3139.866667	-61.717045	23.706148
3139.933333	-61.652348	23.681479
3140.000000	-61.637196	23.680622
3140.066667	-61.505127	23.682026
3140.133333	-61.485348	23.697784
3140.200000	-61.556286	23.698006
3140.266667	-61.537991	23.704300
3140.333333	-61.422791	23.690744
3140.400000	-61.280689	23.721167
3140.466667	-61.278351	23.701443
3140.533333	-61.169769	23.686050
3140.600000	-61.163956	23.668726
3140.666667	-61.134735	23.672039
3140.733333	-61.128304	23.710348
3140.800000	-61.103191	23.654243
3140.866667	-61.037193	23.646151
3140.933333	-61.001686	23.639982
3141.000000	-60.898628	23.667860
3141.066667	-60.898628	23.667860
3141.133333	-60.821396	23.684795
3141.200000	-60.772434	23.657686
3141.266667	-60.753452	23.669121
3141.333333	-60.689693	23.655521
3141.400000	-60.626926	23.629358
3141.466667	-60.511856	23.639490
3141.533333	-60.511856	23.639490
3141.600000	-60.456497	23.635597
3141.666667	-60.426762	23.650850
3141.733333	-60.406628	23.640121
3141.800000	-60.359272	23.653395
3141.866667	-60.359272	23.653395
3141.933333	-60.214565	23.638622
3142.000000	-60.187763	23.645939
3142.066667	-60.123539	23.634851
3142.133333	-60.103760	23.636637
3142.200000	-60.070374	23.621506
3142.266667	-60.026436	23.636723
3142.333333	-59.967594	23.663534
3142.400000	-59.934433	23.653477
3142.466667	-59.907768	23.649967
3142.533333	-59.911819	23.621943
3142.600000	-59.861927	23.593962
3142.666667	-59.815887	23.600525
3142.733333	-59.711788	23.621214
3142.800000	-59.711788	23.621214
3142.866667	-59.666534	23.624096
3142.933333	-59.588867	23.632465
3143.000000	-59.568985	23.653486
3143.066667	-59.562000	23.619139
3143.133333	-59.531353	23.651121
3143.200000	-59.534710	23.675217
3143.266667	-59.506927	23.657145
3143.333333	-59.457920	23.678923
3143.400000	-59.435493	23.676180
3143.466667	-59.362030	23.709394
3143.533333	-59.259071	23.651640
3143.600000	-59.259071	23.651640
3143.666667	-59.243107	23.683155
3143.733333	-59.296093	23.666805
3143.800000	-59.269337	23.662256
3143.866667	-59.229290	23.674324
3143.933333	-59.187653	23.674166
3144.000000	-59.142155	23.687111
3144.066667	-59.120827	23.672701
3144.133333	-59.111149	23.658983
3144.200000	-59.068993	23.665499
3144.266667	-59.014240	23.645424
3144.333333	-58.940250	23.660500
3144.400000	-58.903320	23.669355
3144.466667	-58.903320	23.669355
3144.533333	-58.892159	23.658577
3144.600000	-58.841099	23.671381
3144.666667	-58.829647	23.695824
3144.733333	-58.760517	23.667995
3144.800000	-58.756401	23.681854
3144.866667	-58.756401	23.681854
3144.933333	-58.760296	23.667839
3145.000000	-58.737617	23.671198
3145.066667	-58.703537	23.661789
3145.133333	-58.630798	23.660759
3145.200000	-58.601051	23.638708
3145.266667	-58.601051	23.638708
3145.333333	-58.552937	23.639784
3145.400000	-58.544838	23.638931
3145.466667	-58.505684	23.609278
3145.533333	-58.483215	23.653908
3145.600000	-58.456524	23.658016
3145.666667	-58.434017	23.648649
3145.733333	-58.434017	23.648649
3145.800000	-58.417118	23.657249
3145.866667	-58.417904	23.672398
3145.933333	-58.345734	23.594559
3146.000000	-58.308365	23.597364
3146.066667	-58.312683	23.590244
3146.133333	-58.312683	23.590244
3146.200000	-58.287624	23.599384
3146.266667	-58.286827	23.605667
3146.333333	-58.257275	23.629089
3146.400000	-58.247990	23.624376
3146.466667	-58.259140	23.627583
3146.533333	-58.259140	23.627583
3146.600000	-58.246262	23.610004
3146.666667	-58.227001	23.590340
3146.733333	-58.213036	23.615799
3146.800000	-58.206806	23.606512
3146.866667	-58.173630	23.587328
3146.933333	-58.180553	23.593756
3147.000000	-58.180553	23.593756
3147.066667	-58.168964	23.619011
3147.133333	-58.135639	23.604725
3147.200000	-58.091473	23.595938
3147.266667	-58.064575	23.597383
3147.333333	-58.037300	23.600607
3147.400000	-58.037300	23.600607
3147.466667	-58.062103	23.584202
3147.533333	-58.106190	23.603895
3147.600000	-58.066525	23.592222
3147.666667	-58.050491	23.609467
3147.733333	-58.054680	23.583752
3147.800000	-58.054680	23.583752
3147.866667	-58.067825	23.558784
3147.933333	-58.081161	23.547203
3148.000000	-58.019867	23.557846
3148.066667	-58.107452	23.547947
3148.133333	-58.160538	23.609558
3148.200000	-58.160538	23.609558
3148.266667	-58.140331	23.640060
3148.333333	-58.180176	23.651548
3148.400000	-58.176052	23.650919
3148.466667	-58.195377	23.642939
3148.533333	-58.211071	23.656733
3148.600000	-58.230270	23.650614
3148.666667	-58.230270	23.650614
3148.733333	-58.247154	23.666595
3148.800000	-58.266060	23.657854
3148.866667	-58.252041	23.648973
3148.933333	-58.288242	23.639925
3149.000000	-58.279793	23.675880
3149.066667	-58.279793	23.675880
3149.133333	-58.284912	23.683401
3149.200000	-58.268902	23.678045
3149.266667	-58.284595	23.678774
3149.333333	-58.277718	23.662546
3149.400000	-58.275791	23.649618
3149.466667	-58.296391	23.648651
3149.533333	-58.347843	23.659876
3149.600000	-58.340576	23.621536
3149.666667	-58.330883	23.657776
3149.733333	-58.344212	23.665569
3149.800000	-58.359901	23.634245
3149.866667	-58.379528	23.642204
3149.933333	-58.411293	23.647621
3150.000000	-58.417770	23.681654
3150.066667	-58.465149	23.681143
3150.133333	-58.457542	23.674717
3150.200000	-58.439259	23.680714
3150.266667	-58.465473	23.691078
3150.333333	-58.491730	23.710445
3150.400000	-58.513783	23.683413
3150.466667	-58.542824	23.700535
3150.533333	-58.582493	23.735847
3150.600000	-58.589542	23.735981
3150.666667	-58.637527	23.726736
3150.733333	-58.660408	23.735224
3150.800000	-58.705051	23.753235
3150.866667	-58.722813	23.748259
3151.000000	-58.753384	23.747219
3151.066667	-58.754738	23.755486
3151.133333	-58.823608	23.741787
3151.266667	-58.907280	23.743826
3151.333333	-58.964962	23.746973
3151.400000	-58.981895	23.749802
3151.466667	-59.024666	23.774282
3151.533333	-59.030067	23.766468
3151.600000	-59.117218	23.782019
3151.666667	-59.149994	23.784155
3151.733333	-59.122921	23.765499
3151.800000	-59.098480	23.753954
3151.866667	-59.178905	23.783295
3152.000000	-59.206356	23.718220
3152.066667	-59.244606	23.714252
3152.133333	-59.288628	23.725327
3152.200000	-59.293686	23.734966
3152.266667	-59.387993	23.705976
3152.333333	-59.387993	23.705976
3152.400000	-59.407166	23.694201
3152.466667	-59.411041	23.704573
3152.533333	-59.442062	23.697386
3152.600000	-59.515308	23.711151
3152.666667	-59.567928	23.737425
3152.733333	-59.616173	23.756502
3152.800000	-59.636330	23.736984
3152.933333	-59.694927	23.721430
3153.000000	-59.738522	23.715176
3153.066667	-59.736736	23.693687
3153.133333	-59.766968	23.668097
3153.200000	-59.824364	23.683794
3153.266667	-59.849613	23.672035
3153.333333	-59.902237	23.654154
3153.400000	-59.976555	23.688984
3153.466667	-59.997032	23.692642
3153.533333	-60.064156	23.735004
3153.600000	-60.114193	23.744764
3153.666667	-60.182259	23.745378
3153.733333	-60.244850	23.778433
3153.800000	-60.259575	23.770151
3153.866667	-60.259541	23.760773
3153.933333	-60.318695	23.764885
3154.000000	-60.395546	23.744404
3154.066667	-60.436817	23.751682
3154.133333	-60.505699	23.766029
3154.200000	-60.554058	23.778095
3154.266667	-60.581081	23.795012
3154.333333	-60.605614	23.802347
3154.400000	-60.636936	23.806658
3154.466667	-60.665741	23.802937
3154.533333	-60.722263	23.784792
3154.600000	-60.752781	23.803356
3154.666667	-60.768944	23.802502
3154.733333	-60.858688	23.795839
3154.800000	-60.869442	23.803379
3154.866667	-60.926762	23.802343
3154.933333	-60.981537	23.834066
3155.000000	-61.036064	23.823374
3155.066667	-61.072971	23.838547
3155.133333	-61.108105	23.813734
3155.200000	-61.160221	23.779341
3155.266667	-61.221371	23.774059
3155.333333	-61.249802	23.793987
3155.400000	-61.282860	23.785320
3155.466667	-61.337013	23.788410
3155.533333	-61.416794	23.803211
3155.600000	-61.442303	23.817257
3155.666667	-61.442303	23.817257
3155.733333	-61.475014	23.813522
3155.800000	-61.526825	23.836704
3155.866667	-61.578819	23.801062
3155.933333	-61.631390	23.809845
3156.000000	-61.674431	23.825935
3156.066667	-61.753017	23.815250
3156.133333	-61.782867	23.819754
3156.200000	-61.814892	23.815231
3156.266667	-61.833862	23.818352
3156.333333	-61.870613	23.855761
3156.400000	-61.920036	23.866638
3156.466667	-61.930275	23.877207
3156.533333	-61.924133	23.871948
3156.600000	-61.948284	23.862940
3156.666667	-61.938576	23.826101
3156.733333	-61.977577	23.829699
3156.800000	-62.007530	23.841867
3156.866667	-62.039986	23.837618
3156.933333	-62.092239	23.847212
3157.000000	-62.088619	23.812851
3157.066667	-62.153664	23.809513
3157.133333	-62.172401	23.808632
3157.200000	-62.207500	23.783215
3157.266667	-62.203369	23.754604
3157.333333	-62.221485	23.777884
3157.400000	-62.263515	23.786722
3157.466667	-62.338074	23.764599
3157.533333	-62.374260	23.742487
3157.600000	-62.369328	23.747688
3157.666667	-62.389610	23.732298
3157.733333	-62.413410	23.737440
3157.800000	-62.436058	23.709282
3157.866667	-62.471004	23.714449
3157.933333	-62.467995	23.732258
3158.000000	-62.472919	23.740213
3158.066667	-62.483292	23.741732
3158.133333	-62.485035	23.760315
3158.200000	-62.499065	23.736240
3158.266667	-62.528919	23.725813
3158.333333	-62.557705	23.730404
3158.400000	-62.584152	23.705210
3158.466667	-62.591953	23.710869
3158.533333	-62.604645	23.743439
3158.600000	-62.607273	23.736643
3158.666667	-62.626156	23.744846
3158.733333	-62.664738	23.751476
3158.800000	-62.693096	23.729067
3158.866667	-62.693195	23.735443
3158.933333	-62.698193	23.772120
3159.000000	-62.730492	23.770380
3159.066667	-62.730492	23.770380
3159.133333	-62.732185	23.776913
3159.200000	-62.731174	23.752512
3159.333333	-62.764561	23.765377
3159.400000	-62.787125	23.759569
3159.466667	-62.807293	23.783506
3159.533333	-62.817711	23.764727
3159.600000	-62.819996	23.771055
3159.666667	-62.786568	23.762758
3159.733333	-62.775967	23.786953
3159.800000	-62.819962	23.757307
3159.866667	-62.809601	23.771492
3159.933333	-62.801086	23.782253
3160.000000	-62.815121	23.750246
3160.066667	-62.822498	23.771610
3160.133333	-62.787552	23.755779
3160.200000	-62.805847	23.755777
3160.266667	-62.778248	23.735876
3160.333333	-62.792213	23.758055
3160.400000	-62.777485	23.736408
3160.466667	-62.741688	23.748686
3160.533333	-62.741474	23.739395
3160.600000	-62.750504	23.730091
3160.666667	-62.712917	23.712893
3160.733333	-62.746239	23.709513
3160.800000	-62.742405	23.707348
3160.866667	-62.731483	23.712482
3161.000000	-62.704365	23.727900
3161.066667	-62.721992	23.738125
3161.133333	-62.727085	23.741165
3161.200000	-62.700802	23.792515
3161.266667	-62.692139	23.755714
3161.333333	-62.692139	23.755714
3161.400000	-62.659012	23.769224
3161.466667	-62.643673	23.771568
3161.533333	-62.650116	23.757666
3161.600000	-62.650116	23.757666
3161.666667	-62.637482	23.740854
3161.733333	-62.618076	23.730562
3161.800000	-62.592949	23.729790
3161.866667	-62.601994	23.743702
3161.933333	-62.582008	23.736269
3162.000000	-62.551125	23.725515
3162.066667	-62.525585	23.723011
3162.133333	-62.519566	23.720978
3162.200000	-62.509983	23.714472
3162.266667	-62.464214	23.732239
3162.333333	-62.458969	23.761600
3162.400000	-62.401127	23.749247
3162.466667	-62.401127	23.749247
3162.533333	-62.366158	23.762129
3162.600000	-62.322910	23.762510
3162.666667	-62.299038	23.753151
3162.733333	-62.268387	23.742838
3162.800000	-62.247478	23.724617
3162.866667	-62.206318	23.690260
3162.933333	-62.144382	23.651264
3163.000000	-62.098339	23.650366
3163.066667	-62.072285	23.672712
3163.133333	-62.062515	23.702244
3163.200000	-62.062515	23.702244
3163.266667	-62.077579	23.709015
3163.333333	-62.068493	23.734743
3163.400000	-62.081581	23.736279
3163.466667	-62.035973	23.731453
3163.533333	-62.034473	23.730690
3163.600000	-61.978371	23.719172
3163.666667	-61.937592	23.706347
3163.733333	-61.873653	23.711662
3163.800000	-61.815487	23.740135
3163.866667	-61.787643	23.734255
3163.933333	-61.733105	23.748257
3164.000000	-61.694145	23.746572
3164.066667	-61.694145	23.746572
3164.133333	-61.649567	23.753481
3164.200000	-61.617115	23.738289
3164.266667	-61.509769	23.707546
3164.333333	-61.464874	23.688929
3164.400000	-61.443253	23.693258
3164.466667	-61.393059	23.708826
3164.533333	-61.347588	23.695646
3164.600000	-61.335217	23.695505
3164.666667	-61.312550	23.710762
3164.733333	-61.281338	23.690786
3164.800000	-61.275887	23.693386
3164.866667	-61.221066	23.686115
3164.933333	-61.221066	23.686115
3165.000000	-61.154842	23.672649
3165.066667	-61.108646	23.675585
3165.133333	-61.072983	23.716307
3165.200000	-61.053936	23.715105
3165.266667	-61.013866	23.744848
3165.333333	-60.983318	23.721357
3165.400000	-60.940876	23.736002
3165.466667	-60.907249	23.741247
3165.533333	-60.863144	23.732084
3165.600000	-60.815208	23.704046
3165.666667	-60.739086	23.701504
3165.733333	-60.697998	23.653486
3165.800000	-60.650200	23.660116
3165.866667	-60.614857	23.672218
3165.933333	-60.551800	23.670847
3166.000000	-60.538494	23.704033
3166.066667	-60.507019	23.711699
3166.133333	-60.485157	23.748556
3166.200000	-60.425106	23.760057
3166.266667	-60.382473	23.740723
3166.333333	-60.310253	23.776604
3166.400000	-60.279110	23.718435
3166.466667	-60.168110	23.752354
3166.533333	-60.100727	23.739916
3166.600000	-60.053062	23.745951
3166.666667	-60.012241	23.724916
3166.733333	-59.949947	23.711885
3166.800000	-59.938423	23.696375
3166.866667	-59.878525	23.669275
3166.933333	-59.829582	23.664906
3167.000000	-59.807125	23.656189
3167.066667	-59.785488	23.650831
3167.133333	-59.757351	23.627880
3167.200000	-59.715652	23.626715
3167.266667	-59.728348	23.602489
3167.333333	-59.721943	23.595085
3167.400000	-59.681744	23.580688
3167.466667	-59.627628	23.589027
3167.533333	-59.588432	23.578655
3167.600000	-59.547318	23.593431
3167.666667	-59.522758	23.605978
3167.733333	-59.527409	23.610662
3167.800000	-59.502689	23.615488
3167.866667	-59.439041	23.615984
3167.933333	-59.394482	23.619682
3168.000000	-59.347282	23.612270
3168.066667	-59.309860	23.623232
3168.133333	-59.257015	23.607513
3168.200000	-59.233727	23.637207
3168.266667	-59.207268	23.619465
3168.333333	-59.207268	23.619465
3168.400000	-59.156132	23.657135
3168.466667	-59.137375	23.667233
3168.533333	-59.104454	23.675186
3168.600000	-59.078728	23.681030
3168.666667	-59.072380	23.690264
3168.733333	-59.040794	23.714840
3168.800000	-59.011406	23.736635
3168.866667	-58.979889	23.736160
3168.933333	-58.921623	23.755302
3169.000000	-58.862026	23.743656
3169.066667	-58.860985	23.733128
3169.133333	-58.846691	23.746548
3169.200000	-58.785175	23.707766
3169.266667	-58.735332	23.718128
3169.333333	-58.696453	23.685522
3169.400000	-58.654469	23.706026
3169.466667	-58.610077	23.692225
3169.533333	-58.577404	23.710365
3169.600000	-58.569012	23.714685
3169.666667	-58.540855	23.717642
3169.733333	-58.529179	23.732847
3169.800000	-58.510002	23.739172
3169.866667	-58.443363	23.732311
3169.933333	-58.409664	23.723862
3170.000000	-58.377419	23.712976
3170.066667	-58.363529	23.716047
3170.133333	-58.343609	23.709211
3170.200000	-58.314541	23.700218
3170.266667	-58.321701	23.705652
3170.333333	-58.275173	23.669327
3170.400000	-58.275173	23.669327
3170.466667	-58.267925	23.673843
3170.533333	-58.220501	23.623159
3170.600000	-58.216965	23.640705
3170.666667	-58.216965	23.640705
3170.733333	-58.169537	23.648197
3170.800000	-58.169537	23.648197
3170.866667	-58.173111	23.673960
3170.933333	-58.144928	23.675262
3171.000000	-58.156513	23.700975
3171.066667	-58.119057	23.695160
3171.133333	-58.137306	23.692150
3171.200000	-58.112324	23.697550
3171.266667	-58.125088	23.681498
3171.333333	-58.130604	23.682663
3171.400000	-58.117008	23.682289
3171.466667	-58.124943	23.697266
3171.533333	-58.110638	23.674171
3171.600000	-58.106533	23.681087
3171.666667	-58.106533	23.681087
3171.733333	-58.109142	23.680645
3171.800000	-58.101189	23.683392
3171.866667	-58.106358	23.672800
3171.933333	-58.130352	23.699715
3172.000000	-58.102970	23.680990
3172.066667	-58.106441	23.657881
3172.133333	-58.116138	23.677889
3172.200000	-58.117615	23.670290
3172.266667	-58.125469	23.648298
3172.333333	-58.130646	23.629194
3172.400000	-58.066902	23.618855
3172.466667	-58.094208	23.631737
3172.533333	-58.094208	23.631737
3172.600000	-58.122204	23.628754
3172.666667	-58.101200	23.612961
3172.733333	-58.124424	23.627550
3172.800000	-58.095245	23.606779
3172.866667	-58.132980	23.612434
3172.933333	-58.132980	23.612434
3173.000000	-58.133442	23.584978
3173.066667	-58.168072	23.599932
3173.133333	-58.169621	23.599972
3173.200000	-58.191719	23.630486
3173.266667	-58.203300	23.603996
3173.333333	-58.203300	23.603996
3173.400000	-58.210060	23.609930
3173.466667	-58.200279	23.618418
3173.533333	-58.202694	23.630920
3173.600000	-58.229111	23.643864
3173.666667	-58.243576	23.624620
3173.733333	-58.243576	23.624620
3173.800000	-58.248306	23.650974
3173.866667	-58.280643	23.616053
3173.933333	-58.316444	23.657310
3174.000000	-58.336697	23.638739
3174.066667	-58.354122	23.653500
3174.133333	-58.367599	23.658575
3174.200000	-58.348465	23.647207
3174.266667	-58.385387	23.664816
3174.333333	-58.380352	23.660784
3174.400000	-58.405334	23.671410
3174.466667	-58.445599	23.650753
3174.533333	-58.441338	23.658796
3174.600000	-58.496330	23.686546
3174.666667	-58.488968	23.704018
3174.733333	-58.493378	23.709764
3174.800000	-58.508720	23.696962
3174.866667	-58.543873	23.701139
3174.933333	-58.558140	23.703749
3175.000000	-58.580078	23.704662
3175.066667	-58.617592	23.717560
3175.133333	-58.644291	23.751299
3175.200000	-58.677341	23.709576
3175.266667	-58.674797	23.708984
3175.333333	-58.735115	23.709867
3175.400000	-58.735115	23.709867
3175.466667	-58.741524	23.702620
3175.533333	-58.774166	23.740551
3175.600000	-58.834301	23.715656
3175.666667	-58.875935	23.763769
3175.733333	-58.898750	23.728142
3175.800000	-58.950386	23.717428
3175.866667	-58.973747	23.717079
3175.933333	-59.013535	23.696947
3176.000000	-59.075687	23.742168
3176.066667	-59.113461	23.718073
3176.133333	-59.136486	23.744617
3176.200000	-59.134571	23.716829
3176.266667	-59.116634	23.736208
3176.333333	-59.136448	23.744087
3176.400000	-59.188988	23.748272
3176.466667	-59.217827	23.746708
3176.533333	-59.233532	23.776745
3176.600000	-59.269909	23.778357
3176.666667	-59.326675	23.802713
3176.733333	-59.326675	23.802713
3176.800000	-59.371933	23.789814
3176.866667	-59.372814	23.788427
3176.933333	-59.417500	23.766041
3177.000000	-59.461796	23.757299
3177.066667	-59.478924	23.736734
3177.133333	-59.478924	23.736734
3177.200000	-59.531357	23.753969
3177.266667	-59.546127	23.747162
3177.333333	-59.577759	23.740835
3177.400000	-59.669498	23.751801
3177.466667	-59.669498	23.751801
3177.533333	-59.658558	23.755682
3177.600000	-59.716484	23.763060
3177.666667	-59.732327	23.756804
3177.733333	-59.800949	23.752182
3177.800000	-59.816887	23.737888
3177.866667	-59.856339	23.772867
3177.933333	-59.938923	23.775837
3178.000000	-59.938923	23.775837
3178.066667	-59.940422	23.794386
3178.133333	-59.958881	23.788172
3178.200000	-59.956108	23.789505
3178.266667	-59.999546	23.774826
3178.333333	-60.051121	23.765364
3178.400000	-60.051121	23.765364
3178.466667	-60.090027	23.776657
3178.533333	-60.084251	23.769186
3178.600000	-60.113888	23.765820
3178.666667	-60.148529	23.741600
3178.733333	-60.219269	23.729794
3178.800000	-60.219269	23.729794
3178.866667	-60.276886	23.692690
3178.933333	-60.324230	23.712856
3179.000000	-60.324230	23.712856
3179.066667	-60.346519	23.726761
3179.133333	-60.398369	23.722130
3179.200000	-60.398369	23.722130
3179.266667	-60.425896	23.719578
3179.333333	-60.407749	23.746660
3179.400000	-60.456593	23.726856
3179.466667	-60.521748	23.748075
3179.533333	-60.526009	23.776348
3179.600000	-60.587124	23.756727
3179.666667	-60.587124	23.756727
3179.733333	-60.626301	23.794596
3179.800000	-60.661312	23.791250
3179.866667	-60.675381	23.779762
3179.933333	-60.730942	23.763695
3180.000000	-60.745354	23.765251
