120.066667	-62.733116	26.283657
120.133333	-62.755566	26.257231
120.200000	-62.749485	26.285597
120.266667	-62.755978	26.292652
120.333333	-62.755978	26.292652
120.400000	-62.741322	26.280670
120.466667	-62.757309	26.288235
120.533333	-62.755276	26.283361
120.600000	-62.762745	26.279348
120.666667	-62.790607	26.292316
120.733333	-62.800842	26.307962
120.800000	-62.784893	26.299784
120.866667	-62.803604	26.311796
120.933333	-62.803604	26.311796
121.000000	-62.812328	26.319168
121.066667	-62.815929	26.307840
121.133333	-62.826645	26.274820
121.200000	-62.837379	26.294561
121.266667	-62.827744	26.289383
121.333333	-62.851341	26.273129
121.400000	-62.875450	26.292700
121.466667	-62.903500	26.272675
121.533333	-62.905689	26.287903
121.600000	-62.923119	26.303444
121.666667	-62.926193	26.284391
121.733333	-62.936878	26.283693
121.800000	-62.966576	26.277924
121.866667	-62.954021	26.282658
121.933333	-62.952282	26.299658
122.000000	-62.990807	26.282627
122.066667	-62.990929	26.297096
122.133333	-63.003635	26.295042
122.200000	-63.041824	26.320412
122.266667	-63.057449	26.333107
122.333333	-63.046688	26.341688
122.400000	-63.085640	26.347519
122.466667	-63.081654	26.356998
122.533333	-63.124786	26.345444
122.600000	-63.148354	26.350451
122.666667	-63.143604	26.351791
122.733333	-63.166004	26.323732
122.800000	-63.172985	26.333754
122.866667	-63.221390	26.316734
122.933333	-63.189838	26.333048
123.000000	-63.195518	26.303680
123.066667	-63.195518	26.303680
123.133333	-63.219902	26.315639
123.200000	-63.216660	26.295712
123.266667	-63.247551	26.309208
123.333333	-63.249313	26.305174
123.400000	-63.236317	26.315105
123.466667	-63.236317	26.315105
123.533333	-63.258709	26.343861
123.600000	-63.270359	26.349392
123.666667	-63.278450	26.365278
123.733333	-63.308411	26.367180
123.800000	-63.341179	26.378275
123.866667	-63.341179	26.378275
123.933333	-63.359791	26.389791
124.000000	-63.413742	26.396990
124.066667	-63.434002	26.392004
124.133333	-63.451138	26.397394
124.200000	-63.492989	26.406719
124.266667	-63.473709	26.387787
124.333333	-63.473709	26.387787
124.400000	-63.488228	26.395613
124.466667	-63.501446	26.398022
124.533333	-63.514915	26.376406
124.600000	-63.512241	26.377144
124.666667	-63.529110	26.370975
124.733333	-63.529110	26.370975
124.800000	-63.558331	26.368326
124.866667	-63.549286	26.357250
124.933333	-63.602009	26.367567
125.000000	-63.618702	26.364532
125.066667	-63.636787	26.379637
125.133333	-63.636787	26.379637
125.200000	-63.652458	26.379744
125.266667	-63.678455	26.353130
125.333333	-63.701050	26.369989
125.400000	-63.718418	26.374054
125.466667	-63.710464	26.371607
125.533333	-63.710464	26.371607
125.600000	-63.725147	26.382307
125.666667	-63.723267	26.391407
125.733333	-63.778755	26.389936
125.800000	-63.826801	26.400969
125.866667	-63.829700	26.421192
125.933333	-63.843288	26.416758
126.000000	-63.843288	26.416758
126.066667	-63.886036	26.420904
126.133333	-63.898842	26.411041
126.200000	-63.911415	26.436241
126.266667	-63.916798	26.423532
126.333333	-63.933376	26.423069
126.400000	-63.933376	26.423069
126.466667	-63.972069	26.432892
126.533333	-63.979626	26.420151
126.600000	-63.960617	26.424597
126.666667	-64.014572	26.393932
126.733333	-63.999641	26.415211
126.800000	-63.999641	26.415211
126.866667	-63.993290	26.396297
126.933333	-64.003479	26.407785
127.000000	-63.997398	26.385460
127.066667	-64.023682	26.377726
127.133333	-63.997768	26.354435
127.200000	-64.052406	26.372572
127.266667	-64.052406	26.372572
127.333333	-64.094116	26.379110
127.400000	-64.160278	26.375042
127.466667	-64.160645	26.387497
127.533333	-64.143852	26.402901
127.600000	-64.169807	26.421764
127.666667	-64.169807	26.421764
127.733333	-64.159370	26.417433
127.800000	-64.160049	26.418118
127.866667	-64.146271	26.401012
127.933333	-64.187363	26.428318
128.000000	-64.211479	26.433155
128.066667	-64.211479	26.433155
128.133333	-64.269585	26.425335
128.200000	-64.250954	26.411663
128.266667	-64.306526	26.374165
128.333333	-64.268799	26.408314
128.400000	-64.272285	26.417250
128.466667	-64.264496	26.422903
128.533333	-64.262840	26.396465
128.600000	-64.252151	26.353085
128.666667	-64.250320	26.368790
128.733333	-64.310326	26.385239
128.800000	-64.327324	26.388073
128.866667	-64.277779	26.384657
128.933333	-64.299431	26.381277
129.000000	-64.283241	26.421600
129.066667	-64.284302	26.399740
129.133333	-64.300476	26.407784
129.200000	-64.262337	26.402843
129.266667	-64.265015	26.397335
129.333333	-64.272316	26.401733
129.400000	-64.273430	26.398388
129.466667	-64.254692	26.386536
129.533333	-64.281166	26.412626
129.600000	-64.280693	26.410658
129.666667	-64.320137	26.420176
129.733333	-64.320137	26.420176
129.800000	-64.330727	26.407515
129.866667	-64.366325	26.415997
129.933333	-64.336952	26.398500
130.000000	-64.367912	26.399628
130.066667	-64.358978	26.397551
130.133333	-64.382019	26.375925
130.200000	-64.378761	26.379690
130.266667	-64.374748	26.391354
130.333333	-64.373329	26.368528
130.400000	-64.370262	26.360830
130.466667	-64.406654	26.361940
130.533333	-64.403236	26.369804
130.600000	-64.424446	26.390236
130.666667	-64.435043	26.366592
130.733333	-64.445816	26.387508
130.800000	-64.416771	26.380842
130.866667	-64.418137	26.383480
130.933333	-64.403793	26.395638
131.000000	-64.428101	26.374357
131.066667	-64.386856	26.379158
131.133333	-64.382416	26.372492
131.200000	-64.385216	26.370771
131.266667	-64.364220	26.383293
131.333333	-64.371498	26.385595
131.400000	-64.390495	26.375389
131.466667	-64.381142	26.375044
131.533333	-64.372978	26.369593
131.600000	-64.383492	26.393829
131.666667	-64.398544	26.373516
131.733333	-64.377029	26.381456
131.800000	-64.363220	26.368017
131.866667	-64.387695	26.366749
131.933333	-64.386459	26.373091
132.000000	-64.381142	26.393003
132.066667	-64.401268	26.392509
132.133333	-64.377151	26.370945
132.200000	-64.366753	26.388298
132.266667	-64.373795	26.387436
132.333333	-64.356689	26.396223
132.400000	-64.353264	26.388611
132.466667	-64.345711	26.395300
132.533333	-64.329659	26.381313
132.600000	-64.343925	26.393965
132.666667	-64.342445	26.380119
132.733333	-64.312691	26.378096
132.800000	-64.290237	26.365095
132.866667	-64.318520	26.364691
132.933333	-64.290733	26.363901
133.000000	-64.269958	26.360891
133.066667	-64.248322	26.347092
133.133333	-64.242981	26.357399
133.200000	-64.241768	26.352859
133.266667	-64.214272	26.338331
133.333333	-64.194946	26.339266
133.400000	-64.148758	26.338541
133.466667	-64.151474	26.337036
133.533333	-64.114899	26.322058
133.600000	-64.119804	26.318150
133.666667	-64.061996	26.309299
133.733333	-63.993275	26.322401
133.800000	-63.984238	26.331205
133.866667	-63.974091	26.320488
133.933333	-63.944061	26.342146
134.000000	-63.945698	26.335470
134.066667	-63.920570	26.366283
134.133333	-63.919533	26.361784
134.200000	-63.907608	26.374535
134.266667	-63.900536	26.389465
134.333333	-63.884937	26.365023
134.400000	-63.882732	26.365891
134.466667	-63.830261	26.355740
134.533333	-63.838837	26.349415
134.600000	-63.815449	26.332590
134.666667	-63.763935	26.337957
134.733333	-63.704140	26.327742
134.800000	-63.715164	26.344786
134.866667	-63.701775	26.343128
134.933333	-63.689819	26.339399
135.000000	-63.670044	26.346643
135.066667	-63.632160	26.345236
135.133333	-63.620441	26.355534
135.200000	-63.575100	26.352430
135.266667	-63.590912	26.370018
135.333333	-63.544865	26.357149
135.400000	-63.550568	26.360064
135.466667	-63.513561	26.343876
135.533333	-63.481228	26.345757
135.600000	-63.447521	26.338375
135.666667	-63.454533	26.337103
135.733333	-63.460155	26.319607
135.800000	-63.430065	26.324785
135.866667	-63.422836	26.321598
135.933333	-63.406002	26.306595
136.000000	-63.409309	26.295435
136.066667	-63.377598	26.272242
136.133333	-63.341938	26.275906
136.200000	-63.321857	26.260071
136.266667	-63.300869	26.278746
136.333333	-63.270569	26.241983
136.400000	-63.293537	26.258139
136.466667	-63.240372	26.253527
136.533333	-63.180668	26.254671
136.600000	-63.173496	26.251425
136.666667	-63.134281	26.273075
136.733333	-63.129963	26.252213
136.800000	-63.114822	26.277370
136.866667	-63.114746	26.268988
136.933333	-63.082397	26.270979
137.000000	-63.046391	26.265024
137.066667	-63.044815	26.242268
137.133333	-63.014698	26.263662
137.200000	-62.970078	26.243708
137.266667	-62.971664	26.240274
137.333333	-62.940681	26.235317
137.400000	-62.922970	26.247875
137.466667	-62.930092	26.231329
137.533333	-62.906116	26.239788
137.600000	-62.880959	26.215229
137.666667	-62.868896	26.226456
137.733333	-62.882992	26.211147
137.800000	-62.865524	26.243135
137.866667	-62.819912	26.225164
137.933333	-62.807606	26.204668
138.000000	-62.788177	26.208300
138.066667	-62.782532	26.224312
138.133333	-62.752445	26.244102
138.200000	-62.700420	26.290642
138.266667	-62.679581	26.304417
138.333333	-62.665325	26.282427
138.400000	-62.640724	26.291367
138.466667	-62.606270	26.297985
138.533333	-62.559475	26.315155
138.600000	-62.538002	26.316893
138.666667	-62.537323	26.315571
138.733333	-62.502934	26.282290
138.800000	-62.502598	26.278425
138.866667	-62.490429	26.278778
138.933333	-62.485268	26.267630
139.000000	-62.454128	26.262598
139.066667	-62.425442	26.239168
139.133333	-62.420246	26.260942
139.200000	-62.398525	26.223810
139.266667	-62.412689	26.244883
139.333333	-62.400658	26.236217
139.400000	-62.389778	26.208418
139.466667	-62.379887	26.229916
139.533333	-62.364399	26.207386
139.600000	-62.348576	26.219469
139.666667	-62.319153	26.223310
139.733333	-62.304604	26.212250
139.800000	-62.278233	26.229010
139.866667	-62.280327	26.220665
139.933333	-62.268944	26.237789
140.000000	-62.247929	26.269878
140.066667	-62.235428	26.244610
140.133333	-62.225456	26.278263
140.200000	-62.165108	26.244513
140.266667	-62.194012	26.254797
140.333333	-62.171841	26.253286
140.400000	-62.163475	26.233805
140.466667	-62.144333	26.228365
140.533333	-62.140743	26.250599
140.600000	-62.107613	26.219477
140.666667	-62.098320	26.246572
140.733333	-62.097271	26.221857
140.800000	-62.074860	26.238434
140.866667	-62.036297	26.213295
140.933333	-62.045654	26.222179
141.000000	-62.045654	26.222179
141.066667	-62.029301	26.208794
141.133333	-62.003368	26.184111
141.200000	-62.005013	26.191530
141.266667	-61.984154	26.202232
141.333333	-61.980591	26.203009
141.400000	-61.986797	26.203367
141.466667	-61.990284	26.196665
141.533333	-61.982693	26.199728
141.600000	-61.979607	26.195871
141.666667	-61.971386	26.189886
141.733333	-61.950882	26.202543
141.800000	-61.957172	26.201029
141.866667	-61.950699	26.218843
141.933333	-61.953941	26.185949
142.000000	-61.950939	26.187107
142.066667	-61.956108	26.205622
142.133333	-61.947678	26.180990
142.200000	-61.971790	26.214636
142.266667	-61.956337	26.213083
142.333333	-61.964111	26.213020
142.400000	-61.944954	26.197866
142.466667	-61.937359	26.196875
142.533333	-61.942486	26.192984
142.600000	-61.931068	26.214497
142.666667	-61.932945	26.194290
142.733333	-61.956287	26.225864
142.800000	-61.943153	26.194042
142.866667	-61.957470	26.212997
142.933333	-61.940414	26.203901
143.000000	-61.922028	26.190691
143.066667	-61.942966	26.210443
143.133333	-61.953648	26.207859
143.200000	-61.944481	26.198151
143.266667	-61.970673	26.193125
143.333333	-61.948544	26.190264
143.400000	-61.979507	26.183214
143.466667	-61.980930	26.194845
143.533333	-61.978844	26.195953
143.600000	-61.999588	26.208437
143.666667	-62.000923	26.201847
143.733333	-61.980583	26.209097
143.800000	-61.980766	26.207743
143.866667	-62.017349	26.181725
143.933333	-62.006927	26.185236
144.000000	-62.030518	26.205507
144.066667	-62.048683	26.196489
144.133333	-62.028465	26.200077
144.200000	-62.065990	26.206093
144.266667	-62.076092	26.217339
144.333333	-62.085949	26.212505
144.400000	-62.104485	26.206789
144.466667	-62.106464	26.232771
144.533333	-62.106361	26.190405
144.600000	-62.092461	26.202755
144.666667	-62.137611	26.195553
144.733333	-62.146248	26.196690
144.800000	-62.171589	26.203524
144.866667	-62.170269	26.187435
144.933333	-62.149403	26.184195
145.000000	-62.169292	26.171444
145.066667	-62.174438	26.173254
145.133333	-62.200901	26.158134
145.200000	-62.180622	26.151171
145.266667	-62.217308	26.146458
145.333333	-62.223896	26.141981
145.400000	-62.223869	26.133413
145.466667	-62.260017	26.145710
145.533333	-62.281612	26.132744
145.600000	-62.311314	26.139864
145.666667	-62.316525	26.122637
145.733333	-62.352917	26.141895
145.800000	-62.337833	26.133631
145.866667	-62.349220	26.135742
145.933333	-62.386967	26.154243
146.000000	-62.385845	26.160471
146.066667	-62.395348	26.170261
146.133333	-62.395355	26.172850
146.200000	-62.401440	26.176683
146.266667	-62.431786	26.200562
146.333333	-62.453053	26.202997
146.400000	-62.495365	26.195923
146.466667	-62.489830	26.214842
146.533333	-62.531471	26.220083
146.600000	-62.544308	26.235790
146.666667	-62.579350	26.242060
146.733333	-62.571758	26.233047
146.800000	-62.610924	26.235598
146.866667	-62.618713	26.221285
146.933333	-62.642113	26.223658
147.000000	-62.670940	26.231457
147.066667	-62.698074	26.252018
147.133333	-62.744644	26.248167
147.200000	-62.794823	26.266106
147.266667	-62.800545	26.253798
147.333333	-62.836140	26.250401
147.400000	-62.843346	26.246849
147.466667	-62.880234	26.239975
147.533333	-62.870319	26.281239
147.600000	-62.918789	26.259109
147.666667	-62.943119	26.288519
147.733333	-62.958935	26.291410
147.800000	-62.988136	26.270914
147.866667	-62.997837	26.270529
147.933333	-63.026299	26.288021
148.000000	-63.021381	26.264061
148.066667	-63.054070	26.256496
148.133333	-63.053360	26.227154
148.200000	-63.068645	26.228083
148.266667	-63.070045	26.228880
148.333333	-63.079025	26.227486
148.400000	-63.102959	26.237034
148.466667	-63.103352	26.225956
148.533333	-63.184341	26.222601
148.600000	-63.164749	26.234217
148.666667	-63.204243	26.228539
148.733333	-63.253651	26.247248
148.800000	-63.274536	26.239836
148.866667	-63.294933	26.243752
148.933333	-63.324226	26.229425
149.000000	-63.352890	26.245214
149.066667	-63.367352	26.258848
149.133333	-63.396687	26.255102
149.200000	-63.436962	26.261467
149.266667	-63.465477	26.280479
149.333333	-63.493271	26.270475
149.400000	-63.493271	26.270475
149.466667	-63.531773	26.288837
149.533333	-63.567558	26.279070
149.600000	-63.572350	26.301970
149.666667	-63.579433	26.277336
149.733333	-63.628674	26.324457
149.800000	-63.638119	26.308109
149.866667	-63.644627	26.290434
149.933333	-63.668125	26.289942
150.000000	-63.672718	26.284548
150.066667	-63.686672	26.280436
150.133333	-63.766968	26.294979
150.200000	-63.779758	26.286758
150.266667	-63.779758	26.286758
150.333333	-63.832771	26.296949
150.400000	-63.837715	26.315592
150.466667	-63.871422	26.298056
150.533333	-63.881432	26.314707
150.600000	-63.881432	26.314707
150.666667	-63.911011	26.318331
150.733333	-63.926785	26.315374
150.800000	-63.952038	26.314993
150.866667	-63.979969	26.314713
150.933333	-63.990116	26.311274
151.000000	-64.007370	26.301779
151.066667	-64.040817	26.317587
151.133333	-64.071838	26.299656
151.200000	-64.092987	26.303995
151.266667	-64.119751	26.285656
151.333333	-64.148392	26.322737
151.400000	-64.156487	26.295895
151.466667	-64.219513	26.335785
151.533333	-64.219513	26.335785
151.600000	-64.228951	26.327126
151.666667	-64.248543	26.340040
151.733333	-64.278023	26.352289
151.800000	-64.285004	26.363817
151.866667	-64.290512	26.379198
151.933333	-64.290512	26.379198
152.000000	-64.320419	26.377613
152.066667	-64.329170	26.380396
152.133333	-64.338165	26.361654
152.200000	-64.352348	26.363920
152.266667	-64.342667	26.378294
152.333333	-64.399376	26.374641
152.400000	-64.426125	26.362389
152.466667	-64.435043	26.350601
152.533333	-64.410698	26.358934
152.600000	-64.410820	26.334940
152.666667	-64.419189	26.338491
152.733333	-64.432076	26.321638
152.800000	-64.428429	26.327297
152.866667	-64.421875	26.285852
152.933333	-64.429367	26.307293
153.000000	-64.427963	26.289127
153.066667	-64.413422	26.306437
153.133333	-64.451508	26.288260
153.200000	-64.468102	26.303970
153.266667	-64.468216	26.302618
153.333333	-64.427765	26.300688
153.400000	-64.422104	26.291142
153.466667	-64.436928	26.301937
153.533333	-64.442093	26.298838
153.600000	-64.449631	26.299353
153.666667	-64.454880	26.310829
153.733333	-64.456696	26.292906
153.800000	-64.465240	26.298117
153.866667	-64.460335	26.287968
153.933333	-64.459099	26.289320
154.000000	-64.466187	26.277666
154.066667	-64.464920	26.269909
154.133333	-64.479904	26.284309
154.200000	-64.463051	26.278122
154.266667	-64.488838	26.279217
154.333333	-64.502373	26.279541
154.400000	-64.490166	26.283876
154.466667	-64.520103	26.282808
154.533333	-64.500885	26.274443
154.600000	-64.476883	26.259583
154.666667	-64.497864	26.287077
154.733333	-64.489120	26.286007
154.800000	-64.493546	26.303926
154.866667	-64.478851	26.298920
154.933333	-64.493317	26.295946
155.000000	-64.479164	26.296268
155.066667	-64.499954	26.303635
155.133333	-64.474304	26.297956
155.200000	-64.487846	26.297424
155.266667	-64.500587	26.331448
155.333333	-64.494774	26.312897
155.400000	-64.476173	26.329144
155.466667	-64.478912	26.312960
155.533333	-64.447159	26.327095
155.600000	-64.425186	26.304686
155.666667	-64.443535	26.323996
155.733333	-64.460030	26.330013
155.800000	-64.454277	26.334276
155.866667	-64.474922	26.331663
155.933333	-64.438507	26.326401
156.000000	-64.420189	26.325991
156.066667	-64.391312	26.329111
156.133333	-64.433914	26.347076
156.200000	-64.393646	26.317886
156.266667	-64.353828	26.326485
156.333333	-64.358170	26.340452
156.400000	-64.314827	26.337288
156.466667	-64.300827	26.335394
156.533333	-64.316612	26.320377
156.600000	-64.316612	26.320377
156.666667	-64.253235	26.312410
156.733333	-64.255745	26.324112
156.800000	-64.245644	26.325214
156.866667	-64.202652	26.323351
156.933333	-64.172691	26.315441
157.000000	-64.172691	26.315441
157.066667	-64.169189	26.291679
157.133333	-64.160805	26.303291
157.200000	-64.121750	26.306320
157.266667	-64.128044	26.296392
157.333333	-64.085770	26.263577
157.400000	-64.085770	26.263577
157.466667	-64.084671	26.296663
157.533333	-64.096123	26.312675
157.600000	-64.051254	26.301626
157.666667	-64.009079	26.309645
157.733333	-63.932499	26.320280
157.800000	-63.932499	26.320280
157.866667	-63.922131	26.323509
157.933333	-63.902912	26.331966
158.000000	-63.894089	26.348957
158.066667	-63.874557	26.348326
158.133333	-63.816856	26.359482
158.200000	-63.785126	26.357862
158.266667	-63.785126	26.357862
158.333333	-63.760597	26.348742
158.400000	-63.735626	26.378956
158.466667	-63.727058	26.357985
158.533333	-63.678791	26.361601
158.600000	-63.652973	26.380795
158.666667	-63.652973	26.380795
158.733333	-63.644581	26.348993
158.800000	-63.619041	26.377287
158.866667	-63.586689	26.363611
158.933333	-63.557228	26.355131
159.000000	-63.530830	26.343073
159.066667	-63.530830	26.343073
159.133333	-63.511631	26.350517
159.200000	-63.467270	26.344162
159.266667	-63.446007	26.349829
159.333333	-63.402168	26.320541
159.400000	-63.383430	26.322128
159.466667	-63.388382	26.332430
159.533333	-63.388382	26.332430
159.600000	-63.357441	26.338823
159.666667	-63.342342	26.326101
159.733333	-63.279602	26.312040
159.800000	-63.253170	26.317459
159.866667	-63.218052	26.301151
159.933333	-63.218052	26.301151
160.000000	-63.221672	26.278845
160.066667	-63.191307	26.287792
160.133333	-63.130070	26.257452
160.200000	-63.120964	26.268698
160.266667	-63.107506	26.257671
160.333333	-63.107506	26.257671
160.400000	-63.069374	26.260082
160.466667	-63.040836	26.255505
160.533333	-62.970551	26.244228
160.600000	-62.954510	26.284309
160.666667	-62.896328	26.253304
160.733333	-62.889126	26.265228
160.800000	-62.889126	26.265228
160.866667	-62.878876	26.264620
160.933333	-62.820915	26.265697
161.000000	-62.819233	26.272270
161.066667	-62.795189	26.245697
161.133333	-62.747810	26.252779
161.200000	-62.747810	26.252779
161.266667	-62.757050	26.251276
161.333333	-62.686855	26.256348
161.400000	-62.657440	26.240990
161.466667	-62.631714	26.244692
161.533333	-62.619492	26.249746
161.600000	-62.619492	26.249746
161.666667	-62.567680	26.239826
161.733333	-62.507797	26.218658
161.800000	-62.450359	26.184443
161.866667	-62.437588	26.212744
161.933333	-62.408058	26.177242
162.000000	-62.408058	26.177242
162.066667	-62.389587	26.170332
162.133333	-62.378361	26.122332
162.200000	-62.354637	26.148832
162.266667	-62.342030	26.101065
162.333333	-62.348381	26.120016
162.400000	-62.317451	26.110304
162.466667	-62.317451	26.110304
162.533333	-62.254910	26.126835
162.600000	-62.208122	26.140446
162.666667	-62.164890	26.138542
162.733333	-62.147362	26.158207
162.800000	-62.122448	26.145741
162.866667	-62.122448	26.145741
162.933333	-62.088482	26.142262
163.000000	-62.063042	26.143568
163.066667	-62.056240	26.156878
163.133333	-62.036533	26.136671
163.200000	-62.023590	26.143578
163.266667	-62.023590	26.143578
163.333333	-61.958076	26.133106
163.400000	-61.983036	26.127262
163.466667	-61.942009	26.128153
163.533333	-61.926506	26.120293
163.600000	-61.899368	26.133677
163.666667	-61.899368	26.133677
163.733333	-61.856094	26.129890
163.800000	-61.851173	26.126047
163.866667	-61.838024	26.139772
163.933333	-61.851025	26.154585
164.000000	-61.835804	26.142321
164.066667	-61.845726	26.139584
164.133333	-61.803009	26.154375
164.200000	-61.839771	26.156258
164.266667	-61.817245	26.149490
164.333333	-61.824810	26.185160
164.400000	-61.817532	26.173151
164.466667	-61.825619	26.191242
164.533333	-61.809189	26.185867
164.600000	-61.782768	26.172054
164.666667	-61.808041	26.168484
164.733333	-61.806129	26.175016
164.800000	-61.763863	26.172190
164.866667	-61.755421	26.167570
164.933333	-61.737202	26.172232
165.000000	-61.744923	26.147579
165.066667	-61.739388	26.151440
165.133333	-61.727119	26.121340
165.200000	-61.700409	26.136475
165.266667	-61.689514	26.128666
165.333333	-61.666069	26.127989
165.400000	-61.684055	26.142838
165.466667	-61.650581	26.102942
165.533333	-61.655869	26.086605
165.600000	-61.649597	26.107878
165.666667	-61.624073	26.080999
165.733333	-61.643314	26.094160
165.800000	-61.650894	26.079321
165.866667	-61.662434	26.082836
165.933333	-61.640602	26.097460
166.000000	-61.645573	26.071211
166.066667	-61.642971	26.082119
166.133333	-61.629833	26.068562
166.200000	-61.622955	26.079021
166.266667	-61.602299	26.092497
166.333333	-61.616421	26.050335
166.400000	-61.610916	26.065439
166.466667	-61.642277	26.087627
166.533333	-61.640049	26.077791
166.600000	-61.637856	26.085096
166.666667	-61.650173	26.076376
166.733333	-61.637714	26.095499
166.800000	-61.632175	26.092182
166.866667	-61.637173	26.082058
166.933333	-61.648304	26.102850
167.000000	-61.636967	26.097692
167.066667	-61.656757	26.100321
167.133333	-61.647301	26.107822
167.200000	-61.648636	26.064909
167.266667	-61.663414	26.100243
167.333333	-61.680267	26.090946
167.400000	-61.696754	26.102139
167.466667	-61.647469	26.107710
167.533333	-61.680725	26.090214
167.600000	-61.675373	26.088940
167.666667	-61.663231	26.094503
167.733333	-61.685020	26.106592
167.800000	-61.707027	26.103397
167.866667	-61.715824	26.096071
167.933333	-61.747849	26.096628
168.000000	-61.762665	26.111805
168.066667	-61.772629	26.088463
168.133333	-61.771305	26.109802
168.200000	-61.807854	26.086147
168.266667	-61.779922	26.097281
168.400000	-61.825821	26.098085
168.466667	-61.843121	26.111794
168.533333	-61.874302	26.104462
168.600000	-61.888329	26.109701
168.666667	-61.910713	26.128139
168.733333	-61.866131	26.122482
168.800000	-61.884804	26.142679
168.866667	-61.886814	26.157846
168.933333	-61.900158	26.132671
169.000000	-61.874199	26.144445
169.066667	-61.896721	26.121849
169.133333	-61.878151	26.147121
169.200000	-61.909828	26.110119
169.266667	-61.942741	26.117037
169.333333	-61.959270	26.112446
169.400000	-61.984695	26.097263
169.466667	-61.986076	26.102983
169.533333	-62.004662	26.112101
169.600000	-62.020630	26.118385
169.666667	-62.021198	26.136995
169.733333	-62.029579	26.125597
169.800000	-62.079426	26.104740
169.866667	-62.076054	26.132414
169.933333	-62.083504	26.126984
170.000000	-62.104301	26.157827
170.066667	-62.133926	26.153156
170.133333	-62.164894	26.187752
170.200000	-62.209126	26.167833
170.266667	-62.229961	26.178106
170.333333	-62.280602	26.195829
170.400000	-62.276058	26.167206
170.466667	-62.337078	26.170534
170.533333	-62.340839	26.167963
170.600000	-62.379452	26.172058
170.666667	-62.382450	26.146864
170.733333	-62.386093	26.146603
170.800000	-62.384327	26.132467
170.866667	-62.424908	26.146313
170.933333	-62.455753	26.151043
171.000000	-62.494732	26.140398
171.066667	-62.562603	26.157127
171.133333	-62.583031	26.162951
171.200000	-62.604832	26.175665
171.266667	-62.654400	26.186272
171.333333	-62.664211	26.204262
171.400000	-62.694305	26.183655
171.466667	-62.709885	26.195333
171.533333	-62.750011	26.181671
171.600000	-62.761887	26.199034
171.666667	-62.770176	26.188486
171.733333	-62.806339	26.170044
171.800000	-62.845303	26.185167
171.866667	-62.887691	26.199524
171.933333	-62.938675	26.223230
172.000000	-62.950005	26.229666
172.066667	-62.995609	26.223278
172.133333	-63.014545	26.224035
172.200000	-63.067646	26.236580
172.266667	-63.055317	26.227013
172.333333	-63.088631	26.236118
172.400000	-63.076836	26.247427
172.466667	-63.096630	26.247494
172.533333	-63.108772	26.245926
172.600000	-63.154591	26.265379
172.666667	-63.183868	26.284056
172.733333	-63.191948	26.288939
172.800000	-63.220535	26.279377
172.866667	-63.235176	26.272081
172.933333	-63.227943	26.272793
173.000000	-63.218216	26.263649
173.066667	-63.270218	26.273727
173.133333	-63.279606	26.275494
173.200000	-63.321510	26.312143
173.266667	-63.344231	26.291233
173.333333	-63.372589	26.281548
173.400000	-63.437206	26.291712
173.466667	-63.441757	26.264088
173.533333	-63.494030	26.276222
173.600000	-63.537354	26.251873
173.666667	-63.597721	26.233322
173.733333	-63.646172	26.244978
173.800000	-63.678856	26.252678
173.866667	-63.712730	26.271320
173.933333	-63.737667	26.256372
174.000000	-63.773815	26.289248
174.066667	-63.773815	26.289248
174.133333	-63.828674	26.264378
174.200000	-63.826649	26.265818
174.266667	-63.870621	26.245144
174.333333	-63.891438	26.261723
174.400000	-63.905678	26.261728
174.466667	-63.945995	26.257662
174.533333	-63.931435	26.244036
174.600000	-63.979877	26.210983
174.666667	-63.997131	26.245018
174.733333	-63.996155	26.220715
174.800000	-64.034843	26.217165
174.866667	-64.075958	26.222563
174.933333	-64.100037	26.246035
175.000000	-64.156944	26.267736
175.066667	-64.194878	26.265785
175.133333	-64.234634	26.288906
175.200000	-64.310623	26.302324
175.266667	-64.307976	26.290714
175.333333	-64.312477	26.296335
175.400000	-64.367485	26.293114
175.466667	-64.382683	26.312536
175.533333	-64.391373	26.310373
175.600000	-64.415535	26.280760
175.666667	-64.436508	26.280653
175.733333	-64.451866	26.271292
175.800000	-64.436249	26.266245
175.866667	-64.448097	26.230373
175.933333	-64.507805	26.258118
176.000000	-64.535027	26.241888
176.066667	-64.544144	26.272017
176.133333	-64.589485	26.285807
176.200000	-64.631393	26.307510
176.266667	-64.688820	26.298218
176.333333	-64.747696	26.316534
176.400000	-64.773933	26.337549
176.466667	-64.802406	26.329006
176.533333	-64.860352	26.367102
176.600000	-64.863602	26.356091
176.666667	-64.908363	26.363264
176.733333	-64.935791	26.379396
176.800000	-64.939560	26.359327
176.866667	-64.949890	26.389248
176.933333	-64.955391	26.382172
177.000000	-64.980202	26.375711
177.066667	-65.001152	26.379278
177.133333	-64.990402	26.385208
177.200000	-65.022003	26.374966
177.266667	-65.074936	26.393818
177.333333	-65.085541	26.382940
177.400000	-65.104416	26.390087
177.466667	-65.140480	26.377575
177.533333	-65.145432	26.393248
177.600000	-65.149498	26.400213
177.666667	-65.171623	26.419891
177.733333	-65.191956	26.399092
177.800000	-65.202988	26.407492
177.866667	-65.207977	26.395208
177.933333	-65.236870	26.385822
178.000000	-65.243233	26.393526
178.066667	-65.280136	26.357903
178.133333	-65.285156	26.369970
178.200000	-65.291656	26.353027
178.266667	-65.324875	26.353586
178.333333	-65.317406	26.327271
178.400000	-65.380234	26.319672
178.466667	-65.366096	26.334650
178.533333	-65.423355	26.326342
178.600000	-65.439919	26.326742
178.666667	-65.433876	26.349512
178.733333	-65.433876	26.349512
178.800000	-65.439095	26.361519
178.866667	-65.456512	26.364359
178.933333	-65.457336	26.339760
179.000000	-65.487694	26.366772
179.066667	-65.475227	26.376434
179.133333	-65.495773	26.376726
179.200000	-65.479668	26.380323
179.266667	-65.489189	26.348909
179.333333	-65.509552	26.385746
179.400000	-65.529778	26.368284
179.466667	-65.499664	26.377266
179.533333	-65.515533	26.369133
179.600000	-65.549904	26.356073
179.666667	-65.533890	26.377520
179.733333	-65.556068	26.339672
179.800000	-65.522591	26.343277
179.866667	-65.552208	26.364273
179.933333	-65.554825	26.357056
180.000000	-65.529793	26.367167
