1140.066667	-58.265320	120.393745
1140.133333	-58.599373	120.339066
1140.200000	-58.506645	120.300095
1140.266667	-58.281536	120.346207
1140.333333	-58.424995	120.251701
1140.400000	-58.330120	120.405388
1140.466667	-58.512455	120.177513
1140.533333	-58.512455	120.177513
1140.600000	-58.503769	120.359177
1140.666667	-58.678253	120.476067
1140.733333	-58.491680	120.408951
1140.800000	-58.594101	120.452873
1140.866667	-58.792065	120.454514
1140.933333	-58.792065	120.454514
1141.000000	-58.552944	120.513710
1141.066667	-58.700760	120.766800
1141.133333	-58.635719	120.778290
1141.200000	-58.718578	120.763359
1141.266667	-58.516018	120.782532
1141.333333	-58.516018	120.782532
1141.400000	-58.640526	120.703506
1141.466667	-58.600189	120.550125
1141.533333	-58.696136	120.604698
1141.600000	-58.579567	120.620148
1141.666667	-58.818569	120.432236
1141.733333	-58.665890	120.509079
1141.800000	-58.665890	120.509079
1141.866667	-58.639900	120.350098
1141.933333	-58.515564	120.422440
1142.000000	-58.416615	120.538223
1142.066667	-58.704006	120.245567
1142.133333	-58.602993	120.345192
1142.200000	-58.602993	120.345192
1142.266667	-58.595230	120.273071
1142.333333	-58.448822	120.291672
1142.400000	-58.768757	120.240921
1142.466667	-58.499393	120.339012
1142.533333	-58.354420	120.463531
1142.600000	-58.354420	120.463531
1142.666667	-58.720112	120.333557
1142.733333	-58.746632	120.516464
1142.800000	-58.705948	120.506691
1142.866667	-58.751419	120.513565
1142.933333	-58.900707	120.380524
1143.000000	-58.900707	120.380524
1143.066667	-58.859627	120.550491
1143.133333	-58.664333	120.597588
1143.200000	-58.905270	120.658981
1143.266667	-58.774445	120.645111
1143.333333	-58.898697	120.637054
1143.400000	-58.763084	120.577972
1143.466667	-58.763084	120.577972
1143.533333	-58.737045	120.633781
1143.600000	-58.834812	120.612885
1143.666667	-58.942554	120.512444
1143.733333	-58.557346	120.513153
1143.800000	-58.621349	120.643539
1143.866667	-58.621349	120.643539
1143.933333	-58.738445	120.483376
1144.000000	-58.817913	120.423943
1144.066667	-58.723904	120.284721
1144.133333	-58.960693	120.277054
1144.200000	-58.845184	120.392479
1144.266667	-58.845184	120.392479
1144.333333	-58.824429	120.254974
1144.400000	-58.712856	120.263496
1144.466667	-58.751736	120.247002
1144.533333	-58.892998	120.261841
1144.600000	-58.656338	120.376579
1144.666667	-59.272572	120.181435
1144.733333	-58.963295	120.457062
1144.800000	-59.096889	120.356949
1144.866667	-58.911465	120.535690
1144.933333	-58.863213	120.443611
1145.000000	-58.882298	120.503159
1145.066667	-58.691914	120.558868
1145.133333	-59.010845	120.668999
1145.200000	-59.057079	120.542770
1145.266667	-58.936913	120.617058
1145.333333	-59.111141	120.713203
1145.400000	-59.089951	120.635651
1145.466667	-59.055740	120.654037
1145.533333	-59.199772	120.609955
1145.600000	-58.931015	120.645821
1145.666667	-58.933708	120.676010
1145.733333	-58.947090	120.496109
1145.800000	-58.820900	120.607422
1145.866667	-59.126835	120.533920
1145.933333	-59.090885	120.622917
1146.000000	-58.998211	120.538055
1146.066667	-58.887386	120.475128
1146.133333	-59.287262	120.265991
1146.200000	-59.256378	120.368065
1146.266667	-59.120720	120.360031
1146.333333	-59.095146	120.349266
1146.400000	-58.900684	120.340111
1146.466667	-58.769234	120.287880
1146.533333	-58.762810	120.292397
1146.600000	-58.973629	120.295448
1146.666667	-58.973900	120.359764
1146.733333	-59.175858	120.263794
1146.800000	-59.002033	120.428062
1146.866667	-59.293072	120.289444
1146.933333	-59.176769	120.445129
1147.000000	-59.020435	120.532486
1147.066667	-59.239769	120.379547
1147.133333	-59.232910	120.408386
1147.200000	-59.108799	120.447647
1147.266667	-59.362419	120.532600
1147.333333	-59.048550	120.676064
1147.400000	-58.984138	120.765381
1147.466667	-59.174263	120.834427
1147.533333	-59.136360	120.643829
1147.600000	-59.422001	120.679054
1147.666667	-59.393688	120.715988
1147.733333	-59.203300	120.670532
1147.800000	-59.254322	120.765236
1147.866667	-59.178009	120.707672
1147.933333	-59.057095	120.718300
1148.000000	-59.336319	120.574440
1148.066667	-58.964294	120.570839
1148.133333	-59.359936	120.430145
1148.200000	-59.134262	120.507614
1148.266667	-59.020214	120.449226
1148.333333	-59.013451	120.258980
1148.400000	-59.074879	120.303650
1148.466667	-59.136749	120.301506
1148.533333	-58.827244	120.401070
1148.600000	-59.003918	120.316162
1148.666667	-59.309589	120.467621
1148.733333	-58.964100	120.372635
1148.800000	-58.969448	120.300583
1148.866667	-59.146675	120.356987
1148.933333	-59.010590	120.199409
1149.000000	-59.157776	120.410385
1149.066667	-59.269497	120.402046
1149.133333	-59.001411	120.473633
1149.200000	-59.195343	120.478722
1149.266667	-59.265091	120.353989
1149.333333	-59.192062	120.367172
1149.400000	-59.329636	120.610931
1149.466667	-59.171040	120.716301
1149.533333	-59.260857	120.634941
1149.600000	-59.538658	120.710495
1149.666667	-59.324978	120.701889
1149.733333	-59.479866	120.657204
1149.800000	-59.459671	120.598419
1149.866667	-59.651062	120.765892
1149.933333	-59.392437	120.598679
1150.000000	-59.190731	120.530701
1150.066667	-59.224834	120.676117
1150.133333	-59.144939	120.625587
1150.200000	-59.389313	120.561806
1150.266667	-59.257225	120.408890
1150.333333	-59.241238	120.370201
1150.400000	-59.267406	120.438606
1150.466667	-59.442734	120.369675
1150.533333	-59.302265	120.281853
1150.600000	-59.163776	120.393723
1150.666667	-59.279362	120.297180
1150.733333	-59.468613	120.546021
1150.800000	-59.394657	120.241089
1150.866667	-59.111168	120.291985
1150.933333	-59.227123	120.370201
1151.000000	-59.423893	120.331818
1151.066667	-59.353409	120.310799
1151.133333	-59.377998	120.362999
1151.200000	-59.347542	120.410866
1151.266667	-59.292068	120.455101
1151.333333	-59.357807	120.508606
1151.400000	-59.297672	120.529549
1151.466667	-59.557552	120.569244
1151.533333	-59.407932	120.566788
1151.600000	-60.295361	120.741577
1151.666667	-59.601002	120.581314
1151.733333	-59.498306	120.696655
1151.800000	-59.449543	120.687012
1151.866667	-59.280487	120.742386
1151.933333	-59.558441	120.732384
1152.000000	-59.656433	120.661110
1152.066667	-59.308563	120.664597
1152.133333	-59.585678	120.528305
1152.200000	-59.535664	120.615364
1152.266667	-59.482792	120.523933
1152.333333	-59.566765	120.408173
1152.400000	-59.505211	120.452156
1152.466667	-59.514217	120.327599
1152.533333	-59.428902	120.254845
1152.600000	-59.357746	120.312103
1152.666667	-59.300026	120.353218
1152.733333	-59.346458	120.296242
1152.800000	-59.514980	120.281601
1152.866667	-59.590870	120.239365
1152.933333	-59.559608	120.218849
1153.000000	-59.319084	120.428589
1153.066667	-59.275536	120.337524
1153.133333	-59.374977	120.328522
1153.200000	-59.599567	120.137108
1153.266667	-59.515656	120.438644
1153.333333	-59.687527	120.518387
1153.400000	-59.557968	120.225983
1153.466667	-59.502258	120.554131
1153.533333	-59.770885	120.479515
1153.600000	-59.523037	120.387703
1153.666667	-59.642082	120.646263
1153.733333	-59.473289	120.592407
1153.800000	-59.588352	120.511307
1153.866667	-59.627892	120.687569
1153.933333	-59.522255	120.757347
1154.000000	-59.731342	120.641052
1154.066667	-59.635803	120.667892
1154.133333	-59.595028	120.785950
1154.200000	-59.783882	120.591614
1154.266667	-59.641357	120.585648
1154.333333	-59.610771	120.532715
1154.400000	-59.537540	120.513771
1154.466667	-59.762989	120.512726
1154.533333	-59.541000	120.530479
1154.600000	-59.545124	120.446091
1154.666667	-59.807274	120.332031
1154.733333	-59.504765	120.406265
1154.800000	-59.762066	120.210991
1154.866667	-59.568645	120.143677
1154.933333	-59.557793	120.220322
1155.000000	-59.659943	120.284851
1155.066667	-59.475822	120.376030
1155.133333	-59.465504	120.264053
1155.200000	-59.272121	120.370003
1155.266667	-59.697598	120.378639
1155.333333	-59.725807	120.408783
1155.400000	-59.497662	120.457962
1155.466667	-59.627884	120.425667
1155.533333	-59.601768	120.717316
1155.600000	-59.836628	120.450737
1155.666667	-59.713551	120.602928
1155.733333	-59.691917	120.638496
1155.800000	-59.463512	120.566467
1155.866667	-59.628784	120.672775
1155.933333	-59.849533	120.605949
1156.000000	-59.754509	120.627731
1156.066667	-59.875862	120.718361
1156.133333	-59.770718	120.744278
1156.200000	-59.667500	120.721169
1156.266667	-59.602592	120.663399
1156.333333	-59.731598	120.571632
1156.400000	-59.767483	120.669044
1156.466667	-59.890766	120.406487
1156.533333	-59.686337	120.546463
1156.600000	-59.708263	120.591019
1156.666667	-59.790760	120.446556
1156.733333	-59.785629	120.358673
1156.800000	-59.819912	120.385857
1156.866667	-59.754875	120.330681
1156.933333	-59.706352	120.359016
1157.000000	-59.781384	120.289314
1157.066667	-59.683609	120.415726
1157.133333	-59.631996	120.256371
1157.200000	-59.784470	120.190315
1157.266667	-59.682610	120.357849
1157.333333	-59.795204	120.298210
1157.400000	-59.715752	120.285690
1157.466667	-59.743729	120.322357
1157.533333	-59.807411	120.374413
1157.600000	-59.916553	120.282837
1157.666667	-59.613842	120.489372
1157.733333	-59.840977	120.496857
1157.800000	-59.874577	120.528580
1157.866667	-59.946751	120.582802
1157.933333	-60.071312	120.587105
1158.000000	-59.988285	120.630348
1158.066667	-60.104485	120.583801
1158.133333	-59.836281	120.788605
1158.200000	-59.930515	120.551414
1158.266667	-60.046738	120.558922
1158.333333	-59.914158	120.698891
1158.400000	-60.087662	120.662537
1158.466667	-59.907276	120.671867
1158.533333	-60.071678	120.572052
1158.600000	-60.016209	120.620102
1158.666667	-60.131947	120.368439
1158.733333	-60.087086	120.330894
1158.800000	-60.079967	120.398544
1158.866667	-59.868340	120.378685
1158.933333	-59.850334	120.393173
1159.000000	-59.742344	120.377792
1159.066667	-59.907391	120.164192
1159.133333	-59.931255	120.316017
1159.200000	-59.967056	120.392662
1159.266667	-59.840733	120.411079
1159.333333	-60.265831	120.310692
1159.400000	-60.078548	120.223923
1159.466667	-59.848740	120.320427
1159.533333	-59.898964	120.331238
1159.600000	-59.894089	120.524490
1159.666667	-59.611111	120.516731
1159.733333	-59.901745	120.414490
1159.800000	-59.906006	120.494431
1159.866667	-59.941856	120.556664
1159.933333	-59.974693	120.418221
1160.000000	-60.113430	120.619743
1160.066667	-60.256119	120.399719
1160.133333	-59.999882	120.667862
1160.200000	-60.189152	120.555740
1160.266667	-60.172546	120.624825
1160.333333	-60.256672	120.619789
1160.400000	-60.362297	120.579712
1160.466667	-60.204014	120.554672
1160.533333	-60.231934	120.681091
1160.600000	-60.302917	120.469994
1160.666667	-60.260750	120.641014
1160.733333	-60.376030	120.617119
1160.800000	-60.154690	120.477127
1160.866667	-59.950645	120.584496
1160.933333	-60.225548	120.595688
1161.000000	-60.343159	120.435326
1161.066667	-59.867641	120.380318
1161.133333	-60.304482	120.339302
1161.200000	-59.997787	120.412682
1161.266667	-60.319111	120.407501
1161.333333	-60.186234	120.351402
1161.400000	-60.134190	120.244675
1161.466667	-59.976715	120.277275
1161.533333	-60.173733	120.437660
1161.600000	-60.056301	120.317215
1161.666667	-60.156433	120.300232
1161.733333	-60.278412	120.308182
1161.800000	-60.155029	120.380554
1161.866667	-60.218254	120.519325
1161.933333	-60.409027	120.353638
1162.000000	-60.272552	120.514793
1162.066667	-60.163605	120.553619
1162.133333	-60.153755	120.632744
1162.200000	-60.029938	120.623978
1162.266667	-60.271439	120.463799
1162.333333	-60.236469	120.678452
1162.400000	-60.405487	120.574112
1162.466667	-60.414440	120.614044
1162.533333	-60.388355	120.633522
1162.600000	-60.329266	120.668671
1162.666667	-60.454723	120.523682
1162.733333	-60.455544	120.708847
1162.800000	-60.487709	120.681030
1162.866667	-60.204948	120.566376
1162.933333	-60.422005	120.515862
1163.000000	-60.239098	120.438110
1163.066667	-60.230186	120.508461
1163.133333	-60.302387	120.364136
1163.200000	-60.216560	120.330269
1163.266667	-60.199440	120.538223
1163.333333	-60.210506	120.441658
1163.400000	-60.270077	120.278671
1163.466667	-60.230598	120.314819
1163.533333	-60.301868	120.337227
1163.600000	-60.419384	120.378029
1163.666667	-60.393085	120.115433
1163.733333	-60.287514	120.351067
1163.800000	-60.255795	120.309227
1163.866667	-60.278103	120.387978
1163.933333	-60.639160	120.464607
1164.000000	-60.333294	120.370567
1164.066667	-60.526184	120.527130
1164.133333	-60.476597	120.489243
1164.200000	-60.459030	120.479782
1164.266667	-60.383698	120.565605
1164.333333	-60.731365	120.675224
1164.400000	-60.374680	120.788551
1164.466667	-60.707558	120.575768
1164.533333	-60.716999	120.716248
1164.600000	-60.571629	120.590218
1164.666667	-60.583324	120.609062
1164.733333	-60.450882	120.602036
1164.800000	-60.470638	120.509209
1164.866667	-60.706764	120.569458
1164.933333	-60.341709	120.566254
1165.000000	-60.536449	120.555931
1165.066667	-60.522606	120.514000
1165.133333	-60.471874	120.491478
1165.200000	-60.496033	120.522072
1165.266667	-60.451218	120.324951
1165.333333	-60.541145	120.437500
1165.400000	-60.581474	120.326973
1165.466667	-60.517033	120.459862
1165.533333	-60.482391	120.330566
1165.600000	-60.564316	120.330284
1165.666667	-60.709442	120.263992
1165.733333	-60.354111	120.410683
1165.800000	-60.663548	120.327454
1165.866667	-60.575768	120.338982
1165.933333	-60.539452	120.245750
1166.000000	-60.572731	120.418114
1166.066667	-60.628029	120.320564
1166.133333	-60.698803	120.455048
1166.200000	-60.629250	120.419373
1166.266667	-60.676373	120.653053
1166.333333	-60.718315	120.582016
1166.400000	-60.811623	120.577454
1166.466667	-60.676861	120.546730
1166.533333	-60.673840	120.537949
1166.600000	-60.776581	120.639420
1166.666667	-60.868336	120.590721
1166.733333	-60.723286	120.559204
1166.800000	-60.772629	120.695786
1166.866667	-60.777340	120.607513
1166.933333	-60.744633	120.492393
1167.000000	-60.818199	120.570419
1167.066667	-60.813110	120.562904
1167.133333	-60.879768	120.627808
1167.200000	-60.887142	120.516556
1167.266667	-61.041496	120.602013
1167.333333	-60.873852	120.432350
1167.400000	-60.823566	120.538246
1167.466667	-60.666344	120.485641
1167.533333	-60.794224	120.338097
1167.600000	-60.730099	120.281075
1167.666667	-60.898701	120.283836
1167.733333	-60.628078	120.246140
1167.800000	-60.994518	120.186531
1167.866667	-60.870739	120.322548
1167.933333	-60.779282	120.281387
1168.000000	-61.149731	120.282959
1168.066667	-60.615097	120.269440
1168.133333	-60.872452	120.359642
1168.200000	-60.819160	120.347755
1168.266667	-61.061508	120.462860
1168.333333	-60.671265	120.582397
1168.400000	-60.824860	120.621750
1168.466667	-60.868290	120.575462
1168.533333	-61.051739	120.582237
1168.600000	-61.102360	120.629707
1168.666667	-60.980251	120.637650
1168.733333	-61.154278	120.640083
1168.800000	-60.964451	120.728699
1168.866667	-61.053318	120.761612
1168.933333	-61.020359	120.797935
1169.000000	-61.110825	120.582687
1169.066667	-60.894669	120.779877
1169.133333	-61.111557	120.593475
1169.200000	-61.219234	120.556351
1169.266667	-60.851067	120.545189
1169.333333	-61.219692	120.454590
1169.400000	-61.160305	120.437141
1169.466667	-60.875980	120.442009
1169.533333	-61.087337	120.456879
1169.600000	-61.146317	120.264015
1169.666667	-60.963112	120.510948
1169.733333	-60.984600	120.371323
1169.800000	-61.071125	120.391319
1169.866667	-61.214127	120.236450
1169.933333	-61.044975	120.307655
1170.000000	-60.761219	120.530869
1170.066667	-60.921703	120.326050
1170.133333	-60.895405	120.427032
1170.200000	-61.209644	120.295860
1170.266667	-61.182125	120.261940
1170.333333	-61.171844	120.439240
1170.400000	-61.149811	120.420746
1170.466667	-61.204445	120.496078
1170.533333	-61.109695	120.652573
1170.600000	-61.177235	120.504211
1170.666667	-61.282944	120.554283
1170.733333	-61.370007	120.674973
1170.800000	-61.303837	120.709152
1170.866667	-61.283852	120.589691
1170.933333	-61.216160	120.693298
1171.000000	-61.162941	120.668289
1171.066667	-61.291222	120.660393
1171.133333	-61.330364	120.910172
1171.200000	-61.406269	120.586174
1171.266667	-61.374573	120.590858
1171.333333	-61.527164	120.564835
1171.400000	-61.123074	120.591980
1171.466667	-61.260647	120.546028
1171.533333	-61.493038	120.447456
1171.600000	-61.408508	120.518105
1171.666667	-61.225433	120.517868
1171.733333	-61.316471	120.350250
1171.800000	-61.219505	120.417114
1171.866667	-61.319859	120.231522
1171.933333	-61.319859	120.231522
1172.000000	-61.482838	120.167915
1172.066667	-61.483295	120.320877
1172.133333	-61.474819	120.236298
1172.200000	-61.544403	120.293732
1172.266667	-61.531925	120.278511
1172.333333	-61.538563	120.283188
1172.400000	-61.569233	120.460152
1172.466667	-61.433548	120.543297
1172.533333	-61.605488	120.579529
1172.600000	-61.420544	120.436218
1172.666667	-61.321251	120.622505
1172.733333	-61.510796	120.635193
1172.800000	-61.510796	120.635193
1172.866667	-61.669052	120.536461
1172.933333	-61.671177	120.659637
1173.000000	-61.621037	120.605782
1173.066667	-61.703335	120.584526
1173.133333	-61.657291	120.584244
1173.200000	-61.657291	120.584244
1173.266667	-61.606499	120.610825
1173.333333	-61.452778	120.644669
1173.400000	-61.634846	120.595428
1173.466667	-61.672626	120.502892
1173.533333	-61.634228	120.453499
1173.600000	-61.634228	120.453499
1173.666667	-61.559948	120.396347
1173.733333	-61.639587	120.582130
1173.800000	-61.761589	120.289108
1173.866667	-61.476505	120.335335
1173.933333	-61.586838	120.359894
1174.000000	-61.615669	120.273582
1174.066667	-61.615669	120.273582
1174.133333	-61.357197	120.301094
1174.200000	-61.699551	120.238838
1174.266667	-61.612812	120.252403
1174.333333	-61.490334	120.384834
1174.400000	-61.865589	120.343117
1174.466667	-61.865589	120.343117
1174.533333	-61.887726	120.365707
1174.600000	-61.823803	120.348106
1174.666667	-61.830212	120.522858
1174.733333	-61.804981	120.556480
1174.800000	-61.807137	120.639801
1174.866667	-61.807137	120.639801
1174.933333	-62.005630	120.574768
1175.000000	-61.747417	120.878960
1175.066667	-61.935764	120.663055
1175.133333	-62.268696	120.650322
1175.200000	-62.235588	120.732010
1175.266667	-62.235588	120.732010
1175.333333	-62.331203	120.684135
1175.400000	-62.007324	120.545021
1175.466667	-62.003025	120.643585
1175.533333	-62.035694	120.610542
1175.600000	-62.139282	120.407753
1175.666667	-61.981491	120.461723
1175.733333	-61.981491	120.461723
1175.800000	-62.086159	120.390739
1175.866667	-61.912643	120.447289
1175.933333	-61.957317	120.367516
1176.000000	-61.752975	120.363785
1176.066667	-61.894215	120.442184
1176.133333	-61.894215	120.442184
1176.200000	-62.202103	120.156792
1176.266667	-61.834255	120.292572
1176.333333	-62.144260	120.213470
1176.400000	-62.114574	120.246643
1176.466667	-62.019188	120.344757
1176.533333	-62.019188	120.344757
1176.600000	-62.110016	120.540070
1176.666667	-62.144913	120.432671
1176.733333	-62.346161	120.490379
1176.800000	-62.246513	120.532104
1176.866667	-62.213860	120.549965
1176.933333	-62.157364	120.557030
1177.000000	-62.157364	120.557030
1177.066667	-62.337128	120.626373
1177.133333	-62.158981	120.688286
1177.200000	-62.330742	120.704628
1177.266667	-62.197670	120.815742
1177.333333	-62.165321	120.687569
1177.400000	-62.165321	120.687569
1177.466667	-62.152973	120.609886
1177.533333	-62.306801	120.668571
1177.600000	-62.241993	120.503586
1177.666667	-62.540993	120.504623
1177.733333	-62.508953	120.488464
1177.800000	-62.508953	120.488464
1177.866667	-62.323296	120.524864
1177.933333	-62.358112	120.265388
1178.000000	-62.082603	120.492302
1178.066667	-62.594196	120.340683
1178.133333	-62.282837	120.327003
1178.200000	-62.215130	120.421394
1178.266667	-62.215130	120.421394
1178.333333	-62.384830	120.383987
1178.400000	-62.324730	120.375763
1178.466667	-62.257965	120.331520
1178.533333	-62.380859	120.367493
1178.600000	-62.466637	120.483894
1178.666667	-62.466637	120.483894
1178.733333	-62.658863	120.376320
1178.800000	-62.643646	120.347244
1178.866667	-62.583557	120.338097
1178.933333	-62.347778	120.545906
1179.000000	-62.485695	120.436783
1179.066667	-62.485695	120.436783
1179.133333	-62.724457	120.609909
1179.200000	-62.723213	120.682526
1179.266667	-62.692677	120.703453
1179.333333	-62.527225	120.706604
1179.400000	-62.458191	120.763680
1179.466667	-62.458191	120.763680
1179.533333	-62.974117	120.601326
1179.600000	-62.873260	120.572159
1179.666667	-62.801182	120.645187
1179.733333	-62.783020	120.565140
1179.800000	-62.704620	120.629486
1179.866667	-62.644722	120.481346
1179.933333	-62.739239	120.564537
1180.000000	-62.799469	120.520950
1180.066667	-62.664928	120.448364
1180.133333	-62.674816	120.471649
1180.200000	-62.866913	120.323380
1180.266667	-62.697506	120.297554
1180.333333	-62.679512	120.525513
1180.400000	-62.791527	120.201103
1180.466667	-62.968758	120.357643
1180.533333	-62.859367	120.291161
1180.600000	-62.893654	120.378098
1180.666667	-63.041630	120.342796
1180.733333	-62.935257	120.418999
1180.800000	-62.640415	120.374344
1180.866667	-62.798595	120.518852
1180.933333	-62.846081	120.371330
1181.000000	-62.944130	120.504158
1181.066667	-62.959526	120.452515
1181.133333	-62.904633	120.546280
1181.200000	-63.143555	120.629707
1181.266667	-62.865929	120.619659
1181.333333	-63.133583	120.561562
1181.400000	-63.319721	120.715096
1181.466667	-63.267948	120.571068
1181.533333	-63.172176	120.667793
1181.600000	-63.109241	120.625206
1181.666667	-63.044605	120.736465
1181.733333	-63.149696	120.677856
1181.800000	-63.305054	120.679565
1181.866667	-63.151173	120.455490
1181.933333	-63.274887	120.628250
1182.000000	-63.292706	120.455910
1182.066667	-63.381210	120.459785
1182.133333	-63.071648	120.368729
1182.200000	-63.058830	120.469856
1182.266667	-63.163071	120.411774
1182.333333	-63.255768	120.361153
1182.400000	-63.229546	120.248367
1182.466667	-62.898266	120.530556
1182.533333	-63.136406	120.356812
1182.600000	-63.330891	120.373138
1182.666667	-63.242924	120.287941
1182.733333	-63.151394	120.326706
1182.800000	-63.079712	120.329567
1182.866667	-63.341282	120.315811
1182.933333	-63.309036	120.452171
1183.000000	-63.411064	120.465958
1183.066667	-63.112766	120.338249
1183.133333	-63.412647	120.471130
1183.200000	-63.486546	120.508041
1183.266667	-63.423271	120.591209
1183.333333	-63.466366	120.445900
1183.400000	-63.311932	120.566093
1183.466667	-63.512047	120.714684
1183.533333	-63.636318	120.711449
1183.600000	-63.642887	120.720398
1183.666667	-63.790146	120.700638
1183.733333	-63.576305	120.609474
1183.800000	-63.545418	120.685219
1183.866667	-63.629799	120.613998
1183.933333	-63.664421	120.660698
1184.000000	-63.604858	120.595650
1184.066667	-63.393719	120.674980
1184.133333	-63.557522	120.537521
1184.200000	-63.594837	120.554420
1184.266667	-63.773182	120.441544
1184.333333	-63.410011	120.485634
1184.400000	-63.686630	120.421654
1184.466667	-63.822132	120.336105
1184.533333	-63.348267	120.427704
1184.600000	-63.538513	120.271111
1184.666667	-63.540268	120.286911
1184.733333	-63.729343	120.192421
1184.800000	-63.749294	120.418640
1184.866667	-63.614147	120.346191
1184.933333	-63.768517	120.364746
1185.000000	-63.754211	120.314644
1185.066667	-63.873955	120.408508
1185.133333	-63.795673	120.527153
1185.200000	-63.834351	120.481865
1185.266667	-63.715263	120.364502
1185.333333	-63.561302	120.616371
1185.400000	-63.990276	120.598618
1185.466667	-63.884113	120.668335
1185.533333	-63.775524	120.661797
1185.600000	-64.101784	120.642242
1185.666667	-63.937603	120.714272
1185.733333	-64.092499	120.676056
1185.800000	-63.680500	120.768791
1185.866667	-63.904739	120.806320
1185.933333	-63.957565	120.494370
1186.000000	-63.913456	120.730713
1186.066667	-63.944935	120.693176
1186.133333	-64.051270	120.561905
1186.200000	-63.996372	120.586304
1186.266667	-64.031548	120.334839
1186.333333	-64.038254	120.529434
1186.400000	-63.972454	120.426727
1186.466667	-63.746422	120.455887
1186.533333	-64.006180	120.334938
1186.600000	-63.933201	120.400490
1186.666667	-63.790543	120.448982
1186.733333	-64.131729	120.383598
1186.800000	-64.044846	120.253319
1186.866667	-63.841942	120.353073
1186.933333	-64.021408	120.426773
1187.000000	-63.895958	120.296822
1187.066667	-64.110329	120.221802
1187.133333	-63.789951	120.402786
1187.200000	-64.076569	120.294930
1187.266667	-64.217621	120.320320
1187.333333	-64.210625	120.578957
1187.400000	-64.327942	120.404091
1187.466667	-64.181190	120.421936
1187.533333	-64.125404	120.586411
1187.600000	-64.043037	120.670692
1187.666667	-64.048439	120.652481
1187.733333	-64.273048	120.564873
1187.800000	-64.376572	120.576912
1187.866667	-64.293419	120.701126
1187.933333	-64.339096	120.596237
1188.000000	-64.368660	120.564964
1188.066667	-64.502052	120.622017
1188.133333	-64.299278	120.700233
1188.200000	-64.573540	120.439461
1188.266667	-64.358162	120.541222
1188.333333	-64.455017	120.537659
1188.400000	-64.596909	120.407875
1188.466667	-64.338577	120.464203
1188.533333	-64.444588	120.244919
1188.600000	-64.286018	120.189873
1188.666667	-64.280846	120.423492
1188.733333	-64.576515	120.278175
1188.800000	-64.432236	120.351387
1188.866667	-64.245308	120.230827
1188.933333	-64.160538	120.398041
1189.000000	-64.575294	120.271133
1189.066667	-64.396149	120.315742
1189.133333	-64.407196	120.292351
1189.200000	-64.357788	120.348816
1189.266667	-64.568993	120.382164
1189.333333	-64.482872	120.378860
1189.400000	-64.654861	120.385887
1189.466667	-64.473846	120.487625
1189.533333	-64.846260	120.337379
1189.600000	-64.573669	120.493706
1189.666667	-64.896164	120.534348
1189.733333	-64.417824	120.606415
1189.800000	-64.612030	120.570915
1189.866667	-64.639740	120.659813
1189.933333	-64.754776	120.516617
1190.000000	-64.515167	120.659210
1190.066667	-64.572449	120.711983
1190.133333	-64.707535	120.772972
1190.200000	-64.517929	120.868828
1190.266667	-64.723457	120.578674
1190.333333	-64.672272	120.495247
1190.400000	-64.685379	120.678719
1190.466667	-64.809616	120.588020
1190.533333	-64.804993	120.602844
1190.600000	-64.753113	120.432320
1190.666667	-64.699867	120.318604
1190.733333	-64.568321	120.341957
1190.800000	-64.691261	120.265442
1190.866667	-64.578056	120.391937
1190.933333	-64.748596	120.377625
1191.000000	-64.596420	120.323242
1191.066667	-64.404739	120.228706
1191.133333	-64.769417	120.280792
1191.200000	-64.651146	120.311722
1191.266667	-64.665207	120.352745
1191.333333	-64.829308	120.312973
1191.400000	-64.894981	120.294197
1191.466667	-64.673813	120.426987
1191.533333	-65.003143	120.391243
1191.600000	-64.955009	120.403084
1191.666667	-64.993408	120.424591
1191.733333	-64.970024	120.557449
1191.800000	-64.994530	120.598579
1191.866667	-65.310707	120.408707
1191.933333	-65.109192	120.656281
1192.000000	-64.761513	120.700478
1192.066667	-65.158646	120.627991
1192.133333	-65.108742	120.552254
1192.200000	-64.889191	120.721863
1192.266667	-64.951523	120.621193
1192.333333	-64.999901	120.742599
1192.400000	-65.070030	120.590424
1192.466667	-64.840233	120.584816
1192.533333	-65.127815	120.561302
1192.600000	-64.969414	120.620079
1192.666667	-64.987656	120.524361
1192.733333	-64.997353	120.509712
1192.800000	-65.120193	120.173370
1192.866667	-65.030273	120.482864
1192.933333	-65.359886	120.281029
1193.000000	-65.258163	120.302055
1193.066667	-65.063950	120.225121
1193.133333	-65.318230	120.154915
1193.200000	-65.340118	120.196663
1193.266667	-65.407921	120.198074
1193.333333	-65.006508	120.273071
1193.400000	-65.104980	120.352486
1193.466667	-65.068047	120.345673
1193.533333	-65.199585	120.240692
1193.600000	-65.139954	120.449966
1193.666667	-65.270050	120.264664
1193.733333	-65.292793	120.473488
1193.800000	-65.127487	120.430733
1193.866667	-65.302010	120.523811
1193.933333	-65.295212	120.467903
1194.000000	-65.425987	120.550774
1194.066667	-65.371437	120.517227
1194.133333	-65.210548	120.708961
1194.200000	-65.490143	120.515976
1194.266667	-65.440613	120.589745
1194.333333	-65.506813	120.443199
1194.400000	-65.463173	120.580170
1194.466667	-65.473541	120.682747
1194.533333	-65.256432	120.679947
1194.600000	-65.303680	120.598175
1194.666667	-65.490883	120.321754
1194.733333	-65.434433	120.414452
1194.800000	-65.702744	120.418510
1194.866667	-65.487984	120.520241
1194.933333	-65.442200	120.284370
1195.000000	-65.556305	120.396309
1195.066667	-65.482033	120.228996
1195.133333	-65.506584	120.396454
1195.200000	-65.272850	120.220413
1195.266667	-65.548187	120.362556
1195.333333	-65.512657	120.136948
1195.400000	-65.288620	120.351204
1195.466667	-65.270287	120.350372
1195.533333	-65.572823	120.246269
1195.600000	-65.600769	120.374596
1195.666667	-65.366989	120.378235
1195.733333	-65.689499	120.505394
1195.800000	-65.668465	120.384354
1195.866667	-65.416046	120.435814
1195.933333	-65.510178	120.533577
1196.000000	-65.695206	120.591324
1196.066667	-65.644791	120.645676
1196.133333	-65.441864	120.574081
1196.200000	-65.646896	120.591301
1196.266667	-65.734970	120.626289
1196.333333	-65.533447	120.685814
1196.400000	-65.635216	120.630699
1196.466667	-65.648170	120.601555
1196.533333	-65.752693	120.504929
1196.600000	-65.780853	120.538147
1196.666667	-65.630081	120.670959
1196.733333	-65.515747	120.680962
1196.800000	-65.596611	120.527992
1196.866667	-65.687187	120.470985
1196.933333	-65.723129	120.508995
1197.000000	-65.751709	120.490166
1197.066667	-65.879921	120.363029
1197.133333	-65.577126	120.340683
1197.200000	-65.756950	120.453522
1197.266667	-65.709816	120.224388
1197.333333	-65.700005	120.326126
1197.400000	-65.773270	120.285049
1197.466667	-65.652168	120.376328
1197.533333	-65.775681	120.095612
1197.600000	-65.569122	120.233627
1197.666667	-65.722939	120.434898
1197.733333	-65.737968	120.287918
1197.800000	-65.497475	120.465691
1197.866667	-65.627502	120.418007
1197.933333	-65.767815	120.401489
1198.000000	-66.154564	120.411903
1198.066667	-65.592216	120.511093
1198.133333	-65.753860	120.582771
1198.200000	-65.759445	120.746918
1198.266667	-65.800102	120.514259
1198.333333	-65.775673	120.617432
1198.400000	-66.027634	120.572906
1198.466667	-65.908852	120.727814
1198.533333	-65.965714	120.696136
1198.600000	-65.879074	120.771553
1198.666667	-66.096474	120.677292
1198.733333	-65.829498	120.638786
1198.800000	-65.928452	120.565170
1198.866667	-65.860092	120.547829
1198.933333	-65.776245	120.613846
1199.000000	-65.984322	120.487473
1199.066667	-65.881493	120.265625
1199.133333	-65.793571	120.494591
1199.200000	-65.927528	120.318680
1199.266667	-65.875206	120.406067
1199.333333	-65.879578	120.314507
1199.400000	-66.012192	120.337791
1199.466667	-65.895599	120.258347
1199.533333	-65.905907	120.275398
1199.600000	-65.954865	120.372719
1199.666667	-65.836372	120.264488
1199.733333	-65.976242	120.254044
1199.800000	-65.852051	120.272514
1199.866667	-65.949310	120.415413
1199.933333	-66.044495	120.412926
1200.000000	-65.967880	120.507431
