600.066667	22.870075	122.113754
600.133333	26.215414	120.826401
600.200000	29.352257	119.402885
600.266667	31.909187	118.145432
600.333333	33.282681	116.490768
600.400000	34.371300	115.151062
600.466667	34.371300	115.151062
600.533333	34.371300	115.151062
600.600000	34.371300	115.151062
600.666667	34.371300	115.151062
600.733333	34.371300	115.151062
600.800000	34.371300	115.151062
600.866667	34.371300	115.151062
600.933333	34.371300	115.151062
601.000000	34.371300	115.151062
601.066667	34.371300	115.151062
601.133333	34.371300	115.151062
601.200000	34.371300	115.151062
601.266667	34.371300	115.151062
601.333333	34.371300	115.151062
601.400000	34.371300	115.151062
601.466667	34.371300	115.151062
601.533333	34.371300	115.151062
601.600000	34.371300	115.151062
601.666667	33.518188	115.599815
601.733333	31.727484	117.365227
601.800000	28.766148	117.979195
601.866667	25.690395	119.553223
601.933333	23.056665	120.351280
602.000000	20.002010	121.719872
602.066667	17.109303	122.358521
602.133333	14.198079	123.646339
602.200000	11.769627	123.335754
602.266667	8.877740	123.503761
602.333333	5.706993	122.722565
602.400000	1.952215	123.181908
602.466667	-1.119447	122.164040
602.533333	-3.607319	120.839760
602.600000	-6.413562	121.199310
602.666667	-7.895810	121.570435
602.733333	-7.377683	120.962631
602.800000	-6.306422	120.959915
602.866667	-5.598854	120.782707
602.933333	-5.952012	121.672440
603.000000	-5.933061	121.378944
603.066667	-5.582240	121.787155
603.133333	-4.701855	121.282349
603.200000	-3.867024	121.618729
603.266667	-2.657218	121.058594
603.333333	-1.410913	121.143707
603.400000	0.416647	120.886673
603.466667	2.845780	121.214539
603.533333	5.936522	120.654320
603.600000	9.611783	120.876602
603.666667	13.277295	120.037102
603.733333	16.436876	119.274994
603.800000	18.499502	118.482307
603.866667	19.783392	118.471642
603.933333	21.540735	117.018990
604.000000	23.818432	116.954575
604.066667	26.472099	115.649330
604.133333	29.087204	115.159050
604.200000	31.388979	114.244789
604.266667	33.001209	113.332153
604.333333	33.829556	112.515015
604.400000	34.307945	111.548859
604.466667	34.542049	111.568352
604.533333	34.572819	110.756126
604.600000	34.443958	110.992981
604.666667	34.362625	110.822273
604.733333	34.345222	111.223557
604.800000	34.251434	110.530334
604.866667	34.062935	110.814598
604.933333	33.470821	110.943504
605.000000	32.789551	111.787529
605.066667	31.462397	112.361427
605.133333	29.578182	113.348190
605.200000	27.415291	114.286507
605.266667	25.126436	115.387466
605.333333	22.716841	116.297340
605.400000	20.286711	117.337799
605.466667	17.927719	118.269653
605.533333	15.587677	119.501976
605.600000	13.164091	120.278267
605.666667	11.070910	121.153015
605.733333	9.030394	121.998566
605.800000	7.130239	122.496918
605.866667	5.483291	123.365173
605.933333	4.300308	123.761024
606.000000	3.229230	124.312622
606.066667	2.623256	124.226875
606.133333	2.295889	124.451721
606.200000	2.620392	124.200928
606.266667	2.830000	124.151535
606.333333	3.694154	123.848320
606.400000	4.600306	123.107712
606.466667	5.912745	122.263138
606.533333	7.207394	121.235886
606.600000	8.449722	121.348778
606.666667	10.571360	120.053902
606.733333	12.776795	119.425941
606.800000	15.008594	118.517670
606.866667	16.738821	117.673775
606.933333	18.640154	117.271942
607.000000	20.588173	115.987534
607.066667	22.519337	115.534019
607.133333	24.161785	114.473427
607.200000	25.632452	114.134422
607.266667	26.849972	113.445381
607.333333	28.029650	113.098190
607.400000	28.846458	112.578178
607.466667	29.295860	112.526939
607.533333	29.403030	112.452644
607.600000	29.256775	112.519897
607.666667	28.887133	112.812637
607.733333	28.400677	112.816101
607.800000	27.528898	113.429680
607.866667	26.387110	113.571571
607.933333	24.738850	114.529968
608.000000	23.048391	114.941986
608.066667	21.185694	115.987030
608.133333	19.408993	116.484909
608.200000	17.330446	117.491615
608.266667	15.360381	118.153023
608.333333	13.049191	119.034126
608.400000	10.845130	119.827057
608.466667	8.803810	120.368958
608.533333	6.510184	121.232918
608.600000	4.583078	121.443779
608.666667	2.554474	122.153908
608.733333	0.711786	122.219368
608.800000	-1.399412	122.641830
608.866667	-3.117379	122.352654
608.933333	-4.871696	122.539238
609.000000	-6.517418	122.013519
609.066667	-8.116876	121.838211
609.133333	-9.763248	121.222389
609.200000	-11.130047	120.626053
609.266667	-12.600700	120.004745
609.333333	-14.066417	119.148331
609.400000	-15.608500	118.613495
609.466667	-17.015112	117.685562
609.533333	-18.639467	117.299362
609.600000	-20.064253	116.451164
609.666667	-21.660074	116.158272
609.733333	-23.220613	115.561256
609.800000	-25.033476	116.012817
609.866667	-26.326349	115.463692
609.933333	-27.734049	115.986061
610.000000	-28.931154	116.720024
610.066667	-29.838198	117.299339
610.133333	-30.637154	118.026733
610.200000	-31.428900	118.813148
610.266667	-32.442410	120.018990
610.333333	-33.211647	120.717735
610.400000	-34.138287	121.817757
610.466667	-34.851700	122.251495
610.533333	-35.510120	123.170395
610.600000	-36.106163	123.447441
610.666667	-36.664131	123.910797
610.733333	-37.160358	123.921104
610.800000	-37.533478	123.917374
610.866667	-37.841446	123.714478
610.933333	-38.092335	123.139587
611.000000	-38.198917	122.794197
611.066667	-38.232819	121.787041
611.133333	-38.321953	121.263184
611.200000	-38.295101	120.048943
611.266667	-38.498398	119.371994
611.333333	-38.452118	118.223282
611.400000	-38.428413	117.407341
611.466667	-38.397156	116.409561
611.533333	-38.551914	115.859482
611.600000	-38.737221	115.103447
611.666667	-38.872742	114.647949
611.733333	-39.206013	114.369019
611.800000	-39.588509	114.211609
611.866667	-40.593521	114.428307
612.000000	-41.195816	115.178604
612.066667	-42.750111	116.515671
612.200000	-43.453392	117.096107
612.266667	-45.089687	118.962746
612.333333	-45.952690	120.135841
612.400000	-46.734463	120.871712
612.466667	-47.544098	121.699364
612.533333	-47.544098	121.699364
612.600000	-48.200802	122.569908
612.666667	-48.822464	123.188591
612.733333	-49.406170	123.770103
612.800000	-49.712242	123.847923
612.866667	-50.212200	124.270729
612.933333	-50.436535	123.927017
613.000000	-50.693466	123.918495
613.066667	-50.781361	123.267494
613.133333	-50.934967	122.845421
613.200000	-50.770626	121.992516
613.266667	-50.752785	121.524605
613.333333	-50.339733	120.279823
613.400000	-49.981216	119.547112
613.466667	-49.747826	118.511475
613.533333	-49.352886	117.768631
613.600000	-49.064518	117.452347
613.666667	-48.154633	116.602844
613.733333	-46.744907	115.712929
613.800000	-46.115849	115.751404
613.933333	-45.541935	115.661957
614.000000	-44.983727	116.074593
614.066667	-43.948921	116.971504
614.133333	-43.247597	116.974945
614.200000	-42.886288	118.039894
614.266667	-42.403637	118.336082
614.333333	-41.862026	119.355812
614.400000	-41.433395	119.791565
614.466667	-40.961792	120.685760
614.600000	-40.527691	121.187828
614.666667	-39.949966	121.698441
614.733333	-39.395309	122.258110
614.800000	-38.777538	122.315262
614.866667	-37.418682	122.493660
614.933333	-37.418682	122.493660
615.000000	-36.730198	122.802643
615.066667	-35.869473	122.099846
615.133333	-34.783306	122.148430
615.200000	-33.805851	121.264244
615.266667	-32.950375	121.318283
615.333333	-31.585125	120.380928
615.400000	-30.473045	119.834885
615.466667	-29.250101	119.261284
615.533333	-27.937717	118.584755
615.600000	-26.502254	118.232712
615.666667	-25.068653	117.601074
615.733333	-23.500864	117.405037
615.800000	-21.976439	116.833359
615.866667	-20.547585	116.898438
615.933333	-19.014439	116.524910
616.000000	-17.845001	116.786118
616.066667	-16.372198	116.604088
616.133333	-14.872649	116.976288
616.200000	-13.671885	117.075111
616.266667	-12.418484	117.515175
616.333333	-11.160389	117.805199
616.400000	-9.885345	118.223755
616.466667	-8.768127	118.840530
616.533333	-7.507616	119.037254
616.600000	-6.237615	119.752342
616.666667	-5.025929	119.874847
616.733333	-3.895847	120.514725
616.800000	-2.357330	120.616524
616.866667	-1.183045	121.054352
616.933333	0.251414	120.965530
617.000000	1.635489	121.230156
617.066667	3.162889	121.063797
617.133333	4.402987	121.055199
617.200000	6.012246	120.794914
617.266667	7.657081	120.486908
617.333333	9.233444	120.249275
617.400000	10.821836	119.630737
617.466667	12.383114	119.352425
617.533333	14.150513	118.371246
617.600000	15.459782	118.129982
617.666667	16.686703	117.230309
617.733333	18.035484	116.844818
617.800000	19.445724	116.040604
617.866667	20.509623	115.824409
617.933333	21.806822	115.291855
618.000000	22.776457	115.119453
618.066667	23.813734	114.711411
618.133333	24.317751	114.655853
618.200000	24.472683	114.470291
618.266667	24.511358	114.283592
618.333333	24.476099	114.457893
618.400000	24.397760	114.481781
618.466667	24.116873	114.680557
618.533333	23.345779	114.881020
618.600000	22.441286	115.415451
618.666667	21.419580	115.623756
618.733333	20.259172	116.046638
618.800000	19.056376	116.700882
618.866667	17.859747	117.101707
618.933333	16.510162	117.720421
619.000000	15.020072	118.187454
619.066667	13.357450	118.910576
619.133333	11.784310	119.235985
619.200000	10.287707	119.895317
619.266667	8.876444	120.102257
619.333333	7.159485	120.651077
619.400000	5.757813	120.835007
619.466667	4.320404	121.246422
619.533333	2.939537	121.221336
619.600000	1.690081	121.209099
619.666667	0.326159	121.190002
619.733333	-0.913463	120.992798
619.800000	-2.208621	120.754845
619.866667	-3.266672	120.314369
619.933333	-4.387767	120.112717
620.000000	-5.639400	119.517166
620.066667	-6.810876	119.235611
620.133333	-7.759431	118.633858
620.200000	-8.928958	118.327301
620.266667	-9.955066	117.762856
620.333333	-11.102663	117.427101
620.400000	-12.281318	117.092773
620.466667	-13.472471	117.083076
620.533333	-14.500494	117.052979
620.600000	-15.301361	117.167191
620.666667	-15.952027	117.424271
620.733333	-16.340706	117.782303
620.800000	-16.751230	118.575348
620.866667	-17.118999	119.167831
620.933333	-17.298002	119.862869
621.000000	-17.291315	120.498840
621.066667	-17.412109	121.252785
621.133333	-17.547274	121.633179
621.200000	-17.522108	122.298882
621.266667	-17.334751	122.401344
621.333333	-17.303032	122.930550
621.400000	-16.945341	122.747459
621.466667	-16.785709	122.902679
621.533333	-16.444628	122.484978
621.600000	-15.974504	122.286949
621.666667	-15.558824	121.743492
621.733333	-15.020545	121.123810
621.800000	-14.377158	120.402870
621.866667	-13.960025	119.664070
621.933333	-13.369645	119.008156
622.000000	-12.798723	117.997505
622.066667	-12.276490	117.683029
622.133333	-11.611403	116.922417
622.200000	-10.841980	116.642548
622.266667	-10.025610	116.108505
622.333333	-9.236577	116.096176
622.400000	-8.204388	115.800224
622.466667	-7.332539	116.111382
622.533333	-6.507583	116.133224
622.600000	-5.165510	117.126900
622.666667	-5.165510	117.126900
622.733333	-4.317722	117.542152
622.800000	-3.658207	118.213043
622.866667	-3.028828	118.610992
622.933333	-2.325587	119.423050
623.000000	-1.008959	120.612541
623.066667	-1.008959	120.612541
623.133333	-0.176458	120.767014
623.200000	0.708461	121.427986
623.266667	1.465519	121.487007
623.333333	2.376284	121.731308
623.400000	4.032011	121.681107
623.466667	4.032011	121.681107
623.533333	5.189853	121.530472
623.600000	6.280204	121.213417
623.666667	7.332732	120.968666
623.733333	8.535002	120.355614
623.800000	10.860208	119.202354
623.866667	11.876624	118.833786
623.933333	11.876624	118.833786
624.000000	13.260972	117.915031
624.066667	14.517021	117.530968
624.133333	15.798749	116.895691
624.200000	17.970087	116.031792
624.266667	19.130754	115.772293
624.333333	19.130754	115.772293
624.400000	20.175209	115.614677
624.466667	21.189005	115.467140
624.533333	21.983009	115.464218
624.600000	22.870361	115.259789
624.666667	22.456196	115.143990
624.733333	22.456196	115.143990
624.800000	22.255793	115.135880
624.866667	21.730356	115.099945
624.933333	21.189085	115.342377
625.000000	20.033962	115.948021
625.066667	19.422516	116.463936
625.133333	19.422516	116.463936
625.200000	18.583021	116.748123
625.266667	17.550234	117.392052
625.333333	16.415016	117.693649
625.400000	13.264045	118.541931
625.466667	11.863739	118.712051
625.533333	10.347573	119.202095
625.600000	10.347573	119.202095
625.666667	9.093550	119.373543
625.733333	7.580943	119.763695
625.800000	4.759333	120.236687
625.866667	3.493037	120.287560
625.933333	2.196863	120.492027
626.000000	2.196863	120.492027
626.066667	0.778604	120.416077
626.133333	-0.427388	120.353004
626.200000	-2.951300	120.121948
626.266667	-4.034387	119.945183
626.333333	-5.289791	119.615822
626.400000	-5.289791	119.615822
626.466667	-6.548329	119.384933
626.533333	-7.529233	119.021378
626.600000	-9.770041	118.372566
626.666667	-10.944352	118.244553
626.733333	-12.030877	117.864685
626.800000	-13.121199	117.708595
626.866667	-13.121199	117.708595
626.933333	-14.487175	117.497917
627.000000	-16.990768	117.358696
627.066667	-18.206226	117.538544
627.133333	-19.339617	117.777534
627.200000	-20.465853	118.121330
627.266667	-20.465853	118.121330
627.333333	-21.231129	118.489662
627.400000	-22.736687	119.390594
627.466667	-23.245232	119.936005
627.533333	-23.856552	120.484589
627.600000	-24.428894	120.944763
627.666667	-24.428894	120.944763
627.733333	-24.925373	121.462425
627.800000	-26.040634	122.011536
627.866667	-26.257471	122.070419
627.933333	-26.810463	122.114342
628.000000	-26.881786	121.914238
628.066667	-27.233953	121.790359
628.133333	-27.233953	121.790359
628.200000	-27.643879	121.162498
628.266667	-27.584080	120.684319
628.333333	-27.407454	120.336792
628.400000	-27.031487	119.984093
628.466667	-26.418257	119.630280
628.533333	-26.418257	119.630280
628.600000	-24.733583	119.159142
628.666667	-23.819988	119.123985
628.733333	-22.870298	118.825813
628.800000	-21.926962	118.891357
628.866667	-20.709587	118.669807
628.933333	-20.709587	118.669807
629.000000	-18.873394	118.459808
629.066667	-17.914053	118.495750
629.133333	-16.951954	118.483604
629.200000	-16.080875	118.470589
629.266667	-15.052601	118.521675
629.333333	-15.052601	118.521675
629.400000	-13.206802	118.616875
629.466667	-12.338167	118.573769
629.533333	-11.447794	118.840294
629.600000	-10.471767	118.709160
629.666667	-9.669336	118.978668
629.733333	-8.616302	118.879425
629.800000	-7.861040	119.091103
629.866667	-7.000788	119.079483
629.933333	-6.021453	119.266029
630.000000	-5.046478	119.249474
630.066667	-4.157861	119.363297
630.133333	-3.173465	119.354416
630.200000	-2.086224	119.282867
630.266667	-1.275931	119.326035
630.333333	-0.282339	119.227768
630.400000	0.570798	119.289253
630.466667	1.635495	118.983200
630.533333	2.658864	119.190697
630.600000	3.481489	118.942032
630.666667	4.475761	118.955208
630.733333	5.598259	118.810753
630.800000	6.400900	118.731323
630.866667	7.637929	118.499016
630.933333	8.543019	118.439415
631.000000	9.447244	118.420242
631.066667	10.664365	118.202393
631.133333	11.524688	118.269341
631.200000	12.472685	118.133675
631.266667	13.487114	118.103813
631.333333	14.412107	118.009926
631.400000	15.492796	118.176987
631.466667	16.453176	117.484550
631.600000	16.905573	117.413704
631.666667	16.872234	117.148560
631.733333	17.105074	116.629730
631.866667	17.081747	116.505676
631.933333	17.145561	116.398659
632.000000	16.915884	116.497482
632.066667	16.899221	116.437325
632.133333	16.790930	116.881165
632.200000	16.726385	116.965370
632.266667	16.460186	117.351562
632.333333	16.280573	117.583344
632.400000	15.865394	117.716766
632.466667	15.331730	118.016640
632.533333	14.374387	118.395279
632.600000	13.471760	118.369637
632.666667	12.546659	118.515686
632.733333	11.719859	118.636726
632.800000	10.880577	118.741661
632.866667	10.041717	118.903885
632.933333	9.163234	118.928780
633.000000	8.279165	119.070587
633.066667	7.418733	119.048622
633.133333	6.555904	119.160805
633.200000	5.686334	119.141685
633.266667	4.853431	119.211990
633.333333	3.144258	119.216682
633.466667	2.378503	119.170929
633.533333	1.535454	119.226624
633.600000	0.628350	119.096046
633.666667	-0.068973	118.978096
633.733333	-0.877121	118.947830
633.800000	-1.753538	118.862373
633.866667	-2.431369	118.744820
633.933333	-3.270262	118.653908
634.000000	-4.155658	118.641701
634.066667	-5.069263	118.540382
634.133333	-5.750041	118.591484
634.200000	-6.547323	118.455399
634.266667	-7.345539	118.543076
634.333333	-8.122182	118.484772
634.400000	-8.949066	118.462761
634.466667	-9.800744	118.571274
634.600000	-11.391670	118.622665
634.666667	-12.286792	118.739479
634.733333	-14.140412	119.019112
634.866667	-14.745911	119.148140
634.933333	-15.553939	119.295967
635.000000	-16.100813	119.558144
635.066667	-16.510441	119.824249
635.133333	-17.433950	120.207047
635.200000	-17.433950	120.207047
635.266667	-17.820396	120.353706
635.333333	-18.207699	120.465416
635.400000	-18.491510	120.462273
635.466667	-18.870281	120.610214
635.533333	-19.070934	120.395645
635.600000	-19.367296	120.358734
635.666667	-19.698135	120.169334
635.800000	-19.738251	119.950737
635.866667	-19.828032	119.846123
635.933333	-19.659269	119.508614
636.000000	-19.473877	119.499908
636.066667	-19.114050	119.418724
636.133333	-18.383677	119.363846
636.266667	-17.679262	119.366966
636.333333	-16.976080	119.305573
636.400000	-16.364817	119.379890
636.466667	-15.691290	119.362465
636.533333	-14.882428	119.315254
636.600000	-14.275383	119.405716
636.666667	-13.467001	119.398247
636.733333	-12.756495	119.310333
636.800000	-11.388458	119.262650
636.866667	-11.388458	119.262650
637.000000	-9.960521	119.149582
637.066667	-9.130778	119.065125
637.200000	-7.645389	118.828804
637.266667	-7.041991	118.783188
637.400000	-5.455160	118.538589
637.466667	-4.704833	118.555435
637.533333	-3.210871	118.455780
637.666667	-2.551976	118.472588
637.733333	-1.858227	118.460014
637.800000	-1.274569	118.448723
637.866667	-0.427845	118.491570
637.933333	0.172141	118.500641
638.000000	0.849057	118.627930
638.066667	1.523229	118.659370
638.133333	2.285084	118.707985
638.200000	2.931114	118.783417
638.266667	4.230708	119.030968
638.333333	4.965370	119.021309
638.400000	5.606132	119.067162
638.533333	6.393632	119.000160
638.600000	7.050653	119.079071
638.666667	7.746940	119.129158
638.733333	8.515641	119.102509
638.800000	9.915373	119.106659
638.866667	10.708011	119.055878
638.933333	11.377946	118.908951
639.000000	12.013304	118.933250
639.133333	12.804760	118.848885
639.200000	13.528196	118.777557
639.266667	14.315791	118.446228
639.333333	14.809984	118.245628
639.400000	15.233521	118.026566
639.466667	15.598734	117.782547
639.533333	15.970284	117.473068
639.600000	16.156788	117.201012
639.666667	16.338646	117.088165
639.733333	16.622992	116.999077
639.800000	16.697172	116.920540
639.866667	16.954819	116.973122
639.933333	17.147066	117.015900
640.000000	17.375891	117.220367
640.066667	17.416279	117.263847
640.133333	17.402613	117.287025
640.200000	16.991735	117.460365
640.266667	16.436239	117.592476
640.333333	15.916052	117.590843
640.400000	15.377698	117.714142
640.466667	14.821009	117.680901
640.533333	14.133801	117.956161
640.600000	13.405106	118.064056
640.666667	12.772733	118.369232
640.733333	12.210653	118.654198
640.800000	11.621561	118.642578
640.866667	10.906895	118.992828
640.933333	10.415565	119.089157
641.000000	9.738752	119.442802
641.066667	9.219044	119.432289
641.133333	8.632759	119.653946
641.200000	8.006863	119.637901
641.266667	7.525544	119.828430
641.333333	6.920452	119.641998
641.400000	6.377241	119.784737
641.466667	5.961741	119.659286
641.533333	5.395585	119.563492
641.600000	5.090871	119.422035
641.666667	4.562519	119.270065
641.733333	4.099936	119.207626
641.800000	3.816043	119.022285
641.866667	3.467559	118.935356
641.933333	3.311595	118.594597
642.000000	3.123265	118.820358
642.066667	2.901860	118.551575
642.133333	2.721361	118.682442
642.200000	2.585374	118.405090
642.266667	2.306156	118.636864
642.333333	2.296970	118.401100
642.400000	2.036690	118.634026
642.466667	2.056623	118.476952
642.533333	1.805041	118.677101
642.600000	1.651359	118.606522
642.666667	1.412318	118.819092
642.733333	1.329659	118.891800
642.800000	1.188744	118.835564
642.866667	1.104525	118.925964
642.933333	0.897416	118.838753
643.000000	0.810190	119.084290
643.066667	0.687621	118.982918
643.133333	0.430655	119.235306
643.200000	0.292864	118.950249
643.266667	0.103899	119.143517
643.333333	0.153305	119.096809
643.400000	0.101112	119.038536
643.466667	-0.052504	119.069077
643.533333	-0.255439	119.029610
643.600000	-0.373404	119.031822
643.666667	-0.459652	118.966248
643.733333	-0.561384	119.029106
643.800000	-0.563061	118.700508
643.866667	-0.690400	118.840363
643.933333	-0.756237	118.640274
644.000000	-0.910084	118.834969
644.066667	-0.963435	118.667641
644.133333	-0.963137	118.692146
644.200000	-0.973274	118.589424
644.266667	-1.116892	118.725624
644.333333	-1.234134	118.708168
644.400000	-1.035507	118.829758
644.466667	-1.212579	118.850967
644.533333	-1.091778	118.773087
644.600000	-1.172155	118.950371
644.666667	-1.024056	118.924721
644.733333	-1.053798	119.181488
644.800000	-0.990677	119.028603
644.866667	-1.057852	119.173050
644.933333	-0.929086	119.165581
645.000000	-0.861142	119.271049
645.066667	-0.921680	119.129173
645.133333	-0.801871	119.259239
645.200000	-0.798415	119.254349
645.266667	-0.598902	119.132591
645.333333	-0.497869	119.101105
645.400000	-0.469962	119.002892
645.466667	-0.309176	118.988747
645.533333	-0.280089	118.827133
645.600000	-0.215864	118.971672
645.666667	0.036386	118.668694
645.733333	0.058180	118.827026
645.800000	0.189230	118.535210
645.866667	0.228012	118.684349
645.933333	0.343733	118.534889
646.000000	0.378817	118.500504
646.066667	0.525903	118.391060
646.133333	0.543631	118.491005
646.200000	0.686525	118.506256
646.266667	0.730049	118.518852
646.333333	0.609972	118.598473
646.400000	0.798653	118.466286
646.466667	0.938766	118.648949
646.533333	0.999387	118.679787
646.600000	0.949877	118.863487
646.666667	0.896671	118.789940
646.733333	0.909778	118.981987
646.800000	1.027524	118.990005
646.866667	1.137282	119.061424
646.933333	1.088660	119.100471
647.000000	1.265324	119.083427
647.066667	1.350983	119.135307
647.133333	1.220868	119.158783
647.200000	1.299268	119.178848
647.266667	1.538074	119.050064
647.333333	1.563805	119.262817
647.400000	1.507034	119.032745
647.466667	1.723440	119.128548
647.533333	1.812016	118.856636
647.600000	1.874893	118.919930
647.666667	1.971523	118.873459
647.733333	2.072928	118.908875
647.800000	2.379428	118.732178
647.866667	2.358727	118.640358
647.933333	2.377914	118.630928
648.000000	2.562386	118.549889
648.066667	2.520421	118.549194
648.133333	2.679313	118.460602
648.200000	2.793538	118.529594
648.266667	2.728771	118.339508
648.333333	2.839711	118.539543
648.400000	2.819567	118.380157
648.466667	2.943807	118.558830
648.533333	2.982021	118.547310
648.600000	3.137428	118.710205
648.666667	3.076942	118.662170
648.733333	3.267965	118.765259
648.800000	3.211233	118.830063
648.866667	3.285821	118.848846
648.933333	3.377911	118.976830
649.000000	3.440686	118.978455
649.066667	3.508302	119.112923
649.133333	3.506536	119.024239
649.200000	3.659915	119.215477
649.266667	3.725324	119.089340
649.333333	3.669903	119.137695
649.400000	3.791130	119.163254
649.466667	3.884041	119.146957
649.533333	3.882046	119.070114
649.600000	4.126229	118.996788
649.666667	4.153769	119.046295
649.733333	4.247697	118.923515
649.800000	4.371461	118.864639
649.866667	4.457323	118.718987
649.933333	4.622006	118.730522
650.000000	4.568176	118.623657
650.066667	4.734248	118.647026
650.133333	4.873091	118.519379
650.200000	4.980085	118.579414
650.266667	5.018969	118.440125
650.333333	5.124230	118.467117
650.400000	5.087158	118.492516
650.466667	5.257446	118.549469
650.533333	5.355134	118.494255
650.600000	5.484004	118.454620
650.666667	5.385793	118.623650
650.733333	5.460436	118.519409
650.800000	5.469293	118.796669
650.866667	5.669652	118.700172
650.933333	5.653917	118.915489
651.000000	5.682469	118.893967
651.066667	5.639421	118.997719
651.133333	5.842791	118.978165
651.200000	5.741529	119.139038
651.266667	5.912761	119.102325
651.333333	5.994926	119.099411
651.400000	6.077264	119.178749
651.466667	6.079816	119.104507
651.533333	6.207930	119.220161
651.600000	6.291770	119.024483
651.666667	6.253102	119.158234
651.733333	6.417961	118.919151
651.800000	6.581097	119.044090
651.866667	6.706098	118.856079
651.933333	6.817698	118.870926
652.000000	6.920060	118.693169
652.066667	6.919211	118.648697
652.133333	7.162267	118.596230
652.200000	7.220044	118.551155
652.266667	7.362391	118.560028
652.333333	7.399977	118.392082
652.400000	7.481516	118.417152
652.466667	7.547297	118.361084
652.533333	7.657461	118.447548
652.600000	7.806699	118.354538
652.666667	7.771759	118.518974
652.733333	7.813018	118.274719
652.800000	7.980285	118.587387
652.866667	8.009206	118.524353
652.933333	8.015611	118.595612
653.000000	8.002354	118.748886
653.066667	8.127636	118.777504
653.133333	8.191377	118.833565
653.200000	8.179854	118.863869
653.266667	8.327873	118.998909
653.333333	8.415969	118.950043
653.400000	8.387622	119.078125
653.466667	8.516150	119.076576
653.533333	8.557597	119.188217
653.600000	8.591502	119.072220
653.666667	8.734251	119.093719
653.733333	8.880664	119.024239
653.800000	8.892336	119.036499
653.866667	8.841851	118.974556
653.933333	9.123983	118.919998
654.000000	9.265327	118.817665
654.066667	9.441711	118.705811
654.133333	9.362560	118.708923
654.200000	9.611767	118.541916
654.266667	9.741858	118.459953
654.400000	10.069989	118.398109
654.466667	9.919545	118.461792
654.533333	10.124684	118.321632
654.666667	10.301175	118.338852
654.733333	10.278027	118.442726
654.800000	10.284445	118.443771
654.866667	10.284445	118.443771
654.933333	10.534201	118.428406
655.000000	10.455787	118.558388
655.066667	10.610545	118.537781
655.133333	10.700921	118.750122
655.200000	10.629609	118.729141
655.266667	10.688890	118.861664
655.333333	10.684541	118.881798
655.400000	10.864086	118.953644
655.466667	10.953968	119.134766
655.533333	11.052745	119.077988
655.600000	11.115472	119.085938
655.666667	11.277416	118.976349
655.733333	11.291178	119.036583
655.866667	11.281100	119.008072
655.933333	11.563991	119.005508
656.000000	11.722538	118.910851
656.066667	11.804848	118.800179
656.133333	11.918675	118.693138
656.200000	11.990729	118.675240
656.333333	12.193793	118.512604
656.400000	12.380986	118.488922
656.466667	12.583546	118.448120
656.533333	12.473957	118.418663
656.600000	12.728905	118.313637
656.733333	12.668351	118.368088
656.800000	12.830513	118.454483
656.933333	13.141520	118.516136
657.000000	13.211403	118.413094
657.133333	13.174913	118.652069
657.200000	13.401402	118.646530
657.266667	13.364744	118.718689
657.400000	13.381787	118.853790
657.466667	13.553185	118.860313
657.533333	13.445057	118.920151
657.600000	13.448494	118.700951
657.666667	13.448494	118.700951
657.733333	13.239651	118.851982
657.800000	13.195263	118.693405
657.866667	13.195263	118.693405
657.933333	13.003192	118.554581
658.000000	13.083791	118.505707
658.066667	12.990757	118.511482
658.133333	12.790796	118.489403
658.200000	12.782644	118.444611
658.333333	12.595969	118.549629
658.400000	12.566651	118.374573
658.466667	12.344532	118.441193
658.533333	12.253630	118.514778
658.600000	12.072774	118.507767
658.666667	12.073358	118.563156
658.733333	11.919541	118.611572
658.866667	11.882610	118.658981
658.933333	11.557913	118.866661
659.000000	11.444765	118.806976
659.066667	11.379721	118.804779
659.133333	11.343352	119.069817
659.200000	11.104940	118.949295
659.266667	11.089305	118.977715
659.400000	10.824743	119.080399
659.533333	10.850907	118.944000
659.600000	10.666525	118.958687
659.733333	10.559837	118.879013
659.800000	10.381062	118.781006
659.866667	10.510048	118.785439
660.000000	10.286276	118.652481
