180.066667	-178.841125	114.606514
180.133333	-178.910721	114.618248
180.200000	-178.921097	114.616348
180.266667	-178.932358	114.651207
180.333333	-178.932266	114.668594
180.400000	-178.939468	114.699554
180.466667	-178.970093	114.743355
180.533333	-178.995438	114.812004
180.600000	-179.038330	114.856781
180.666667	-179.010559	114.883362
180.733333	-179.062317	114.924019
180.800000	-179.110413	114.957100
180.866667	-179.060516	115.023354
180.933333	-179.115067	115.023743
181.000000	-179.099686	115.043549
181.066667	-179.206955	115.021179
181.133333	-179.196854	115.033951
181.200000	-179.178665	115.039757
181.266667	-179.208252	114.992294
181.333333	-179.220947	114.970551
181.400000	-179.215973	114.930763
181.466667	-179.196198	114.913544
181.533333	-179.204941	114.858963
181.600000	-179.186371	114.813828
181.666667	-179.193542	114.784103
181.733333	-179.204758	114.752876
181.800000	-179.176910	114.693367
181.866667	-179.177444	114.651398
181.933333	-179.189316	114.659081
182.000000	-179.179901	114.616913
182.066667	-179.204483	114.604759
182.133333	-179.209793	114.618690
182.200000	-179.205811	114.607285
182.266667	-179.250854	114.598167
182.333333	-179.214386	114.623238
182.400000	-179.226166	114.649414
182.466667	-179.302505	114.685280
182.533333	-179.302155	114.723999
182.600000	-179.327362	114.755615
182.666667	-179.424484	114.825447
182.733333	-179.410416	114.824219
182.800000	-179.442444	114.861717
182.866667	-179.431564	114.904411
182.933333	-179.494247	114.926605
183.000000	-179.480011	114.943001
183.066667	-179.557999	114.980072
183.133333	-179.529816	114.982452
183.200000	-179.522003	114.974907
183.266667	-179.557541	115.005989
183.333333	-179.627914	114.996643
183.400000	-179.557831	114.975494
183.466667	-179.575912	114.966660
183.533333	-179.581848	114.912468
183.600000	-179.557892	114.909126
183.666667	-179.547043	114.872765
183.733333	-179.533585	114.816643
183.800000	-179.519806	114.789986
183.866667	-179.542953	114.741447
183.933333	-179.536209	114.681450
184.000000	-179.514374	114.633865
184.066667	-179.484177	114.654495
184.133333	-179.511047	114.602005
184.200000	-179.528336	114.590576
184.266667	-179.531937	114.552849
184.333333	-179.587723	114.572090
184.400000	-179.598816	114.608620
184.466667	-179.616364	114.584068
184.533333	-179.664383	114.613609
184.600000	-179.662643	114.655060
184.666667	-179.712814	114.654236
184.733333	-179.683929	114.697327
184.800000	-179.746872	114.749588
184.866667	-179.813858	114.798462
184.933333	-179.813431	114.821823
185.000000	-179.785950	114.890968
185.066667	-179.840805	114.907799
185.133333	-179.791794	114.962105
185.200000	-179.911285	114.970917
185.266667	-179.911163	115.014023
185.333333	-179.896271	114.989655
185.400000	-179.912155	114.972725
185.466667	-179.885422	114.986252
185.533333	-179.915298	114.968483
185.600000	-179.926697	114.925156
185.666667	-179.921539	114.923897
185.733333	-179.938477	114.858650
185.800000	-179.899094	114.810921
185.866667	-179.870773	114.767555
185.933333	-179.914673	114.700623
186.000000	-179.934235	114.677704
186.066667	-179.904465	114.668282
186.133333	-179.902115	114.623970
186.200000	-179.905273	114.588493
186.266667	-179.907639	114.572441
186.333333	-179.944077	114.556831
186.400000	-179.897644	114.543282
186.466667	-179.941086	114.541061
186.533333	-179.907440	114.564491
186.600000	-179.978058	114.570534
186.666667	-179.967651	114.613487
186.733333	-180.010162	114.644554
186.800000	-180.036591	114.680183
186.866667	-180.037262	114.701614
186.933333	-180.076187	114.763809
187.000000	-180.090759	114.779922
187.066667	-180.151978	114.832893
187.133333	-180.168625	114.853355
187.200000	-180.198776	114.898674
187.266667	-180.237900	114.929749
187.333333	-180.231873	114.960297
187.400000	-180.312531	114.968399
187.466667	-180.281967	114.931473
187.533333	-180.340195	114.978943
187.600000	-180.296310	114.918900
187.666667	-180.338821	114.909424
187.733333	-180.312317	114.925011
187.800000	-180.299973	114.851006
187.866667	-180.289764	114.826668
187.933333	-180.279312	114.808189
188.000000	-180.278717	114.753075
188.066667	-180.287338	114.700615
188.133333	-180.249802	114.682243
188.200000	-180.242752	114.640701
188.266667	-180.254623	114.640564
188.333333	-180.194916	114.568878
188.400000	-180.217865	114.584885
188.466667	-180.223251	114.564560
188.533333	-180.252090	114.536797
188.600000	-180.288040	114.547974
188.666667	-180.296768	114.555656
188.733333	-180.306290	114.577065
188.800000	-180.338669	114.577866
188.866667	-180.368683	114.622101
188.933333	-180.410522	114.652817
189.000000	-180.461212	114.681717
189.066667	-180.449905	114.724586
189.133333	-180.500443	114.765221
189.200000	-180.484451	114.799400
189.266667	-180.541397	114.838531
189.333333	-180.608536	114.891975
189.400000	-180.667084	114.906456
189.466667	-180.600891	114.921005
189.533333	-180.636139	114.933975
189.600000	-180.620148	114.945625
189.666667	-180.580307	114.963516
189.733333	-180.647247	114.917931
189.800000	-180.677887	114.918327
189.866667	-180.607300	114.885025
189.933333	-180.661804	114.854691
190.000000	-180.654800	114.826653
190.066667	-180.651031	114.800575
190.133333	-180.644684	114.736855
190.200000	-180.645721	114.692886
190.266667	-180.643082	114.657921
190.333333	-180.621490	114.630707
190.400000	-180.584808	114.583221
190.466667	-180.643036	114.563133
190.533333	-180.642014	114.509209
190.600000	-180.599899	114.513130
190.666667	-180.648392	114.507256
190.733333	-180.628189	114.496361
190.800000	-180.660446	114.530037
190.866667	-180.655548	114.561417
190.933333	-180.660278	114.564789
191.000000	-180.659485	114.597824
191.066667	-180.723297	114.654968
191.133333	-180.735611	114.699310
191.200000	-180.750290	114.736603
191.266667	-180.798965	114.784920
191.333333	-180.794708	114.809265
191.400000	-180.840164	114.840332
191.466667	-180.883194	114.882225
191.533333	-180.859146	114.901566
191.600000	-180.906876	114.911919
191.666667	-180.934555	114.903046
191.733333	-180.988525	114.928871
191.800000	-180.970032	114.903206
191.866667	-180.972382	114.892761
191.933333	-180.988892	114.874809
192.000000	-180.992004	114.847130
192.066667	-180.958801	114.815712
192.133333	-181.001007	114.797897
192.200000	-180.980667	114.726517
192.266667	-180.957733	114.701729
192.333333	-180.928848	114.687263
192.400000	-180.940964	114.634529
192.466667	-180.913467	114.594803
192.533333	-180.935486	114.548424
192.600000	-180.893341	114.582428
192.666667	-180.901413	114.522049
192.733333	-180.935486	114.502869
192.800000	-180.947571	114.537148
192.866667	-180.922913	114.535416
192.933333	-180.944748	114.562759
193.000000	-180.948563	114.567116
193.066667	-180.970490	114.599052
193.133333	-181.004456	114.611969
193.200000	-181.029984	114.642845
193.266667	-181.077148	114.663322
193.333333	-181.105576	114.722481
193.400000	-181.144394	114.746170
193.466667	-181.184479	114.768944
193.533333	-181.220825	114.804314
193.600000	-181.208740	114.838394
193.666667	-181.256943	114.850273
193.733333	-181.262283	114.896187
193.800000	-181.259262	114.882256
193.866667	-181.260544	114.891495
193.933333	-181.287445	114.878517
194.000000	-181.274872	114.871979
194.066667	-181.316055	114.872444
194.133333	-181.263107	114.814133
194.200000	-181.276398	114.816238
194.266667	-181.285950	114.784180
194.333333	-181.268524	114.743225
194.400000	-181.250732	114.674988
194.466667	-181.240036	114.659576
194.533333	-181.258575	114.608864
194.600000	-181.244858	114.600838
194.666667	-181.226028	114.509392
194.733333	-181.232651	114.510193
194.800000	-181.255157	114.500793
194.866667	-181.239975	114.494637
194.933333	-181.280945	114.504074
195.000000	-181.296021	114.509926
195.066667	-181.276001	114.518661
195.133333	-181.311752	114.544037
195.200000	-181.345062	114.553116
195.266667	-181.423904	114.604073
195.333333	-181.386734	114.622818
195.400000	-181.411041	114.683754
195.466667	-181.424576	114.730499
195.533333	-181.457092	114.758095
195.600000	-181.462418	114.791512
195.666667	-181.494400	114.827415
195.733333	-181.496582	114.846107
195.800000	-181.502365	114.897644
195.866667	-181.537170	114.878700
195.933333	-181.596985	114.898064
196.000000	-181.596985	114.898064
196.066667	-181.588104	114.890327
196.133333	-181.648941	114.885841
196.200000	-181.583008	114.833717
196.266667	-181.596222	114.793198
196.333333	-181.619278	114.720512
196.400000	-181.619278	114.720512
196.466667	-181.590424	114.685608
196.533333	-181.626312	114.654350
196.600000	-181.609665	114.607140
196.666667	-181.611115	114.575508
196.733333	-181.553711	114.504356
196.800000	-181.553711	114.504356
196.866667	-181.597580	114.487572
196.933333	-181.587494	114.502281
197.000000	-181.539612	114.483215
197.066667	-181.575119	114.482002
197.133333	-181.613846	114.512138
197.200000	-181.618210	114.543793
197.266667	-181.618210	114.543793
197.333333	-181.617310	114.561516
197.400000	-181.667374	114.586273
197.466667	-181.680496	114.632851
197.533333	-181.729050	114.734558
197.600000	-181.778992	114.756203
197.666667	-181.778992	114.756203
197.733333	-181.828064	114.782013
197.800000	-181.821411	114.824921
197.866667	-181.838608	114.832817
197.933333	-181.886719	114.867813
198.000000	-181.893723	114.858963
198.066667	-181.893723	114.858963
198.133333	-181.878342	114.844322
198.200000	-181.917236	114.818001
198.266667	-181.907211	114.848038
198.333333	-181.931931	114.780029
198.400000	-181.847519	114.750763
198.466667	-181.878693	114.725517
198.533333	-181.878693	114.725517
198.600000	-181.873856	114.690300
198.666667	-181.847031	114.664268
198.733333	-181.808273	114.560143
198.800000	-181.842270	114.528130
198.866667	-181.846359	114.523056
198.933333	-181.846359	114.523056
199.000000	-181.859985	114.480736
199.066667	-181.899704	114.470154
199.133333	-181.897125	114.457184
199.200000	-181.929550	114.457657
199.266667	-181.959381	114.466003
199.333333	-181.959381	114.466003
199.400000	-181.956558	114.498657
199.466667	-181.984314	114.518074
199.533333	-182.011566	114.586372
199.600000	-182.076416	114.624817
199.666667	-182.080154	114.688690
199.733333	-182.080154	114.688690
199.800000	-182.098236	114.735733
199.866667	-182.087845	114.772507
199.933333	-182.125504	114.843765
200.000000	-182.105881	114.850792
200.066667	-182.176056	114.846588
200.133333	-182.172562	114.887299
200.200000	-182.172562	114.887299
200.266667	-182.122147	114.881981
200.333333	-182.181747	114.822983
200.400000	-182.154984	114.829483
200.466667	-182.168823	114.763954
200.533333	-182.154480	114.726578
200.600000	-182.154480	114.726578
200.666667	-182.192078	114.660049
200.733333	-182.166321	114.604073
200.800000	-182.207062	114.568436
200.866667	-182.170792	114.538574
200.933333	-182.175232	114.504852
201.000000	-182.175232	114.504852
201.066667	-182.154404	114.452003
201.133333	-182.149124	114.445023
201.200000	-182.180008	114.432373
201.266667	-182.165359	114.435265
201.333333	-182.160583	114.456085
201.400000	-182.177917	114.495872
201.466667	-182.177917	114.495872
201.533333	-182.186783	114.547157
201.600000	-182.272949	114.578773
201.666667	-182.243683	114.613388
201.733333	-182.315979	114.683006
201.800000	-182.324677	114.698807
201.866667	-182.324677	114.698807
201.933333	-182.383377	114.777382
202.000000	-182.342056	114.786774
202.066667	-182.413177	114.833237
202.133333	-182.469971	114.822281
202.200000	-182.447952	114.869392
202.266667	-182.447952	114.869392
202.333333	-182.463226	114.805420
202.400000	-182.463837	114.843315
202.466667	-182.492996	114.795074
202.533333	-182.492645	114.777893
202.600000	-182.445724	114.748268
202.666667	-182.456329	114.697754
202.733333	-182.436646	114.656670
202.800000	-182.434937	114.614662
202.866667	-182.494400	114.593521
202.933333	-182.441208	114.533165
203.000000	-182.410522	114.517326
203.066667	-182.405182	114.457138
203.133333	-182.395721	114.464912
203.200000	-182.376694	114.458199
203.266667	-182.399307	114.434280
203.333333	-182.423660	114.407761
203.400000	-182.456619	114.415932
203.466667	-182.444122	114.428421
203.533333	-182.487869	114.460091
203.600000	-182.534241	114.489403
203.666667	-182.526443	114.526161
203.733333	-182.574860	114.522667
203.800000	-182.598022	114.581818
203.866667	-182.605148	114.624725
203.933333	-182.642975	114.662323
204.000000	-182.692062	114.670578
204.066667	-182.695633	114.751755
204.133333	-182.767242	114.751633
204.200000	-182.729950	114.806404
204.266667	-182.713470	114.805519
204.333333	-182.675537	114.832787
204.400000	-182.712921	114.834663
204.466667	-182.753754	114.822014
204.533333	-182.735580	114.812447
204.600000	-182.734024	114.787895
204.666667	-182.734146	114.759987
204.733333	-182.727097	114.726395
204.800000	-182.714554	114.676697
204.866667	-182.687103	114.655807
204.933333	-182.716599	114.614601
205.000000	-182.722931	114.556900
205.066667	-182.679550	114.507095
205.133333	-182.735367	114.484177
205.200000	-182.698196	114.434341
205.266667	-182.679840	114.430473
205.333333	-182.720078	114.399170
205.400000	-182.705292	114.407585
205.466667	-182.714340	114.386673
205.533333	-182.769241	114.396667
205.600000	-182.826508	114.425476
205.666667	-182.781021	114.434380
205.733333	-182.816696	114.492950
205.800000	-182.806229	114.523697
205.866667	-182.852844	114.554329
205.933333	-182.821533	114.592628
206.000000	-182.859085	114.602913
206.066667	-182.929230	114.665726
206.133333	-182.885880	114.680244
206.200000	-182.961243	114.760406
206.266667	-182.918228	114.746880
206.333333	-182.953003	114.792809
206.400000	-182.990646	114.801727
206.466667	-183.033173	114.835304
206.533333	-183.010132	114.797913
206.600000	-183.000198	114.803070
206.666667	-182.978943	114.769890
206.733333	-183.039551	114.763260
206.800000	-183.031967	114.719833
206.866667	-183.017151	114.708694
206.933333	-183.006897	114.664871
207.000000	-183.008698	114.614899
207.066667	-182.949097	114.565727
207.133333	-182.976074	114.524376
207.200000	-183.030136	114.507225
207.266667	-182.953568	114.489403
207.333333	-182.911484	114.433098
207.400000	-182.937088	114.421837
207.466667	-182.918625	114.425293
207.533333	-182.947998	114.419907
207.600000	-182.956161	114.425255
207.666667	-182.905334	114.409401
207.733333	-182.987000	114.420654
207.800000	-182.998032	114.440834
207.866667	-183.049820	114.455528
207.933333	-183.074539	114.497299
208.000000	-183.103699	114.517471
208.066667	-183.120438	114.570091
208.133333	-183.159912	114.607788
208.200000	-183.181549	114.660286
208.266667	-183.192841	114.635124
208.333333	-183.228622	114.688744
208.400000	-183.250244	114.753922
208.466667	-183.241394	114.752602
208.533333	-183.272156	114.762390
208.600000	-183.253403	114.780441
208.666667	-183.283081	114.799606
208.733333	-183.283310	114.781525
208.800000	-183.282303	114.769814
208.866667	-183.265747	114.737289
208.933333	-183.264984	114.713493
209.000000	-183.258514	114.681015
209.066667	-183.233505	114.647118
209.133333	-183.227737	114.603081
209.200000	-183.215942	114.582886
209.266667	-183.194199	114.525116
209.333333	-183.150925	114.492493
209.400000	-183.203171	114.469955
209.466667	-183.212219	114.434555
209.533333	-183.175354	114.403778
209.600000	-183.193817	114.385239
209.666667	-183.162994	114.375687
209.733333	-183.224014	114.386391
209.800000	-183.213287	114.372604
209.866667	-183.223602	114.381088
209.933333	-183.264511	114.419289
210.000000	-183.276810	114.416588
210.066667	-183.322769	114.485657
210.133333	-183.330917	114.519753
210.200000	-183.337082	114.549248
210.266667	-183.389633	114.608078
210.333333	-183.377075	114.664978
210.400000	-183.419785	114.690598
210.466667	-183.413528	114.725838
210.533333	-183.470856	114.758469
210.600000	-183.487991	114.785583
210.666667	-183.434494	114.773232
210.733333	-183.533279	114.791534
210.800000	-183.478531	114.791458
210.866667	-183.454330	114.739708
210.933333	-183.516434	114.761566
211.000000	-183.501694	114.729782
211.066667	-183.518219	114.696373
211.133333	-183.483963	114.650620
211.200000	-183.488724	114.602806
211.266667	-183.485764	114.568741
211.333333	-183.426529	114.485153
211.400000	-183.457993	114.503380
211.466667	-183.410355	114.455307
211.533333	-183.482452	114.440063
211.600000	-183.416885	114.395714
211.666667	-183.408249	114.382240
211.733333	-183.425323	114.370659
211.800000	-183.452728	114.358925
211.866667	-183.397507	114.338356
211.933333	-183.459976	114.394196
212.000000	-183.416229	114.414062
212.066667	-183.471817	114.440887
212.133333	-183.510193	114.464470
212.200000	-183.456512	114.478706
212.266667	-183.500870	114.560364
212.333333	-183.553543	114.576210
212.400000	-183.621292	114.600677
212.466667	-183.612686	114.649841
212.533333	-183.637497	114.674911
212.600000	-183.655441	114.717262
212.666667	-183.640869	114.730614
212.733333	-183.715668	114.752129
212.800000	-183.699875	114.749336
212.866667	-183.738190	114.781219
212.933333	-183.701965	114.774063
213.000000	-183.750595	114.788124
213.066667	-183.673141	114.747559
213.133333	-183.726273	114.678566
213.200000	-183.656555	114.657387
213.266667	-183.667877	114.631538
213.333333	-183.642807	114.618401
213.400000	-183.621536	114.589874
213.466667	-183.603119	114.535721
213.533333	-183.601700	114.487305
213.600000	-183.584976	114.470207
213.666667	-183.552063	114.427444
213.733333	-183.609558	114.419807
213.800000	-183.535172	114.369202
213.866667	-183.520966	114.371513
213.933333	-183.544434	114.339859
214.000000	-183.548798	114.338127
214.066667	-183.587036	114.354126
214.133333	-183.552902	114.371361
214.200000	-183.558990	114.384438
214.266667	-183.634048	114.444740
214.333333	-183.614059	114.476761
214.400000	-183.623550	114.521431
214.466667	-183.623520	114.560600
214.533333	-183.664474	114.607269
214.600000	-183.656326	114.643768
214.666667	-183.693436	114.673843
214.733333	-183.620377	114.715797
214.800000	-183.655563	114.755951
214.866667	-183.674133	114.752861
214.933333	-183.664093	114.784851
215.000000	-183.690506	114.799042
215.066667	-183.671066	114.795067
215.133333	-183.657272	114.791565
215.200000	-183.656769	114.738411
215.266667	-183.658829	114.717422
215.333333	-183.634155	114.706673
215.400000	-183.601227	114.645721
215.466667	-183.610794	114.608604
215.533333	-183.577866	114.545921
215.600000	-183.558884	114.495132
215.666667	-183.591110	114.465866
215.733333	-183.592148	114.449440
215.800000	-183.534515	114.406502
215.866667	-183.488251	114.373901
215.933333	-183.466141	114.376694
216.000000	-183.479263	114.356857
216.066667	-183.519058	114.353043
216.133333	-183.429489	114.359528
216.200000	-183.475662	114.368996
216.266667	-183.454102	114.376396
216.333333	-183.437576	114.424767
216.400000	-183.500687	114.468208
216.466667	-183.474731	114.501198
216.533333	-183.501587	114.553505
216.600000	-183.493271	114.557327
216.666667	-183.523361	114.628075
216.733333	-183.526291	114.657227
216.800000	-183.543335	114.709114
216.866667	-183.552277	114.746429
216.933333	-183.545547	114.746620
217.000000	-183.577820	114.773506
217.066667	-183.596573	114.782158
217.133333	-183.599152	114.786659
217.200000	-183.559753	114.746178
217.266667	-183.592941	114.739426
217.333333	-183.567230	114.741127
217.400000	-183.495499	114.706787
217.466667	-183.529358	114.667465
217.533333	-183.543945	114.634506
217.600000	-183.515137	114.568245
217.666667	-183.433426	114.563591
217.733333	-183.376160	114.508636
217.800000	-183.377533	114.483101
217.866667	-183.371857	114.438011
217.933333	-183.366852	114.420029
218.000000	-183.355438	114.418884
218.066667	-183.279816	114.380768
218.133333	-183.290604	114.344719
218.200000	-183.296478	114.380363
218.266667	-183.312393	114.372299
218.333333	-183.287888	114.406967
218.400000	-183.341507	114.398270
218.466667	-183.317963	114.423622
218.533333	-183.291245	114.437126
218.600000	-183.333908	114.505409
218.666667	-183.322998	114.533455
218.733333	-183.373871	114.562187
218.800000	-183.326126	114.629868
218.866667	-183.351486	114.668159
218.933333	-183.333252	114.699623
219.000000	-183.345322	114.723961
219.066667	-183.310806	114.754677
219.133333	-183.320847	114.800262
219.200000	-183.308228	114.800018
219.266667	-183.348602	114.785568
219.333333	-183.296631	114.778618
219.400000	-183.287643	114.764999
219.466667	-183.268906	114.756416
219.533333	-183.238861	114.724785
219.600000	-183.210480	114.694054
219.666667	-183.184341	114.641502
219.733333	-183.172134	114.611229
219.800000	-183.165344	114.563164
219.866667	-183.096313	114.510704
219.933333	-183.122208	114.506355
220.000000	-183.088470	114.430496
220.066667	-182.963470	114.450211
220.133333	-183.007248	114.403641
220.200000	-182.976425	114.357285
220.266667	-182.979935	114.400528
220.333333	-182.972321	114.383232
220.400000	-182.979080	114.393867
220.466667	-182.965515	114.426323
220.533333	-182.954834	114.430908
220.600000	-182.986206	114.473358
220.666667	-182.899673	114.488930
220.733333	-182.882019	114.533096
220.800000	-182.925308	114.577263
220.866667	-182.903946	114.640739
220.933333	-182.892639	114.673546
221.000000	-182.903595	114.724190
221.066667	-182.890549	114.751373
221.133333	-182.940598	114.786438
221.200000	-182.917847	114.810722
221.266667	-182.918915	114.800362
221.333333	-182.924072	114.846748
221.400000	-182.859024	114.829849
221.466667	-182.872528	114.810493
221.533333	-182.851395	114.808846
221.600000	-182.819275	114.771080
221.666667	-182.799835	114.724518
221.733333	-182.762848	114.713165
221.800000	-182.718887	114.660561
221.866667	-182.704529	114.620003
221.933333	-182.733551	114.581757
222.000000	-182.605728	114.551346
222.066667	-182.574158	114.495079
222.133333	-182.584518	114.481987
222.200000	-182.526276	114.456299
222.266667	-182.519867	114.424080
222.333333	-182.497314	114.406555
222.400000	-182.482941	114.400612
222.466667	-182.460861	114.421822
222.533333	-182.396896	114.453545
222.600000	-182.385468	114.440994
222.666667	-182.436050	114.478645
222.733333	-182.405273	114.482872
222.800000	-182.426361	114.538498
222.866667	-182.378448	114.573540
222.933333	-182.384979	114.610992
223.000000	-182.394974	114.653145
223.066667	-182.406555	114.713600
223.133333	-182.388916	114.727737
223.200000	-182.394821	114.776680
223.266667	-182.400024	114.771294
223.333333	-182.336090	114.819389
223.400000	-182.344040	114.848793
223.466667	-182.380692	114.843536
223.533333	-182.339355	114.852829
223.600000	-182.299774	114.856064
223.666667	-182.270111	114.843826
223.733333	-182.294617	114.810280
223.800000	-182.178711	114.788040
223.866667	-182.196381	114.742989
223.933333	-182.132660	114.696159
224.000000	-182.082901	114.643593
224.066667	-182.075516	114.643265
224.133333	-182.098846	114.605553
224.200000	-182.037445	114.548103
224.266667	-182.033371	114.523590
224.333333	-181.950104	114.478912
224.400000	-181.932266	114.468582
224.466667	-181.945709	114.427940
224.533333	-181.891464	114.445335
224.600000	-181.896545	114.427544
224.666667	-181.876282	114.431374
224.733333	-181.869919	114.452377
224.800000	-181.843643	114.477669
224.866667	-181.810791	114.485191
224.933333	-181.831665	114.547592
225.000000	-181.845535	114.586983
225.066667	-181.826172	114.663391
225.133333	-181.859192	114.709831
225.200000	-181.824097	114.724342
225.266667	-181.815750	114.800125
225.333333	-181.747208	114.812492
225.400000	-181.817474	114.840523
225.466667	-181.752533	114.844269
225.533333	-181.745010	114.855042
225.600000	-181.719467	114.883591
225.666667	-181.705200	114.899612
225.733333	-181.737518	114.872009
225.800000	-181.695251	114.850548
225.866667	-181.613235	114.853958
225.933333	-181.647995	114.799469
226.000000	-181.613358	114.783119
226.066667	-181.580338	114.725899
226.133333	-181.547791	114.675713
226.200000	-181.518509	114.651810
226.266667	-181.459427	114.583824
226.333333	-181.466934	114.560493
226.400000	-181.409515	114.530701
226.466667	-181.357590	114.488739
226.533333	-181.326035	114.481750
226.600000	-181.329071	114.490143
226.666667	-181.305984	114.500427
226.733333	-181.298584	114.480919
226.800000	-181.293106	114.493439
226.866667	-181.251083	114.513916
226.933333	-181.230682	114.534615
227.000000	-181.271896	114.559364
227.066667	-181.264801	114.610695
227.133333	-181.249023	114.649567
227.200000	-181.270142	114.683136
227.266667	-181.239044	114.716316
227.333333	-181.299316	114.767143
227.400000	-181.273636	114.802338
227.466667	-181.257996	114.832130
227.533333	-181.248886	114.846458
227.600000	-181.227264	114.881683
227.666667	-181.204620	114.889244
227.733333	-181.221909	114.879990
227.800000	-181.168945	114.889389
227.866667	-181.131958	114.865128
227.933333	-181.136063	114.870705
228.000000	-181.103165	114.846039
228.066667	-181.013428	114.811142
228.133333	-180.983337	114.790642
228.200000	-180.982498	114.752090
228.266667	-180.909302	114.688309
228.333333	-180.892761	114.699280
228.400000	-180.845184	114.626472
228.466667	-180.808731	114.601723
228.533333	-180.818939	114.563942
228.600000	-180.693054	114.536560
228.666667	-180.715622	114.486198
228.733333	-180.705063	114.502525
228.800000	-180.701874	114.489555
228.866667	-180.627762	114.499825
228.933333	-180.650360	114.519112
229.000000	-180.612961	114.502647
229.066667	-180.626694	114.524750
229.133333	-180.647125	114.593697
229.200000	-180.658203	114.624374
229.266667	-180.617462	114.660255
229.333333	-180.613617	114.712807
229.400000	-180.613190	114.750046
229.466667	-180.568085	114.811432
229.533333	-180.631042	114.845390
229.600000	-180.595566	114.915283
229.666667	-180.624695	114.903419
229.733333	-180.550781	114.912659
229.800000	-180.490555	114.944603
229.866667	-180.520462	114.954041
229.933333	-180.485229	114.922905
230.000000	-180.434067	114.950722
230.066667	-180.403366	114.931175
230.133333	-180.418442	114.893486
230.200000	-180.341660	114.863235
230.266667	-180.348083	114.833313
230.333333	-180.249374	114.787399
230.400000	-180.257996	114.745995
230.466667	-180.209549	114.702652
230.533333	-180.156784	114.650246
230.600000	-180.143219	114.620537
230.666667	-180.076889	114.586288
230.733333	-179.979218	114.514206
230.800000	-179.979218	114.514206
230.866667	-179.995132	114.520203
230.933333	-179.928101	114.526939
231.000000	-179.917542	114.515175
231.066667	-179.906448	114.537804
231.133333	-179.882629	114.618492
231.200000	-179.882629	114.618492
231.266667	-179.882462	114.633835
231.333333	-179.839325	114.683113
231.400000	-179.813263	114.724770
231.466667	-179.834717	114.755157
231.533333	-179.791016	114.872948
231.600000	-179.791016	114.872948
231.666667	-179.801132	114.884247
231.733333	-179.802155	114.932442
231.800000	-179.808701	114.994904
231.866667	-179.785599	114.989723
231.933333	-179.751740	114.995880
232.000000	-179.751740	114.995880
232.066667	-179.728714	115.003304
232.133333	-179.690079	114.982208
232.200000	-179.648224	114.949493
232.266667	-179.595901	114.932251
232.333333	-179.508911	114.864487
232.400000	-179.447189	114.808289
232.466667	-179.447189	114.808289
232.533333	-179.372650	114.762505
232.600000	-179.345734	114.732071
232.666667	-179.303726	114.719604
232.733333	-179.230209	114.633453
232.800000	-179.174622	114.613831
232.866667	-179.174622	114.613831
232.933333	-179.108109	114.570267
233.000000	-179.127350	114.608307
233.066667	-179.115143	114.585091
233.133333	-179.030304	114.606995
233.200000	-178.993683	114.610397
233.266667	-178.993683	114.610397
233.333333	-179.004364	114.642403
233.400000	-178.990204	114.680847
233.466667	-178.969696	114.727364
233.533333	-178.949326	114.803894
233.600000	-178.977966	114.867592
233.666667	-178.949905	114.926529
233.733333	-178.949905	114.926529
233.800000	-178.914093	114.934273
233.866667	-178.876236	114.969772
233.933333	-178.846161	115.010498
234.000000	-178.812317	115.013908
234.066667	-178.777878	115.037071
234.133333	-178.777878	115.037071
234.200000	-178.732895	115.039108
234.266667	-178.674713	115.042816
234.333333	-178.614807	114.961281
234.400000	-178.553085	114.915459
234.466667	-178.510880	114.900978
234.533333	-178.510880	114.900978
234.600000	-178.448456	114.881287
234.666667	-178.408798	114.819817
234.733333	-178.338272	114.714500
234.800000	-178.302719	114.695747
234.866667	-178.204956	114.686150
234.933333	-178.162720	114.654984
235.000000	-178.162720	114.654984
235.066667	-178.110611	114.601341
235.133333	-178.114502	114.607483
235.200000	-178.033310	114.651764
235.266667	-178.018326	114.653633
235.333333	-177.969131	114.675468
235.400000	-177.969131	114.675468
235.466667	-177.936874	114.706490
235.533333	-177.950485	114.802597
235.600000	-177.927521	114.860329
235.666667	-177.878082	114.875046
235.733333	-177.832672	114.919594
235.800000	-177.832672	114.919594
235.866667	-177.831009	114.995850
235.933333	-177.787323	115.008728
236.000000	-177.799423	115.058098
236.066667	-177.785492	115.097008
236.133333	-177.707321	115.115868
236.200000	-177.707321	115.115868
236.266667	-177.724060	115.087349
236.333333	-177.613571	115.061317
236.400000	-177.583878	115.035828
236.466667	-177.556152	115.035088
236.533333	-177.517059	115.009033
236.600000	-177.435913	114.944862
236.666667	-177.435913	114.944862
236.733333	-177.328568	114.871605
236.800000	-177.318069	114.850891
236.866667	-177.226547	114.777809
236.933333	-177.156540	114.776756
237.000000	-177.106674	114.734596
237.066667	-177.106674	114.734596
237.133333	-176.968826	114.677872
237.200000	-176.974426	114.701920
237.266667	-176.927994	114.713989
237.333333	-176.901825	114.728470
237.400000	-176.857376	114.731133
237.466667	-176.857376	114.731133
237.533333	-176.787750	114.773430
237.600000	-176.727966	114.804100
237.666667	-176.743317	114.842812
237.733333	-176.753403	114.905914
237.800000	-176.719971	114.921364
237.866667	-176.715179	114.963516
237.933333	-176.676559	115.008003
238.000000	-176.700974	115.050842
238.066667	-176.647308	115.095474
238.133333	-176.621124	115.089050
238.200000	-176.586823	115.140465
238.266667	-176.540863	115.147362
238.333333	-176.518448	115.149338
238.400000	-176.493210	115.149017
238.466667	-176.443680	115.154938
238.533333	-176.373428	115.114052
238.600000	-176.352280	115.095650
238.666667	-176.222809	115.044708
238.733333	-176.216095	115.006088
238.800000	-176.160309	114.956429
238.866667	-176.097763	114.938797
238.933333	-176.033554	114.897072
239.000000	-175.985275	114.856346
239.066667	-175.946259	114.826843
239.133333	-175.910355	114.802841
239.200000	-175.840347	114.747574
239.266667	-175.772888	114.760910
239.333333	-175.731857	114.755402
239.400000	-175.696014	114.765038
239.466667	-175.715561	114.752747
239.533333	-175.661011	114.743454
239.600000	-175.634247	114.775871
239.666667	-175.609909	114.819855
239.733333	-175.570297	114.867973
239.800000	-175.546524	114.926750
239.866667	-175.502457	114.942093
239.933333	-175.499420	115.034615
240.000000	-175.467606	115.050873
