8040.066667	291.719116	104.792679
8040.133333	291.694489	104.787674
8040.200000	291.765472	104.849312
8040.266667	291.769928	104.857513
8040.333333	291.760529	104.674873
8040.400000	291.760529	104.674873
8040.466667	291.799011	104.932610
8040.533333	291.722443	104.784798
8040.600000	291.752167	105.020767
8040.666667	291.691376	104.888542
8040.733333	291.674988	104.743263
8040.800000	291.674988	104.743263
8040.866667	291.676117	104.982262
8040.933333	291.639313	104.772797
8041.000000	291.692230	104.965080
8041.066667	291.663208	104.739189
8041.133333	291.704926	104.702499
8041.200000	291.704926	104.702499
8041.266667	291.743256	104.899666
8041.333333	291.759949	104.691742
8041.400000	291.769104	104.838165
8041.466667	291.728912	104.622612
8041.533333	291.748474	104.690140
8041.600000	291.748474	104.690140
8041.666667	291.752228	104.844734
8041.733333	291.730499	104.671234
8041.800000	291.725433	104.792099
8041.866667	291.684143	104.578407
8041.933333	291.726227	104.689812
8042.000000	291.710938	104.748764
8042.066667	291.710938	104.748764
8042.133333	291.738159	104.711235
8042.200000	291.736908	104.711349
8042.266667	291.720428	104.514885
8042.333333	291.766205	104.716904
8042.400000	291.742523	104.718941
8042.466667	291.742523	104.718941
8042.533333	291.857056	104.713882
8042.600000	291.870880	104.733696
8042.666667	291.892273	104.614601
8042.733333	291.971466	104.779465
8042.800000	291.977905	104.714981
8042.866667	291.977905	104.714981
8042.933333	292.100464	104.712379
8043.000000	292.071594	104.624626
8043.066667	292.094330	104.475388
8043.133333	292.157440	104.639450
8043.200000	292.118164	104.584595
8043.266667	292.116180	104.465004
8043.333333	292.168640	104.685120
8043.400000	292.111572	104.545898
8043.466667	292.142578	104.475235
8043.533333	292.236938	104.607285
8043.600000	292.208710	104.460785
8043.666667	292.254364	104.420494
8043.733333	292.335052	104.568077
8043.800000	292.326965	104.366112
8043.866667	292.384033	104.290993
8043.933333	292.438782	104.408325
8044.000000	292.393188	104.224907
8044.066667	292.436371	104.259567
8044.133333	292.485321	104.372810
8044.200000	292.461151	104.162308
8044.266667	292.498932	104.245125
8044.333333	292.508179	104.376434
8044.400000	292.451813	104.147957
8044.466667	292.463318	104.244171
8044.533333	292.460266	104.331268
8044.600000	292.415588	104.140671
8044.666667	292.478882	104.239769
8044.733333	292.484070	104.271690
8044.800000	292.411102	104.035362
8044.866667	292.441376	104.192680
8044.933333	292.461975	104.235313
8045.000000	292.460236	104.044739
8045.066667	292.521454	104.191666
8045.133333	292.496429	104.275932
8045.200000	292.443146	104.127373
8045.266667	292.448853	104.272255
8045.333333	292.406372	104.214424
8045.400000	292.377045	104.084053
8045.466667	292.413208	104.375664
8045.533333	292.360565	104.329277
8045.600000	292.296417	104.218697
8045.666667	292.330505	104.442749
8045.733333	292.300629	104.402252
8045.800000	292.298065	104.322540
8045.866667	292.337311	104.549141
8045.933333	292.277710	104.420090
8046.000000	292.274811	104.315140
8046.066667	292.338013	104.469696
8046.133333	292.313660	104.370575
8046.200000	292.317047	104.269920
8046.266667	292.371277	104.458977
8046.333333	292.328400	104.342003
8046.400000	292.341339	104.266228
8046.466667	292.373383	104.390816
8046.533333	292.312958	104.245628
8046.600000	292.318024	104.254715
8046.666667	292.329132	104.403664
8046.733333	292.264954	104.228485
8046.800000	292.320831	104.233116
8046.866667	292.349640	104.304939
8046.933333	292.305634	104.118759
8047.000000	292.389313	104.172195
8047.066667	292.604950	104.472603
8047.133333	293.215607	104.580299
8047.200000	294.285217	103.560158
8047.266667	295.564392	101.673424
8047.333333	297.112061	98.267357
8047.400000	298.217010	95.031410
8047.466667	299.565002	92.500153
8047.533333	302.072021	89.393921
8047.600000	305.405548	83.936195
8047.666667	310.297852	72.277496
8047.733333	313.699707	44.665009
8047.800000	308.931946	4.040076
8047.866667	296.623138	-25.311592
8047.933333	199.188446	-39.921532
8048.000000	-3.914897	100.498642
8048.066667	112.205582	198.987091
8048.133333	166.355652	201.541046
8048.200000	183.411987	199.323547
8048.266667	221.807693	180.861008
8048.333333	243.963394	111.381363
8048.400000	265.453247	89.503952
8048.466667	262.842896	88.717506
8048.533333	261.348206	86.911247
8048.600000	272.698730	88.654930
8048.666667	271.329407	88.090134
8048.733333	270.156250	87.139999
8048.800000	270.021973	91.284561
8048.866667	269.342255	90.781456
8048.933333	269.107605	89.870865
8049.000000	268.491272	95.892181
8049.066667	270.058563	98.100594
8049.133333	271.753693	98.794838
8049.200000	272.931152	103.539284
8049.266667	273.922333	104.568253
8049.333333	275.379028	104.101265
8049.400000	276.131195	107.496559
8049.466667	276.384094	108.111046
8049.533333	276.767456	106.956924
8049.600000	276.778015	109.987564
8049.666667	276.290649	110.339569
8049.733333	275.704163	110.825272
8049.800000	274.387115	109.930252
8049.866667	273.813019	109.355728
8049.933333	273.205170	111.339981
8050.000000	272.595886	111.875793
8050.066667	272.177917	112.289337
8050.133333	272.065125	112.199799
8050.200000	272.239349	111.694252
8050.266667	272.668488	111.299271
8050.333333	273.232880	111.586357
8050.400000	273.615326	111.948700
8050.466667	273.978241	111.669510
8050.533333	274.367645	111.053650
8050.600000	274.629639	110.803169
8050.666667	274.832550	110.961426
8050.733333	275.097137	111.609299
8050.800000	275.885559	111.603752
8050.866667	276.056244	111.133781
8050.933333	276.006012	110.908142
8051.000000	275.676208	111.373604
8051.066667	275.249725	112.111862
8051.133333	274.844666	112.462906
8051.200000	274.550568	111.954170
8051.266667	274.442719	111.213799
8051.333333	274.517700	111.836807
8051.400000	274.670929	112.398735
8051.466667	274.806091	112.450676
8051.533333	275.028778	111.886177
8051.600000	275.164368	111.393272
8051.666667	275.317963	111.458382
8051.733333	275.339600	112.969955
8051.800000	275.361572	113.381226
8051.866667	275.391724	113.451515
8051.933333	275.373016	113.497757
8052.000000	275.306213	113.836052
8052.066667	275.075043	114.577103
8052.133333	274.715210	114.936264
8052.200000	274.421783	114.406395
8052.266667	274.056091	114.162460
8052.333333	273.708954	114.532562
8052.400000	273.435089	115.324860
8052.466667	273.256470	115.551704
8052.533333	273.071228	115.413109
8052.600000	272.505554	115.193031
8052.666667	272.192108	115.806648
8052.733333	271.862030	116.640366
8052.800000	271.643127	116.673950
8052.866667	271.440155	116.069702
8052.933333	271.186951	115.311111
8053.000000	270.940369	115.005669
8053.066667	270.626709	115.929054
8053.133333	270.633270	115.901543
8053.200000	270.626923	115.427948
8053.266667	270.646515	114.968498
8053.333333	270.748291	115.067398
8053.400000	270.862976	115.866173
8053.466667	271.042053	116.411713
8053.533333	271.368958	115.771294
8053.600000	271.468689	115.298431
8053.666667	271.514648	115.366310
8053.733333	271.542023	115.990517
8053.800000	271.599609	116.139511
8053.866667	271.684631	115.756805
8053.933333	271.786255	114.913033
8054.000000	271.878265	114.468452
8054.066667	272.019440	115.049614
8054.133333	272.163666	115.034378
8054.200000	272.385803	114.274849
8054.266667	272.570618	113.457253
8054.333333	272.797119	113.007240
8054.400000	272.947876	113.176918
8054.466667	273.090881	113.607651
8054.533333	273.405609	112.831894
8054.600000	273.433411	112.192284
8054.666667	273.448120	112.056557
8054.733333	273.431793	112.645775
8054.800000	273.511139	113.121063
8054.866667	273.672241	113.007385
8054.933333	273.704468	111.875771
8055.000000	273.532684	112.008591
8055.066667	273.333313	112.697319
8055.133333	273.204651	113.193771
8055.200000	273.076935	113.014214
8055.266667	272.919312	112.266045
8055.333333	272.484039	112.074806
8055.400000	272.262634	112.695969
8055.466667	272.067261	112.947861
8055.533333	271.972046	112.417496
8055.600000	271.802765	111.677071
8055.666667	271.619293	111.457108
8055.733333	271.452728	111.877121
8055.800000	271.401947	112.592804
8055.866667	271.420349	112.063255
8055.933333	271.444427	111.395622
8056.000000	271.453491	111.417679
8056.066667	271.544647	112.060699
8056.133333	271.685394	112.677643
8056.200000	271.891296	112.607796
8056.266667	272.359161	111.875351
8056.333333	272.246796	111.945198
8056.400000	272.204987	112.487213
8056.466667	272.136230	112.783867
8056.533333	272.035583	112.354408
8056.600000	271.893127	111.592758
8056.666667	271.885315	111.267235
8056.733333	271.890106	111.486839
8056.800000	272.145966	112.483566
8056.866667	272.430725	112.186905
8056.933333	272.593536	111.796509
8057.000000	272.469452	111.562866
8057.066667	272.341370	111.932465
8057.133333	272.183075	112.479187
8057.200000	272.107208	112.572350
8057.266667	272.068451	111.382072
8057.333333	271.985168	111.325233
8057.400000	271.848419	111.884300
8057.466667	271.790680	112.376350
8057.533333	271.842010	112.263664
8057.600000	271.922394	111.596237
8057.666667	272.022400	111.147240
8057.733333	272.053650	111.956665
8057.800000	272.132935	112.463715
8057.866667	272.238220	112.155266
8057.933333	272.298309	111.523781
8058.000000	272.260101	111.359749
8058.066667	272.196289	111.612549
8058.133333	272.056732	112.618614
8058.200000	272.039825	112.211990
8058.266667	271.986877	111.555473
8058.333333	271.908997	111.283264
8058.400000	271.822998	111.671478
8058.466667	271.774811	112.298889
8058.533333	271.787262	111.938148
8058.600000	271.772980	111.347054
8058.666667	271.742554	111.403549
8058.733333	271.678192	111.944359
8058.800000	271.660645	112.550201
8058.866667	271.675446	112.450722
8058.933333	271.596588	111.888992
8059.000000	271.472900	111.311920
8059.066667	271.355499	112.044754
8059.133333	271.433716	112.546127
8059.200000	271.611725	112.248131
8059.266667	271.768219	111.686386
8059.333333	271.860870	111.332520
8059.400000	271.864288	111.718269
8059.466667	271.907166	112.348969
8059.533333	272.101959	112.110023
8059.600000	272.085083	111.631081
8059.666667	272.016235	111.390869
8059.733333	271.908081	111.834579
8059.800000	271.732849	112.379318
8059.866667	271.761780	112.422661
8059.933333	271.750977	111.910019
8060.000000	271.541077	111.432396
8060.066667	271.335510	111.951096
8060.133333	271.249756	112.524200
8060.200000	271.325500	112.486160
8060.266667	271.338440	111.738388
8060.333333	271.220276	111.257339
8060.400000	271.174591	111.397774
8060.466667	271.146149	112.099831
8060.533333	271.171448	112.295227
8060.600000	271.143677	111.677277
8060.666667	271.043335	111.301430
8060.733333	270.934967	111.484024
8060.800000	270.834808	112.238983
8060.866667	270.824036	112.403854
8060.933333	270.749268	111.357574
8061.000000	270.733246	111.096130
8061.066667	270.655914	111.619980
8061.133333	270.615692	112.203690
8061.200000	270.567841	112.251793
8061.266667	270.495667	111.710709
8061.333333	270.230225	110.844559
8061.400000	270.097015	111.320076
8061.466667	270.038635	111.878281
8061.533333	270.096832	111.851143
8061.600000	270.198242	111.249397
8061.666667	270.259796	110.833641
8061.733333	270.345795	110.999451
8061.800000	270.625519	112.324287
8061.866667	270.766052	112.033012
8061.933333	270.889252	111.476357
8062.000000	270.808777	111.087730
8062.066667	270.662720	111.388130
8062.133333	270.599457	111.984177
8062.200000	270.552155	112.225754
8062.266667	270.506683	111.090927
8062.333333	270.462006	110.886635
8062.400000	270.380066	111.320747
8062.466667	270.360565	111.939392
8062.533333	270.456451	111.983864
8062.600000	270.560059	111.578354
8062.666667	270.621368	111.073578
8062.733333	270.708160	111.629204
8062.800000	270.758606	112.330132
8062.866667	270.851715	112.252846
8062.933333	270.901276	111.737823
8063.000000	270.895508	111.220306
8063.066667	270.878387	111.140198
8063.133333	270.802429	111.755363
8063.200000	270.761536	112.068855
8063.266667	270.664551	111.379784
8063.333333	270.636627	110.869530
8063.400000	270.589142	111.135757
8063.466667	270.583557	111.787086
8063.533333	270.650970	112.112305
8063.600000	270.774597	111.868164
8063.666667	270.856628	111.185608
8063.733333	270.985626	111.478745
8063.800000	271.099030	112.275581
8063.866667	271.301147	112.595673
8063.933333	271.516510	112.150833
8064.000000	271.616943	111.421738
8064.066667	271.691040	111.274673
8064.133333	271.750183	112.565643
8064.200000	271.867828	112.382851
8064.266667	271.943451	111.872856
8064.333333	271.948151	111.455376
8064.400000	271.889374	111.545921
8064.466667	271.780762	112.176247
8064.533333	271.759735	112.529755
8064.600000	271.742615	111.891342
8064.666667	271.744171	111.402657
8064.733333	271.646912	111.829544
8064.800000	271.770935	112.514069
8064.866667	271.891754	113.021950
8064.933333	271.985687	112.606354
8065.000000	271.863312	111.580887
8065.066667	271.711304	111.991165
8065.133333	271.659454	112.588234
8065.200000	271.775787	112.709442
8065.266667	271.842834	112.194504
8065.333333	271.918304	111.617119
8065.400000	271.804230	111.505745
8065.466667	271.617706	111.928642
8065.533333	271.264343	112.126915
8065.600000	271.397430	111.676315
8065.666667	271.596893	111.258461
8065.733333	271.724884	111.384125
8065.800000	271.845001	112.088112
8065.866667	271.959137	112.606728
8065.933333	272.039948	112.439209
8066.000000	271.793335	111.295845
8066.066667	271.584808	111.617455
8066.133333	271.393036	112.236931
8066.200000	271.243988	112.545830
8066.266667	271.166046	112.126129
8066.333333	271.036713	111.432899
8066.400000	270.874420	111.160484
8066.466667	270.592865	112.129097
8066.533333	270.543335	112.175713
8066.600000	270.544220	111.669197
8066.666667	270.481262	111.096031
8066.733333	270.447327	111.027748
8066.800000	270.410187	111.583427
8066.866667	270.415222	112.231583
8066.933333	270.662598	111.631470
8067.000000	270.728577	110.965965
8067.066667	270.786743	111.067665
8067.133333	270.770630	111.792313
8067.200000	270.876740	112.174950
8067.266667	271.003387	111.993515
8067.333333	271.138397	110.952202
8067.400000	271.128784	111.262672
8067.466667	271.163513	111.948799
8067.533333	271.249268	112.360680
8067.600000	271.389313	112.034081
8067.666667	271.431274	111.366432
8067.733333	271.395264	111.619324
8067.800000	271.418243	112.246353
8067.866667	271.535461	112.419525
8067.933333	271.671112	111.834450
8068.000000	271.741669	111.244026
8068.066667	271.802643	111.145065
8068.133333	271.786865	111.688011
8068.200000	271.789032	112.292480
8068.266667	271.917023	111.806038
8068.333333	271.924500	111.228676
8068.400000	271.857147	111.340790
8068.466667	271.758423	111.961555
8068.533333	271.754242	112.409470
8068.600000	271.807281	112.280701
8068.666667	271.842255	111.665413
8068.733333	271.783264	111.509850
8068.800000	271.719208	112.178101
8068.866667	271.755035	112.574608
8068.933333	271.817261	112.208824
8069.000000	271.805511	111.572441
8069.066667	271.733582	111.416557
8069.133333	271.645691	111.796928
8069.200000	271.492279	112.585197
8069.266667	271.482208	112.116119
8069.333333	271.445007	111.450386
8069.400000	271.308441	111.304024
8069.466667	271.167572	111.812675
8069.533333	271.062531	112.434425
8069.600000	271.076019	112.374741
8069.666667	271.038544	111.780907
8069.733333	270.930695	111.446373
8069.800000	270.855652	112.026108
8069.866667	270.852478	112.602104
8069.933333	270.909821	112.276833
8070.000000	270.967407	111.665161
8070.066667	271.047974	111.423523
8070.133333	271.129333	112.287064
8070.200000	271.233276	112.745171
8070.266667	271.398926	112.324516
8070.333333	271.423523	111.739883
8070.400000	271.339081	111.511894
8070.466667	271.188690	111.973076
8070.533333	271.054169	112.654572
8070.600000	271.092987	112.155457
8070.666667	271.059937	111.649109
8070.733333	271.003967	111.528091
8070.800000	270.910980	112.121643
8070.866667	270.850830	112.650566
8070.933333	270.877136	112.608582
8071.000000	270.920563	111.233284
8071.066667	270.873291	111.338135
8071.133333	270.811554	112.016045
8071.200000	270.848145	112.488052
8071.266667	270.923828	112.233665
8071.333333	270.970886	111.505928
8071.400000	270.944183	111.219086
8071.466667	270.904022	112.190231
8071.533333	271.000946	112.529083
8071.600000	271.140259	112.124123
8071.666667	271.171906	111.527290
8071.733333	271.181763	111.217804
8071.800000	271.146820	111.725159
8071.866667	271.193085	112.374763
8071.933333	271.298401	112.414375
8072.000000	271.349670	111.400711
8072.066667	271.344635	111.408073
8072.133333	271.323059	112.006134
8072.200000	271.374817	112.564400
8072.266667	271.463043	112.487015
8072.333333	271.547485	111.858627
8072.400000	271.555481	111.517967
8072.466667	271.456329	112.366257
8072.533333	271.416443	112.814423
8072.600000	271.394562	112.255089
8072.666667	271.386780	111.511215
8072.733333	271.353912	111.185608
8072.800000	271.310028	111.479263
8072.866667	271.234467	112.206139
8072.933333	271.330719	111.986130
8073.000000	271.345154	111.340256
8073.066667	271.294800	111.212624
8073.133333	271.242706	111.693756
8073.200000	271.233459	112.170151
8073.266667	271.316437	112.241524
8073.333333	271.410522	111.360893
8073.400000	271.456665	111.440445
8073.466667	271.504913	112.113678
8073.533333	271.639069	112.826889
8073.600000	271.751526	112.716240
8073.666667	271.861938	112.002686
8073.733333	271.903656	111.770790
8073.800000	271.887329	112.434288
8073.866667	271.920135	112.834656
8073.933333	271.999817	112.562111
8074.000000	272.050110	111.915611
8074.066667	272.044403	111.749008
8074.133333	272.003754	112.156563
8074.200000	271.915039	113.142883
8074.266667	271.927124	112.839752
8074.333333	271.890808	112.268364
8074.400000	271.780151	112.258965
8074.466667	271.639160	112.651413
8074.533333	271.495728	113.407928
8074.600000	271.451752	113.567169
8074.666667	271.457214	113.160683
8074.733333	271.337646	112.870575
8074.800000	271.249603	113.468437
8074.866667	271.201874	114.073853
8074.933333	271.192993	114.060188
8075.000000	271.225891	113.431938
8075.066667	271.200714	113.004410
8075.133333	271.140686	113.186340
8075.200000	271.196350	114.153252
8075.266667	271.246887	113.991386
8075.333333	271.248932	113.572975
8075.400000	271.228546	113.255127
8075.466667	271.194458	113.484123
8075.533333	271.170258	114.128456
8075.600000	271.194000	114.414406
8075.666667	271.215027	113.552017
8075.733333	271.196472	113.393654
8075.800000	271.152863	113.793800
8075.866667	271.089722	114.351021
8075.933333	271.081726	114.519501
8076.000000	271.063141	114.012466
8076.066667	271.036591	113.374397
8076.133333	270.918182	113.847832
8076.200000	270.919342	114.426308
8076.266667	271.008301	114.297073
8076.333333	271.014618	113.766235
8076.400000	271.002472	113.381981
8076.466667	271.032043	113.488823
8076.533333	271.084320	114.500565
8076.600000	271.115234	114.403381
8076.666667	271.070923	113.965332
8076.733333	271.026764	113.684250
8076.800000	271.029114	114.005913
8076.866667	271.064789	114.438126
8076.933333	271.205902	114.387970
8077.000000	271.374756	113.133636
8077.066667	271.379150	112.938499
8077.133333	271.360321	113.361694
8077.200000	271.316010	113.949966
8077.266667	271.357178	114.226051
8077.333333	271.367249	113.724731
8077.400000	271.286835	113.110565
8077.466667	271.000427	114.004608
8077.533333	270.884613	114.935844
8077.600000	270.865662	114.847115
8077.666667	270.888397	114.184761
8077.733333	270.950562	113.252365
8077.800000	270.952179	113.135979
8077.866667	271.028900	113.338173
8077.933333	271.126984	113.623390
8078.000000	271.161469	112.903320
8078.066667	271.213593	112.482361
8078.133333	271.197723	112.901215
8078.200000	271.238556	113.538002
8078.266667	271.240509	113.851120
8078.333333	271.328003	113.577164
8078.400000	271.393036	113.068687
8078.466667	271.424591	113.162109
8078.533333	271.350220	113.853531
8078.600000	271.354309	114.066650
8078.666667	271.388885	113.683578
8078.733333	271.359222	113.185974
8078.800000	271.300201	112.979576
8078.866667	271.171539	113.380241
8078.933333	271.111359	114.173889
8079.000000	271.104340	113.750870
8079.066667	271.057617	113.178818
8079.133333	270.977509	113.194244
8079.200000	270.923737	113.850372
8079.266667	270.946472	114.329773
8079.333333	271.031006	113.821037
8079.400000	271.078796	113.433884
8079.466667	271.159485	113.618675
8079.533333	271.210938	114.216995
8079.600000	271.315308	114.673943
8079.666667	271.479248	114.530609
8079.733333	271.624268	113.541801
8079.800000	271.655487	113.664803
8079.866667	271.675171	114.363594
8079.933333	271.783508	114.608467
8080.000000	271.840881	114.321579
8080.066667	271.880005	113.737434
8080.133333	271.929077	113.431366
8080.200000	272.006714	114.408096
8080.266667	272.126465	114.540085
8080.333333	272.230255	114.131165
8080.400000	272.315247	113.474678
8080.466667	272.372620	113.309639
8080.533333	272.353973	113.699966
8080.600000	272.374573	114.300858
8080.666667	272.561066	113.797821
8080.733333	272.611481	113.284462
8080.800000	272.612305	113.298409
8080.866667	272.607117	113.834137
8080.933333	272.593048	114.279167
8081.000000	272.678375	114.334312
8081.066667	272.719604	113.829407
8081.133333	272.808929	113.224480
8081.200000	272.890961	113.776604
8081.266667	272.979889	114.256653
8081.333333	273.133148	114.123787
8081.400000	273.264801	113.544472
8081.466667	273.407898	113.057228
8081.533333	273.465271	113.429375
8081.600000	273.511230	114.121658
8081.666667	273.615234	114.205872
8081.733333	273.566803	113.712639
8081.800000	273.487946	113.510033
8081.866667	273.371490	113.948723
8081.933333	273.262329	114.653610
8082.000000	273.224579	114.896210
8082.066667	273.200043	114.399635
8082.133333	273.118561	113.568207
8082.200000	273.068542	114.007050
8082.266667	273.045441	114.614189
8082.333333	273.045776	114.682373
8082.400000	273.039459	114.302582
8082.466667	273.129791	113.416313
8082.533333	273.044067	113.970543
8082.600000	272.965149	114.523209
8082.666667	273.009857	114.370613
8082.733333	273.020142	113.721954
8082.800000	273.028015	113.152687
8082.866667	272.947632	113.212234
8082.933333	272.796448	114.201401
8083.000000	272.812286	114.089432
8083.066667	272.785889	113.529266
8083.133333	272.733826	113.213684
8083.200000	272.643311	113.411041
8083.266667	272.556305	114.014473
8083.333333	272.523071	114.424980
8083.400000	272.513916	114.196533
8083.466667	272.454590	113.549461
8083.533333	272.401093	114.097099
8083.600000	272.362152	114.765068
8083.666667	272.407471	114.884392
8083.733333	272.433716	114.478615
8083.800000	272.451721	113.830650
8083.866667	272.466278	113.730965
8083.933333	272.498596	114.487495
8084.000000	272.544891	114.670807
8084.066667	272.611511	114.143188
8084.133333	272.605682	113.590797
8084.200000	272.615417	113.556175
8084.266667	272.586792	114.073357
8084.333333	272.569397	114.641281
8084.400000	272.668243	113.871895
8084.466667	272.683350	113.241768
8084.533333	272.655792	113.389053
8084.600000	272.659515	114.116158
8084.666667	272.627441	114.438240
8084.733333	272.683899	114.083092
8084.800000	272.690979	113.491653
8084.866667	272.690308	113.021614
8084.933333	272.528351	113.905945
8085.000000	272.511749	114.297050
8085.066667	272.552063	113.865555
8085.133333	272.515167	113.232567
8085.200000	272.459717	113.015755
8085.266667	272.392181	113.371445
8085.333333	272.329407	114.144112
8085.400000	272.333771	113.662697
8085.466667	272.317230	113.087601
8085.533333	272.297241	113.047729
8085.600000	272.244049	113.592834
8085.666667	272.243805	114.129158
8085.733333	272.381165	113.596893
8085.800000	272.415100	113.105820
8085.866667	272.407928	113.235558
8085.933333	272.370148	113.833786
8086.000000	272.411804	114.235344
8086.066667	272.481689	114.093994
8086.133333	272.502350	113.407928
8086.200000	272.447876	113.259575
8086.266667	272.392151	113.868698
8086.333333	272.397614	114.186501
8086.400000	272.420013	113.816002
8086.466667	272.428772	113.181610
8086.533333	272.418823	112.945351
8086.600000	272.347351	113.369926
8086.666667	272.366760	114.116760
8086.733333	272.427490	113.687462
8086.800000	272.462402	113.263191
8086.866667	272.445038	113.103729
8086.933333	272.447327	113.582367
8087.000000	272.416351	114.230545
8087.066667	272.555847	114.084328
8087.133333	272.958069	113.170441
8087.200000	273.077332	113.296646
8087.266667	273.141235	113.927910
8087.333333	273.191711	114.381439
8087.400000	273.222565	114.167816
8087.466667	273.194214	113.586494
8087.533333	273.141693	113.235237
8087.600000	273.071838	113.451553
8087.666667	272.915527	114.452652
8087.733333	272.956024	114.033348
8087.800000	272.928894	113.419983
8087.866667	272.877014	113.227081
8087.933333	272.755188	113.657471
8088.000000	272.666077	114.355988
8088.066667	272.598694	114.542053
8088.133333	272.383606	113.495964
8088.200000	272.251495	113.364067
8088.266667	272.113647	113.906044
8088.333333	272.017456	114.422928
8088.400000	271.999420	114.420738
8088.466667	271.983276	113.897598
8088.533333	271.919373	113.751961
8088.600000	271.869141	114.375618
8088.666667	271.878204	114.867775
8088.733333	271.850098	114.716248
8088.800000	271.815155	114.061417
8088.866667	271.717560	113.863701
8088.933333	271.527130	114.848587
8089.000000	271.592041	115.134857
8089.066667	271.756531	114.860611
8089.133333	272.030090	114.291847
8089.200000	272.344452	114.187973
8089.266667	272.733887	114.730682
8089.333333	273.216125	115.651535
8089.400000	274.091736	115.592163
8089.466667	274.276398	115.555527
8089.533333	274.443420	116.003693
8089.600000	274.470825	116.714058
8089.666667	274.536285	116.927994
8089.733333	274.720581	116.584839
8089.800000	275.073059	115.864647
8089.866667	275.375977	115.385864
8089.933333	275.854736	115.980881
8090.000000	276.058929	116.257805
8090.066667	276.254364	115.833160
8090.133333	276.364136	115.252647
8090.200000	276.484558	115.220520
8090.266667	276.492615	115.675804
8090.333333	276.475616	116.258110
8090.400000	276.528687	115.624741
8090.466667	276.379913	115.125572
8090.533333	276.274841	114.998352
8090.600000	276.204041	115.460747
8090.666667	276.223877	115.961327
8090.733333	276.314514	115.809227
8090.800000	276.492340	115.062401
8090.866667	276.952301	114.466331
8090.933333	277.272156	115.017525
8091.000000	277.668427	115.196510
8091.066667	278.110535	114.981728
8091.133333	278.484802	114.272331
8091.200000	278.834320	113.836014
8091.266667	279.106934	113.980484
8091.333333	279.739349	114.584793
8091.400000	279.954834	114.159096
8091.466667	280.065399	113.559761
8091.533333	280.110748	113.393623
8091.600000	280.101318	113.819519
8091.666667	280.099030	114.377029
8091.733333	280.175018	113.859261
8091.800000	280.043518	113.371956
8091.866667	279.881348	113.295425
8091.933333	279.793823	113.600845
8092.000000	279.781555	113.796227
8092.066667	279.769318	113.610703
8092.133333	279.659210	112.562492
8092.200000	279.625427	112.625389
8092.266667	279.572540	113.150337
8092.333333	279.652710	113.369095
8092.400000	279.705109	112.953201
8092.466667	279.686432	112.316711
8092.533333	279.624268	112.007904
8092.600000	279.542206	112.358803
8092.666667	279.439850	113.383881
8092.733333	279.467102	113.170174
8092.800000	279.396057	112.760719
8092.866667	279.300201	112.801292
8092.933333	279.182312	113.331306
8093.000000	279.143280	114.041039
8093.066667	279.162262	114.057472
8093.133333	279.242401	112.882164
8093.200000	279.260651	112.677109
8093.266667	279.264587	112.844391
8093.333333	279.314758	112.889069
8093.400000	279.460510	112.196472
8093.466667	279.580200	111.393478
8093.533333	279.624725	110.439148
8093.600000	279.648804	110.506065
8093.666667	279.729553	110.467888
8093.733333	279.811920	110.005074
8093.800000	279.846161	109.420723
8093.866667	279.809906	109.272209
8093.933333	279.763306	109.487167
8094.000000	279.727112	110.029991
8094.066667	279.781647	110.059036
8094.133333	279.744904	109.148453
8094.200000	279.678223	109.137032
8094.266667	279.601501	109.758614
8094.333333	279.569458	110.118263
8094.400000	279.633331	110.022797
8094.466667	279.638123	109.529343
8094.533333	279.577515	109.163765
8094.600000	279.468628	109.813339
8094.666667	279.449036	110.132919
8094.733333	279.502014	109.983505
8094.800000	279.501404	109.421974
8094.866667	279.431183	109.222374
8094.933333	279.298309	110.098473
8095.000000	279.358185	110.288109
8095.066667	279.439972	109.849945
8095.133333	279.479797	109.304848
8095.200000	279.522156	109.128281
8095.266667	279.485931	109.605942
8095.333333	279.518311	109.998779
8095.400000	279.702545	109.394653
8095.466667	279.715729	108.976898
8095.533333	279.654480	109.031898
8095.600000	279.586273	109.522530
8095.666667	279.579865	109.944977
8095.733333	279.596710	109.818512
8095.800000	279.579224	109.405594
8095.866667	279.425537	109.380363
8095.933333	279.326996	109.961182
8096.000000	279.339447	110.223145
8096.066667	279.321716	110.046188
8096.133333	279.290375	109.447548
8096.200000	279.200134	109.257248
8096.266667	279.101318	109.758789
8096.333333	279.061127	110.368179
8096.400000	279.191101	110.014061
8096.466667	279.189362	109.395447
8096.533333	279.148132	109.373474
8096.600000	279.095551	109.827866
8096.666667	279.126160	110.245262
8096.733333	279.196930	110.162605
8096.800000	279.278656	109.665955
8096.866667	279.237579	109.284988
8096.933333	279.153351	109.878922
8097.000000	279.153412	110.251190
8097.066667	279.167938	110.097687
8097.133333	279.184631	109.539864
8097.200000	279.117340	109.271896
8097.266667	279.012573	109.669151
8097.333333	278.966248	110.442146
8097.400000	279.010834	110.037003
8097.466667	279.017273	109.428986
8097.533333	278.980316	109.413818
8097.600000	278.946442	109.823204
8097.666667	278.930634	110.300941
8097.733333	279.047974	109.877304
8097.800000	279.074188	109.374825
8097.866667	279.080902	109.436440
8097.933333	279.012146	109.971725
8098.000000	279.034607	110.404022
8098.066667	279.093903	110.260429
8098.133333	279.102570	109.333725
8098.200000	278.988678	109.708160
8098.266667	278.913757	110.481148
8098.333333	278.910614	110.726311
8098.400000	278.935913	110.479034
8098.466667	278.912109	109.892570
8098.533333	278.830841	109.792664
8098.600000	278.658508	110.670677
8098.666667	278.648590	110.761955
8098.733333	278.693390	110.318733
8098.800000	278.666107	109.755203
8098.866667	278.588013	109.897675
8098.933333	278.536957	110.349869
8099.000000	278.510376	110.855217
8099.066667	278.566467	110.744102
8099.133333	278.581665	109.735817
8099.200000	278.513916	109.891479
8099.266667	278.451202	110.601288
8099.333333	278.492126	110.981560
8099.400000	278.577789	110.666435
8099.466667	278.570618	110.203491
8099.533333	278.567200	109.864670
8099.600000	278.380646	110.681145
8099.666667	278.348938	110.890533
8099.733333	278.314972	110.583801
8099.800000	278.249268	110.034241
8099.866667	278.091614	110.039566
8099.933333	277.910309	110.580383
8100.000000	277.836578	111.043633
