4440.066667	42.767879	-99.295326
4440.133333	42.593075	-99.257439
4440.200000	42.379601	-99.220955
4440.266667	42.197495	-99.132851
4440.333333	42.044575	-99.079468
4440.400000	41.877029	-99.014824
4440.466667	41.877029	-99.014824
4440.533333	41.768597	-98.925369
4440.600000	41.300156	-98.747734
4440.666667	41.086212	-98.677696
4440.733333	40.832626	-98.636879
4440.800000	40.583172	-98.659164
4440.866667	40.583172	-98.659164
4440.933333	40.446461	-98.680603
4441.000000	39.947643	-98.596184
4441.066667	39.698349	-98.660057
4441.133333	39.513252	-98.655602
4441.200000	39.290955	-98.679604
4441.266667	39.290955	-98.679604
4441.333333	39.077480	-98.759651
4441.400000	38.688095	-98.911835
4441.466667	38.545609	-98.955223
4441.533333	38.340790	-99.021645
4441.600000	38.222622	-99.098297
4441.666667	38.135300	-99.174675
4441.733333	38.135300	-99.174675
4441.800000	37.920540	-99.269707
4441.866667	37.829262	-99.220207
4441.933333	37.680965	-99.284637
4442.000000	37.585880	-99.278084
4442.066667	37.475529	-99.290977
4442.133333	37.475529	-99.290977
4442.200000	37.064686	-99.200897
4442.266667	36.909733	-99.146347
4442.333333	36.780674	-99.091034
4442.400000	36.530865	-98.968834
4442.466667	36.342209	-98.896194
4442.533333	36.342209	-98.896194
4442.600000	36.015671	-98.785538
4442.666667	35.762745	-98.680634
4442.733333	35.582420	-98.621521
4442.800000	35.455242	-98.589561
4442.866667	35.351852	-98.581818
4442.933333	35.351852	-98.581818
4443.000000	34.887329	-98.570587
4443.066667	34.699135	-98.570778
4443.133333	34.506145	-98.595779
4443.200000	34.343292	-98.575211
4443.266667	34.089119	-98.673996
4443.333333	33.959591	-98.713333
4443.400000	33.753494	-98.769836
4443.466667	33.438095	-98.850975
4443.533333	33.272499	-98.967186
4443.600000	33.077435	-99.062050
4443.666667	32.903343	-99.069244
4443.733333	32.653618	-99.094810
4443.800000	32.406399	-99.182808
4443.866667	32.248596	-99.175995
4443.933333	32.011253	-99.197830
4444.000000	31.850073	-99.235596
4444.066667	31.753868	-99.280426
4444.133333	31.570639	-99.275520
4444.200000	31.413473	-99.239357
4444.266667	31.247368	-99.196487
4444.333333	31.092562	-99.161346
4444.400000	31.001076	-99.148956
4444.466667	30.925797	-99.090027
4444.533333	30.855267	-99.057014
4444.600000	30.632915	-98.974274
4444.666667	30.487776	-98.918564
4444.733333	30.402344	-98.852188
4444.800000	30.256845	-98.818214
4444.866667	30.084450	-98.722069
4444.933333	29.866398	-98.633965
4445.000000	29.695662	-98.627403
4445.066667	29.525404	-98.580864
4445.133333	29.282911	-98.573547
4445.200000	29.091646	-98.621780
4445.266667	28.927124	-98.637199
4445.333333	28.590181	-98.669952
4445.400000	28.395767	-98.771896
4445.466667	28.212225	-98.863228
4445.533333	27.901026	-98.916420
4445.600000	27.663982	-98.952583
4445.666667	27.495667	-98.942627
4445.733333	27.259516	-98.957382
4445.800000	26.967287	-99.084267
4445.866667	26.782307	-99.174911
4445.933333	26.681192	-99.207161
4446.000000	26.537882	-99.262291
4446.066667	26.304024	-99.262489
4446.133333	26.131100	-99.270927
4446.200000	25.929951	-99.272659
4446.266667	25.779457	-99.269974
4446.333333	25.625216	-99.222488
4446.400000	25.450382	-99.183418
4446.466667	25.328367	-99.153023
4446.533333	25.155014	-99.052094
4446.600000	24.958498	-99.018684
4446.666667	24.788223	-99.006645
4446.733333	24.617744	-98.876328
4446.800000	24.462250	-98.769562
4446.866667	24.250687	-98.714821
4446.933333	24.111734	-98.659081
4447.000000	24.041061	-98.646057
4447.066667	23.837931	-98.602448
4447.133333	23.685417	-98.571800
4447.200000	23.497602	-98.601822
4447.266667	23.343927	-98.615715
4447.333333	23.262846	-98.663177
4447.400000	23.080524	-98.696312
4447.466667	22.784197	-98.784897
4447.533333	22.646662	-98.827065
4447.600000	22.492420	-98.934464
4447.666667	22.272404	-98.891434
4447.733333	21.964880	-98.961403
4447.800000	21.737362	-99.083237
4447.866667	21.527697	-99.146461
4447.933333	21.258919	-99.179909
4448.000000	21.059446	-99.210136
4448.066667	20.894129	-99.240417
4448.133333	20.553604	-99.255936
4448.200000	20.285622	-99.233231
4448.266667	20.064569	-99.280533
4448.333333	19.794621	-99.288307
4448.400000	19.613350	-99.304062
4448.466667	19.428852	-99.268814
4448.533333	19.213978	-99.207558
4448.600000	19.042410	-99.131294
4448.666667	18.890905	-99.072319
4448.733333	18.732382	-99.023865
4448.800000	18.536045	-98.958771
4448.866667	18.464890	-98.885361
4448.933333	18.357096	-98.832085
4449.000000	18.266479	-98.778328
4449.066667	18.185753	-98.761269
4449.133333	18.003716	-98.686996
4449.200000	17.773806	-98.681229
4449.266667	17.592009	-98.680099
4449.333333	17.460243	-98.641319
4449.400000	17.273680	-98.582283
4449.466667	17.096184	-98.631187
4449.533333	16.917673	-98.631989
4449.600000	16.768890	-98.763451
4449.666667	16.442945	-98.872101
4449.733333	16.222811	-98.969223
4449.800000	16.077871	-99.022736
4449.866667	15.904850	-99.077324
4449.933333	15.653913	-99.124664
4450.000000	15.435931	-99.193901
4450.066667	15.179443	-99.230537
4450.133333	14.890526	-99.293877
4450.200000	14.718716	-99.350822
4450.266667	14.544756	-99.393456
4450.333333	14.260056	-99.392563
4450.400000	14.029873	-99.341675
4450.466667	13.879137	-99.315231
4450.533333	13.714876	-99.244972
4450.600000	13.515710	-99.166191
4450.666667	13.235405	-99.141998
4450.733333	13.011359	-99.085258
4450.800000	12.835352	-99.057159
4450.866667	12.657363	-98.963821
4450.933333	12.506639	-98.877800
4451.000000	12.075837	-98.871925
4451.066667	11.904219	-98.843513
4451.133333	11.764485	-98.791679
4451.200000	11.643669	-98.767899
4451.266667	11.523950	-98.725616
4451.333333	11.320147	-98.678116
4451.400000	11.199828	-98.660179
4451.466667	11.096273	-98.683037
4451.533333	11.025066	-98.752785
4451.600000	10.933947	-98.796761
4451.666667	10.711129	-98.815063
4451.733333	10.572605	-98.894585
4451.800000	10.441925	-98.980057
4451.866667	10.157173	-99.087593
4451.933333	9.948345	-99.152313
4452.000000	9.703653	-99.178558
4452.066667	9.574933	-99.255104
4452.133333	9.429498	-99.287590
4452.200000	9.078117	-99.329781
4452.266667	8.859977	-99.388710
4452.333333	8.527478	-99.409912
4452.400000	8.278111	-99.389786
4452.466667	8.056062	-99.418381
4452.533333	7.786435	-99.371033
4452.600000	7.512768	-99.363274
4452.666667	7.355002	-99.338051
4452.733333	7.041411	-99.297714
4452.800000	6.791213	-99.213882
4452.866667	6.660487	-99.167694
4452.933333	6.448400	-99.103592
4453.000000	6.225118	-98.988510
4453.066667	6.024085	-98.931313
4453.133333	5.875432	-98.959167
4453.200000	5.561965	-98.914436
4453.266667	5.445666	-98.897758
4453.333333	5.352577	-98.854446
4453.400000	5.245517	-98.855522
4453.466667	5.058441	-98.863899
4453.533333	4.818259	-98.857903
4453.600000	4.668884	-98.889397
4453.666667	4.471218	-98.907799
4453.733333	4.341651	-98.934586
4453.800000	4.178792	-98.981606
4453.866667	4.007193	-99.054291
4453.933333	3.893912	-99.159210
4454.000000	3.718295	-99.245003
4454.066667	3.491322	-99.272171
4454.133333	3.201961	-99.346725
4454.200000	3.038793	-99.387672
4454.266667	2.851575	-99.464737
4454.333333	2.627990	-99.456757
4454.400000	2.427270	-99.495331
4454.466667	2.218335	-99.521210
4454.533333	2.040312	-99.473854
4454.600000	1.860507	-99.477631
4454.666667	1.625795	-99.482834
4454.733333	1.359672	-99.380280
4454.800000	1.071389	-99.417595
4454.866667	0.876498	-99.397987
4454.933333	0.529970	-99.353279
4455.000000	0.260036	-99.258163
4455.066667	0.126735	-99.250748
4455.133333	-0.051364	-99.122856
4455.200000	-0.334344	-99.101707
4455.266667	-0.610643	-99.051819
4455.333333	-0.910403	-98.952660
4455.400000	-1.049570	-98.944725
4455.466667	-1.185597	-98.951111
4455.533333	-1.501121	-98.943054
4455.600000	-1.766862	-98.997620
4455.666667	-1.913222	-99.025002
4455.733333	-2.059231	-99.092079
4455.800000	-2.212013	-99.103539
4455.866667	-2.276983	-99.120186
4455.933333	-2.323148	-99.133652
4456.000000	-2.515097	-99.216019
4456.066667	-2.627687	-99.265305
4456.133333	-2.895172	-99.338921
4456.200000	-3.043093	-99.400414
4456.266667	-3.169098	-99.478165
4456.333333	-3.300370	-99.575500
4456.400000	-3.539057	-99.602547
4456.466667	-3.704727	-99.629494
4456.533333	-3.914501	-99.658157
4456.600000	-4.144367	-99.674690
4456.666667	-4.434343	-99.657516
4456.733333	-4.582263	-99.646446
4456.800000	-4.966854	-99.584755
4456.866667	-5.258528	-99.517570
4456.933333	-5.570587	-99.480591
4457.000000	-5.757382	-99.486481
4457.066667	-6.074180	-99.388062
4457.133333	-6.280108	-99.382751
4457.200000	-6.562394	-99.290977
4457.266667	-6.722038	-99.221855
4457.333333	-6.962600	-99.219154
4457.400000	-7.262370	-99.152702
4457.466667	-7.463274	-99.102623
4457.533333	-7.593766	-99.095551
4457.600000	-7.714030	-99.052917
4457.666667	-8.023254	-99.011246
4457.733333	-8.144380	-99.049889
4457.800000	-8.293440	-99.083504
4457.866667	-8.553504	-99.112701
4457.933333	-8.715697	-99.158089
4458.000000	-8.878924	-99.194283
4458.066667	-9.101146	-99.338463
4458.133333	-9.250060	-99.373260
4458.200000	-9.453557	-99.413200
4458.266667	-9.576488	-99.463135
4458.333333	-9.748032	-99.529327
4458.400000	-9.961843	-99.556664
4458.466667	-10.182504	-99.637421
4458.533333	-10.359252	-99.679955
4458.600000	-10.552604	-99.709518
4458.666667	-10.674730	-99.671555
4458.733333	-10.894919	-99.680618
4458.800000	-11.075940	-99.692719
4458.866667	-11.276329	-99.678276
4458.933333	-11.467469	-99.668289
4459.000000	-11.634211	-99.662636
4459.066667	-11.803383	-99.607674
4459.200000	-12.362863	-99.431389
4459.266667	-12.665462	-99.355408
4459.333333	-12.858243	-99.293816
4459.400000	-13.111889	-99.303055
4459.466667	-13.350278	-99.236961
4459.533333	-13.658359	-99.210281
4459.600000	-13.927561	-99.152832
4459.666667	-14.164002	-99.158913
4459.800000	-14.744979	-99.124489
4459.866667	-14.976076	-99.147659
4459.933333	-15.158387	-99.126190
4460.000000	-15.253716	-99.159927
4460.066667	-15.409758	-99.229637
4460.133333	-15.795229	-99.313942
4460.200000	-15.909542	-99.386414
4460.266667	-16.055712	-99.466194
4460.333333	-16.149776	-99.530952
4460.400000	-16.290655	-99.566833
4460.466667	-16.493586	-99.571358
4460.533333	-16.570869	-99.600784
4460.600000	-16.683292	-99.643898
4460.666667	-16.951195	-99.695419
4460.733333	-17.140156	-99.726013
4460.800000	-17.352343	-99.717766
4460.866667	-17.472675	-99.782036
4460.933333	-17.553385	-99.760803
4461.000000	-17.790527	-99.710968
4461.066667	-18.007484	-99.686897
4461.200000	-18.397806	-99.609528
4461.266667	-18.617895	-99.507118
4461.333333	-18.744726	-99.464073
4461.400000	-19.076710	-99.364471
4461.466667	-19.309633	-99.320923
4461.533333	-19.550247	-99.183609
4461.600000	-19.900587	-99.161560
4461.733333	-20.103859	-99.041077
4461.800000	-20.558521	-98.912300
4461.866667	-20.722256	-98.847656
4461.933333	-20.863005	-98.844604
4462.000000	-21.166622	-98.825363
4462.066667	-21.672871	-98.600113
4462.200000	-22.389635	-98.532738
4462.266667	-22.594700	-98.651741
4462.333333	-22.911663	-98.765976
4462.400000	-23.034027	-98.865723
4462.533333	-23.401731	-98.933914
4462.600000	-23.477863	-98.970543
4462.666667	-23.659479	-98.797920
4462.733333	-23.726585	-98.799583
4462.800000	-23.726585	-98.799583
4462.933333	-23.726585	-98.799583
4463.000000	-23.726585	-98.799583
4463.066667	-23.726585	-98.799583
4463.133333	-23.726585	-98.799583
4463.200000	-23.726585	-98.799583
4463.333333	-25.664082	-98.212013
4463.400000	-25.705191	-98.310196
4463.466667	-25.967377	-98.368271
4463.533333	-26.101688	-98.368141
4463.600000	-26.381886	-98.440125
4463.666667	-26.585184	-98.337494
4463.800000	-27.164108	-98.205048
4463.866667	-27.574718	-98.198189
4463.933333	-27.875814	-98.168625
4464.000000	-28.222057	-98.221970
4464.066667	-28.324610	-98.176506
4464.133333	-28.433720	-98.082695
4464.266667	-28.433720	-98.082695
4464.333333	-28.433720	-98.082695
4464.400000	-28.433720	-98.082695
4464.466667	-28.433720	-98.082695
4464.533333	-28.433720	-98.082695
4464.600000	-28.433720	-98.082695
4464.666667	-28.433720	-98.082695
4464.733333	-28.433720	-98.082695
4464.800000	-28.433720	-98.082695
4464.866667	-28.433720	-98.082695
4464.933333	-28.433720	-98.082695
4465.066667	-28.433720	-98.082695
4465.133333	-28.433720	-98.082695
4465.200000	-28.433720	-98.082695
4465.266667	-28.433720	-98.082695
4465.333333	-28.433720	-98.082695
4465.400000	-28.433720	-98.082695
4465.466667	-28.433720	-98.082695
4465.533333	-28.433720	-98.082695
4465.600000	-28.433720	-98.082695
4465.733333	-28.433720	-98.082695
4465.800000	-28.433720	-98.082695
4465.866667	-28.433720	-98.082695
4465.933333	-28.433720	-98.082695
4466.000000	-28.433720	-98.082695
4466.066667	-28.433720	-98.082695
4466.200000	-28.433720	-98.082695
4466.266667	-28.433720	-98.082695
4466.333333	-28.433720	-98.082695
4466.400000	-28.433720	-98.082695
4466.466667	-28.433720	-98.082695
4466.533333	-28.433720	-98.082695
4466.666667	-28.433720	-98.082695
4466.733333	-28.433720	-98.082695
4466.800000	-28.433720	-98.082695
4466.866667	-28.433720	-98.082695
4466.933333	-28.433720	-98.082695
4467.000000	-28.433720	-98.082695
4467.066667	-28.433720	-98.082695
4467.133333	-28.433720	-98.082695
4467.266667	-28.433720	-98.082695
4467.333333	-28.433720	-98.082695
4467.400000	-28.433720	-98.082695
4467.466667	-28.433720	-98.082695
4467.600000	-28.433720	-98.082695
4467.666667	-28.433720	-98.082695
4467.733333	-40.284420	-98.393806
4467.800000	-40.529472	-98.554741
4467.866667	-40.699829	-98.596024
4467.933333	-40.912838	-98.676598
4468.000000	-41.234955	-98.764915
4468.066667	-41.363884	-98.803307
4468.133333	-41.643623	-98.888695
4468.266667	-42.039406	-98.912079
4468.333333	-42.327717	-98.912598
4468.400000	-42.701481	-98.991966
4468.466667	-42.883820	-99.008492
4468.533333	-43.310379	-99.237457
4468.600000	-43.612389	-99.231407
4468.666667	-43.938908	-99.429825
4468.733333	-44.100086	-99.574432
4468.800000	-44.433403	-99.585838
4468.933333	-44.778198	-99.712181
4469.000000	-45.174343	-99.932625
4469.066667	-45.418339	-100.093994
4469.133333	-45.640579	-100.109795
4469.200000	-45.888161	-100.210686
4469.266667	-45.975880	-100.179893
4469.333333	-46.112324	-100.173363
4469.466667	-46.334087	-100.066223
4469.533333	-46.528824	-100.025261
4469.600000	-46.935642	-100.005409
4469.666667	-47.119083	-99.942604
4469.733333	-47.277893	-99.862236
4469.800000	-47.602901	-99.836716
4469.866667	-47.744942	-99.706734
4469.933333	-47.889107	-99.668648
4470.066667	-48.251385	-99.567780
4470.133333	-48.503811	-99.522713
4470.200000	-48.689075	-99.519699
4470.266667	-48.924614	-99.574211
4470.400000	-49.345661	-99.659454
4470.466667	-49.476181	-99.707672
4470.533333	-49.836857	-99.763374
4470.600000	-49.979649	-99.826416
4470.666667	-50.144554	-99.887093
4470.800000	-50.691963	-99.988411
4470.866667	-50.968014	-100.065094
4470.933333	-51.104515	-100.072411
4471.000000	-51.250904	-100.075317
4471.066667	-51.396667	-100.194153
4471.133333	-51.810287	-100.245483
4471.200000	-52.255005	-100.276634
4471.333333	-52.944080	-100.306290
4471.400000	-53.342354	-100.256775
4471.466667	-53.342354	-100.256775
4471.533333	-53.513054	-100.241455
4471.600000	-53.670887	-100.237648
4471.666667	-53.951836	-100.130135
4471.733333	-54.153564	-100.094246
4471.800000	-54.486465	-99.989662
4471.866667	-54.486465	-99.989662
4472.000000	-54.783440	-99.952515
4472.066667	-54.926666	-99.943817
4472.133333	-55.106426	-99.924232
4472.200000	-55.442318	-99.901543
4472.266667	-55.442318	-99.901543
4472.333333	-55.692528	-99.901680
4472.466667	-56.235188	-99.925812
4472.533333	-56.348961	-99.944016
4472.600000	-56.793312	-99.985115
4472.666667	-56.920502	-100.019928
4472.733333	-56.920502	-100.019928
4472.800000	-57.235577	-100.118469
4472.866667	-57.463749	-100.211082
4472.933333	-57.782001	-100.289970
4473.000000	-58.247990	-100.403442
4473.066667	-58.481606	-100.407761
4473.200000	-58.669807	-100.465576
4473.266667	-58.901711	-100.478424
4473.333333	-59.185261	-100.532806
4473.400000	-59.852608	-100.532806
4473.466667	-60.282761	-100.513214
4473.533333	-60.282761	-100.513214
4473.666667	-60.681763	-100.443481
4473.733333	-60.868584	-100.411652
4473.800000	-61.292458	-100.346947
4473.866667	-61.680302	-100.267700
4473.933333	-61.944920	-100.238190
4474.066667	-62.161392	-100.165886
4474.133333	-62.337975	-100.121101
4474.200000	-62.747093	-100.043358
4474.266667	-62.878159	-100.044014
4474.333333	-63.121704	-100.037613
4474.400000	-63.121704	-100.037613
4474.533333	-63.365017	-100.031410
4474.600000	-63.627651	-100.103134
4474.666667	-63.835926	-100.213394
4474.733333	-64.069138	-100.323433
4474.800000	-64.069138	-100.323433
4474.866667	-64.327988	-100.393204
4474.933333	-64.542252	-100.406418
4475.000000	-64.964615	-100.484070
4475.066667	-65.362991	-100.532806
4475.200000	-65.530762	-100.532806
4475.266667	-65.898346	-100.532806
4475.333333	-66.072174	-100.532806
4475.400000	-66.072174	-100.532806
4475.466667	-66.072174	-100.532806
4475.533333	-66.072174	-100.532806
4475.600000	-66.072174	-100.532806
4475.666667	-66.072174	-100.532806
4475.733333	-66.072174	-100.532806
4475.800000	-68.436829	-100.512566
4475.866667	-68.591370	-100.444168
4475.933333	-68.807426	-100.415062
4476.000000	-69.074585	-100.375755
4476.066667	-69.074585	-100.375755
4476.133333	-69.414215	-100.360275
4476.200000	-69.746376	-100.276894
4476.333333	-70.286674	-100.152679
4476.400000	-70.487488	-100.145180
4476.466667	-70.487488	-100.145180
4476.533333	-70.600082	-100.156189
4476.600000	-70.970299	-100.294441
4476.733333	-71.401848	-100.376831
4476.800000	-71.519386	-100.404434
4476.866667	-71.780365	-100.444290
4476.933333	-71.780365	-100.444290
4477.000000	-72.009712	-100.532806
4477.066667	-72.229416	-100.532806
4477.133333	-72.229416	-100.532806
4477.200000	-72.229416	-100.532806
4477.266667	-72.229416	-100.532806
4477.400000	-72.229416	-100.532806
4477.466667	-72.229416	-100.532806
4477.533333	-72.229416	-100.532806
4477.600000	-72.229416	-100.532806
4477.666667	-72.229416	-100.532806
4477.733333	-72.229416	-100.532806
4477.800000	-72.229416	-100.532806
4477.933333	-72.229416	-100.532806
4478.000000	-72.229416	-100.532806
4478.066667	-76.471817	-100.532806
4478.133333	-76.673630	-100.532806
4478.200000	-76.856270	-100.532806
4478.266667	-77.112709	-100.498070
4478.400000	-77.868294	-100.434494
4478.466667	-78.007729	-100.390594
4478.533333	-78.283737	-100.400909
4478.600000	-78.600670	-100.407677
4478.666667	-78.875427	-100.382156
4478.733333	-78.982445	-100.397057
4478.866667	-79.158180	-100.504250
4478.933333	-79.294037	-100.532806
4479.000000	-79.303421	-100.532806
4479.066667	-79.303421	-100.532806
4479.133333	-79.303421	-100.532806
4479.200000	-79.303421	-100.532806
4479.266667	-79.303421	-100.532806
4479.400000	-79.303421	-100.532806
4479.466667	-79.303421	-100.532806
4479.533333	-79.303421	-100.532806
4479.600000	-79.303421	-100.532806
4479.666667	-79.303421	-100.532806
4479.733333	-79.303421	-100.532806
4479.800000	-79.303421	-100.532806
4479.933333	-79.303421	-100.532806
4480.000000	-79.303421	-100.532806
4480.066667	-79.303421	-100.532806
4480.133333	-79.303421	-100.532806
4480.200000	-79.303421	-100.532806
4480.266667	-84.490334	-100.532806
4480.333333	-84.486610	-100.532806
4480.400000	-84.869751	-100.532806
4480.466667	-85.141190	-100.532806
4480.600000	-85.704384	-100.532806
4480.666667	-86.024925	-100.532211
4480.733333	-86.277481	-100.532806
4480.800000	-86.504005	-100.532806
4480.866667	-86.634865	-100.532806
4480.933333	-86.787979	-100.532806
4481.000000	-86.985832	-100.532806
4481.066667	-86.985832	-100.532806
4481.200000	-86.985832	-100.532806
4481.266667	-86.985832	-100.532806
4481.333333	-86.985832	-100.532806
4481.400000	-86.985832	-100.532806
4481.466667	-86.985832	-100.532806
4481.533333	-86.985832	-100.532806
4481.600000	-86.985832	-100.532806
4481.666667	-86.985832	-100.532806
4481.733333	-86.985832	-100.532806
4481.866667	-86.985832	-100.532806
4481.933333	-86.985832	-100.532806
4482.000000	-86.985832	-100.532806
4482.066667	-86.985832	-100.532806
4482.133333	-86.985832	-100.532806
4482.200000	-86.985832	-100.532806
4482.266667	-86.985832	-100.532806
4482.333333	-86.985832	-100.532806
4482.400000	-86.985832	-100.532806
4482.533333	-86.985832	-100.532806
4482.600000	-86.985832	-100.532806
4482.666667	-93.248268	-100.532806
4482.733333	-93.495659	-100.532806
4482.800000	-93.495659	-100.532806
4482.866667	-93.495659	-100.532806
4482.933333	-93.495659	-100.532806
4483.000000	-93.495659	-100.532806
4483.066667	-93.495659	-100.532806
4483.133333	-93.495659	-100.532806
4483.200000	-93.495659	-100.532806
4483.266667	-93.495659	-100.532806
4483.333333	-93.495659	-100.532806
4483.400000	-93.495659	-100.532806
4483.533333	-93.495659	-100.532806
4483.600000	-93.495659	-100.532806
4483.666667	-93.495659	-100.532806
4483.733333	-93.495659	-100.532806
4483.800000	-93.495659	-100.532806
4483.866667	-93.495659	-100.532806
4483.933333	-93.495659	-100.532806
4484.000000	-93.495659	-100.532806
4484.066667	-93.495659	-100.532806
4484.133333	-93.495659	-100.532806
4484.200000	-93.495659	-100.532806
4484.266667	-93.495659	-100.532806
4484.400000	-93.495659	-100.532806
4484.466667	-93.495659	-100.532806
4484.533333	-93.495659	-100.532806
4484.600000	-93.495659	-100.532806
4484.666667	-93.495659	-100.532806
4484.733333	-93.495659	-100.532806
4484.800000	-93.495659	-100.532806
4484.866667	-93.495659	-100.532806
4484.933333	-93.495659	-100.532806
4485.000000	-93.495659	-100.532806
4485.066667	-93.495659	-100.532806
4485.133333	-93.495659	-100.532806
4485.200000	-93.495659	-100.532806
4485.266667	-93.495659	-100.532806
4485.333333	-93.495659	-100.532806
4485.400000	-93.495659	-100.532806
4485.466667	-93.495659	-100.532806
4485.533333	-93.495659	-100.532806
4485.600000	-93.495659	-100.532806
4485.666667	-93.495659	-100.532806
4485.800000	-93.495659	-100.532806
4485.866667	-93.495659	-100.532806
4485.933333	-93.495659	-100.532806
4486.000000	-93.495659	-100.532806
4486.066667	-93.495659	-100.532806
4486.133333	-93.495659	-100.532806
4486.200000	-93.495659	-100.532806
4486.266667	-93.495659	-100.532806
4486.333333	-93.495659	-100.532806
4486.400000	-93.495659	-100.532806
4486.466667	-93.495659	-100.532806
4486.533333	-93.495659	-100.532806
4486.600000	-93.495659	-100.532806
4486.666667	-93.495659	-100.532806
4486.733333	-93.495659	-100.532806
4486.800000	-93.495659	-100.532806
4486.933333	-93.495659	-100.532806
4487.000000	-93.495659	-100.532806
4487.066667	-93.495659	-100.532806
4487.133333	-93.495659	-100.532806
4487.200000	-93.495659	-100.532806
4487.266667	-93.495659	-100.532806
4487.333333	-93.495659	-100.532806
4487.400000	-93.495659	-100.532806
4487.466667	-93.495659	-100.532806
4487.533333	-93.495659	-100.532806
4487.600000	-93.495659	-100.532806
4487.666667	-93.495659	-100.532806
4487.733333	-93.495659	-100.532806
4487.866667	-93.495659	-100.532806
4487.933333	-93.495659	-100.532806
4488.000000	-93.495659	-100.532806
4488.066667	-93.495659	-100.532806
4488.133333	-93.495659	-100.532806
4488.200000	-93.495659	-100.532806
4488.266667	-93.495659	-100.532806
4488.333333	-93.495659	-100.532806
4488.400000	-93.495659	-100.532806
4488.466667	-93.495659	-100.532806
4488.533333	-93.495659	-100.532806
4488.600000	-93.495659	-100.532806
4488.733333	-93.495659	-100.532806
4488.800000	-93.495659	-100.532806
4488.866667	-93.495659	-100.532806
4488.933333	-93.495659	-100.532806
4489.000000	-93.495659	-100.532806
4489.066667	-93.495659	-100.532806
4489.133333	-93.495659	-100.532806
4489.200000	-93.495659	-100.532806
4489.266667	-93.495659	-100.532806
4489.333333	-93.495659	-100.532806
4489.466667	-93.495659	-100.532806
4489.533333	-93.495659	-100.532806
4489.600000	-93.495659	-100.532806
4489.666667	-93.495659	-100.532806
4489.733333	-93.495659	-100.532806
4489.800000	-93.495659	-100.532806
4489.866667	-93.495659	-100.532806
4489.933333	-93.495659	-100.532806
4490.000000	-93.495659	-100.532806
4490.066667	-93.495659	-100.532806
4490.133333	-93.495659	-100.532806
4490.266667	-93.495659	-100.532806
4490.333333	-93.495659	-100.532806
4490.400000	-93.495659	-100.532806
4490.466667	-93.495659	-100.532806
4490.533333	-93.495659	-100.532806
4490.666667	-93.495659	-100.532806
4490.733333	-93.495659	-100.532806
4490.800000	-93.495659	-100.532806
4490.866667	-93.495659	-100.532806
4490.933333	-93.495659	-100.532806
4491.000000	-93.495659	-100.532806
4491.066667	-93.495659	-100.532806
4491.200000	-93.495659	-100.532806
4491.266667	-93.495659	-100.532806
4491.333333	-93.495659	-100.532806
4491.400000	-93.495659	-100.532806
4491.466667	-93.495659	-100.532806
4491.533333	-93.495659	-100.532806
4491.666667	-93.495659	-100.532806
4491.733333	-93.495659	-100.532806
4491.800000	-93.495659	-100.532806
4491.866667	-93.495659	-100.532806
4491.933333	-93.495659	-100.532806
4492.000000	-93.495659	-100.532806
4492.066667	-93.495659	-100.532806
4492.200000	-93.495659	-100.532806
4492.266667	-93.495659	-100.532806
4492.333333	-93.495659	-100.532806
4492.400000	-93.495659	-100.532806
4492.466667	-93.495659	-100.532806
4492.533333	-93.495659	-100.532806
4492.600000	-93.495659	-100.532806
4492.733333	-93.495659	-100.532806
4492.800000	-93.495659	-100.532806
4492.866667	-93.495659	-100.532806
4492.933333	-93.495659	-100.532806
4493.000000	-93.495659	-100.532806
4493.066667	-93.495659	-100.532806
4493.200000	-93.495659	-100.532806
4493.266667	-93.495659	-100.532806
4493.333333	-93.495659	-100.532806
4493.400000	-93.495659	-100.532806
4493.466667	-93.495659	-100.532806
4493.533333	-93.495659	-100.532806
4493.666667	-93.495659	-100.532806
4493.733333	-93.495659	-100.532806
4493.800000	-93.495659	-100.532806
4493.866667	-93.495659	-100.532806
4493.933333	-93.495659	-100.532806
4494.000000	-93.495659	-100.532806
4494.066667	-93.495659	-100.532806
4494.133333	-93.495659	-100.532806
4494.266667	-93.495659	-100.532806
4494.333333	-93.495659	-100.532806
4494.400000	-93.495659	-100.532806
4494.466667	-93.495659	-100.532806
4494.533333	-93.495659	-100.532806
4494.600000	-93.495659	-100.532806
4494.666667	-93.495659	-100.532806
4494.800000	-93.495659	-100.532806
4494.866667	-93.495659	-100.532806
4494.933333	-93.495659	-100.532806
4495.000000	-93.495659	-100.532806
4495.066667	-93.495659	-100.532806
4495.133333	-93.495659	-100.532806
4495.200000	-93.495659	-100.532806
4495.333333	-93.495659	-100.532806
4495.400000	-93.495659	-100.532806
4495.466667	-93.495659	-100.532806
4495.533333	-93.495659	-100.532806
4495.600000	-93.495659	-100.532806
4495.733333	-93.495659	-100.532806
4495.800000	-93.495659	-100.532806
4495.866667	-93.495659	-100.532806
4495.933333	-93.495659	-100.532806
4496.000000	-93.495659	-100.532806
4496.066667	-93.495659	-100.532806
4496.133333	-93.495659	-100.532806
4496.200000	-93.495659	-100.532806
4496.266667	-93.495659	-100.532806
4496.333333	-93.495659	-100.532806
4496.400000	-93.495659	-100.532806
4496.466667	-93.495659	-100.532806
4496.533333	-93.495659	-100.532806
4496.600000	-93.495659	-100.532806
4496.666667	-93.495659	-100.532806
4496.733333	-93.495659	-100.532806
4496.800000	-93.495659	-100.532806
4496.866667	-93.495659	-100.532806
4496.933333	-93.495659	-100.532806
4497.000000	-93.495659	-100.532806
4497.066667	-93.495659	-100.532806
4497.133333	-93.495659	-100.532806
4497.200000	-93.495659	-100.532806
4497.266667	-93.495659	-100.532806
4497.333333	-93.495659	-100.532806
4497.400000	-93.495659	-100.532806
4497.466667	-93.495659	-100.532806
4497.533333	-93.495659	-100.532806
4497.600000	-93.495659	-100.532806
4497.666667	-93.495659	-100.532806
4497.733333	-93.495659	-100.532806
4497.800000	-93.495659	-100.532806
4497.866667	-93.495659	-100.532806
4497.933333	-93.495659	-100.532806
4498.000000	-93.495659	-100.532806
4498.066667	-93.495659	-100.532806
4498.133333	-93.495659	-100.532806
4498.200000	-93.495659	-100.532806
4498.266667	-93.495659	-100.532806
4498.333333	-93.495659	-100.532806
4498.400000	-93.495659	-100.532806
4498.466667	-93.495659	-100.532806
4498.533333	-93.495659	-100.532806
4498.600000	-93.495659	-100.532806
4498.666667	-93.495659	-100.532806
4498.733333	-93.495659	-100.532806
4498.800000	-93.495659	-100.532806
4498.866667	-93.495659	-100.532806
4498.933333	-93.495659	-100.532806
4499.000000	-93.495659	-100.532806
4499.066667	-93.495659	-100.532806
4499.133333	-93.495659	-100.532806
4499.200000	-93.495659	-100.532806
4499.266667	-93.495659	-100.532806
4499.333333	-93.495659	-100.532806
4499.400000	-93.495659	-100.532806
4499.466667	-93.495659	-100.532806
4499.533333	-93.495659	-100.532806
4499.600000	-93.495659	-100.532806
4499.666667	-93.495659	-100.532806
4499.733333	-93.495659	-100.532806
4499.800000	-93.495659	-100.532806
4499.866667	-93.495659	-100.532806
4499.933333	-93.495659	-100.532806
4500.000000	-93.495659	-100.532806
