6960.066667	-133.330734	-42.779915
6960.133333	-133.330734	-42.779915
6960.200000	-133.330734	-42.779915
6960.266667	-133.330734	-42.779915
6960.333333	-133.330734	-42.779915
6960.400000	-133.330734	-42.779915
6960.466667	-133.330734	-42.779915
6960.533333	-133.330734	-42.779915
6960.600000	-133.330734	-42.779915
6960.666667	-133.330734	-42.779915
6960.733333	-133.330734	-42.779915
6960.800000	-133.330734	-42.779915
6960.866667	-133.330734	-42.779915
6960.933333	-133.330734	-42.779915
6961.000000	-133.330734	-42.779915
6961.066667	-133.330734	-42.779915
6961.133333	-133.330734	-42.779915
6961.200000	-133.330734	-42.779915
6961.266667	-133.330734	-42.779915
6961.333333	-133.330734	-42.779915
6961.400000	-133.330734	-42.779915
6961.466667	-133.330734	-42.779915
6961.533333	-133.330734	-42.779915
6961.600000	-133.330734	-42.779915
6961.666667	-133.330734	-42.779915
6961.733333	-133.330734	-42.779915
6961.800000	-133.330734	-42.779915
6961.866667	-133.330734	-42.779915
6961.933333	-133.330734	-42.779915
6962.000000	-133.330734	-42.779915
6962.066667	-133.330734	-42.779915
6962.133333	-133.330734	-42.779915
6962.200000	-133.330734	-42.779915
6962.266667	-133.330734	-42.779915
6962.333333	-133.330734	-42.779915
6962.400000	-133.330734	-42.779915
6962.466667	-133.330734	-42.779915
6962.533333	-133.330734	-42.779915
6962.600000	-133.330734	-42.779915
6962.666667	-133.330734	-42.779915
6962.733333	-133.330734	-42.779915
6962.800000	-133.330734	-42.779915
6962.866667	-133.330734	-42.779915
6962.933333	-133.330734	-42.779915
6963.000000	-133.330734	-42.779915
6963.066667	-133.330734	-42.779915
6963.133333	-133.330734	-42.779915
6963.200000	-133.330734	-42.779915
6963.266667	-133.330734	-42.779915
6963.333333	-133.330734	-42.779915
6963.400000	-133.330734	-42.779915
6963.466667	-133.330734	-42.779915
6963.533333	-133.330734	-42.779915
6963.600000	-133.330734	-42.779915
6963.666667	-133.330734	-42.779915
6963.733333	-133.330734	-42.779915
6963.800000	-133.330734	-42.779915
6963.866667	-133.330734	-42.779915
6963.933333	-133.330734	-42.779915
6964.000000	-133.330734	-42.779915
6964.066667	-133.330734	-42.779915
6964.133333	-133.330734	-42.779915
6964.200000	-133.330734	-42.779915
6964.266667	-133.330734	-42.779915
6964.333333	-133.330734	-42.779915
6964.400000	-133.330734	-42.779915
6964.466667	-133.330734	-42.779915
6964.533333	-133.330734	-42.779915
6964.600000	-133.330734	-42.779915
6964.666667	-133.330734	-42.779915
6964.733333	-133.330734	-42.779915
6964.800000	-133.330734	-42.779915
6964.866667	-133.330734	-42.779915
6964.933333	-133.330734	-42.779915
6965.000000	-133.330734	-42.779915
6965.066667	-133.330734	-42.779915
6965.133333	-133.330734	-42.779915
6965.200000	-133.330734	-42.779915
6965.266667	-133.330734	-42.779915
6965.333333	-133.330734	-42.779915
6965.400000	-133.330734	-42.779915
6965.466667	-133.330734	-42.779915
6965.533333	-133.330734	-42.779915
6965.600000	-133.330734	-42.779915
6965.666667	-133.330734	-42.779915
6965.733333	-133.330734	-42.779915
6965.800000	-133.330734	-42.779915
6965.866667	-133.330734	-42.779915
6965.933333	-133.330734	-42.779915
6966.000000	-133.330734	-42.779915
6966.066667	-133.330734	-42.779915
6966.133333	-133.330734	-42.779915
6966.200000	-133.330734	-42.779915
6966.266667	-133.330734	-42.779915
6966.333333	-133.330734	-42.779915
6966.400000	-133.330734	-42.779915
6966.466667	-133.330734	-42.779915
6966.533333	-133.330734	-42.779915
6966.600000	-133.330734	-42.779915
6966.666667	-133.330734	-42.779915
6966.733333	-133.330734	-42.779915
6966.800000	-133.330734	-42.779915
6966.866667	-133.330734	-42.779915
6966.933333	-133.330734	-42.779915
6967.000000	-133.330734	-42.779915
6967.066667	-133.330734	-42.779915
6967.133333	-133.330734	-42.779915
6967.200000	-133.330734	-42.779915
6967.266667	-133.330734	-42.779915
6967.333333	-133.330734	-42.779915
6967.400000	-133.330734	-42.779915
6967.466667	-133.330734	-42.779915
6967.533333	-133.330734	-42.779915
6967.600000	-133.330734	-42.779915
6967.666667	-133.330734	-42.779915
6967.733333	-133.330734	-42.779915
6967.800000	-133.330734	-42.779915
6967.866667	-133.330734	-42.779915
6967.933333	-133.330734	-42.779915
6968.000000	-133.330734	-42.779915
6968.066667	-133.330734	-42.779915
6968.133333	-133.330734	-42.779915
6968.200000	-133.330734	-42.779915
6968.266667	-133.330734	-42.779915
6968.333333	-133.330734	-42.779915
6968.400000	-133.330734	-42.779915
6968.466667	-133.330734	-42.779915
6968.533333	-133.330734	-42.779915
6968.600000	-133.330734	-42.779915
6968.666667	-133.330734	-42.779915
6968.733333	-133.330734	-42.779915
6968.800000	-133.330734	-42.779915
6968.866667	-133.330734	-42.779915
6968.933333	-133.330734	-42.779915
6969.000000	-133.330734	-42.779915
6969.066667	-133.330734	-42.779915
6969.133333	-133.330734	-42.779915
6969.200000	-133.330734	-42.779915
6969.266667	-133.330734	-42.779915
6969.333333	-133.330734	-42.779915
6969.400000	-133.330734	-42.779915
6969.466667	-133.330734	-42.779915
6969.533333	-133.330734	-42.779915
6969.600000	-133.330734	-42.779915
6969.666667	-133.330734	-42.779915
6969.733333	-133.330734	-42.779915
6969.800000	-133.330734	-42.779915
6969.866667	-133.330734	-42.779915
6969.933333	-133.330734	-42.779915
6970.000000	-133.330734	-42.779915
6970.066667	-133.330734	-42.779915
6970.133333	-133.330734	-42.779915
6970.200000	-133.330734	-42.779915
6970.266667	-133.330734	-42.779915
6970.333333	-133.330734	-42.779915
6970.400000	-133.330734	-42.779915
6970.466667	-133.330734	-42.779915
6970.533333	-133.330734	-42.779915
6970.600000	-133.330734	-42.779915
6970.666667	-133.330734	-42.779915
6970.733333	-133.330734	-42.779915
6970.800000	-133.330734	-42.779915
6970.866667	-133.330734	-42.779915
6970.933333	-133.330734	-42.779915
6971.000000	-133.330734	-42.779915
6971.066667	-133.330734	-42.779915
6971.133333	-133.330734	-42.779915
6971.200000	-133.330734	-42.779915
6971.266667	-133.330734	-42.779915
6971.333333	-133.330734	-42.779915
6971.400000	-133.330734	-42.779915
6971.466667	-133.330734	-42.779915
6971.533333	-133.330734	-42.779915
6971.600000	-133.330734	-42.779915
6971.666667	-133.330734	-42.779915
6971.733333	-133.330734	-42.779915
6971.800000	-133.330734	-42.779915
6971.866667	-133.330734	-42.779915
6971.933333	-133.330734	-42.779915
6972.000000	-133.330734	-42.779915
6972.066667	-133.330734	-42.779915
6972.133333	-133.330734	-42.779915
6972.200000	-133.330734	-42.779915
6972.266667	-133.330734	-42.779915
6972.333333	-133.330734	-42.779915
6972.400000	-133.330734	-42.779915
6972.466667	-133.330734	-42.779915
6972.533333	-133.330734	-42.779915
6972.600000	-133.330734	-42.779915
6972.666667	-133.330734	-42.779915
6972.733333	-133.330734	-42.779915
6972.800000	-133.330734	-42.779915
6972.866667	-133.330734	-42.779915
6972.933333	-133.330734	-42.779915
6973.000000	-133.330734	-42.779915
6973.066667	-133.330734	-42.779915
6973.133333	-133.330734	-42.779915
6973.200000	-133.330734	-42.779915
6973.266667	-133.330734	-42.779915
6973.333333	-133.330734	-42.779915
6973.400000	-133.330734	-42.779915
6973.466667	-133.330734	-42.779915
6973.533333	-133.330734	-42.779915
6973.600000	-133.330734	-42.779915
6973.666667	-133.330734	-42.779915
6973.733333	-133.330734	-42.779915
6973.800000	-133.330734	-42.779915
6973.866667	-133.330734	-42.779915
6973.933333	-133.330734	-42.779915
6974.000000	-133.330734	-42.779915
6974.066667	-133.330734	-42.779915
6974.133333	-133.330734	-42.779915
6974.200000	-133.330734	-42.779915
6974.266667	-133.330734	-42.779915
6974.333333	-133.330734	-42.779915
6974.400000	-133.330734	-42.779915
6974.466667	-133.330734	-42.779915
6974.533333	-133.330734	-42.779915
6974.600000	-133.330734	-42.779915
6974.666667	-133.330734	-42.779915
6974.733333	-133.330734	-42.779915
6974.800000	-133.330734	-42.779915
6974.866667	-133.330734	-42.779915
6974.933333	-133.330734	-42.779915
6975.000000	-133.330734	-42.779915
6975.066667	-133.330734	-42.779915
6975.133333	-133.330734	-42.779915
6975.200000	-133.330734	-42.779915
6975.266667	-133.330734	-42.779915
6975.333333	-133.330734	-42.779915
6975.400000	-133.330734	-42.779915
6975.466667	-133.330734	-42.779915
6975.533333	-133.330734	-42.779915
6975.600000	-133.330734	-42.779915
6975.666667	-133.330734	-42.779915
6975.733333	-133.330734	-42.779915
6975.800000	-133.330734	-42.779915
6975.866667	-133.330734	-42.779915
6975.933333	-133.330734	-42.779915
6976.000000	-133.330734	-42.779915
6976.066667	-133.330734	-42.779915
6976.133333	-133.330734	-42.779915
6976.200000	-133.330734	-42.779915
6976.266667	-133.330734	-42.779915
6976.333333	-133.330734	-42.779915
6976.400000	-133.330734	-42.779915
6976.466667	-133.330734	-42.779915
6976.533333	-133.330734	-42.779915
6976.600000	-133.330734	-42.779915
6976.666667	-133.330734	-42.779915
6976.733333	-133.330734	-42.779915
6976.800000	-133.330734	-42.779915
6976.866667	-133.330734	-42.779915
6976.933333	-133.330734	-42.779915
6977.000000	-133.330734	-42.779915
6977.066667	-133.330734	-42.779915
6977.133333	-133.330734	-42.779915
6977.200000	-133.330734	-42.779915
6977.266667	-133.330734	-42.779915
6977.333333	-133.330734	-42.779915
6977.400000	-133.330734	-42.779915
6977.466667	-133.330734	-42.779915
6977.533333	-133.330734	-42.779915
6977.600000	-133.330734	-42.779915
6977.666667	-133.330734	-42.779915
6977.733333	-133.330734	-42.779915
6977.800000	-133.330734	-42.779915
6977.866667	-133.330734	-42.779915
6977.933333	-133.330734	-42.779915
6978.000000	-133.330734	-42.779915
6978.066667	-133.330734	-42.779915
6978.133333	-133.330734	-42.779915
6978.200000	-133.330734	-42.779915
6978.266667	-133.330734	-42.779915
6978.333333	-133.330734	-42.779915
6978.400000	-133.330734	-42.779915
6978.466667	-133.330734	-42.779915
6978.533333	-133.330734	-42.779915
6978.600000	-133.330734	-42.779915
6978.666667	-133.330734	-42.779915
6978.733333	-133.330734	-42.779915
6978.800000	-133.330734	-42.779915
6978.866667	-133.330734	-42.779915
6978.933333	-133.330734	-42.779915
6979.000000	-133.330734	-42.779915
6979.066667	-133.330734	-42.779915
6979.133333	-133.330734	-42.779915
6979.200000	-133.330734	-42.779915
6979.266667	-133.330734	-42.779915
6979.333333	-133.330734	-42.779915
6979.400000	-133.330734	-42.779915
6979.466667	-133.330734	-42.779915
6979.533333	-133.330734	-42.779915
6979.600000	-133.330734	-42.779915
6979.666667	-133.330734	-42.779915
6979.733333	-133.330734	-42.779915
6979.800000	-133.330734	-42.779915
6979.866667	-133.330734	-42.779915
6979.933333	-133.330734	-42.779915
6980.000000	-133.330734	-42.779915
6980.066667	-133.330734	-42.779915
6980.133333	-133.330734	-42.779915
6980.200000	-133.330734	-42.779915
6980.266667	-133.330734	-42.779915
6980.333333	-133.330734	-42.779915
6980.400000	-133.330734	-42.779915
6980.466667	-133.330734	-42.779915
6980.533333	-133.330734	-42.779915
6980.600000	-133.330734	-42.779915
6980.666667	-133.330734	-42.779915
6980.733333	-133.330734	-42.779915
6980.800000	-133.330734	-42.779915
6980.866667	-133.330734	-42.779915
6980.933333	-133.330734	-42.779915
6981.000000	-133.330734	-42.779915
6981.066667	-133.330734	-42.779915
6981.133333	-133.330734	-42.779915
6981.200000	-133.330734	-42.779915
6981.266667	-133.330734	-42.779915
6981.333333	-133.330734	-42.779915
6981.400000	-133.330734	-42.779915
6981.466667	-133.330734	-42.779915
6981.533333	-133.330734	-42.779915
6981.600000	-133.330734	-42.779915
6981.666667	-133.330734	-42.779915
6981.733333	-133.330734	-42.779915
6981.800000	-133.330734	-42.779915
6981.866667	-133.330734	-42.779915
6981.933333	-133.330734	-42.779915
6982.000000	-133.330734	-42.779915
6982.066667	-133.330734	-42.779915
6982.133333	-133.330734	-42.779915
6982.200000	-133.330734	-42.779915
6982.266667	-133.330734	-42.779915
6982.333333	-133.330734	-42.779915
6982.400000	-133.330734	-42.779915
6982.466667	-133.330734	-42.779915
6982.533333	-133.330734	-42.779915
6982.600000	-133.330734	-42.779915
6982.666667	-133.330734	-42.779915
6982.733333	-133.330734	-42.779915
6982.800000	-133.330734	-42.779915
6982.866667	-133.330734	-42.779915
6982.933333	-133.330734	-42.779915
6983.000000	-133.330734	-42.779915
6983.066667	-133.330734	-42.779915
6983.133333	-133.330734	-42.779915
6983.200000	-133.330734	-42.779915
6983.266667	-133.330734	-42.779915
6983.333333	-133.330734	-42.779915
6983.400000	-133.330734	-42.779915
6983.466667	-133.330734	-42.779915
6983.533333	-133.330734	-42.779915
6983.600000	-133.330734	-42.779915
6983.666667	-133.330734	-42.779915
6983.733333	-133.330734	-42.779915
6983.800000	-133.330734	-42.779915
6983.866667	-133.330734	-42.779915
6983.933333	-133.330734	-42.779915
6984.000000	-133.330734	-42.779915
6984.066667	-133.330734	-42.779915
6984.133333	-133.330734	-42.779915
6984.200000	-133.330734	-42.779915
6984.266667	-133.330734	-42.779915
6984.333333	-133.330734	-42.779915
6984.400000	-133.330734	-42.779915
6984.466667	-133.330734	-42.779915
6984.533333	-133.330734	-42.779915
6984.600000	-133.330734	-42.779915
6984.666667	-133.330734	-42.779915
6984.733333	-133.330734	-42.779915
6984.800000	-133.330734	-42.779915
6984.866667	-133.330734	-42.779915
6984.933333	-133.330734	-42.779915
6985.000000	-133.330734	-42.779915
6985.066667	-133.330734	-42.779915
6985.133333	-133.330734	-42.779915
6985.200000	-133.330734	-42.779915
6985.266667	-133.330734	-42.779915
6985.333333	-133.330734	-42.779915
6985.400000	-133.330734	-42.779915
6985.466667	-133.330734	-42.779915
6985.533333	-133.330734	-42.779915
6985.600000	-133.330734	-42.779915
6985.666667	-133.330734	-42.779915
6985.733333	-133.330734	-42.779915
6985.800000	-133.330734	-42.779915
6985.866667	-133.330734	-42.779915
6985.933333	-133.330734	-42.779915
6986.000000	-133.330734	-42.779915
6986.066667	-133.330734	-42.779915
6986.133333	-133.330734	-42.779915
6986.200000	-133.330734	-42.779915
6986.266667	-133.330734	-42.779915
6986.333333	-133.330734	-42.779915
6986.400000	-133.330734	-42.779915
6986.466667	-133.330734	-42.779915
6986.533333	-133.330734	-42.779915
6986.600000	-133.330734	-42.779915
6986.666667	-133.330734	-42.779915
6986.733333	-133.330734	-42.779915
6986.800000	-133.330734	-42.779915
6986.866667	-133.330734	-42.779915
6986.933333	-133.330734	-42.779915
6987.000000	-133.330734	-42.779915
6987.066667	-133.330734	-42.779915
6987.133333	-133.330734	-42.779915
6987.200000	-133.330734	-42.779915
6987.266667	-133.330734	-42.779915
6987.333333	-133.330734	-42.779915
6987.400000	-133.330734	-42.779915
6987.466667	-133.330734	-42.779915
6987.533333	-133.330734	-42.779915
6987.600000	-133.330734	-42.779915
6987.666667	-133.330734	-42.779915
6987.733333	-133.330734	-42.779915
6987.800000	-133.330734	-42.779915
6987.866667	-133.330734	-42.779915
6987.933333	-133.330734	-42.779915
6988.000000	-133.330734	-42.779915
6988.066667	-133.330734	-42.779915
6988.133333	-133.330734	-42.779915
6988.200000	-133.330734	-42.779915
6988.266667	-133.330734	-42.779915
6988.333333	-133.330734	-42.779915
6988.400000	-133.330734	-42.779915
6988.466667	-133.330734	-42.779915
6988.533333	-133.330734	-42.779915
6988.600000	-133.330734	-42.779915
6988.666667	-133.330734	-42.779915
6988.733333	-133.330734	-42.779915
6988.800000	-133.330734	-42.779915
6988.866667	-133.330734	-42.779915
6988.933333	-133.330734	-42.779915
6989.000000	-133.330734	-42.779915
6989.066667	-133.330734	-42.779915
6989.133333	-133.330734	-42.779915
6989.200000	-133.330734	-42.779915
6989.266667	-133.330734	-42.779915
6989.333333	-133.330734	-42.779915
6989.400000	-133.330734	-42.779915
6989.466667	-133.330734	-42.779915
6989.533333	-133.330734	-42.779915
6989.600000	-133.330734	-42.779915
6989.666667	-133.330734	-42.779915
6989.733333	-133.330734	-42.779915
6989.800000	-133.330734	-42.779915
6989.866667	-133.330734	-42.779915
6989.933333	-133.330734	-42.779915
6990.000000	-133.330734	-42.779915
6990.066667	-133.330734	-42.779915
6990.133333	-133.330734	-42.779915
6990.200000	-133.330734	-42.779915
6990.266667	-133.330734	-42.779915
6990.333333	-133.330734	-42.779915
6990.400000	-133.330734	-42.779915
6990.466667	-133.330734	-42.779915
6990.533333	-133.330734	-42.779915
6990.600000	-133.330734	-42.779915
6990.666667	-133.330734	-42.779915
6990.733333	-133.330734	-42.779915
6990.800000	-133.330734	-42.779915
6990.866667	-133.330734	-42.779915
6990.933333	-133.330734	-42.779915
6991.000000	-133.330734	-42.779915
6991.066667	-133.330734	-42.779915
6991.133333	-133.330734	-42.779915
6991.200000	-133.330734	-42.779915
6991.266667	-133.330734	-42.779915
6991.333333	-133.330734	-42.779915
6991.400000	-133.330734	-42.779915
6991.466667	-133.330734	-42.779915
6991.533333	-133.330734	-42.779915
6991.600000	-133.330734	-42.779915
6991.666667	-133.330734	-42.779915
6991.733333	-133.330734	-42.779915
6991.800000	-133.330734	-42.779915
6991.866667	-133.330734	-42.779915
6991.933333	-133.330734	-42.779915
6992.000000	-133.330734	-42.779915
6992.066667	-133.330734	-42.779915
6992.133333	-133.330734	-42.779915
6992.200000	-133.330734	-42.779915
6992.266667	-133.330734	-42.779915
6992.333333	-133.330734	-42.779915
6992.400000	-133.330734	-42.779915
6992.466667	-133.330734	-42.779915
6992.533333	-133.330734	-42.779915
6992.600000	-133.330734	-42.779915
6992.666667	-133.330734	-42.779915
6992.733333	-133.330734	-42.779915
6992.800000	-133.330734	-42.779915
6992.866667	-133.330734	-42.779915
6992.933333	-133.330734	-42.779915
6993.000000	-133.330734	-42.779915
6993.066667	-133.330734	-42.779915
6993.133333	-133.330734	-42.779915
6993.200000	-133.330734	-42.779915
6993.266667	-133.330734	-42.779915
6993.333333	-133.330734	-42.779915
6993.400000	-133.330734	-42.779915
6993.466667	-133.330734	-42.779915
6993.533333	-133.330734	-42.779915
6993.600000	-133.330734	-42.779915
6993.666667	-133.330734	-42.779915
6993.733333	-133.330734	-42.779915
6993.800000	-133.330734	-42.779915
6993.866667	-133.330734	-42.779915
6993.933333	-133.330734	-42.779915
6994.000000	-133.330734	-42.779915
6994.066667	-133.330734	-42.779915
6994.133333	-133.330734	-42.779915
6994.200000	-133.330734	-42.779915
6994.266667	-133.330734	-42.779915
6994.333333	-133.330734	-42.779915
6994.400000	-133.330734	-42.779915
6994.466667	-133.330734	-42.779915
6994.533333	-133.330734	-42.779915
6994.600000	-133.330734	-42.779915
6994.666667	-133.330734	-42.779915
6994.733333	-133.330734	-42.779915
6994.800000	-133.330734	-42.779915
6994.866667	-133.330734	-42.779915
6994.933333	-133.330734	-42.779915
6995.000000	-133.330734	-42.779915
6995.066667	-133.330734	-42.779915
6995.133333	-133.330734	-42.779915
6995.200000	-133.330734	-42.779915
6995.266667	-133.330734	-42.779915
6995.333333	-133.330734	-42.779915
6995.400000	-133.330734	-42.779915
6995.466667	-133.330734	-42.779915
6995.533333	-133.330734	-42.779915
6995.600000	-133.330734	-42.779915
6995.666667	-133.330734	-42.779915
6995.733333	-133.330734	-42.779915
6995.800000	-133.330734	-42.779915
6995.866667	-133.330734	-42.779915
6995.933333	-133.330734	-42.779915
6996.000000	-133.330734	-42.779915
6996.066667	-133.330734	-42.779915
6996.133333	-133.330734	-42.779915
6996.200000	-133.330734	-42.779915
6996.266667	-133.330734	-42.779915
6996.333333	-133.330734	-42.779915
6996.400000	-133.330734	-42.779915
6996.466667	-133.330734	-42.779915
6996.533333	-133.330734	-42.779915
6996.600000	-133.330734	-42.779915
6996.666667	-133.330734	-42.779915
6996.733333	-133.330734	-42.779915
6996.800000	-133.330734	-42.779915
6996.866667	-133.330734	-42.779915
6996.933333	-133.330734	-42.779915
6997.000000	-133.330734	-42.779915
6997.066667	-133.330734	-42.779915
6997.133333	-133.330734	-42.779915
6997.200000	-133.330734	-42.779915
6997.266667	-133.330734	-42.779915
6997.333333	-133.330734	-42.779915
6997.400000	-133.330734	-42.779915
6997.466667	-133.330734	-42.779915
6997.533333	-133.330734	-42.779915
6997.600000	-133.330734	-42.779915
6997.666667	-133.330734	-42.779915
6997.733333	-133.330734	-42.779915
6997.800000	-133.330734	-42.779915
6997.866667	-133.330734	-42.779915
6997.933333	-133.330734	-42.779915
6998.000000	-133.330734	-42.779915
6998.066667	-133.330734	-42.779915
6998.133333	-133.330734	-42.779915
6998.200000	-133.330734	-42.779915
6998.266667	-133.330734	-42.779915
6998.333333	-133.330734	-42.779915
6998.400000	-133.330734	-42.779915
6998.466667	-133.330734	-42.779915
6998.533333	-133.330734	-42.779915
6998.600000	-133.330734	-42.779915
6998.666667	-133.330734	-42.779915
6998.733333	-133.330734	-42.779915
6998.800000	-133.330734	-42.779915
6998.866667	-133.330734	-42.779915
6998.933333	-133.330734	-42.779915
6999.000000	-133.330734	-42.779915
6999.066667	-133.330734	-42.779915
6999.133333	-133.330734	-42.779915
6999.200000	-133.330734	-42.779915
6999.266667	-133.330734	-42.779915
6999.333333	-133.330734	-42.779915
6999.400000	-133.330734	-42.779915
6999.466667	-133.330734	-42.779915
6999.533333	-133.330734	-42.779915
6999.600000	-133.330734	-42.779915
6999.666667	-133.330734	-42.779915
6999.733333	-133.330734	-42.779915
6999.800000	-133.330734	-42.779915
6999.866667	-133.330734	-42.779915
6999.933333	-133.330734	-42.779915
7000.000000	-133.330734	-42.779915
7000.066667	-133.330734	-42.779915
7000.133333	-133.330734	-42.779915
7000.200000	-133.330734	-42.779915
7000.266667	-133.330734	-42.779915
7000.333333	-133.330734	-42.779915
7000.400000	-133.330734	-42.779915
7000.466667	-133.330734	-42.779915
7000.533333	-133.330734	-42.779915
7000.600000	-133.330734	-42.779915
7000.666667	-133.330734	-42.779915
7000.733333	-133.330734	-42.779915
7000.800000	-133.330734	-42.779915
7000.866667	-133.330734	-42.779915
7000.933333	-133.330734	-42.779915
7001.000000	-133.330734	-42.779915
7001.066667	-133.330734	-42.779915
7001.133333	-133.330734	-42.779915
7001.200000	-133.330734	-42.779915
7001.266667	-133.330734	-42.779915
7001.333333	-133.330734	-42.779915
7001.400000	-133.330734	-42.779915
7001.466667	-133.330734	-42.779915
7001.533333	-133.330734	-42.779915
7001.600000	-133.330734	-42.779915
7001.666667	-133.330734	-42.779915
7001.733333	-133.330734	-42.779915
7001.800000	-133.330734	-42.779915
7001.866667	-133.330734	-42.779915
7001.933333	-133.330734	-42.779915
7002.000000	-133.330734	-42.779915
7002.066667	-133.330734	-42.779915
7002.133333	-133.330734	-42.779915
7002.200000	-133.330734	-42.779915
7002.266667	-133.330734	-42.779915
7002.333333	-133.330734	-42.779915
7002.400000	-133.330734	-42.779915
7002.466667	-133.330734	-42.779915
7002.533333	-133.330734	-42.779915
7002.600000	-133.330734	-42.779915
7002.666667	-133.330734	-42.779915
7002.733333	-133.330734	-42.779915
7002.800000	-133.330734	-42.779915
7002.866667	-133.330734	-42.779915
7002.933333	-133.330734	-42.779915
7003.000000	-133.330734	-42.779915
7003.066667	-133.330734	-42.779915
7003.133333	-133.330734	-42.779915
7003.200000	-133.330734	-42.779915
7003.266667	-133.330734	-42.779915
7003.333333	-133.330734	-42.779915
7003.400000	-133.330734	-42.779915
7003.466667	-133.330734	-42.779915
7003.533333	-133.330734	-42.779915
7003.600000	-133.330734	-42.779915
7003.666667	-133.330734	-42.779915
7003.733333	-133.330734	-42.779915
7003.800000	-133.330734	-42.779915
7003.866667	-133.330734	-42.779915
7003.933333	-133.330734	-42.779915
7004.000000	-133.330734	-42.779915
7004.066667	-133.330734	-42.779915
7004.133333	-133.330734	-42.779915
7004.200000	-133.330734	-42.779915
7004.266667	-133.330734	-42.779915
7004.333333	-133.330734	-42.779915
7004.400000	-133.330734	-42.779915
7004.466667	-133.330734	-42.779915
7004.533333	-133.330734	-42.779915
7004.600000	-133.330734	-42.779915
7004.666667	-133.330734	-42.779915
7004.733333	-133.330734	-42.779915
7004.800000	-133.330734	-42.779915
7004.866667	-133.330734	-42.779915
7004.933333	-133.330734	-42.779915
7005.000000	-133.330734	-42.779915
7005.066667	-133.330734	-42.779915
7005.133333	-133.330734	-42.779915
7005.200000	-133.330734	-42.779915
7005.266667	-133.330734	-42.779915
7005.333333	-133.330734	-42.779915
7005.400000	-133.330734	-42.779915
7005.466667	-133.330734	-42.779915
7005.533333	-133.330734	-42.779915
7005.600000	-133.330734	-42.779915
7005.666667	-133.330734	-42.779915
7005.733333	-133.330734	-42.779915
7005.800000	-133.330734	-42.779915
7005.866667	-133.330734	-42.779915
7005.933333	-133.330734	-42.779915
7006.000000	-133.330734	-42.779915
7006.066667	-133.330734	-42.779915
7006.133333	-133.330734	-42.779915
7006.200000	-133.330734	-42.779915
7006.266667	-133.330734	-42.779915
7006.333333	-133.330734	-42.779915
7006.400000	-133.330734	-42.779915
7006.466667	-133.330734	-42.779915
7006.533333	-133.330734	-42.779915
7006.600000	-133.330734	-42.779915
7006.666667	-133.330734	-42.779915
7006.733333	-133.330734	-42.779915
7006.800000	-133.330734	-42.779915
7006.866667	-133.330734	-42.779915
7006.933333	-133.330734	-42.779915
7007.000000	-133.330734	-42.779915
7007.066667	-133.330734	-42.779915
7007.133333	-133.330734	-42.779915
7007.200000	-133.330734	-42.779915
7007.266667	-133.330734	-42.779915
7007.333333	-133.330734	-42.779915
7007.400000	-133.330734	-42.779915
7007.466667	-133.330734	-42.779915
7007.533333	-133.330734	-42.779915
7007.600000	-133.330734	-42.779915
7007.666667	-133.330734	-42.779915
7007.733333	-133.330734	-42.779915
7007.800000	-133.330734	-42.779915
7007.866667	-133.330734	-42.779915
7007.933333	-133.330734	-42.779915
7008.000000	-133.330734	-42.779915
7008.066667	-133.330734	-42.779915
7008.133333	-133.330734	-42.779915
7008.200000	-133.330734	-42.779915
7008.266667	-133.330734	-42.779915
7008.333333	-133.330734	-42.779915
7008.400000	-133.330734	-42.779915
7008.466667	-133.330734	-42.779915
7008.533333	-133.330734	-42.779915
7008.600000	-133.330734	-42.779915
7008.666667	-133.330734	-42.779915
7008.733333	-133.330734	-42.779915
7008.800000	-133.330734	-42.779915
7008.866667	-133.330734	-42.779915
7008.933333	-133.330734	-42.779915
7009.000000	-133.330734	-42.779915
7009.066667	-133.330734	-42.779915
7009.133333	-133.330734	-42.779915
7009.200000	-133.330734	-42.779915
7009.266667	-133.330734	-42.779915
7009.333333	-133.330734	-42.779915
7009.400000	-133.330734	-42.779915
7009.466667	-133.330734	-42.779915
7009.533333	-133.330734	-42.779915
7009.600000	-133.330734	-42.779915
7009.666667	-133.330734	-42.779915
7009.733333	-133.330734	-42.779915
7009.800000	-133.330734	-42.779915
7009.866667	-133.330734	-42.779915
7009.933333	-133.330734	-42.779915
7010.000000	-133.330734	-42.779915
7010.066667	-133.330734	-42.779915
7010.133333	-133.330734	-42.779915
7010.200000	-133.330734	-42.779915
7010.266667	-133.330734	-42.779915
7010.333333	-133.330734	-42.779915
7010.400000	-133.330734	-42.779915
7010.466667	-133.330734	-42.779915
7010.533333	-133.330734	-42.779915
7010.600000	-133.330734	-42.779915
7010.666667	-133.330734	-42.779915
7010.733333	-133.330734	-42.779915
7010.800000	-133.330734	-42.779915
7010.866667	-133.330734	-42.779915
7010.933333	-133.330734	-42.779915
7011.000000	-133.330734	-42.779915
7011.066667	-133.330734	-42.779915
7011.133333	-133.330734	-42.779915
7011.200000	-133.330734	-42.779915
7011.266667	-133.330734	-42.779915
7011.333333	-133.330734	-42.779915
7011.400000	-133.330734	-42.779915
7011.466667	-133.330734	-42.779915
7011.533333	-133.330734	-42.779915
7011.600000	-133.330734	-42.779915
7011.666667	-133.330734	-42.779915
7011.733333	-133.330734	-42.779915
7011.800000	-133.330734	-42.779915
7011.866667	-133.330734	-42.779915
7011.933333	-133.330734	-42.779915
7012.000000	-133.330734	-42.779915
7012.066667	-133.330734	-42.779915
7012.133333	-133.330734	-42.779915
7012.200000	-133.330734	-42.779915
7012.266667	-133.330734	-42.779915
7012.333333	-133.330734	-42.779915
7012.400000	-133.330734	-42.779915
7012.466667	-133.330734	-42.779915
7012.533333	-133.330734	-42.779915
7012.600000	-133.330734	-42.779915
7012.666667	-133.330734	-42.779915
7012.733333	-133.330734	-42.779915
7012.800000	-133.330734	-42.779915
7012.866667	-133.330734	-42.779915
7012.933333	-133.330734	-42.779915
7013.000000	-133.330734	-42.779915
7013.066667	-133.330734	-42.779915
7013.133333	-133.330734	-42.779915
7013.200000	-133.330734	-42.779915
7013.266667	-133.330734	-42.779915
7013.333333	-133.330734	-42.779915
7013.400000	-133.330734	-42.779915
7013.466667	-133.330734	-42.779915
7013.533333	-133.330734	-42.779915
7013.600000	-133.330734	-42.779915
7013.666667	-133.330734	-42.779915
7013.733333	-133.330734	-42.779915
7013.800000	-133.330734	-42.779915
7013.866667	-133.330734	-42.779915
7013.933333	-133.330734	-42.779915
7014.000000	-133.330734	-42.779915
7014.066667	-133.330734	-42.779915
7014.133333	-133.330734	-42.779915
7014.200000	-133.330734	-42.779915
7014.266667	-133.330734	-42.779915
7014.333333	-133.330734	-42.779915
7014.400000	-133.330734	-42.779915
7014.466667	-133.330734	-42.779915
7014.533333	-133.330734	-42.779915
7014.600000	-133.330734	-42.779915
7014.666667	-133.330734	-42.779915
7014.733333	-133.330734	-42.779915
7014.800000	-133.330734	-42.779915
7014.866667	-133.330734	-42.779915
7014.933333	-133.330734	-42.779915
7015.000000	-133.330734	-42.779915
7015.066667	-133.330734	-42.779915
7015.133333	-133.330734	-42.779915
7015.200000	-133.330734	-42.779915
7015.266667	-133.330734	-42.779915
7015.333333	-133.330734	-42.779915
7015.400000	-133.330734	-42.779915
7015.466667	-133.330734	-42.779915
7015.533333	-133.330734	-42.779915
7015.600000	-133.330734	-42.779915
7015.666667	-133.330734	-42.779915
7015.733333	-133.330734	-42.779915
7015.800000	-133.330734	-42.779915
7015.866667	-133.330734	-42.779915
7015.933333	-133.330734	-42.779915
7016.000000	-133.330734	-42.779915
7016.066667	-133.330734	-42.779915
7016.133333	-133.330734	-42.779915
7016.200000	-133.330734	-42.779915
7016.266667	-133.330734	-42.779915
7016.333333	-133.330734	-42.779915
7016.400000	-133.330734	-42.779915
7016.466667	-133.330734	-42.779915
7016.533333	-133.330734	-42.779915
7016.600000	-133.330734	-42.779915
7016.666667	-133.330734	-42.779915
7016.733333	-133.330734	-42.779915
7016.800000	-133.330734	-42.779915
7016.866667	-133.330734	-42.779915
7016.933333	-133.330734	-42.779915
7017.000000	-133.330734	-42.779915
7017.066667	-133.330734	-42.779915
7017.133333	-133.330734	-42.779915
7017.200000	-133.330734	-42.779915
7017.266667	-133.330734	-42.779915
7017.333333	-133.330734	-42.779915
7017.400000	-133.330734	-42.779915
7017.466667	-133.330734	-42.779915
7017.533333	-133.330734	-42.779915
7017.600000	-133.330734	-42.779915
7017.666667	-133.330734	-42.779915
7017.733333	-133.330734	-42.779915
7017.800000	-133.330734	-42.779915
7017.866667	-133.330734	-42.779915
7017.933333	-133.330734	-42.779915
7018.000000	-133.330734	-42.779915
7018.066667	-133.330734	-42.779915
7018.133333	-133.330734	-42.779915
7018.200000	-133.330734	-42.779915
7018.266667	-133.330734	-42.779915
7018.333333	-133.330734	-42.779915
7018.400000	-133.330734	-42.779915
7018.466667	-133.330734	-42.779915
7018.533333	-133.330734	-42.779915
7018.600000	-133.330734	-42.779915
7018.666667	-133.330734	-42.779915
7018.733333	-133.330734	-42.779915
7018.800000	-133.330734	-42.779915
7018.866667	-133.330734	-42.779915
7018.933333	-133.330734	-42.779915
7019.000000	-133.330734	-42.779915
7019.066667	-133.330734	-42.779915
7019.133333	-133.330734	-42.779915
7019.200000	-133.330734	-42.779915
7019.266667	-133.330734	-42.779915
7019.333333	-133.330734	-42.779915
7019.400000	-133.330734	-42.779915
7019.466667	-133.330734	-42.779915
7019.533333	-133.330734	-42.779915
7019.600000	-133.330734	-42.779915
7019.666667	-133.330734	-42.779915
7019.733333	-133.330734	-42.779915
7019.800000	-133.330734	-42.779915
7019.866667	-133.330734	-42.779915
7019.933333	-133.330734	-42.779915
7020.000000	-133.330734	-42.779915
