7020.066667	-133.330734	-42.779915
7020.133333	-133.330734	-42.779915
7020.200000	-133.330734	-42.779915
7020.266667	-133.330734	-42.779915
7020.333333	-133.330734	-42.779915
7020.400000	-133.330734	-42.779915
7020.466667	-133.330734	-42.779915
7020.533333	-133.330734	-42.779915
7020.600000	-133.330734	-42.779915
7020.666667	-133.330734	-42.779915
7020.733333	-133.330734	-42.779915
7020.800000	-133.330734	-42.779915
7020.866667	-133.330734	-42.779915
7020.933333	-133.330734	-42.779915
7021.000000	-133.330734	-42.779915
7021.066667	-133.330734	-42.779915
7021.133333	-133.330734	-42.779915
7021.200000	-133.330734	-42.779915
7021.266667	-133.330734	-42.779915
7021.333333	-133.330734	-42.779915
7021.400000	-133.330734	-42.779915
7021.466667	-133.330734	-42.779915
7021.533333	-133.330734	-42.779915
7021.600000	-133.330734	-42.779915
7021.666667	-133.330734	-42.779915
7021.733333	-133.330734	-42.779915
7021.800000	-133.330734	-42.779915
7021.866667	-133.330734	-42.779915
7021.933333	-133.330734	-42.779915
7022.000000	-133.330734	-42.779915
7022.066667	-133.330734	-42.779915
7022.133333	-133.330734	-42.779915
7022.200000	-133.330734	-42.779915
7022.266667	-133.330734	-42.779915
7022.333333	-133.330734	-42.779915
7022.400000	-133.330734	-42.779915
7022.466667	-133.330734	-42.779915
7022.533333	-133.330734	-42.779915
7022.600000	-133.330734	-42.779915
7022.666667	-133.330734	-42.779915
7022.733333	-133.330734	-42.779915
7022.800000	-133.330734	-42.779915
7022.866667	-133.330734	-42.779915
7022.933333	-133.330734	-42.779915
7023.000000	-133.330734	-42.779915
7023.066667	-133.330734	-42.779915
7023.133333	-133.330734	-42.779915
7023.200000	-133.330734	-42.779915
7023.266667	-133.330734	-42.779915
7023.333333	-133.330734	-42.779915
7023.400000	-133.330734	-42.779915
7023.466667	-133.330734	-42.779915
7023.533333	-133.330734	-42.779915
7023.600000	-133.330734	-42.779915
7023.666667	-133.330734	-42.779915
7023.733333	-133.330734	-42.779915
7023.800000	-133.330734	-42.779915
7023.866667	-133.330734	-42.779915
7023.933333	-133.330734	-42.779915
7024.000000	-133.330734	-42.779915
7024.066667	-133.330734	-42.779915
7024.133333	-133.330734	-42.779915
7024.200000	-133.330734	-42.779915
7024.266667	-133.330734	-42.779915
7024.333333	-133.330734	-42.779915
7024.400000	-133.330734	-42.779915
7024.466667	-133.330734	-42.779915
7024.533333	-133.330734	-42.779915
7024.600000	-133.330734	-42.779915
7024.666667	-133.330734	-42.779915
7024.733333	-133.330734	-42.779915
7024.800000	-133.330734	-42.779915
7024.866667	-133.330734	-42.779915
7024.933333	-133.330734	-42.779915
7025.000000	-133.330734	-42.779915
7025.066667	-133.330734	-42.779915
7025.133333	-133.330734	-42.779915
7025.200000	-133.330734	-42.779915
7025.266667	-133.330734	-42.779915
7025.333333	-133.330734	-42.779915
7025.400000	-133.330734	-42.779915
7025.466667	-133.330734	-42.779915
7025.533333	-133.330734	-42.779915
7025.600000	-133.330734	-42.779915
7025.666667	-133.330734	-42.779915
7025.733333	-133.330734	-42.779915
7025.800000	-133.330734	-42.779915
7025.866667	-133.330734	-42.779915
7025.933333	-133.330734	-42.779915
7026.000000	-133.330734	-42.779915
7026.066667	-133.330734	-42.779915
7026.133333	-133.330734	-42.779915
7026.200000	-133.330734	-42.779915
7026.266667	-133.330734	-42.779915
7026.333333	-133.330734	-42.779915
7026.400000	-133.330734	-42.779915
7026.466667	-133.330734	-42.779915
7026.533333	-133.330734	-42.779915
7026.600000	-133.330734	-42.779915
7026.666667	-133.330734	-42.779915
7026.733333	-133.330734	-42.779915
7026.800000	-133.330734	-42.779915
7026.866667	-133.330734	-42.779915
7026.933333	-133.330734	-42.779915
7027.000000	-133.330734	-42.779915
7027.066667	-133.330734	-42.779915
7027.133333	-133.330734	-42.779915
7027.200000	-133.330734	-42.779915
7027.266667	-133.330734	-42.779915
7027.333333	-133.330734	-42.779915
7027.400000	-133.330734	-42.779915
7027.466667	-133.330734	-42.779915
7027.533333	-133.330734	-42.779915
7027.600000	-133.330734	-42.779915
7027.666667	-133.330734	-42.779915
7027.733333	-133.330734	-42.779915
7027.800000	-133.330734	-42.779915
7027.866667	-133.330734	-42.779915
7027.933333	-133.330734	-42.779915
7028.000000	-133.330734	-42.779915
7028.066667	-133.330734	-42.779915
7028.133333	-133.330734	-42.779915
7028.200000	-133.330734	-42.779915
7028.266667	-133.330734	-42.779915
7028.333333	-133.330734	-42.779915
7028.400000	-133.330734	-42.779915
7028.466667	-133.330734	-42.779915
7028.533333	-133.330734	-42.779915
7028.600000	-133.330734	-42.779915
7028.666667	-133.330734	-42.779915
7028.733333	-133.330734	-42.779915
7028.800000	-133.330734	-42.779915
7028.866667	-133.330734	-42.779915
7028.933333	-133.330734	-42.779915
7029.000000	-133.330734	-42.779915
7029.066667	-133.330734	-42.779915
7029.133333	-133.330734	-42.779915
7029.200000	-133.330734	-42.779915
7029.266667	-133.330734	-42.779915
7029.333333	-133.330734	-42.779915
7029.400000	-133.330734	-42.779915
7029.466667	-133.330734	-42.779915
7029.533333	-133.330734	-42.779915
7029.600000	-133.330734	-42.779915
7029.666667	-133.330734	-42.779915
7029.733333	-133.330734	-42.779915
7029.800000	-133.330734	-42.779915
7029.866667	-133.330734	-42.779915
7029.933333	-133.330734	-42.779915
7030.000000	-133.330734	-42.779915
7030.066667	-133.330734	-42.779915
7030.133333	-133.330734	-42.779915
7030.200000	-133.330734	-42.779915
7030.266667	-133.330734	-42.779915
7030.333333	-133.330734	-42.779915
7030.400000	-133.330734	-42.779915
7030.466667	-133.330734	-42.779915
7030.533333	-133.330734	-42.779915
7030.600000	-133.330734	-42.779915
7030.666667	-133.330734	-42.779915
7030.733333	-133.330734	-42.779915
7030.800000	-133.330734	-42.779915
7030.866667	-133.330734	-42.779915
7030.933333	-133.330734	-42.779915
7031.000000	-133.330734	-42.779915
7031.066667	-133.330734	-42.779915
7031.133333	-133.330734	-42.779915
7031.200000	-133.330734	-42.779915
7031.266667	-133.330734	-42.779915
7031.333333	-133.330734	-42.779915
7031.400000	-133.330734	-42.779915
7031.466667	-133.330734	-42.779915
7031.533333	-133.330734	-42.779915
7031.600000	-133.330734	-42.779915
7031.666667	-133.330734	-42.779915
7031.733333	-133.330734	-42.779915
7031.800000	-133.330734	-42.779915
7031.866667	-133.330734	-42.779915
7031.933333	-133.330734	-42.779915
7032.000000	-133.330734	-42.779915
7032.066667	-133.330734	-42.779915
7032.133333	-133.330734	-42.779915
7032.200000	-133.330734	-42.779915
7032.266667	-133.330734	-42.779915
7032.333333	-133.330734	-42.779915
7032.400000	-133.330734	-42.779915
7032.466667	-133.330734	-42.779915
7032.533333	-133.330734	-42.779915
7032.600000	-133.330734	-42.779915
7032.666667	-133.330734	-42.779915
7032.733333	-133.330734	-42.779915
7032.800000	-133.330734	-42.779915
7032.866667	-133.330734	-42.779915
7032.933333	-133.330734	-42.779915
7033.000000	-133.330734	-42.779915
7033.066667	-133.330734	-42.779915
7033.133333	-133.330734	-42.779915
7033.200000	-133.330734	-42.779915
7033.266667	-133.330734	-42.779915
7033.333333	-133.330734	-42.779915
7033.400000	-133.330734	-42.779915
7033.466667	-133.330734	-42.779915
7033.533333	-133.330734	-42.779915
7033.600000	-133.330734	-42.779915
7033.666667	-133.330734	-42.779915
7033.733333	-133.330734	-42.779915
7033.800000	-133.330734	-42.779915
7033.866667	-133.330734	-42.779915
7033.933333	-133.330734	-42.779915
7034.000000	-133.330734	-42.779915
7034.066667	-133.330734	-42.779915
7034.133333	-133.330734	-42.779915
7034.200000	-133.330734	-42.779915
7034.266667	-133.330734	-42.779915
7034.333333	-133.330734	-42.779915
7034.400000	-133.330734	-42.779915
7034.466667	-133.330734	-42.779915
7034.533333	-133.330734	-42.779915
7034.600000	-133.330734	-42.779915
7034.666667	-133.330734	-42.779915
7034.733333	-133.330734	-42.779915
7034.800000	-133.330734	-42.779915
7034.866667	-133.330734	-42.779915
7034.933333	-133.330734	-42.779915
7035.000000	-133.330734	-42.779915
7035.066667	-133.330734	-42.779915
7035.133333	-133.330734	-42.779915
7035.200000	-133.330734	-42.779915
7035.266667	-133.330734	-42.779915
7035.333333	-133.330734	-42.779915
7035.400000	-133.330734	-42.779915
7035.466667	-133.330734	-42.779915
7035.533333	-133.330734	-42.779915
7035.600000	-133.330734	-42.779915
7035.666667	-133.330734	-42.779915
7035.733333	-133.330734	-42.779915
7035.800000	-133.330734	-42.779915
7035.866667	-133.330734	-42.779915
7035.933333	-133.330734	-42.779915
7036.000000	-133.330734	-42.779915
7036.066667	-133.330734	-42.779915
7036.133333	-133.330734	-42.779915
7036.200000	-133.330734	-42.779915
7036.266667	-133.330734	-42.779915
7036.333333	-133.330734	-42.779915
7036.400000	-133.330734	-42.779915
7036.466667	-133.330734	-42.779915
7036.533333	-133.330734	-42.779915
7036.600000	-133.330734	-42.779915
7036.666667	-133.330734	-42.779915
7036.733333	-133.330734	-42.779915
7036.800000	-133.330734	-42.779915
7036.866667	-133.330734	-42.779915
7036.933333	-133.330734	-42.779915
7037.000000	-133.330734	-42.779915
7037.066667	-133.330734	-42.779915
7037.133333	-133.330734	-42.779915
7037.200000	-133.330734	-42.779915
7037.266667	-133.330734	-42.779915
7037.333333	-133.330734	-42.779915
7037.400000	-133.330734	-42.779915
7037.466667	-133.330734	-42.779915
7037.533333	-133.330734	-42.779915
7037.600000	-133.330734	-42.779915
7037.666667	-133.330734	-42.779915
7037.733333	-133.330734	-42.779915
7037.800000	-133.330734	-42.779915
7037.866667	-133.330734	-42.779915
7037.933333	-133.330734	-42.779915
7038.000000	-133.330734	-42.779915
7038.066667	-133.330734	-42.779915
7038.133333	-133.330734	-42.779915
7038.200000	-133.330734	-42.779915
7038.266667	-133.330734	-42.779915
7038.333333	-133.330734	-42.779915
7038.400000	-133.330734	-42.779915
7038.466667	-133.330734	-42.779915
7038.533333	-133.330734	-42.779915
7038.600000	-133.330734	-42.779915
7038.666667	-133.330734	-42.779915
7038.733333	-133.330734	-42.779915
7038.800000	-133.330734	-42.779915
7038.866667	-133.330734	-42.779915
7038.933333	-133.330734	-42.779915
7039.000000	-133.330734	-42.779915
7039.066667	-133.330734	-42.779915
7039.133333	-133.330734	-42.779915
7039.200000	-133.330734	-42.779915
7039.266667	-133.330734	-42.779915
7039.333333	-133.330734	-42.779915
7039.400000	-133.330734	-42.779915
7039.466667	-133.330734	-42.779915
7039.533333	-133.330734	-42.779915
7039.600000	-133.330734	-42.779915
7039.666667	-133.330734	-42.779915
7039.733333	-133.330734	-42.779915
7039.800000	-133.330734	-42.779915
7039.866667	-133.330734	-42.779915
7039.933333	-133.330734	-42.779915
7040.000000	-133.330734	-42.779915
7040.066667	-133.330734	-42.779915
7040.133333	-133.330734	-42.779915
7040.200000	-133.330734	-42.779915
7040.266667	-133.330734	-42.779915
7040.333333	-133.330734	-42.779915
7040.400000	-133.330734	-42.779915
7040.466667	-133.330734	-42.779915
7040.533333	-133.330734	-42.779915
7040.600000	-133.330734	-42.779915
7040.666667	-133.330734	-42.779915
7040.733333	-133.330734	-42.779915
7040.800000	-133.330734	-42.779915
7040.866667	-133.330734	-42.779915
7040.933333	-133.330734	-42.779915
7041.000000	-133.330734	-42.779915
7041.066667	-133.330734	-42.779915
7041.133333	-133.330734	-42.779915
7041.200000	-133.330734	-42.779915
7041.266667	-133.330734	-42.779915
7041.333333	-133.330734	-42.779915
7041.400000	-133.330734	-42.779915
7041.466667	-133.330734	-42.779915
7041.533333	-133.330734	-42.779915
7041.600000	-133.330734	-42.779915
7041.666667	-133.330734	-42.779915
7041.733333	-133.330734	-42.779915
7041.800000	-133.330734	-42.779915
7041.866667	-133.330734	-42.779915
7041.933333	-133.330734	-42.779915
7042.000000	-133.330734	-42.779915
7042.066667	-133.330734	-42.779915
7042.133333	-133.330734	-42.779915
7042.200000	-133.330734	-42.779915
7042.266667	-133.330734	-42.779915
7042.333333	-133.330734	-42.779915
7042.400000	-133.330734	-42.779915
7042.466667	-133.330734	-42.779915
7042.533333	-133.330734	-42.779915
7042.600000	-133.330734	-42.779915
7042.666667	-133.330734	-42.779915
7042.733333	-133.330734	-42.779915
7042.800000	-133.330734	-42.779915
7042.866667	-133.330734	-42.779915
7042.933333	-133.330734	-42.779915
7043.000000	-133.330734	-42.779915
7043.066667	-133.330734	-42.779915
7043.133333	-133.330734	-42.779915
7043.200000	-133.330734	-42.779915
7043.266667	-133.330734	-42.779915
7043.333333	-133.330734	-42.779915
7043.400000	-133.330734	-42.779915
7043.466667	-133.330734	-42.779915
7043.533333	-133.330734	-42.779915
7043.600000	-133.330734	-42.779915
7043.666667	-133.330734	-42.779915
7043.733333	-133.330734	-42.779915
7043.800000	-133.330734	-42.779915
7043.866667	-133.330734	-42.779915
7043.933333	-133.330734	-42.779915
7044.000000	-133.330734	-42.779915
7044.066667	-133.330734	-42.779915
7044.133333	-133.330734	-42.779915
7044.200000	-133.330734	-42.779915
7044.266667	-133.330734	-42.779915
7044.333333	-133.330734	-42.779915
7044.400000	-133.330734	-42.779915
7044.466667	-133.330734	-42.779915
7044.533333	-133.330734	-42.779915
7044.600000	-133.330734	-42.779915
7044.666667	-133.330734	-42.779915
7044.733333	-133.330734	-42.779915
7044.800000	-133.330734	-42.779915
7044.866667	-133.330734	-42.779915
7044.933333	-133.330734	-42.779915
7045.000000	-133.330734	-42.779915
7045.066667	-133.330734	-42.779915
7045.133333	-133.330734	-42.779915
7045.200000	-133.330734	-42.779915
7045.266667	-133.330734	-42.779915
7045.333333	-133.330734	-42.779915
7045.400000	-133.330734	-42.779915
7045.466667	-133.330734	-42.779915
7045.533333	-133.330734	-42.779915
7045.600000	-133.330734	-42.779915
7045.666667	-133.330734	-42.779915
7045.733333	-133.330734	-42.779915
7045.800000	-133.330734	-42.779915
7045.866667	-133.330734	-42.779915
7045.933333	-133.330734	-42.779915
7046.000000	-133.330734	-42.779915
7046.066667	-133.330734	-42.779915
7046.133333	-133.330734	-42.779915
7046.200000	-133.330734	-42.779915
7046.266667	-133.330734	-42.779915
7046.333333	-133.330734	-42.779915
7046.400000	-133.330734	-42.779915
7046.466667	-133.330734	-42.779915
7046.533333	-133.330734	-42.779915
7046.600000	-133.330734	-42.779915
7046.666667	-133.330734	-42.779915
7046.733333	-133.330734	-42.779915
7046.800000	-133.330734	-42.779915
7046.866667	-133.330734	-42.779915
7046.933333	-133.330734	-42.779915
7047.000000	-133.330734	-42.779915
7047.066667	-133.330734	-42.779915
7047.133333	-133.330734	-42.779915
7047.200000	-133.330734	-42.779915
7047.266667	-133.330734	-42.779915
7047.333333	-133.330734	-42.779915
7047.400000	-133.330734	-42.779915
7047.466667	-133.330734	-42.779915
7047.533333	-133.330734	-42.779915
7047.600000	-133.330734	-42.779915
7047.666667	-133.330734	-42.779915
7047.733333	-133.330734	-42.779915
7047.800000	-133.330734	-42.779915
7047.866667	-133.330734	-42.779915
7047.933333	-133.330734	-42.779915
7048.000000	-133.330734	-42.779915
7048.066667	-133.330734	-42.779915
7048.133333	-133.330734	-42.779915
7048.200000	-133.330734	-42.779915
7048.266667	-133.330734	-42.779915
7048.333333	-133.330734	-42.779915
7048.400000	-133.330734	-42.779915
7048.466667	-133.330734	-42.779915
7048.533333	-133.330734	-42.779915
7048.600000	-133.330734	-42.779915
7048.666667	-133.330734	-42.779915
7048.733333	-133.330734	-42.779915
7048.800000	-133.330734	-42.779915
7048.866667	-133.330734	-42.779915
7048.933333	-133.330734	-42.779915
7049.000000	-133.330734	-42.779915
7049.066667	-133.330734	-42.779915
7049.133333	-133.330734	-42.779915
7049.200000	-133.330734	-42.779915
7049.266667	-133.330734	-42.779915
7049.333333	-133.330734	-42.779915
7049.400000	-133.330734	-42.779915
7049.466667	-133.330734	-42.779915
7049.533333	-133.330734	-42.779915
7049.600000	-133.330734	-42.779915
7049.666667	-133.330734	-42.779915
7049.733333	-133.330734	-42.779915
7049.800000	-133.330734	-42.779915
7049.866667	-133.330734	-42.779915
7049.933333	-133.330734	-42.779915
7050.000000	-133.330734	-42.779915
7050.066667	-133.330734	-42.779915
7050.133333	-133.330734	-42.779915
7050.200000	-133.330734	-42.779915
7050.266667	-133.330734	-42.779915
7050.333333	-133.330734	-42.779915
7050.400000	-133.330734	-42.779915
7050.466667	-133.330734	-42.779915
7050.533333	-133.330734	-42.779915
7050.600000	-133.330734	-42.779915
7050.666667	-133.330734	-42.779915
7050.733333	-133.330734	-42.779915
7050.800000	-133.330734	-42.779915
7050.866667	-133.330734	-42.779915
7050.933333	-133.330734	-42.779915
7051.000000	-133.330734	-42.779915
7051.066667	-133.330734	-42.779915
7051.133333	-133.330734	-42.779915
7051.200000	-133.330734	-42.779915
7051.266667	-133.330734	-42.779915
7051.333333	-133.330734	-42.779915
7051.400000	-133.330734	-42.779915
7051.466667	-133.330734	-42.779915
7051.533333	-133.330734	-42.779915
7051.600000	-133.330734	-42.779915
7051.666667	-133.330734	-42.779915
7051.733333	-133.330734	-42.779915
7051.800000	-133.330734	-42.779915
7051.866667	-133.330734	-42.779915
7051.933333	-133.330734	-42.779915
7052.000000	-133.330734	-42.779915
7052.066667	-133.330734	-42.779915
7052.133333	-133.330734	-42.779915
7052.200000	-133.330734	-42.779915
7052.266667	-133.330734	-42.779915
7052.333333	-133.330734	-42.779915
7052.400000	-133.330734	-42.779915
7052.466667	-133.330734	-42.779915
7052.533333	-133.330734	-42.779915
7052.600000	-133.330734	-42.779915
7052.666667	-133.330734	-42.779915
7052.733333	-133.330734	-42.779915
7052.800000	-133.330734	-42.779915
7052.866667	-133.330734	-42.779915
7052.933333	-133.330734	-42.779915
7053.000000	-133.330734	-42.779915
7053.066667	-133.330734	-42.779915
7053.133333	-133.330734	-42.779915
7053.200000	-133.330734	-42.779915
7053.266667	-133.330734	-42.779915
7053.333333	-133.330734	-42.779915
7053.400000	-133.330734	-42.779915
7053.466667	-133.330734	-42.779915
7053.533333	-133.330734	-42.779915
7053.600000	-133.330734	-42.779915
7053.666667	-133.330734	-42.779915
7053.733333	-133.330734	-42.779915
7053.800000	-133.330734	-42.779915
7053.866667	-133.330734	-42.779915
7053.933333	-133.330734	-42.779915
7054.000000	-133.330734	-42.779915
7054.066667	-133.330734	-42.779915
7054.133333	-133.330734	-42.779915
7054.200000	-133.330734	-42.779915
7054.266667	-133.330734	-42.779915
7054.333333	-133.330734	-42.779915
7054.400000	-133.330734	-42.779915
7054.466667	-133.330734	-42.779915
7054.533333	-133.330734	-42.779915
7054.600000	-133.330734	-42.779915
7054.666667	-133.330734	-42.779915
7054.733333	-133.330734	-42.779915
7054.800000	-133.330734	-42.779915
7054.866667	-133.330734	-42.779915
7054.933333	-133.330734	-42.779915
7055.000000	-133.330734	-42.779915
7055.066667	-133.330734	-42.779915
7055.133333	-133.330734	-42.779915
7055.200000	-133.330734	-42.779915
7055.266667	-133.330734	-42.779915
7055.333333	-133.330734	-42.779915
7055.400000	-133.330734	-42.779915
7055.466667	-133.330734	-42.779915
7055.533333	-133.330734	-42.779915
7055.600000	-133.330734	-42.779915
7055.666667	-133.330734	-42.779915
7055.733333	-133.330734	-42.779915
7055.800000	-133.330734	-42.779915
7055.866667	-133.330734	-42.779915
7055.933333	-133.330734	-42.779915
7056.000000	-133.330734	-42.779915
7056.066667	-133.330734	-42.779915
7056.133333	-133.330734	-42.779915
7056.200000	-133.330734	-42.779915
7056.266667	-133.330734	-42.779915
7056.333333	-133.330734	-42.779915
7056.400000	-133.330734	-42.779915
7056.466667	-133.330734	-42.779915
7056.533333	-133.330734	-42.779915
7056.600000	-133.330734	-42.779915
7056.666667	-133.330734	-42.779915
7056.733333	-133.330734	-42.779915
7056.800000	-133.330734	-42.779915
7056.866667	-133.330734	-42.779915
7056.933333	-133.330734	-42.779915
7057.000000	-133.330734	-42.779915
7057.066667	-133.330734	-42.779915
7057.133333	-133.330734	-42.779915
7057.200000	-133.330734	-42.779915
7057.266667	-133.330734	-42.779915
7057.333333	-133.330734	-42.779915
7057.400000	-133.330734	-42.779915
7057.466667	-133.330734	-42.779915
7057.533333	-133.330734	-42.779915
7057.600000	-133.330734	-42.779915
7057.666667	-133.330734	-42.779915
7057.733333	-133.330734	-42.779915
7057.800000	-133.330734	-42.779915
7057.866667	-133.330734	-42.779915
7057.933333	-133.330734	-42.779915
7058.000000	-133.330734	-42.779915
7058.066667	-133.330734	-42.779915
7058.133333	-133.330734	-42.779915
7058.200000	-133.330734	-42.779915
7058.266667	-133.330734	-42.779915
7058.333333	-133.330734	-42.779915
7058.400000	-133.330734	-42.779915
7058.466667	-133.330734	-42.779915
7058.533333	-133.330734	-42.779915
7058.600000	-133.330734	-42.779915
7058.666667	-133.330734	-42.779915
7058.733333	-133.330734	-42.779915
7058.800000	-133.330734	-42.779915
7058.866667	-133.330734	-42.779915
7058.933333	-133.330734	-42.779915
7059.000000	-133.330734	-42.779915
7059.066667	-133.330734	-42.779915
7059.133333	-133.330734	-42.779915
7059.200000	-133.330734	-42.779915
7059.266667	-133.330734	-42.779915
7059.333333	-133.330734	-42.779915
7059.400000	-133.330734	-42.779915
7059.466667	-133.330734	-42.779915
7059.533333	-133.330734	-42.779915
7059.600000	-133.330734	-42.779915
7059.666667	-133.330734	-42.779915
7059.733333	-133.330734	-42.779915
7059.800000	-133.330734	-42.779915
7059.866667	-133.330734	-42.779915
7059.933333	-133.330734	-42.779915
7060.000000	-133.330734	-42.779915
7060.066667	-133.330734	-42.779915
7060.133333	-133.330734	-42.779915
7060.200000	-133.330734	-42.779915
7060.266667	-133.330734	-42.779915
7060.333333	-133.330734	-42.779915
7060.400000	-133.330734	-42.779915
7060.466667	-133.330734	-42.779915
7060.533333	-133.330734	-42.779915
7060.600000	-133.330734	-42.779915
7060.666667	-133.330734	-42.779915
7060.733333	-133.330734	-42.779915
7060.800000	-133.330734	-42.779915
7060.866667	-133.330734	-42.779915
7060.933333	-133.330734	-42.779915
7061.000000	-133.330734	-42.779915
7061.066667	-133.330734	-42.779915
7061.133333	-133.330734	-42.779915
7061.200000	-133.330734	-42.779915
7061.266667	-133.330734	-42.779915
7061.333333	-133.330734	-42.779915
7061.400000	-133.330734	-42.779915
7061.466667	-133.330734	-42.779915
7061.533333	-133.330734	-42.779915
7061.600000	-133.330734	-42.779915
7061.666667	-133.330734	-42.779915
7061.733333	-133.330734	-42.779915
7061.800000	-133.330734	-42.779915
7061.866667	-133.330734	-42.779915
7061.933333	-133.330734	-42.779915
7062.000000	-133.330734	-42.779915
7062.066667	-133.330734	-42.779915
7062.133333	-133.330734	-42.779915
7062.200000	-133.330734	-42.779915
7062.266667	-133.330734	-42.779915
7062.333333	-133.330734	-42.779915
7062.400000	-133.330734	-42.779915
7062.466667	-133.330734	-42.779915
7062.533333	-133.330734	-42.779915
7062.600000	-133.330734	-42.779915
7062.666667	-133.330734	-42.779915
7062.733333	-133.330734	-42.779915
7062.800000	-133.330734	-42.779915
7062.866667	-133.330734	-42.779915
7062.933333	-133.330734	-42.779915
7063.000000	-133.330734	-42.779915
7063.066667	-133.330734	-42.779915
7063.133333	-133.330734	-42.779915
7063.200000	-133.330734	-42.779915
7063.266667	-133.330734	-42.779915
7063.333333	-133.330734	-42.779915
7063.400000	-133.330734	-42.779915
7063.466667	-133.330734	-42.779915
7063.533333	-133.330734	-42.779915
7063.600000	-133.330734	-42.779915
7063.666667	-133.330734	-42.779915
7063.733333	-133.330734	-42.779915
7063.800000	-133.330734	-42.779915
7063.866667	-133.330734	-42.779915
7063.933333	-133.330734	-42.779915
7064.000000	-133.330734	-42.779915
7064.066667	-133.330734	-42.779915
7064.133333	-133.330734	-42.779915
7064.200000	-133.330734	-42.779915
7064.266667	-133.330734	-42.779915
7064.333333	-133.330734	-42.779915
7064.400000	-133.330734	-42.779915
7064.466667	-133.330734	-42.779915
7064.533333	-133.330734	-42.779915
7064.600000	-133.330734	-42.779915
7064.666667	-133.330734	-42.779915
7064.733333	-133.330734	-42.779915
7064.800000	-133.330734	-42.779915
7064.866667	-133.330734	-42.779915
7064.933333	-133.330734	-42.779915
7065.000000	-133.330734	-42.779915
7065.066667	-133.330734	-42.779915
7065.133333	-133.330734	-42.779915
7065.200000	-133.330734	-42.779915
7065.266667	-133.330734	-42.779915
7065.333333	-133.330734	-42.779915
7065.400000	-133.330734	-42.779915
7065.466667	-133.330734	-42.779915
7065.533333	-133.330734	-42.779915
7065.600000	-133.330734	-42.779915
7065.666667	-133.330734	-42.779915
7065.733333	-133.330734	-42.779915
7065.800000	-133.330734	-42.779915
7065.866667	-133.330734	-42.779915
7065.933333	-133.330734	-42.779915
7066.000000	-133.330734	-42.779915
7066.066667	-133.330734	-42.779915
7066.133333	-133.330734	-42.779915
7066.200000	-133.330734	-42.779915
7066.266667	-133.330734	-42.779915
7066.333333	-133.330734	-42.779915
7066.400000	-133.330734	-42.779915
7066.466667	-133.330734	-42.779915
7066.533333	-133.330734	-42.779915
7066.600000	-133.330734	-42.779915
7066.666667	-133.330734	-42.779915
7066.733333	-133.330734	-42.779915
7066.800000	-133.330734	-42.779915
7066.866667	-133.330734	-42.779915
7066.933333	-133.330734	-42.779915
7067.000000	-133.330734	-42.779915
7067.066667	-133.330734	-42.779915
7067.133333	-133.330734	-42.779915
7067.200000	-133.330734	-42.779915
7067.266667	-133.330734	-42.779915
7067.333333	-133.330734	-42.779915
7067.400000	-133.330734	-42.779915
7067.466667	-133.330734	-42.779915
7067.533333	-133.330734	-42.779915
7067.600000	-133.330734	-42.779915
7067.666667	-133.330734	-42.779915
7067.733333	-133.330734	-42.779915
7067.800000	-133.330734	-42.779915
7067.866667	-133.330734	-42.779915
7067.933333	-133.330734	-42.779915
7068.000000	-133.330734	-42.779915
7068.066667	-133.330734	-42.779915
7068.133333	-133.330734	-42.779915
7068.200000	-133.330734	-42.779915
7068.266667	-133.330734	-42.779915
7068.333333	-133.330734	-42.779915
7068.400000	-133.330734	-42.779915
7068.466667	-133.330734	-42.779915
7068.533333	-133.330734	-42.779915
7068.600000	-133.330734	-42.779915
7068.666667	-133.330734	-42.779915
7068.733333	-133.330734	-42.779915
7068.800000	-133.330734	-42.779915
7068.866667	-133.330734	-42.779915
7068.933333	-133.330734	-42.779915
7069.000000	-133.330734	-42.779915
7069.066667	-133.330734	-42.779915
7069.133333	-133.330734	-42.779915
7069.200000	-133.330734	-42.779915
7069.266667	-133.330734	-42.779915
7069.333333	-133.330734	-42.779915
7069.400000	-133.330734	-42.779915
7069.466667	-133.330734	-42.779915
7069.533333	-133.330734	-42.779915
7069.600000	-133.330734	-42.779915
7069.666667	-133.330734	-42.779915
7069.733333	-133.330734	-42.779915
7069.800000	-133.330734	-42.779915
7069.866667	-133.330734	-42.779915
7069.933333	-133.330734	-42.779915
7070.000000	-133.330734	-42.779915
7070.066667	-133.330734	-42.779915
7070.133333	-133.330734	-42.779915
7070.200000	-133.330734	-42.779915
7070.266667	-133.330734	-42.779915
7070.333333	-133.330734	-42.779915
7070.400000	-133.330734	-42.779915
7070.466667	-133.330734	-42.779915
7070.533333	-133.330734	-42.779915
7070.600000	-133.330734	-42.779915
7070.666667	-133.330734	-42.779915
7070.733333	-133.330734	-42.779915
7070.800000	-133.330734	-42.779915
7070.866667	-133.330734	-42.779915
7070.933333	-133.330734	-42.779915
7071.000000	-133.330734	-42.779915
7071.066667	-133.330734	-42.779915
7071.133333	-133.330734	-42.779915
7071.200000	-133.330734	-42.779915
7071.266667	-133.330734	-42.779915
7071.333333	-133.330734	-42.779915
7071.400000	-133.330734	-42.779915
7071.466667	-133.330734	-42.779915
7071.533333	-133.330734	-42.779915
7071.600000	-133.330734	-42.779915
7071.666667	-133.330734	-42.779915
7071.733333	-133.330734	-42.779915
7071.800000	-133.330734	-42.779915
7071.866667	-133.330734	-42.779915
7071.933333	-133.330734	-42.779915
7072.000000	-133.330734	-42.779915
7072.066667	-133.330734	-42.779915
7072.133333	-133.330734	-42.779915
7072.200000	-133.330734	-42.779915
7072.266667	-133.330734	-42.779915
7072.333333	-133.330734	-42.779915
7072.400000	-133.330734	-42.779915
7072.466667	-133.330734	-42.779915
7072.533333	-133.330734	-42.779915
7072.600000	-133.330734	-42.779915
7072.666667	-133.330734	-42.779915
7072.733333	-133.330734	-42.779915
7072.800000	-133.330734	-42.779915
7072.866667	-133.330734	-42.779915
7072.933333	-133.330734	-42.779915
7073.000000	-133.330734	-42.779915
7073.066667	-133.330734	-42.779915
7073.133333	-133.330734	-42.779915
7073.200000	-133.330734	-42.779915
7073.266667	-133.330734	-42.779915
7073.333333	-133.330734	-42.779915
7073.400000	-133.330734	-42.779915
7073.466667	-133.330734	-42.779915
7073.533333	-133.330734	-42.779915
7073.600000	-133.330734	-42.779915
7073.666667	-133.330734	-42.779915
7073.733333	-133.330734	-42.779915
7073.800000	-133.330734	-42.779915
7073.866667	-133.330734	-42.779915
7073.933333	-133.330734	-42.779915
7074.000000	-133.330734	-42.779915
7074.066667	-133.330734	-42.779915
7074.133333	-133.330734	-42.779915
7074.200000	-133.330734	-42.779915
7074.266667	-133.330734	-42.779915
7074.333333	-133.330734	-42.779915
7074.400000	-133.330734	-42.779915
7074.466667	-133.330734	-42.779915
7074.533333	-133.330734	-42.779915
7074.600000	-133.330734	-42.779915
7074.666667	-133.330734	-42.779915
7074.733333	-133.330734	-42.779915
7074.800000	-133.330734	-42.779915
7074.866667	-133.330734	-42.779915
7074.933333	-133.330734	-42.779915
7075.000000	-133.330734	-42.779915
7075.066667	-133.330734	-42.779915
7075.133333	-133.330734	-42.779915
7075.200000	-133.330734	-42.779915
7075.266667	-133.330734	-42.779915
7075.333333	-133.330734	-42.779915
7075.400000	-133.330734	-42.779915
7075.466667	-133.330734	-42.779915
7075.533333	-133.330734	-42.779915
7075.600000	-133.330734	-42.779915
7075.666667	-133.330734	-42.779915
7075.733333	-133.330734	-42.779915
7075.800000	-133.330734	-42.779915
7075.866667	-133.330734	-42.779915
7075.933333	-133.330734	-42.779915
7076.000000	-133.330734	-42.779915
7076.066667	-133.330734	-42.779915
7076.133333	-133.330734	-42.779915
7076.200000	-133.330734	-42.779915
7076.266667	-133.330734	-42.779915
7076.333333	-133.330734	-42.779915
7076.400000	-133.330734	-42.779915
7076.466667	-133.330734	-42.779915
7076.533333	-133.330734	-42.779915
7076.600000	-133.330734	-42.779915
7076.666667	-133.330734	-42.779915
7076.733333	-133.330734	-42.779915
7076.800000	-133.330734	-42.779915
7076.866667	-133.330734	-42.779915
7076.933333	-133.330734	-42.779915
7077.000000	-133.330734	-42.779915
7077.066667	-133.330734	-42.779915
7077.133333	-133.330734	-42.779915
7077.200000	-133.330734	-42.779915
7077.266667	-133.330734	-42.779915
7077.333333	-133.330734	-42.779915
7077.400000	-133.330734	-42.779915
7077.466667	-133.330734	-42.779915
7077.533333	-133.330734	-42.779915
7077.600000	-133.330734	-42.779915
7077.666667	-133.330734	-42.779915
7077.733333	-133.330734	-42.779915
7077.800000	-133.330734	-42.779915
7077.866667	-133.330734	-42.779915
7077.933333	-133.330734	-42.779915
7078.000000	-133.330734	-42.779915
7078.066667	-133.330734	-42.779915
7078.133333	-133.330734	-42.779915
7078.200000	-133.330734	-42.779915
7078.266667	-133.330734	-42.779915
7078.333333	-133.330734	-42.779915
7078.400000	-133.330734	-42.779915
7078.466667	-133.330734	-42.779915
7078.533333	-133.330734	-42.779915
7078.600000	-133.330734	-42.779915
7078.666667	-133.330734	-42.779915
7078.733333	-133.330734	-42.779915
7078.800000	-133.330734	-42.779915
7078.866667	-133.330734	-42.779915
7078.933333	-133.330734	-42.779915
7079.000000	-133.330734	-42.779915
7079.066667	-133.330734	-42.779915
7079.133333	-133.330734	-42.779915
7079.200000	-133.330734	-42.779915
7079.266667	-133.330734	-42.779915
7079.333333	-133.330734	-42.779915
7079.400000	-133.330734	-42.779915
7079.466667	-133.330734	-42.779915
7079.533333	-133.330734	-42.779915
7079.600000	-133.330734	-42.779915
7079.666667	-133.330734	-42.779915
7079.733333	-133.330734	-42.779915
7079.800000	-133.330734	-42.779915
7079.866667	-133.330734	-42.779915
7079.933333	-133.330734	-42.779915
7080.000000	-133.330734	-42.779915
