7320.066667	-133.330734	-42.779915
7320.133333	-133.330734	-42.779915
7320.200000	-133.330734	-42.779915
7320.266667	-133.330734	-42.779915
7320.333333	-133.330734	-42.779915
7320.400000	-133.330734	-42.779915
7320.466667	-133.330734	-42.779915
7320.533333	-133.330734	-42.779915
7320.600000	-133.330734	-42.779915
7320.666667	-133.330734	-42.779915
7320.733333	-133.330734	-42.779915
7320.800000	-133.330734	-42.779915
7320.866667	-133.330734	-42.779915
7320.933333	-133.330734	-42.779915
7321.000000	-133.330734	-42.779915
7321.066667	-133.330734	-42.779915
7321.133333	-133.330734	-42.779915
7321.200000	-133.330734	-42.779915
7321.266667	-133.330734	-42.779915
7321.333333	-133.330734	-42.779915
7321.400000	-133.330734	-42.779915
7321.466667	-133.330734	-42.779915
7321.533333	-133.330734	-42.779915
7321.600000	-133.330734	-42.779915
7321.666667	-133.330734	-42.779915
7321.733333	-133.330734	-42.779915
7321.800000	-133.330734	-42.779915
7321.866667	-133.330734	-42.779915
7321.933333	-133.330734	-42.779915
7322.000000	-133.330734	-42.779915
7322.066667	-133.330734	-42.779915
7322.133333	-133.330734	-42.779915
7322.200000	-133.330734	-42.779915
7322.266667	-133.330734	-42.779915
7322.333333	-133.330734	-42.779915
7322.400000	-133.330734	-42.779915
7322.466667	-133.330734	-42.779915
7322.533333	-133.330734	-42.779915
7322.600000	-133.330734	-42.779915
7322.666667	-133.330734	-42.779915
7322.733333	-133.330734	-42.779915
7322.800000	-133.330734	-42.779915
7322.866667	-133.330734	-42.779915
7322.933333	-133.330734	-42.779915
7323.000000	-133.330734	-42.779915
7323.066667	-133.330734	-42.779915
7323.133333	-133.330734	-42.779915
7323.200000	-133.330734	-42.779915
7323.266667	-133.330734	-42.779915
7323.333333	-133.330734	-42.779915
7323.400000	-133.330734	-42.779915
7323.466667	-133.330734	-42.779915
7323.533333	-133.330734	-42.779915
7323.600000	-133.330734	-42.779915
7323.666667	-133.330734	-42.779915
7323.733333	-133.330734	-42.779915
7323.800000	-133.330734	-42.779915
7323.866667	-133.330734	-42.779915
7323.933333	-133.330734	-42.779915
7324.000000	-133.330734	-42.779915
7324.066667	-133.330734	-42.779915
7324.133333	-133.330734	-42.779915
7324.200000	-133.330734	-42.779915
7324.266667	-133.330734	-42.779915
7324.333333	-133.330734	-42.779915
7324.400000	-133.330734	-42.779915
7324.466667	-133.330734	-42.779915
7324.533333	-133.330734	-42.779915
7324.600000	-133.330734	-42.779915
7324.666667	-133.330734	-42.779915
7324.733333	-133.330734	-42.779915
7324.800000	-133.330734	-42.779915
7324.866667	-133.330734	-42.779915
7324.933333	-133.330734	-42.779915
7325.000000	-133.330734	-42.779915
7325.066667	-133.330734	-42.779915
7325.133333	-133.330734	-42.779915
7325.200000	-133.330734	-42.779915
7325.266667	-133.330734	-42.779915
7325.333333	-133.330734	-42.779915
7325.400000	-133.330734	-42.779915
7325.466667	-133.330734	-42.779915
7325.533333	-133.330734	-42.779915
7325.600000	-133.330734	-42.779915
7325.666667	-133.330734	-42.779915
7325.733333	-133.330734	-42.779915
7325.800000	-133.330734	-42.779915
7325.866667	-133.330734	-42.779915
7325.933333	-133.330734	-42.779915
7326.000000	-133.330734	-42.779915
7326.066667	-133.330734	-42.779915
7326.133333	-133.330734	-42.779915
7326.200000	-133.330734	-42.779915
7326.266667	-133.330734	-42.779915
7326.333333	-133.330734	-42.779915
7326.400000	-133.330734	-42.779915
7326.466667	-133.330734	-42.779915
7326.533333	-133.330734	-42.779915
7326.600000	-133.330734	-42.779915
7326.666667	-133.330734	-42.779915
7326.733333	-133.330734	-42.779915
7326.800000	-133.330734	-42.779915
7326.866667	-133.330734	-42.779915
7326.933333	-133.330734	-42.779915
7327.000000	-133.330734	-42.779915
7327.066667	-133.330734	-42.779915
7327.133333	-133.330734	-42.779915
7327.200000	-133.330734	-42.779915
7327.266667	-133.330734	-42.779915
7327.333333	-133.330734	-42.779915
7327.400000	-133.330734	-42.779915
7327.466667	-133.330734	-42.779915
7327.533333	-133.330734	-42.779915
7327.600000	-133.330734	-42.779915
7327.666667	-133.330734	-42.779915
7327.733333	-133.330734	-42.779915
7327.800000	-133.330734	-42.779915
7327.866667	-133.330734	-42.779915
7327.933333	-133.330734	-42.779915
7328.000000	-133.330734	-42.779915
7328.066667	-133.330734	-42.779915
7328.133333	-133.330734	-42.779915
7328.200000	-133.330734	-42.779915
7328.266667	-133.330734	-42.779915
7328.333333	-133.330734	-42.779915
7328.400000	-133.330734	-42.779915
7328.466667	-133.330734	-42.779915
7328.533333	-133.330734	-42.779915
7328.600000	-133.330734	-42.779915
7328.666667	-133.330734	-42.779915
7328.733333	-133.330734	-42.779915
7328.800000	-133.330734	-42.779915
7328.866667	-133.330734	-42.779915
7328.933333	-133.330734	-42.779915
7329.000000	-133.330734	-42.779915
7329.066667	-133.330734	-42.779915
7329.133333	-133.330734	-42.779915
7329.200000	-133.330734	-42.779915
7329.266667	-133.330734	-42.779915
7329.333333	-133.330734	-42.779915
7329.400000	-133.330734	-42.779915
7329.466667	-133.330734	-42.779915
7329.533333	-133.330734	-42.779915
7329.600000	-133.330734	-42.779915
7329.666667	-133.330734	-42.779915
7329.733333	-133.330734	-42.779915
7329.800000	-133.330734	-42.779915
7329.866667	-133.330734	-42.779915
7329.933333	-133.330734	-42.779915
7330.000000	-133.330734	-42.779915
7330.066667	-133.330734	-42.779915
7330.133333	-133.330734	-42.779915
7330.200000	-133.330734	-42.779915
7330.266667	-133.330734	-42.779915
7330.333333	-133.330734	-42.779915
7330.400000	-133.330734	-42.779915
7330.466667	-133.330734	-42.779915
7330.533333	-133.330734	-42.779915
7330.600000	-133.330734	-42.779915
7330.666667	-133.330734	-42.779915
7330.733333	-133.330734	-42.779915
7330.800000	-133.330734	-42.779915
7330.866667	-133.330734	-42.779915
7330.933333	-133.330734	-42.779915
7331.000000	-133.330734	-42.779915
7331.066667	-133.330734	-42.779915
7331.133333	-133.330734	-42.779915
7331.200000	-133.330734	-42.779915
7331.266667	-133.330734	-42.779915
7331.333333	-133.330734	-42.779915
7331.400000	-133.330734	-42.779915
7331.466667	-133.330734	-42.779915
7331.533333	-133.330734	-42.779915
7331.600000	-133.330734	-42.779915
7331.666667	-133.330734	-42.779915
7331.733333	-133.330734	-42.779915
7331.800000	-133.330734	-42.779915
7331.866667	-133.330734	-42.779915
7331.933333	-133.330734	-42.779915
7332.000000	-133.330734	-42.779915
7332.066667	-133.330734	-42.779915
7332.133333	-133.330734	-42.779915
7332.200000	-133.330734	-42.779915
7332.266667	-133.330734	-42.779915
7332.333333	-133.330734	-42.779915
7332.400000	-133.330734	-42.779915
7332.466667	-133.330734	-42.779915
7332.533333	-133.330734	-42.779915
7332.600000	-133.330734	-42.779915
7332.666667	-133.330734	-42.779915
7332.733333	-133.330734	-42.779915
7332.800000	-133.330734	-42.779915
7332.866667	-133.330734	-42.779915
7332.933333	-133.330734	-42.779915
7333.000000	-133.330734	-42.779915
7333.066667	-133.330734	-42.779915
7333.133333	-133.330734	-42.779915
7333.200000	-133.330734	-42.779915
7333.266667	-133.330734	-42.779915
7333.333333	-133.330734	-42.779915
7333.400000	-133.330734	-42.779915
7333.466667	-133.330734	-42.779915
7333.533333	-133.330734	-42.779915
7333.600000	-133.330734	-42.779915
7333.666667	-133.330734	-42.779915
7333.733333	-133.330734	-42.779915
7333.800000	-133.330734	-42.779915
7333.866667	-133.330734	-42.779915
7333.933333	-133.330734	-42.779915
7334.000000	-133.330734	-42.779915
7334.066667	-133.330734	-42.779915
7334.133333	-133.330734	-42.779915
7334.200000	-133.330734	-42.779915
7334.266667	-133.330734	-42.779915
7334.333333	-133.330734	-42.779915
7334.400000	-133.330734	-42.779915
7334.466667	-133.330734	-42.779915
7334.533333	-133.330734	-42.779915
7334.600000	-133.330734	-42.779915
7334.666667	-133.330734	-42.779915
7334.733333	-133.330734	-42.779915
7334.800000	-133.330734	-42.779915
7334.866667	-133.330734	-42.779915
7334.933333	-133.330734	-42.779915
7335.000000	-133.330734	-42.779915
7335.066667	-133.330734	-42.779915
7335.133333	-133.330734	-42.779915
7335.200000	-133.330734	-42.779915
7335.266667	-133.330734	-42.779915
7335.333333	-133.330734	-42.779915
7335.400000	-133.330734	-42.779915
7335.466667	-133.330734	-42.779915
7335.533333	-133.330734	-42.779915
7335.600000	-133.330734	-42.779915
7335.666667	-133.330734	-42.779915
7335.733333	-133.330734	-42.779915
7335.800000	-133.330734	-42.779915
7335.866667	-133.330734	-42.779915
7335.933333	-133.330734	-42.779915
7336.000000	-133.330734	-42.779915
7336.066667	-133.330734	-42.779915
7336.133333	-133.330734	-42.779915
7336.200000	-133.330734	-42.779915
7336.266667	-133.330734	-42.779915
7336.333333	-133.330734	-42.779915
7336.400000	-133.330734	-42.779915
7336.466667	-133.330734	-42.779915
7336.533333	-133.330734	-42.779915
7336.600000	-133.330734	-42.779915
7336.666667	-133.330734	-42.779915
7336.733333	-133.330734	-42.779915
7336.800000	-133.330734	-42.779915
7336.866667	-133.330734	-42.779915
7336.933333	-133.330734	-42.779915
7337.000000	-133.330734	-42.779915
7337.066667	-133.330734	-42.779915
7337.133333	-133.330734	-42.779915
7337.200000	-133.330734	-42.779915
7337.266667	-133.330734	-42.779915
7337.333333	-133.330734	-42.779915
7337.400000	-133.330734	-42.779915
7337.466667	-133.330734	-42.779915
7337.533333	-133.330734	-42.779915
7337.600000	-133.330734	-42.779915
7337.666667	-133.330734	-42.779915
7337.733333	-133.330734	-42.779915
7337.800000	-133.330734	-42.779915
7337.866667	-133.330734	-42.779915
7337.933333	-133.330734	-42.779915
7338.000000	-133.330734	-42.779915
7338.066667	-133.330734	-42.779915
7338.133333	-133.330734	-42.779915
7338.200000	-133.330734	-42.779915
7338.266667	-133.330734	-42.779915
7338.333333	-133.330734	-42.779915
7338.400000	-133.330734	-42.779915
7338.466667	-133.330734	-42.779915
7338.533333	-133.330734	-42.779915
7338.600000	-133.330734	-42.779915
7338.666667	-133.330734	-42.779915
7338.733333	-133.330734	-42.779915
7338.800000	-133.330734	-42.779915
7338.866667	-133.330734	-42.779915
7338.933333	-133.330734	-42.779915
7339.000000	-133.330734	-42.779915
7339.066667	-133.330734	-42.779915
7339.133333	-133.330734	-42.779915
7339.200000	-133.330734	-42.779915
7339.266667	-133.330734	-42.779915
7339.333333	-133.330734	-42.779915
7339.400000	-133.330734	-42.779915
7339.466667	-133.330734	-42.779915
7339.533333	-133.330734	-42.779915
7339.600000	-133.330734	-42.779915
7339.666667	-133.330734	-42.779915
7339.733333	-133.330734	-42.779915
7339.800000	-133.330734	-42.779915
7339.866667	-133.330734	-42.779915
7339.933333	-133.330734	-42.779915
7340.000000	-133.330734	-42.779915
7340.066667	-133.330734	-42.779915
7340.133333	-133.330734	-42.779915
7340.200000	-133.330734	-42.779915
7340.266667	-133.330734	-42.779915
7340.333333	-133.330734	-42.779915
7340.400000	-133.330734	-42.779915
7340.466667	-133.330734	-42.779915
7340.533333	-133.330734	-42.779915
7340.600000	-133.330734	-42.779915
7340.666667	-133.330734	-42.779915
7340.733333	-133.330734	-42.779915
7340.800000	-133.330734	-42.779915
7340.866667	-133.330734	-42.779915
7340.933333	-133.330734	-42.779915
7341.000000	-133.330734	-42.779915
7341.066667	-133.330734	-42.779915
7341.133333	-133.330734	-42.779915
7341.200000	-133.330734	-42.779915
7341.266667	-133.330734	-42.779915
7341.333333	-133.330734	-42.779915
7341.400000	-133.330734	-42.779915
7341.466667	-133.330734	-42.779915
7341.533333	-133.330734	-42.779915
7341.600000	-133.330734	-42.779915
7341.666667	-133.330734	-42.779915
7341.733333	-133.330734	-42.779915
7341.800000	-133.330734	-42.779915
7341.866667	-133.330734	-42.779915
7341.933333	-133.330734	-42.779915
7342.000000	-133.330734	-42.779915
7342.066667	-133.330734	-42.779915
7342.133333	-133.330734	-42.779915
7342.200000	-133.330734	-42.779915
7342.266667	-133.330734	-42.779915
7342.333333	-133.330734	-42.779915
7342.400000	-133.330734	-42.779915
7342.466667	-133.330734	-42.779915
7342.533333	-133.330734	-42.779915
7342.600000	-133.330734	-42.779915
7342.666667	-133.330734	-42.779915
7342.733333	-133.330734	-42.779915
7342.800000	-133.330734	-42.779915
7342.866667	-133.330734	-42.779915
7342.933333	-133.330734	-42.779915
7343.000000	-133.330734	-42.779915
7343.066667	-133.330734	-42.779915
7343.133333	-133.330734	-42.779915
7343.200000	-133.330734	-42.779915
7343.266667	-133.330734	-42.779915
7343.333333	-133.330734	-42.779915
7343.400000	-133.330734	-42.779915
7343.466667	-133.330734	-42.779915
7343.533333	-133.330734	-42.779915
7343.600000	-133.330734	-42.779915
7343.666667	-133.330734	-42.779915
7343.733333	-133.330734	-42.779915
7343.800000	-133.330734	-42.779915
7343.866667	-133.330734	-42.779915
7343.933333	-133.330734	-42.779915
7344.000000	-133.330734	-42.779915
7344.066667	-133.330734	-42.779915
7344.133333	-133.330734	-42.779915
7344.200000	-133.330734	-42.779915
7344.266667	-133.330734	-42.779915
7344.333333	-133.330734	-42.779915
7344.400000	-133.330734	-42.779915
7344.466667	-133.330734	-42.779915
7344.533333	-133.330734	-42.779915
7344.600000	-133.330734	-42.779915
7344.666667	-133.330734	-42.779915
7344.733333	-133.330734	-42.779915
7344.800000	-133.330734	-42.779915
7344.866667	-133.330734	-42.779915
7344.933333	-133.330734	-42.779915
7345.000000	-133.330734	-42.779915
7345.066667	-133.330734	-42.779915
7345.133333	-133.330734	-42.779915
7345.200000	-133.330734	-42.779915
7345.266667	-133.330734	-42.779915
7345.333333	-133.330734	-42.779915
7345.400000	-133.330734	-42.779915
7345.466667	-133.330734	-42.779915
7345.533333	-133.330734	-42.779915
7345.600000	-133.330734	-42.779915
7345.666667	-133.330734	-42.779915
7345.733333	-133.330734	-42.779915
7345.800000	-133.330734	-42.779915
7345.866667	-133.330734	-42.779915
7345.933333	-133.330734	-42.779915
7346.000000	-133.330734	-42.779915
7346.066667	-133.330734	-42.779915
7346.133333	-133.330734	-42.779915
7346.200000	-133.330734	-42.779915
7346.266667	-133.330734	-42.779915
7346.333333	-133.330734	-42.779915
7346.400000	-133.330734	-42.779915
7346.466667	-133.330734	-42.779915
7346.533333	-133.330734	-42.779915
7346.600000	-133.330734	-42.779915
7346.666667	-133.330734	-42.779915
7346.733333	-133.330734	-42.779915
7346.800000	-133.330734	-42.779915
7346.866667	-133.330734	-42.779915
7346.933333	-133.330734	-42.779915
7347.000000	-133.330734	-42.779915
7347.066667	-133.330734	-42.779915
7347.133333	-133.330734	-42.779915
7347.200000	-133.330734	-42.779915
7347.266667	-133.330734	-42.779915
7347.333333	-133.330734	-42.779915
7347.400000	-133.330734	-42.779915
7347.466667	-133.330734	-42.779915
7347.533333	-133.330734	-42.779915
7347.600000	-133.330734	-42.779915
7347.666667	-133.330734	-42.779915
7347.733333	-133.330734	-42.779915
7347.800000	-133.330734	-42.779915
7347.866667	-133.330734	-42.779915
7347.933333	-133.330734	-42.779915
7348.000000	-133.330734	-42.779915
7348.066667	-133.330734	-42.779915
7348.133333	-133.330734	-42.779915
7348.200000	-133.330734	-42.779915
7348.266667	-133.330734	-42.779915
7348.333333	-133.330734	-42.779915
7348.400000	-133.330734	-42.779915
7348.466667	-133.330734	-42.779915
7348.533333	-133.330734	-42.779915
7348.600000	-133.330734	-42.779915
7348.666667	-133.330734	-42.779915
7348.733333	-133.330734	-42.779915
7348.800000	-133.330734	-42.779915
7348.866667	-133.330734	-42.779915
7348.933333	-133.330734	-42.779915
7349.000000	-133.330734	-42.779915
7349.066667	-133.330734	-42.779915
7349.133333	-133.330734	-42.779915
7349.200000	-133.330734	-42.779915
7349.266667	-133.330734	-42.779915
7349.333333	-133.330734	-42.779915
7349.400000	-133.330734	-42.779915
7349.466667	-133.330734	-42.779915
7349.533333	-133.330734	-42.779915
7349.600000	-133.330734	-42.779915
7349.666667	-133.330734	-42.779915
7349.733333	-133.330734	-42.779915
7349.800000	-133.330734	-42.779915
7349.866667	-133.330734	-42.779915
7349.933333	-133.330734	-42.779915
7350.000000	-133.330734	-42.779915
7350.066667	-133.330734	-42.779915
7350.133333	-133.330734	-42.779915
7350.200000	-133.330734	-42.779915
7350.266667	-133.330734	-42.779915
7350.333333	-133.330734	-42.779915
7350.400000	-133.330734	-42.779915
7350.466667	-133.330734	-42.779915
7350.533333	-133.330734	-42.779915
7350.600000	-133.330734	-42.779915
7350.666667	-133.330734	-42.779915
7350.733333	-133.330734	-42.779915
7350.800000	-133.330734	-42.779915
7350.866667	-133.330734	-42.779915
7350.933333	-133.330734	-42.779915
7351.000000	-133.330734	-42.779915
7351.066667	-133.330734	-42.779915
7351.133333	-133.330734	-42.779915
7351.200000	-133.330734	-42.779915
7351.266667	-133.330734	-42.779915
7351.333333	-133.330734	-42.779915
7351.400000	-133.330734	-42.779915
7351.466667	-133.330734	-42.779915
7351.533333	-133.330734	-42.779915
7351.600000	-133.330734	-42.779915
7351.666667	-133.330734	-42.779915
7351.733333	-133.330734	-42.779915
7351.800000	-133.330734	-42.779915
7351.866667	-133.330734	-42.779915
7351.933333	-133.330734	-42.779915
7352.000000	-133.330734	-42.779915
7352.066667	-133.330734	-42.779915
7352.133333	-133.330734	-42.779915
7352.200000	-133.330734	-42.779915
7352.266667	-133.330734	-42.779915
7352.333333	-133.330734	-42.779915
7352.400000	-133.330734	-42.779915
7352.466667	-133.330734	-42.779915
7352.533333	-133.330734	-42.779915
7352.600000	-133.330734	-42.779915
7352.666667	-133.330734	-42.779915
7352.733333	-133.330734	-42.779915
7352.800000	-133.330734	-42.779915
7352.866667	-133.330734	-42.779915
7352.933333	-133.330734	-42.779915
7353.000000	-133.330734	-42.779915
7353.066667	-133.330734	-42.779915
7353.133333	-133.330734	-42.779915
7353.200000	-133.330734	-42.779915
7353.266667	-133.330734	-42.779915
7353.333333	-133.330734	-42.779915
7353.400000	-133.330734	-42.779915
7353.466667	-133.330734	-42.779915
7353.533333	-133.330734	-42.779915
7353.600000	-133.330734	-42.779915
7353.666667	-133.330734	-42.779915
7353.733333	-133.330734	-42.779915
7353.800000	-133.330734	-42.779915
7353.866667	-133.330734	-42.779915
7353.933333	-133.330734	-42.779915
7354.000000	-133.330734	-42.779915
7354.066667	-133.330734	-42.779915
7354.133333	-133.330734	-42.779915
7354.200000	-133.330734	-42.779915
7354.266667	-133.330734	-42.779915
7354.333333	-133.330734	-42.779915
7354.400000	-133.330734	-42.779915
7354.466667	-133.330734	-42.779915
7354.533333	-133.330734	-42.779915
7354.600000	-133.330734	-42.779915
7354.666667	-133.330734	-42.779915
7354.733333	-133.330734	-42.779915
7354.800000	-133.330734	-42.779915
7354.866667	-133.330734	-42.779915
7354.933333	-133.330734	-42.779915
7355.000000	-133.330734	-42.779915
7355.066667	-133.330734	-42.779915
7355.133333	-133.330734	-42.779915
7355.200000	-133.330734	-42.779915
7355.266667	-133.330734	-42.779915
7355.333333	-133.330734	-42.779915
7355.400000	-133.330734	-42.779915
7355.466667	-133.330734	-42.779915
7355.533333	-133.330734	-42.779915
7355.600000	-133.330734	-42.779915
7355.666667	-133.330734	-42.779915
7355.733333	-133.330734	-42.779915
7355.800000	-133.330734	-42.779915
7355.866667	-133.330734	-42.779915
7355.933333	-133.330734	-42.779915
7356.000000	-133.330734	-42.779915
7356.066667	-133.330734	-42.779915
7356.133333	-133.330734	-42.779915
7356.200000	-133.330734	-42.779915
7356.266667	-133.330734	-42.779915
7356.333333	-133.330734	-42.779915
7356.400000	-133.330734	-42.779915
7356.466667	-133.330734	-42.779915
7356.533333	-133.330734	-42.779915
7356.600000	-133.330734	-42.779915
7356.666667	-133.330734	-42.779915
7356.733333	-133.330734	-42.779915
7356.800000	-133.330734	-42.779915
7356.866667	-133.330734	-42.779915
7356.933333	-133.330734	-42.779915
7357.000000	-133.330734	-42.779915
7357.066667	-133.330734	-42.779915
7357.133333	-133.330734	-42.779915
7357.200000	-133.330734	-42.779915
7357.266667	-133.330734	-42.779915
7357.333333	-133.330734	-42.779915
7357.400000	-133.330734	-42.779915
7357.466667	-133.330734	-42.779915
7357.533333	-133.330734	-42.779915
7357.600000	-133.330734	-42.779915
7357.666667	-133.330734	-42.779915
7357.733333	-133.330734	-42.779915
7357.800000	-133.330734	-42.779915
7357.866667	-133.330734	-42.779915
7357.933333	-133.330734	-42.779915
7358.000000	-133.330734	-42.779915
7358.066667	-133.330734	-42.779915
7358.133333	-133.330734	-42.779915
7358.200000	-133.330734	-42.779915
7358.266667	-133.330734	-42.779915
7358.333333	-133.330734	-42.779915
7358.400000	-133.330734	-42.779915
7358.466667	-133.330734	-42.779915
7358.533333	-133.330734	-42.779915
7358.600000	-133.330734	-42.779915
7358.666667	-133.330734	-42.779915
7358.733333	-133.330734	-42.779915
7358.800000	-133.330734	-42.779915
7358.866667	-133.330734	-42.779915
7358.933333	-133.330734	-42.779915
7359.000000	-133.330734	-42.779915
7359.066667	-133.330734	-42.779915
7359.133333	-133.330734	-42.779915
7359.200000	-133.330734	-42.779915
7359.266667	-133.330734	-42.779915
7359.333333	-133.330734	-42.779915
7359.400000	-133.330734	-42.779915
7359.466667	-133.330734	-42.779915
7359.533333	-133.330734	-42.779915
7359.600000	-133.330734	-42.779915
7359.666667	-133.330734	-42.779915
7359.733333	-133.330734	-42.779915
7359.800000	-133.330734	-42.779915
7359.866667	-133.330734	-42.779915
7359.933333	-133.330734	-42.779915
7360.000000	-133.330734	-42.779915
7360.066667	-133.330734	-42.779915
7360.133333	-133.330734	-42.779915
7360.200000	-133.330734	-42.779915
7360.266667	-133.330734	-42.779915
7360.333333	-133.330734	-42.779915
7360.400000	-133.330734	-42.779915
7360.466667	-133.330734	-42.779915
7360.533333	-133.330734	-42.779915
7360.600000	-133.330734	-42.779915
7360.666667	-133.330734	-42.779915
7360.733333	-133.330734	-42.779915
7360.800000	-133.330734	-42.779915
7360.866667	-133.330734	-42.779915
7360.933333	-133.330734	-42.779915
7361.000000	-133.330734	-42.779915
7361.066667	-133.330734	-42.779915
7361.133333	-133.330734	-42.779915
7361.200000	-133.330734	-42.779915
7361.266667	-133.330734	-42.779915
7361.333333	-133.330734	-42.779915
7361.400000	-133.330734	-42.779915
7361.466667	-133.330734	-42.779915
7361.533333	-133.330734	-42.779915
7361.600000	-133.330734	-42.779915
7361.666667	-133.330734	-42.779915
7361.733333	-133.330734	-42.779915
7361.800000	-133.330734	-42.779915
7361.866667	-133.330734	-42.779915
7361.933333	-133.330734	-42.779915
7362.000000	-133.330734	-42.779915
7362.066667	-133.330734	-42.779915
7362.133333	-133.330734	-42.779915
7362.200000	-133.330734	-42.779915
7362.266667	-133.330734	-42.779915
7362.333333	-133.330734	-42.779915
7362.400000	-133.330734	-42.779915
7362.466667	-133.330734	-42.779915
7362.533333	-133.330734	-42.779915
7362.600000	-133.330734	-42.779915
7362.666667	-133.330734	-42.779915
7362.733333	-133.330734	-42.779915
7362.800000	-133.330734	-42.779915
7362.866667	-133.330734	-42.779915
7362.933333	-133.330734	-42.779915
7363.000000	-133.330734	-42.779915
7363.066667	-133.330734	-42.779915
7363.133333	-133.330734	-42.779915
7363.200000	-133.330734	-42.779915
7363.266667	-133.330734	-42.779915
7363.333333	-133.330734	-42.779915
7363.400000	-133.330734	-42.779915
7363.466667	-133.330734	-42.779915
7363.533333	-133.330734	-42.779915
7363.600000	-133.330734	-42.779915
7363.666667	-133.330734	-42.779915
7363.733333	-133.330734	-42.779915
7363.800000	-133.330734	-42.779915
7363.866667	-133.330734	-42.779915
7363.933333	-133.330734	-42.779915
7364.000000	-133.330734	-42.779915
7364.066667	-133.330734	-42.779915
7364.133333	-133.330734	-42.779915
7364.200000	-133.330734	-42.779915
7364.266667	-133.330734	-42.779915
7364.333333	-133.330734	-42.779915
7364.400000	-133.330734	-42.779915
7364.466667	-133.330734	-42.779915
7364.533333	-133.330734	-42.779915
7364.600000	-133.330734	-42.779915
7364.666667	-133.330734	-42.779915
7364.733333	-133.330734	-42.779915
7364.800000	-133.330734	-42.779915
7364.866667	-133.330734	-42.779915
7364.933333	-133.330734	-42.779915
7365.000000	-133.330734	-42.779915
7365.066667	-133.330734	-42.779915
7365.133333	-133.330734	-42.779915
7365.200000	-133.330734	-42.779915
7365.266667	-133.330734	-42.779915
7365.333333	-133.330734	-42.779915
7365.400000	-133.330734	-42.779915
7365.466667	-133.330734	-42.779915
7365.533333	-133.330734	-42.779915
7365.600000	-133.330734	-42.779915
7365.666667	-133.330734	-42.779915
7365.733333	-133.330734	-42.779915
7365.800000	-133.330734	-42.779915
7365.866667	-133.330734	-42.779915
7365.933333	-133.330734	-42.779915
7366.000000	-133.330734	-42.779915
7366.066667	-133.330734	-42.779915
7366.133333	-133.330734	-42.779915
7366.200000	-133.330734	-42.779915
7366.266667	-133.330734	-42.779915
7366.333333	-133.330734	-42.779915
7366.400000	-133.330734	-42.779915
7366.466667	-133.330734	-42.779915
7366.533333	-133.330734	-42.779915
7366.600000	-133.330734	-42.779915
7366.666667	-133.330734	-42.779915
7366.733333	-133.330734	-42.779915
7366.800000	-133.330734	-42.779915
7366.866667	-133.330734	-42.779915
7366.933333	-133.330734	-42.779915
7367.000000	-133.330734	-42.779915
7367.066667	-133.330734	-42.779915
7367.133333	-133.330734	-42.779915
7367.200000	-133.330734	-42.779915
7367.266667	-133.330734	-42.779915
7367.333333	-133.330734	-42.779915
7367.400000	-133.330734	-42.779915
7367.466667	-133.330734	-42.779915
7367.533333	-133.330734	-42.779915
7367.600000	-133.330734	-42.779915
7367.666667	-133.330734	-42.779915
7367.733333	-133.330734	-42.779915
7367.800000	-133.330734	-42.779915
7367.866667	-133.330734	-42.779915
7367.933333	-133.330734	-42.779915
7368.000000	-133.330734	-42.779915
7368.066667	-133.330734	-42.779915
7368.133333	-133.330734	-42.779915
7368.200000	-133.330734	-42.779915
7368.266667	-133.330734	-42.779915
7368.333333	-133.330734	-42.779915
7368.400000	-133.330734	-42.779915
7368.466667	-133.330734	-42.779915
7368.533333	-133.330734	-42.779915
7368.600000	-133.330734	-42.779915
7368.666667	-133.330734	-42.779915
7368.733333	-133.330734	-42.779915
7368.800000	-133.330734	-42.779915
7368.866667	-133.330734	-42.779915
7368.933333	-133.330734	-42.779915
7369.000000	-133.330734	-42.779915
7369.066667	-133.330734	-42.779915
7369.133333	-133.330734	-42.779915
7369.200000	-133.330734	-42.779915
7369.266667	-133.330734	-42.779915
7369.333333	-133.330734	-42.779915
7369.400000	-133.330734	-42.779915
7369.466667	-133.330734	-42.779915
7369.533333	-133.330734	-42.779915
7369.600000	-133.330734	-42.779915
7369.666667	-133.330734	-42.779915
7369.733333	-133.330734	-42.779915
7369.800000	-133.330734	-42.779915
7369.866667	-133.330734	-42.779915
7369.933333	-133.330734	-42.779915
7370.000000	-133.330734	-42.779915
7370.066667	-133.330734	-42.779915
7370.133333	-133.330734	-42.779915
7370.200000	-133.330734	-42.779915
7370.266667	-133.330734	-42.779915
7370.333333	-133.330734	-42.779915
7370.400000	-133.330734	-42.779915
7370.466667	-133.330734	-42.779915
7370.533333	-133.330734	-42.779915
7370.600000	-133.330734	-42.779915
7370.666667	-133.330734	-42.779915
7370.733333	-133.330734	-42.779915
7370.800000	-133.330734	-42.779915
7370.866667	-133.330734	-42.779915
7370.933333	-133.330734	-42.779915
7371.000000	-133.330734	-42.779915
7371.066667	-133.330734	-42.779915
7371.133333	-133.330734	-42.779915
7371.200000	-133.330734	-42.779915
7371.266667	-133.330734	-42.779915
7371.333333	-133.330734	-42.779915
7371.400000	-133.330734	-42.779915
7371.466667	-133.330734	-42.779915
7371.533333	-133.330734	-42.779915
7371.600000	-133.330734	-42.779915
7371.666667	-133.330734	-42.779915
7371.733333	-133.330734	-42.779915
7371.800000	-133.330734	-42.779915
7371.866667	-133.330734	-42.779915
7371.933333	-133.330734	-42.779915
7372.000000	-133.330734	-42.779915
7372.066667	-133.330734	-42.779915
7372.133333	-133.330734	-42.779915
7372.200000	-133.330734	-42.779915
7372.266667	-133.330734	-42.779915
7372.333333	-133.330734	-42.779915
7372.400000	-133.330734	-42.779915
7372.466667	-133.330734	-42.779915
7372.533333	-133.330734	-42.779915
7372.600000	-133.330734	-42.779915
7372.666667	-133.330734	-42.779915
7372.733333	-133.330734	-42.779915
7372.800000	-133.330734	-42.779915
7372.866667	-133.330734	-42.779915
7372.933333	-133.330734	-42.779915
7373.000000	-133.330734	-42.779915
7373.066667	-133.330734	-42.779915
7373.133333	-133.330734	-42.779915
7373.200000	-133.330734	-42.779915
7373.266667	-133.330734	-42.779915
7373.333333	-133.330734	-42.779915
7373.400000	-133.330734	-42.779915
7373.466667	-133.330734	-42.779915
7373.533333	-133.330734	-42.779915
7373.600000	-133.330734	-42.779915
7373.666667	-133.330734	-42.779915
7373.733333	-133.330734	-42.779915
7373.800000	-133.330734	-42.779915
7373.866667	-133.330734	-42.779915
7373.933333	-133.330734	-42.779915
7374.000000	-133.330734	-42.779915
7374.066667	-133.330734	-42.779915
7374.133333	-133.330734	-42.779915
7374.200000	-133.330734	-42.779915
7374.266667	-133.330734	-42.779915
7374.333333	-133.330734	-42.779915
7374.400000	-133.330734	-42.779915
7374.466667	-133.330734	-42.779915
7374.533333	-133.330734	-42.779915
7374.600000	-133.330734	-42.779915
7374.666667	-133.330734	-42.779915
7374.733333	-133.330734	-42.779915
7374.800000	-133.330734	-42.779915
7374.866667	-133.330734	-42.779915
7374.933333	-133.330734	-42.779915
7375.000000	-133.330734	-42.779915
7375.066667	-133.330734	-42.779915
7375.133333	-133.330734	-42.779915
7375.200000	-133.330734	-42.779915
7375.266667	-133.330734	-42.779915
7375.333333	-133.330734	-42.779915
7375.400000	-133.330734	-42.779915
7375.466667	-133.330734	-42.779915
7375.533333	-133.330734	-42.779915
7375.600000	-133.330734	-42.779915
7375.666667	-133.330734	-42.779915
7375.733333	-133.330734	-42.779915
7375.800000	-133.330734	-42.779915
7375.866667	-133.330734	-42.779915
7375.933333	-133.330734	-42.779915
7376.000000	-133.330734	-42.779915
7376.066667	-133.330734	-42.779915
7376.133333	-133.330734	-42.779915
7376.200000	-133.330734	-42.779915
7376.266667	-133.330734	-42.779915
7376.333333	-133.330734	-42.779915
7376.400000	-133.330734	-42.779915
7376.466667	-133.330734	-42.779915
7376.533333	-133.330734	-42.779915
7376.600000	-133.330734	-42.779915
7376.666667	-133.330734	-42.779915
7376.733333	-133.330734	-42.779915
7376.800000	-133.330734	-42.779915
7376.866667	-133.330734	-42.779915
7376.933333	-133.330734	-42.779915
7377.000000	-133.330734	-42.779915
7377.066667	-133.330734	-42.779915
7377.133333	-133.330734	-42.779915
7377.200000	-133.330734	-42.779915
7377.266667	-133.330734	-42.779915
7377.333333	-133.330734	-42.779915
7377.400000	-133.330734	-42.779915
7377.466667	-133.330734	-42.779915
7377.533333	-133.330734	-42.779915
7377.600000	-133.330734	-42.779915
7377.666667	-133.330734	-42.779915
7377.733333	-133.330734	-42.779915
7377.800000	-133.330734	-42.779915
7377.866667	-133.330734	-42.779915
7377.933333	-133.330734	-42.779915
7378.000000	-133.330734	-42.779915
7378.066667	-133.330734	-42.779915
7378.133333	-133.330734	-42.779915
7378.200000	-133.330734	-42.779915
7378.266667	-133.330734	-42.779915
7378.333333	-133.330734	-42.779915
7378.400000	-133.330734	-42.779915
7378.466667	-133.330734	-42.779915
7378.533333	-133.330734	-42.779915
7378.600000	-133.330734	-42.779915
7378.666667	-133.330734	-42.779915
7378.733333	-133.330734	-42.779915
7378.800000	-133.330734	-42.779915
7378.866667	-133.330734	-42.779915
7378.933333	-133.330734	-42.779915
7379.000000	-133.330734	-42.779915
7379.066667	-133.330734	-42.779915
7379.133333	-133.330734	-42.779915
7379.200000	-133.330734	-42.779915
7379.266667	-133.330734	-42.779915
7379.333333	-133.330734	-42.779915
7379.400000	-133.330734	-42.779915
7379.466667	-133.330734	-42.779915
7379.533333	-133.330734	-42.779915
7379.600000	-133.330734	-42.779915
7379.666667	-133.330734	-42.779915
7379.733333	-133.330734	-42.779915
7379.800000	-133.330734	-42.779915
7379.866667	-133.330734	-42.779915
7379.933333	-133.330734	-42.779915
7380.000000	-133.330734	-42.779915
