5520.066667	37.199368	-100.532806
5520.133333	37.199368	-100.532806
5520.200000	37.199368	-100.532806
5520.266667	37.199368	-100.532806
5520.333333	37.199368	-100.532806
5520.400000	37.199368	-100.532806
5520.466667	37.199368	-100.532806
5520.533333	37.199368	-100.532806
5520.600000	37.199368	-100.532806
5520.666667	37.199368	-100.532806
5520.733333	37.199368	-100.532806
5520.800000	37.199368	-100.532806
5520.866667	37.199368	-100.532806
5520.933333	37.199368	-100.532806
5521.000000	37.199368	-100.532806
5521.066667	37.199368	-100.532806
5521.133333	37.199368	-100.532806
5521.200000	37.199368	-100.532806
5521.266667	37.199368	-100.532806
5521.333333	37.199368	-100.532806
5521.400000	37.199368	-100.532806
5521.466667	37.199368	-100.532806
5521.533333	37.199368	-100.532806
5521.600000	37.199368	-100.532806
5521.666667	37.199368	-100.532806
5521.733333	37.199368	-100.532806
5521.800000	37.199368	-100.532806
5521.866667	37.199368	-100.532806
5521.933333	37.199368	-100.532806
5522.000000	37.199368	-100.532806
5522.066667	37.199368	-100.532806
5522.133333	37.199368	-100.532806
5522.200000	37.199368	-100.532806
5522.266667	37.199368	-100.532806
5522.333333	37.199368	-100.532806
5522.400000	37.199368	-100.532806
5522.466667	37.199368	-100.532806
5522.533333	37.199368	-100.532806
5522.600000	37.199368	-100.532806
5522.666667	37.199368	-100.532806
5522.733333	37.199368	-100.532806
5522.800000	37.199368	-100.532806
5522.866667	37.199368	-100.532806
5522.933333	37.199368	-100.532806
5523.000000	37.199368	-100.532806
5523.066667	37.199368	-100.532806
5523.133333	37.199368	-100.532806
5523.200000	37.199368	-100.532806
5523.266667	37.199368	-100.532806
5523.333333	37.199368	-100.532806
5523.400000	37.199368	-100.532806
5523.466667	37.199368	-100.532806
5523.533333	37.199368	-100.532806
5523.600000	37.199368	-100.532806
5523.666667	37.199368	-100.532806
5523.733333	37.199368	-100.532806
5523.800000	37.199368	-100.532806
5523.866667	37.199368	-100.532806
5523.933333	37.199368	-100.532806
5524.000000	37.199368	-100.532806
5524.066667	37.199368	-100.532806
5524.133333	37.199368	-100.532806
5524.200000	37.199368	-100.532806
5524.266667	37.199368	-100.532806
5524.333333	37.199368	-100.532806
5524.400000	37.199368	-100.532806
5524.466667	37.199368	-100.532806
5524.533333	37.199368	-100.532806
5524.600000	37.199368	-100.532806
5524.666667	37.199368	-100.532806
5524.733333	37.199368	-100.532806
5524.800000	37.199368	-100.532806
5524.866667	37.199368	-100.532806
5524.933333	37.199368	-100.532806
5525.000000	37.199368	-100.532806
5525.066667	37.199368	-100.532806
5525.133333	37.199368	-100.532806
5525.200000	37.199368	-100.532806
5525.266667	37.199368	-100.532806
5525.333333	37.199368	-100.532806
5525.400000	37.199368	-100.532806
5525.466667	37.199368	-100.532806
5525.533333	37.199368	-100.532806
5525.600000	37.199368	-100.532806
5525.666667	37.199368	-100.532806
5525.733333	37.199368	-100.532806
5525.800000	37.199368	-100.532806
5525.866667	37.199368	-100.532806
5525.933333	37.199368	-100.532806
5526.000000	37.199368	-100.532806
5526.066667	37.199368	-100.532806
5526.133333	37.199368	-100.532806
5526.200000	37.199368	-100.532806
5526.266667	37.199368	-100.532806
5526.333333	37.199368	-100.532806
5526.400000	37.199368	-100.532806
5526.466667	37.199368	-100.532806
5526.533333	37.199368	-100.532806
5526.600000	37.199368	-100.532806
5526.666667	37.199368	-100.532806
5526.733333	37.199368	-100.532806
5526.800000	37.199368	-100.532806
5526.866667	37.199368	-100.532806
5526.933333	37.199368	-100.532806
5527.000000	37.199368	-100.532806
5527.066667	37.199368	-100.532806
5527.133333	37.199368	-100.532806
5527.200000	37.199368	-100.532806
5527.266667	37.199368	-100.532806
5527.333333	37.199368	-100.532806
5527.400000	37.199368	-100.532806
5527.466667	37.199368	-100.532806
5527.533333	37.199368	-100.532806
5527.600000	37.199368	-100.532806
5527.666667	37.199368	-100.532806
5527.733333	37.199368	-100.532806
5527.800000	37.199368	-100.532806
5527.866667	37.199368	-100.532806
5527.933333	37.199368	-100.532806
5528.000000	37.199368	-100.532806
5528.066667	37.199368	-100.532806
5528.133333	37.199368	-100.532806
5528.200000	37.199368	-100.532806
5528.266667	37.199368	-100.532806
5528.333333	37.199368	-100.532806
5528.400000	37.199368	-100.532806
5528.466667	37.199368	-100.532806
5528.533333	37.199368	-100.532806
5528.600000	37.199368	-100.532806
5528.666667	37.199368	-100.532806
5528.733333	37.199368	-100.532806
5528.800000	37.199368	-100.532806
5528.866667	37.199368	-100.532806
5528.933333	37.199368	-100.532806
5529.000000	37.199368	-100.532806
5529.066667	37.199368	-100.532806
5529.133333	37.199368	-100.532806
5529.200000	37.199368	-100.532806
5529.266667	37.199368	-100.532806
5529.333333	37.199368	-100.532806
5529.400000	37.199368	-100.532806
5529.466667	37.199368	-100.532806
5529.533333	37.199368	-100.532806
5529.600000	37.199368	-100.532806
5529.666667	37.199368	-100.532806
5529.733333	37.199368	-100.532806
5529.800000	37.199368	-100.532806
5529.866667	37.199368	-100.532806
5529.933333	37.199368	-100.532806
5530.000000	37.199368	-100.532806
5530.066667	37.199368	-100.532806
5530.133333	37.199368	-100.532806
5530.200000	37.199368	-100.532806
5530.266667	37.199368	-100.532806
5530.333333	37.199368	-100.532806
5530.400000	37.199368	-100.532806
5530.466667	37.199368	-100.532806
5530.533333	37.199368	-100.532806
5530.600000	37.199368	-100.532806
5530.666667	37.199368	-100.532806
5530.733333	37.199368	-100.532806
5530.800000	37.199368	-100.532806
5530.866667	37.199368	-100.532806
5530.933333	37.199368	-100.532806
5531.000000	37.199368	-100.532806
5531.066667	37.199368	-100.532806
5531.133333	37.199368	-100.532806
5531.200000	37.199368	-100.532806
5531.266667	37.199368	-100.532806
5531.333333	37.199368	-100.532806
5531.400000	37.199368	-100.532806
5531.466667	37.199368	-100.532806
5531.533333	37.199368	-100.532806
5531.600000	37.199368	-100.532806
5531.666667	37.199368	-100.532806
5531.733333	37.199368	-100.532806
5531.800000	37.199368	-100.532806
5531.866667	37.199368	-100.532806
5531.933333	37.199368	-100.532806
5532.000000	37.199368	-100.532806
5532.066667	37.199368	-100.532806
5532.133333	37.199368	-100.532806
5532.200000	37.199368	-100.532806
5532.266667	37.199368	-100.532806
5532.333333	37.199368	-100.532806
5532.400000	37.199368	-100.532806
5532.466667	37.199368	-100.532806
5532.533333	37.199368	-100.532806
5532.600000	37.199368	-100.532806
5532.666667	37.199368	-100.532806
5532.733333	37.199368	-100.532806
5532.800000	37.199368	-100.532806
5532.866667	37.199368	-100.532806
5532.933333	37.199368	-100.532806
5533.000000	37.199368	-100.532806
5533.066667	37.199368	-100.532806
5533.133333	37.199368	-100.532806
5533.200000	37.199368	-100.532806
5533.266667	37.199368	-100.532806
5533.333333	37.199368	-100.532806
5533.400000	37.199368	-100.532806
5533.466667	37.199368	-100.532806
5533.533333	37.199368	-100.532806
5533.600000	37.199368	-100.532806
5533.666667	37.199368	-100.532806
5533.733333	37.199368	-100.532806
5533.800000	37.199368	-100.532806
5533.866667	37.199368	-100.532806
5533.933333	37.199368	-100.532806
5534.000000	37.199368	-100.532806
5534.066667	37.199368	-100.532806
5534.133333	37.199368	-100.532806
5534.200000	37.199368	-100.532806
5534.266667	37.199368	-100.532806
5534.333333	37.199368	-100.532806
5534.400000	37.199368	-100.532806
5534.466667	37.199368	-100.532806
5534.533333	37.199368	-100.532806
5534.600000	37.199368	-100.532806
5534.666667	37.199368	-100.532806
5534.733333	37.199368	-100.532806
5534.800000	37.199368	-100.532806
5534.866667	37.199368	-100.532806
5534.933333	37.199368	-100.532806
5535.000000	37.199368	-100.532806
5535.066667	37.199368	-100.532806
5535.133333	37.199368	-100.532806
5535.200000	37.199368	-100.532806
5535.266667	37.199368	-100.532806
5535.333333	37.199368	-100.532806
5535.400000	37.199368	-100.532806
5535.466667	37.199368	-100.532806
5535.533333	37.199368	-100.532806
5535.600000	37.199368	-100.532806
5535.666667	37.199368	-100.532806
5535.733333	37.199368	-100.532806
5535.800000	37.199368	-100.532806
5535.866667	37.199368	-100.532806
5535.933333	37.199368	-100.532806
5536.000000	37.199368	-100.532806
5536.066667	37.199368	-100.532806
5536.133333	37.199368	-100.532806
5536.200000	37.199368	-100.532806
5536.266667	37.199368	-100.532806
5536.333333	37.199368	-100.532806
5536.400000	37.199368	-100.532806
5536.466667	37.199368	-100.532806
5536.533333	37.199368	-100.532806
5536.600000	37.199368	-100.532806
5536.666667	37.199368	-100.532806
5536.733333	37.199368	-100.532806
5536.800000	37.199368	-100.532806
5536.866667	37.199368	-100.532806
5536.933333	37.199368	-100.532806
5537.000000	37.199368	-100.532806
5537.066667	37.199368	-100.532806
5537.133333	37.199368	-100.532806
5537.200000	37.199368	-100.532806
5537.266667	37.199368	-100.532806
5537.333333	37.199368	-100.532806
5537.400000	37.199368	-100.532806
5537.466667	37.199368	-100.532806
5537.533333	37.199368	-100.532806
5537.600000	37.199368	-100.532806
5537.666667	37.199368	-100.532806
5537.733333	37.199368	-100.532806
5537.800000	37.199368	-100.532806
5537.866667	37.199368	-100.532806
5537.933333	37.199368	-100.532806
5538.000000	37.199368	-100.532806
5538.066667	37.199368	-100.532806
5538.133333	37.199368	-100.532806
5538.200000	37.199368	-100.532806
5538.266667	37.199368	-100.532806
5538.333333	37.199368	-100.532806
5538.400000	37.199368	-100.532806
5538.466667	37.199368	-100.532806
5538.533333	37.199368	-100.532806
5538.600000	37.199368	-100.532806
5538.666667	37.199368	-100.532806
5538.733333	37.199368	-100.532806
5538.800000	37.199368	-100.532806
5538.866667	37.199368	-100.532806
5538.933333	37.199368	-100.532806
5539.000000	37.199368	-100.532806
5539.066667	37.199368	-100.532806
5539.133333	37.199368	-100.532806
5539.200000	37.199368	-100.532806
5539.266667	37.199368	-100.532806
5539.333333	37.199368	-100.532806
5539.400000	37.199368	-100.532806
5539.466667	37.199368	-100.532806
5539.533333	37.199368	-100.532806
5539.600000	37.199368	-100.532806
5539.666667	37.199368	-100.532806
5539.733333	37.199368	-100.532806
5539.800000	37.199368	-100.532806
5539.866667	37.199368	-100.532806
5539.933333	37.199368	-100.532806
5540.000000	37.199368	-100.532806
5540.066667	37.199368	-100.532806
5540.133333	37.199368	-100.532806
5540.200000	37.199368	-100.532806
5540.266667	37.199368	-100.532806
5540.333333	37.199368	-100.532806
5540.400000	37.199368	-100.532806
5540.466667	37.199368	-100.532806
5540.533333	37.199368	-100.532806
5540.600000	37.199368	-100.532806
5540.666667	37.199368	-100.532806
5540.733333	37.199368	-100.532806
5540.800000	37.199368	-100.532806
5540.866667	37.199368	-100.532806
5540.933333	37.199368	-100.532806
5541.000000	37.199368	-100.532806
5541.066667	37.199368	-100.532806
5541.133333	37.199368	-100.532806
5541.200000	37.199368	-100.532806
5541.266667	37.199368	-100.532806
5541.333333	37.199368	-100.532806
5541.400000	37.199368	-100.532806
5541.466667	37.199368	-100.532806
5541.533333	37.199368	-100.532806
5541.600000	37.199368	-100.532806
5541.666667	37.199368	-100.532806
5541.733333	37.199368	-100.532806
5541.800000	37.199368	-100.532806
5541.866667	37.199368	-100.532806
5541.933333	37.199368	-100.532806
5542.000000	37.199368	-100.532806
5542.066667	37.199368	-100.532806
5542.133333	37.199368	-100.532806
5542.200000	37.199368	-100.532806
5542.266667	37.199368	-100.532806
5542.333333	37.199368	-100.532806
5542.400000	37.199368	-100.532806
5542.466667	37.199368	-100.532806
5542.533333	37.199368	-100.532806
5542.600000	37.199368	-100.532806
5542.666667	37.199368	-100.532806
5542.733333	37.199368	-100.532806
5542.800000	37.199368	-100.532806
5542.866667	37.199368	-100.532806
5542.933333	37.199368	-100.532806
5543.000000	37.199368	-100.532806
5543.066667	37.199368	-100.532806
5543.133333	37.199368	-100.532806
5543.200000	37.199368	-100.532806
5543.266667	37.199368	-100.532806
5543.333333	37.199368	-100.532806
5543.400000	37.199368	-100.532806
5543.466667	37.199368	-100.532806
5543.533333	37.199368	-100.532806
5543.600000	37.199368	-100.532806
5543.666667	37.199368	-100.532806
5543.733333	37.199368	-100.532806
5543.800000	37.199368	-100.532806
5543.866667	37.199368	-100.532806
5543.933333	37.199368	-100.532806
5544.000000	37.199368	-100.532806
5544.066667	37.199368	-100.532806
5544.133333	37.199368	-100.532806
5544.200000	37.199368	-100.532806
5544.266667	37.199368	-100.532806
5544.333333	37.199368	-100.532806
5544.400000	37.199368	-100.532806
5544.466667	37.199368	-100.532806
5544.533333	37.199368	-100.532806
5544.600000	37.199368	-100.532806
5544.666667	37.199368	-100.532806
5544.733333	37.199368	-100.532806
5544.800000	37.199368	-100.532806
5544.866667	37.199368	-100.532806
5544.933333	37.199368	-100.532806
5545.000000	37.199368	-100.532806
5545.066667	37.199368	-100.532806
5545.133333	37.199368	-100.532806
5545.200000	37.199368	-100.532806
5545.266667	37.199368	-100.532806
5545.333333	37.199368	-100.532806
5545.400000	37.199368	-100.532806
5545.466667	37.199368	-100.532806
5545.533333	37.199368	-100.532806
5545.600000	37.199368	-100.532806
5545.666667	37.199368	-100.532806
5545.733333	37.199368	-100.532806
5545.800000	37.199368	-100.532806
5545.866667	37.199368	-100.532806
5545.933333	37.199368	-100.532806
5546.000000	37.199368	-100.532806
5546.066667	37.199368	-100.532806
5546.133333	37.199368	-100.532806
5546.200000	37.199368	-100.532806
5546.266667	37.199368	-100.532806
5546.333333	37.199368	-100.532806
5546.400000	37.199368	-100.532806
5546.466667	37.199368	-100.532806
5546.533333	37.199368	-100.532806
5546.600000	37.199368	-100.532806
5546.666667	37.199368	-100.532806
5546.733333	37.199368	-100.532806
5546.800000	37.199368	-100.532806
5546.866667	37.199368	-100.532806
5546.933333	37.199368	-100.532806
5547.000000	37.199368	-100.532806
5547.066667	37.199368	-100.532806
5547.133333	37.199368	-100.532806
5547.200000	37.199368	-100.532806
5547.266667	37.199368	-100.532806
5547.333333	37.199368	-100.532806
5547.400000	37.199368	-100.532806
5547.466667	37.199368	-100.532806
5547.533333	37.199368	-100.532806
5547.600000	37.199368	-100.532806
5547.666667	37.199368	-100.532806
5547.733333	37.199368	-100.532806
5547.800000	37.199368	-100.532806
5547.866667	37.199368	-100.532806
5547.933333	37.199368	-100.532806
5548.000000	37.199368	-100.532806
5548.066667	37.199368	-100.532806
5548.133333	37.199368	-100.532806
5548.200000	37.199368	-100.532806
5548.266667	37.199368	-100.532806
5548.333333	37.199368	-100.532806
5548.400000	37.199368	-100.532806
5548.466667	37.199368	-100.532806
5548.533333	37.199368	-100.532806
5548.600000	37.199368	-100.532806
5548.666667	37.199368	-100.532806
5548.733333	37.199368	-100.532806
5548.800000	37.199368	-100.532806
5548.866667	37.199368	-100.532806
5548.933333	37.199368	-100.532806
5549.000000	37.199368	-100.532806
5549.066667	37.199368	-100.532806
5549.133333	37.199368	-100.532806
5549.200000	37.199368	-100.532806
5549.266667	37.199368	-100.532806
5549.333333	37.199368	-100.532806
5549.400000	37.199368	-100.532806
5549.466667	37.199368	-100.532806
5549.533333	37.199368	-100.532806
5549.600000	37.199368	-100.532806
5549.666667	37.199368	-100.532806
5549.733333	37.199368	-100.532806
5549.800000	37.199368	-100.532806
5549.866667	37.199368	-100.532806
5549.933333	37.199368	-100.532806
5550.000000	37.199368	-100.532806
5550.066667	37.199368	-100.532806
5550.133333	37.199368	-100.532806
5550.200000	37.199368	-100.532806
5550.266667	37.199368	-100.532806
5550.333333	37.199368	-100.532806
5550.400000	37.199368	-100.532806
5550.466667	37.199368	-100.532806
5550.533333	37.199368	-100.532806
5550.600000	37.199368	-100.532806
5550.666667	37.199368	-100.532806
5550.733333	37.199368	-100.532806
5550.800000	37.199368	-100.532806
5550.866667	37.199368	-100.532806
5550.933333	37.199368	-100.532806
5551.000000	37.199368	-100.532806
5551.066667	37.199368	-100.532806
5551.133333	37.199368	-100.532806
5551.200000	37.199368	-100.532806
5551.266667	37.199368	-100.532806
5551.333333	37.199368	-100.532806
5551.400000	37.199368	-100.532806
5551.466667	37.199368	-100.532806
5551.533333	37.199368	-100.532806
5551.600000	37.199368	-100.532806
5551.666667	37.199368	-100.532806
5551.733333	37.199368	-100.532806
5551.800000	37.199368	-100.532806
5551.866667	37.199368	-100.532806
5551.933333	37.199368	-100.532806
5552.000000	37.199368	-100.532806
5552.066667	37.199368	-100.532806
5552.133333	37.199368	-100.532806
5552.200000	37.199368	-100.532806
5552.266667	37.199368	-100.532806
5552.333333	37.199368	-100.532806
5552.400000	37.199368	-100.532806
5552.466667	37.199368	-100.532806
5552.533333	37.199368	-100.532806
5552.600000	37.199368	-100.532806
5552.666667	37.199368	-100.532806
5552.733333	37.199368	-100.532806
5552.800000	37.199368	-100.532806
5552.866667	37.199368	-100.532806
5552.933333	37.199368	-100.532806
5553.000000	37.199368	-100.532806
5553.066667	37.199368	-100.532806
5553.133333	37.199368	-100.532806
5553.200000	37.199368	-100.532806
5553.266667	37.199368	-100.532806
5553.333333	37.199368	-100.532806
5553.400000	37.199368	-100.532806
5553.466667	37.199368	-100.532806
5553.533333	37.199368	-100.532806
5553.600000	37.199368	-100.532806
5553.666667	37.199368	-100.532806
5553.733333	37.199368	-100.532806
5553.800000	37.199368	-100.532806
5553.866667	37.199368	-100.532806
5553.933333	37.199368	-100.532806
5554.000000	37.199368	-100.532806
5554.066667	37.199368	-100.532806
5554.133333	37.199368	-100.532806
5554.200000	37.199368	-100.532806
5554.266667	37.199368	-100.532806
5554.333333	37.199368	-100.532806
5554.400000	37.199368	-100.532806
5554.466667	37.199368	-100.532806
5554.533333	37.199368	-100.532806
5554.600000	37.199368	-100.532806
5554.666667	37.199368	-100.532806
5554.733333	37.199368	-100.532806
5554.800000	37.199368	-100.532806
5554.866667	37.199368	-100.532806
5554.933333	37.199368	-100.532806
5555.000000	37.199368	-100.532806
5555.066667	37.199368	-100.532806
5555.133333	37.199368	-100.532806
5555.200000	37.199368	-100.532806
5555.266667	37.199368	-100.532806
5555.333333	37.199368	-100.532806
5555.400000	37.199368	-100.532806
5555.466667	37.199368	-100.532806
5555.533333	37.199368	-100.532806
5555.600000	37.199368	-100.532806
5555.666667	37.199368	-100.532806
5555.733333	37.199368	-100.532806
5555.800000	37.199368	-100.532806
5555.866667	37.199368	-100.532806
5555.933333	37.199368	-100.532806
5556.000000	37.199368	-100.532806
5556.066667	37.199368	-100.532806
5556.133333	37.199368	-100.532806
5556.200000	37.199368	-100.532806
5556.266667	37.199368	-100.532806
5556.333333	37.199368	-100.532806
5556.400000	37.199368	-100.532806
5556.466667	37.199368	-100.532806
5556.533333	37.199368	-100.532806
5556.600000	37.199368	-100.532806
5556.666667	37.199368	-100.532806
5556.733333	37.199368	-100.532806
5556.800000	37.199368	-100.532806
5556.866667	37.199368	-100.532806
5556.933333	37.199368	-100.532806
5557.000000	37.199368	-100.532806
5557.066667	37.199368	-100.532806
5557.133333	37.199368	-100.532806
5557.200000	37.199368	-100.532806
5557.266667	37.199368	-100.532806
5557.333333	37.199368	-100.532806
5557.400000	37.199368	-100.532806
5557.466667	37.199368	-100.532806
5557.533333	37.199368	-100.532806
5557.600000	37.199368	-100.532806
5557.666667	37.199368	-100.532806
5557.733333	37.199368	-100.532806
5557.800000	37.199368	-100.532806
5557.866667	37.199368	-100.532806
5557.933333	37.199368	-100.532806
5558.000000	37.199368	-100.532806
5558.066667	37.199368	-100.532806
5558.133333	37.199368	-100.532806
5558.200000	37.199368	-100.532806
5558.266667	37.199368	-100.532806
5558.333333	37.199368	-100.532806
5558.400000	37.199368	-100.532806
5558.466667	37.199368	-100.532806
5558.533333	37.199368	-100.532806
5558.600000	37.199368	-100.532806
5558.666667	37.199368	-100.532806
5558.733333	37.199368	-100.532806
5558.800000	37.199368	-100.532806
5558.866667	37.199368	-100.532806
5558.933333	37.199368	-100.532806
5559.000000	37.199368	-100.532806
5559.066667	37.199368	-100.532806
5559.133333	37.199368	-100.532806
5559.200000	37.199368	-100.532806
5559.266667	37.199368	-100.532806
5559.333333	37.199368	-100.532806
5559.400000	37.199368	-100.532806
5559.466667	37.199368	-100.532806
5559.533333	37.199368	-100.532806
5559.600000	37.199368	-100.532806
5559.666667	37.199368	-100.532806
5559.733333	37.199368	-100.532806
5559.800000	37.199368	-100.532806
5559.866667	37.199368	-100.532806
5559.933333	37.199368	-100.532806
5560.000000	37.199368	-100.532806
5560.066667	37.199368	-100.532806
5560.133333	37.199368	-100.532806
5560.200000	37.199368	-100.532806
5560.266667	37.199368	-100.532806
5560.333333	37.199368	-100.532806
5560.400000	37.199368	-100.532806
5560.466667	37.199368	-100.532806
5560.533333	37.199368	-100.532806
5560.600000	37.199368	-100.532806
5560.666667	37.199368	-100.532806
5560.733333	37.199368	-100.532806
5560.800000	37.199368	-100.532806
5560.866667	37.199368	-100.532806
5560.933333	37.199368	-100.532806
5561.000000	37.199368	-100.532806
5561.066667	37.199368	-100.532806
5561.133333	37.199368	-100.532806
5561.200000	37.199368	-100.532806
5561.266667	37.199368	-100.532806
5561.333333	37.199368	-100.532806
5561.400000	37.199368	-100.532806
5561.466667	37.199368	-100.532806
5561.533333	37.199368	-100.532806
5561.600000	37.199368	-100.532806
5561.666667	37.199368	-100.532806
5561.733333	37.199368	-100.532806
5561.800000	37.199368	-100.532806
5561.866667	37.199368	-100.532806
5561.933333	37.199368	-100.532806
5562.000000	37.199368	-100.532806
5562.066667	37.199368	-100.532806
5562.133333	37.199368	-100.532806
5562.200000	37.199368	-100.532806
5562.266667	37.199368	-100.532806
5562.333333	37.199368	-100.532806
5562.400000	37.199368	-100.532806
5562.466667	37.199368	-100.532806
5562.533333	37.199368	-100.532806
5562.600000	37.199368	-100.532806
5562.666667	37.199368	-100.532806
5562.733333	37.199368	-100.532806
5562.800000	37.199368	-100.532806
5562.866667	37.199368	-100.532806
5562.933333	37.199368	-100.532806
5563.000000	37.199368	-100.532806
5563.066667	37.199368	-100.532806
5563.133333	37.199368	-100.532806
5563.200000	37.199368	-100.532806
5563.266667	37.199368	-100.532806
5563.333333	37.199368	-100.532806
5563.400000	37.199368	-100.532806
5563.466667	37.199368	-100.532806
5563.533333	37.199368	-100.532806
5563.600000	37.199368	-100.532806
5563.666667	37.199368	-100.532806
5563.733333	37.199368	-100.532806
5563.800000	37.199368	-100.532806
5563.866667	37.199368	-100.532806
5563.933333	37.199368	-100.532806
5564.000000	37.199368	-100.532806
5564.066667	37.199368	-100.532806
5564.133333	37.199368	-100.532806
5564.200000	37.199368	-100.532806
5564.266667	37.199368	-100.532806
5564.333333	37.199368	-100.532806
5564.400000	37.199368	-100.532806
5564.466667	37.199368	-100.532806
5564.533333	37.199368	-100.532806
5564.600000	37.199368	-100.532806
5564.666667	37.199368	-100.532806
5564.733333	37.199368	-100.532806
5564.800000	37.199368	-100.532806
5564.866667	37.199368	-100.532806
5564.933333	37.199368	-100.532806
5565.000000	37.199368	-100.532806
5565.066667	37.199368	-100.532806
5565.133333	37.199368	-100.532806
5565.200000	37.199368	-100.532806
5565.266667	37.199368	-100.532806
5565.333333	37.199368	-100.532806
5565.400000	37.199368	-100.532806
5565.466667	37.199368	-100.532806
5565.533333	37.199368	-100.532806
5565.600000	37.199368	-100.532806
5565.666667	37.199368	-100.532806
5565.733333	37.199368	-100.532806
5565.800000	37.199368	-100.532806
5565.866667	37.199368	-100.532806
5565.933333	37.199368	-100.532806
5566.000000	37.199368	-100.532806
5566.066667	37.199368	-100.532806
5566.133333	37.199368	-100.532806
5566.200000	37.199368	-100.532806
5566.266667	37.199368	-100.532806
5566.333333	37.199368	-100.532806
5566.400000	37.199368	-100.532806
5566.466667	37.199368	-100.532806
5566.533333	37.199368	-100.532806
5566.600000	37.199368	-100.532806
5566.666667	37.199368	-100.532806
5566.733333	37.199368	-100.532806
5566.800000	37.199368	-100.532806
5566.866667	37.199368	-100.532806
5566.933333	37.199368	-100.532806
5567.000000	37.199368	-100.532806
5567.066667	37.199368	-100.532806
5567.133333	37.199368	-100.532806
5567.200000	37.199368	-100.532806
5567.266667	37.199368	-100.532806
5567.333333	37.199368	-100.532806
5567.400000	37.199368	-100.532806
5567.466667	37.199368	-100.532806
5567.533333	37.199368	-100.532806
5567.600000	37.199368	-100.532806
5567.666667	37.199368	-100.532806
5567.733333	37.199368	-100.532806
5567.800000	37.199368	-100.532806
5567.866667	37.199368	-100.532806
5567.933333	37.199368	-100.532806
5568.000000	37.199368	-100.532806
5568.066667	37.199368	-100.532806
5568.133333	37.199368	-100.532806
5568.200000	37.199368	-100.532806
5568.266667	37.199368	-100.532806
5568.333333	37.199368	-100.532806
5568.400000	37.199368	-100.532806
5568.466667	37.199368	-100.532806
5568.533333	37.199368	-100.532806
5568.600000	37.199368	-100.532806
5568.666667	37.199368	-100.532806
5568.733333	37.199368	-100.532806
5568.800000	37.199368	-100.532806
5568.866667	37.199368	-100.532806
5568.933333	37.199368	-100.532806
5569.000000	37.199368	-100.532806
5569.066667	37.199368	-100.532806
5569.133333	37.199368	-100.532806
5569.200000	37.199368	-100.532806
5569.266667	37.199368	-100.532806
5569.333333	37.199368	-100.532806
5569.400000	37.199368	-100.532806
5569.466667	37.199368	-100.532806
5569.533333	37.199368	-100.532806
5569.600000	37.199368	-100.532806
5569.666667	37.199368	-100.532806
5569.733333	37.199368	-100.532806
5569.800000	37.199368	-100.532806
5569.866667	37.199368	-100.532806
5569.933333	37.199368	-100.532806
5570.000000	37.199368	-100.532806
5570.066667	37.199368	-100.532806
5570.133333	37.199368	-100.532806
5570.200000	37.199368	-100.532806
5570.266667	37.199368	-100.532806
5570.333333	37.199368	-100.532806
5570.400000	37.199368	-100.532806
5570.466667	37.199368	-100.532806
5570.533333	37.199368	-100.532806
5570.600000	37.199368	-100.532806
5570.666667	37.199368	-100.532806
5570.733333	37.199368	-100.532806
5570.800000	37.199368	-100.532806
5570.866667	37.199368	-100.532806
5570.933333	37.199368	-100.532806
5571.000000	37.199368	-100.532806
5571.066667	37.199368	-100.532806
5571.133333	37.199368	-100.532806
5571.200000	37.199368	-100.532806
5571.266667	37.199368	-100.532806
5571.333333	37.199368	-100.532806
5571.400000	37.199368	-100.532806
5571.466667	37.199368	-100.532806
5571.533333	37.199368	-100.532806
5571.600000	37.199368	-100.532806
5571.666667	37.199368	-100.532806
5571.733333	37.199368	-100.532806
5571.800000	37.199368	-100.532806
5571.866667	37.199368	-100.532806
5571.933333	37.199368	-100.532806
5572.000000	37.199368	-100.532806
5572.066667	37.199368	-100.532806
5572.133333	37.199368	-100.532806
5572.200000	37.199368	-100.532806
5572.266667	37.199368	-100.532806
5572.333333	37.199368	-100.532806
5572.400000	37.199368	-100.532806
5572.466667	37.199368	-100.532806
5572.533333	37.199368	-100.532806
5572.600000	37.199368	-100.532806
5572.666667	37.199368	-100.532806
5572.733333	37.199368	-100.532806
5572.800000	37.199368	-100.532806
5572.866667	37.199368	-100.532806
5572.933333	37.199368	-100.532806
5573.000000	37.199368	-100.532806
5573.066667	37.199368	-100.532806
5573.133333	37.199368	-100.532806
5573.200000	37.199368	-100.532806
5573.266667	37.199368	-100.532806
5573.333333	37.199368	-100.532806
5573.400000	37.199368	-100.532806
5573.466667	37.199368	-100.532806
5573.533333	37.199368	-100.532806
5573.600000	37.199368	-100.532806
5573.666667	37.199368	-100.532806
5573.733333	37.199368	-100.532806
5573.800000	37.199368	-100.532806
5573.866667	37.199368	-100.532806
5573.933333	37.199368	-100.532806
5574.000000	37.199368	-100.532806
5574.066667	37.199368	-100.532806
5574.133333	37.199368	-100.532806
5574.200000	37.199368	-100.532806
5574.266667	37.199368	-100.532806
5574.333333	37.199368	-100.532806
5574.400000	37.199368	-100.532806
5574.466667	37.199368	-100.532806
5574.533333	37.199368	-100.532806
5574.600000	37.199368	-100.532806
5574.666667	37.199368	-100.532806
5574.733333	37.199368	-100.532806
5574.800000	37.199368	-100.532806
5574.866667	37.199368	-100.532806
5574.933333	37.199368	-100.532806
5575.000000	37.199368	-100.532806
5575.066667	37.199368	-100.532806
5575.133333	37.199368	-100.532806
5575.200000	37.199368	-100.532806
5575.266667	37.199368	-100.532806
5575.333333	37.199368	-100.532806
5575.400000	37.199368	-100.532806
5575.466667	37.199368	-100.532806
5575.533333	37.199368	-100.532806
5575.600000	37.199368	-100.532806
5575.666667	37.199368	-100.532806
5575.733333	37.199368	-100.532806
5575.800000	37.199368	-100.532806
5575.866667	37.199368	-100.532806
5575.933333	37.199368	-100.532806
5576.000000	37.199368	-100.532806
5576.066667	37.199368	-100.532806
5576.133333	37.199368	-100.532806
5576.200000	37.199368	-100.532806
5576.266667	37.199368	-100.532806
5576.333333	37.199368	-100.532806
5576.400000	37.199368	-100.532806
5576.466667	37.199368	-100.532806
5576.533333	37.199368	-100.532806
5576.600000	37.199368	-100.532806
5576.666667	37.199368	-100.532806
5576.733333	37.199368	-100.532806
5576.800000	37.199368	-100.532806
5576.866667	37.199368	-100.532806
5576.933333	37.199368	-100.532806
5577.000000	37.199368	-100.532806
5577.066667	37.199368	-100.532806
5577.133333	37.199368	-100.532806
5577.200000	37.199368	-100.532806
5577.266667	37.199368	-100.532806
5577.333333	37.199368	-100.532806
5577.400000	37.199368	-100.532806
5577.466667	37.199368	-100.532806
5577.533333	37.199368	-100.532806
5577.600000	37.199368	-100.532806
5577.666667	37.199368	-100.532806
5577.733333	37.199368	-100.532806
5577.800000	37.199368	-100.532806
5577.866667	37.199368	-100.532806
5577.933333	37.199368	-100.532806
5578.000000	37.199368	-100.532806
5578.066667	37.199368	-100.532806
5578.133333	37.199368	-100.532806
5578.200000	37.199368	-100.532806
5578.266667	37.199368	-100.532806
5578.333333	37.199368	-100.532806
5578.400000	37.199368	-100.532806
5578.466667	37.199368	-100.532806
5578.533333	37.199368	-100.532806
5578.600000	37.199368	-100.532806
5578.666667	37.199368	-100.532806
5578.733333	37.199368	-100.532806
5578.800000	37.199368	-100.532806
5578.866667	37.199368	-100.532806
5578.933333	37.199368	-100.532806
5579.000000	37.199368	-100.532806
5579.066667	37.199368	-100.532806
5579.133333	37.199368	-100.532806
5579.200000	37.199368	-100.532806
5579.266667	37.199368	-100.532806
5579.333333	37.199368	-100.532806
5579.400000	37.199368	-100.532806
5579.466667	37.199368	-100.532806
5579.533333	37.199368	-100.532806
5579.600000	37.199368	-100.532806
5579.666667	37.199368	-100.532806
5579.733333	37.199368	-100.532806
5579.800000	37.199368	-100.532806
5579.866667	37.199368	-100.532806
5579.933333	37.199368	-100.532806
5580.000000	37.199368	-100.532806
