780.066667	-131.456604	-20.345341
780.133333	-131.314423	-19.781672
780.200000	-131.235474	-19.407043
780.266667	-131.232452	-18.951759
780.333333	-131.260666	-18.345858
780.400000	-131.266449	-17.691282
780.466667	-131.264771	-17.270643
780.533333	-131.405945	-16.914238
780.600000	-131.504913	-16.698666
780.666667	-131.631668	-16.442596
780.733333	-131.772781	-16.220619
780.800000	-132.029388	-16.192808
780.866667	-132.122971	-16.352018
780.933333	-132.218231	-16.524420
781.000000	-132.304871	-16.891737
781.066667	-132.340500	-17.371418
781.133333	-132.315109	-17.700298
781.200000	-132.330933	-18.161863
781.266667	-132.275970	-18.687017
781.333333	-132.220200	-19.447586
781.400000	-132.199615	-19.994877
781.466667	-132.092407	-20.418329
781.533333	-131.882370	-20.869900
781.600000	-131.724487	-21.252775
781.666667	-131.561142	-21.616528
781.733333	-131.462677	-21.792229
781.800000	-131.393539	-21.909843
781.866667	-131.340286	-21.850527
781.933333	-131.299789	-21.763901
782.000000	-131.332794	-21.545866
782.066667	-131.344391	-21.183563
782.133333	-131.384171	-20.572916
782.200000	-131.422333	-20.071234
782.266667	-131.416656	-19.556938
782.333333	-131.489136	-19.089031
782.400000	-131.583435	-18.553448
782.466667	-131.674545	-17.947205
782.533333	-131.678146	-17.469549
782.600000	-131.677155	-17.050138
782.666667	-131.666580	-16.694002
782.733333	-131.681656	-16.508841
782.800000	-131.645081	-16.362856
782.866667	-131.673523	-16.293617
782.933333	-131.686722	-16.358690
783.000000	-131.631592	-16.604544
783.066667	-131.597397	-16.827545
783.133333	-131.572556	-17.124565
783.200000	-131.631012	-17.613848
783.266667	-131.747406	-18.123756
783.333333	-131.756424	-18.593712
783.400000	-131.730545	-19.116405
783.466667	-131.895737	-19.779755
783.533333	-132.042496	-20.253195
783.600000	-132.034058	-20.733755
783.666667	-132.103500	-21.025339
783.733333	-132.068695	-21.288588
783.800000	-132.062164	-21.570255
783.866667	-132.069382	-21.789221
783.933333	-132.044266	-21.821457
784.000000	-132.021194	-21.763000
784.066667	-131.960907	-21.459898
784.133333	-131.867462	-21.165407
784.200000	-131.798965	-20.793743
784.266667	-131.726837	-20.333368
784.333333	-131.550018	-19.795345
784.400000	-131.390305	-19.361879
784.466667	-131.336304	-18.856379
784.533333	-131.260834	-18.312366
784.600000	-131.122070	-17.618263
784.666667	-131.099319	-17.292645
784.733333	-131.140457	-16.909395
784.800000	-131.199646	-16.696161
784.866667	-131.263565	-16.520510
784.933333	-131.335617	-16.455395
785.000000	-131.473495	-16.447292
785.066667	-131.572281	-16.518414
785.133333	-131.718323	-16.643978
785.200000	-131.879974	-16.978546
785.266667	-132.081329	-17.446587
785.333333	-132.136719	-17.840160
785.400000	-132.253723	-18.253864
785.466667	-132.315125	-18.820105
785.533333	-132.320175	-19.605471
785.600000	-132.337311	-20.018600
785.666667	-132.288010	-20.505062
785.733333	-132.257568	-20.908464
785.800000	-132.177811	-21.243263
785.866667	-132.064163	-21.576944
785.933333	-131.998825	-21.830448
786.000000	-131.930054	-21.958725
786.066667	-131.862427	-21.931684
786.133333	-131.804855	-21.703922
786.200000	-131.767365	-21.413811
786.266667	-131.804749	-21.068508
786.333333	-131.838013	-20.661850
786.400000	-131.804764	-20.101688
786.466667	-131.705322	-19.559752
786.533333	-131.805344	-18.982750
786.600000	-131.893356	-18.468946
786.666667	-131.882507	-17.982161
786.733333	-131.975723	-17.533834
786.800000	-131.996140	-17.089937
786.866667	-131.912292	-16.739138
786.933333	-131.902054	-16.449276
787.000000	-131.871140	-16.345467
787.066667	-131.846405	-16.329252
787.133333	-131.795883	-16.425133
787.200000	-131.726593	-16.637739
787.266667	-131.671585	-16.868853
787.333333	-131.688614	-17.289289
787.400000	-131.738922	-17.768208
787.466667	-131.758987	-18.262495
787.533333	-131.752914	-18.683352
787.600000	-131.760162	-19.377035
787.666667	-131.946991	-19.981735
787.733333	-132.118271	-20.420778
787.800000	-132.190979	-20.853443
787.866667	-132.271973	-21.069092
787.933333	-132.376755	-21.417810
788.000000	-132.523148	-21.817488
788.066667	-132.650345	-21.945042
788.133333	-132.763367	-21.876726
788.200000	-132.787384	-21.742048
788.266667	-132.794098	-21.433111
788.333333	-132.739258	-21.014338
788.400000	-132.709839	-20.811001
788.466667	-132.640350	-20.374411
788.533333	-132.541000	-19.893364
788.600000	-132.434464	-19.296782
788.666667	-132.328278	-18.695583
788.733333	-132.226196	-18.235891
788.800000	-132.107239	-17.770720
788.866667	-132.037079	-17.380268
788.933333	-131.895752	-16.976263
789.000000	-131.776764	-16.696436
789.066667	-131.781708	-16.525478
789.133333	-131.805954	-16.474497
789.200000	-131.823151	-16.478771
789.266667	-131.913208	-16.626352
789.333333	-132.060669	-16.809734
789.400000	-132.197403	-17.285847
789.466667	-132.250336	-17.671207
789.533333	-132.370941	-18.077635
789.600000	-132.486801	-18.474987
789.666667	-132.598404	-19.096319
789.733333	-132.674988	-19.691645
789.800000	-132.676941	-20.232975
789.866667	-132.714355	-20.710281
789.933333	-132.782990	-20.985714
790.000000	-132.856430	-21.411234
790.066667	-132.846802	-21.708981
790.133333	-132.868820	-21.972094
790.200000	-132.846848	-22.015490
790.266667	-132.847839	-21.948654
790.333333	-132.832230	-21.713402
790.400000	-132.805099	-21.382002
790.466667	-132.798203	-20.982952
790.533333	-132.788055	-20.597130
790.600000	-132.809402	-20.198584
790.666667	-132.936050	-19.603878
790.733333	-132.989670	-18.986021
790.800000	-133.015717	-18.453394
790.866667	-133.044968	-17.954981
790.933333	-133.106369	-17.502001
791.000000	-133.152496	-17.087873
791.066667	-133.177643	-16.777342
791.133333	-133.154892	-16.576406
791.200000	-133.119186	-16.514496
791.266667	-133.054337	-16.410797
791.333333	-132.983917	-16.590631
791.400000	-132.940659	-16.760504
791.466667	-132.829132	-17.107798
791.533333	-132.720139	-17.528938
791.600000	-132.636368	-17.931154
791.666667	-132.586945	-18.369888
791.733333	-132.581512	-18.871704
791.800000	-132.540070	-19.620613
791.866667	-132.568649	-20.158098
791.933333	-132.629593	-20.663954
792.000000	-132.749237	-20.940592
792.066667	-132.898010	-21.392616
792.133333	-133.077682	-21.746864
792.200000	-133.211365	-21.947926
792.266667	-133.418488	-21.983932
792.333333	-133.567551	-21.992739
792.400000	-133.695999	-21.860765
792.466667	-133.843063	-21.550209
792.533333	-133.920547	-21.349176
792.600000	-133.966888	-20.805677
792.666667	-134.043243	-20.234192
792.733333	-134.001511	-19.802824
792.800000	-133.982422	-19.317303
792.866667	-133.969864	-18.745804
792.933333	-133.836060	-18.248774
793.000000	-133.797501	-17.766453
793.066667	-133.617203	-17.265526
793.133333	-133.571060	-16.976715
793.200000	-133.516525	-16.705702
793.266667	-133.506699	-16.620874
793.333333	-133.464951	-16.539413
793.400000	-133.448257	-16.581320
793.466667	-133.412277	-16.733591
793.533333	-133.431686	-16.931046
793.600000	-133.432480	-17.302105
793.666667	-133.463165	-17.620653
793.733333	-133.560181	-18.287945
793.800000	-133.671646	-18.759989
793.866667	-133.724869	-19.360531
793.933333	-133.723221	-19.817072
794.000000	-133.778519	-20.324820
794.066667	-133.874374	-20.900339
794.133333	-133.921021	-21.387478
794.200000	-133.921936	-21.691429
794.266667	-133.985489	-22.022621
794.333333	-133.986191	-22.135864
794.400000	-134.002426	-22.161070
794.466667	-133.985977	-22.107296
794.533333	-133.962982	-21.818150
794.600000	-134.051773	-21.600063
794.666667	-134.119370	-21.232523
794.733333	-134.118500	-20.628115
794.800000	-134.239792	-20.100983
794.866667	-134.274963	-19.619604
794.933333	-134.384109	-19.055887
795.000000	-134.526108	-18.487364
795.066667	-134.652222	-18.037510
795.133333	-134.710892	-17.576876
795.200000	-134.786301	-17.250725
795.266667	-134.852493	-16.854790
795.333333	-134.890366	-16.693172
795.400000	-134.872955	-16.547190
795.466667	-134.885071	-16.567856
795.533333	-134.849091	-16.684086
795.600000	-134.803345	-16.879601
795.666667	-134.713654	-17.240635
795.733333	-134.629837	-17.554922
795.800000	-134.574799	-18.088614
795.866667	-134.476013	-18.597895
795.933333	-134.328766	-19.164053
796.000000	-134.242920	-19.759136
796.066667	-134.162781	-20.252178
796.133333	-134.130127	-20.869337
796.200000	-134.149185	-21.280430
796.266667	-134.153122	-21.734941
796.333333	-134.226608	-22.018667
796.400000	-134.372543	-22.187967
796.466667	-134.372543	-22.187967
796.533333	-134.537811	-22.166973
796.600000	-134.791306	-22.006418
796.666667	-134.920639	-21.574083
796.733333	-135.045883	-21.195229
796.800000	-135.324585	-20.364561
796.866667	-135.324585	-20.364561
796.933333	-135.443298	-19.891113
797.000000	-135.519852	-19.331730
797.066667	-135.564819	-18.695982
797.133333	-135.543259	-18.266214
797.200000	-135.477890	-17.343512
797.266667	-135.477890	-17.343512
797.333333	-135.399246	-17.009777
797.400000	-135.387680	-16.787996
797.466667	-135.358810	-16.640564
797.533333	-135.332825	-16.597641
797.600000	-135.261734	-16.855919
797.666667	-135.264481	-17.103252
797.733333	-135.264481	-17.103252
797.800000	-135.270950	-17.445051
797.866667	-135.295364	-17.924578
797.933333	-135.339493	-18.338129
798.000000	-135.446991	-19.428545
798.066667	-135.556244	-20.015751
798.133333	-135.556244	-20.015751
798.200000	-135.617813	-20.640995
798.266667	-135.672470	-21.057228
798.333333	-135.691711	-21.503902
798.400000	-135.674194	-21.967558
798.466667	-135.653397	-22.158476
798.533333	-135.653397	-22.158476
798.600000	-135.606018	-22.233006
798.666667	-135.580078	-22.112913
798.733333	-135.538971	-21.817003
798.800000	-135.528976	-21.254011
798.866667	-135.533356	-20.793324
798.933333	-135.573624	-20.226604
799.000000	-135.573624	-20.226604
799.066667	-135.638580	-19.734032
799.133333	-135.728210	-19.114210
799.200000	-135.927795	-18.092701
799.266667	-136.015793	-17.580835
799.333333	-136.285278	-17.364567
799.400000	-136.285278	-17.364567
799.466667	-136.390137	-17.006594
799.533333	-136.516815	-16.754356
799.600000	-136.705917	-16.621479
799.666667	-136.803314	-16.778481
799.733333	-136.796936	-17.092625
799.800000	-136.796936	-17.092625
799.866667	-136.774155	-17.354542
799.933333	-136.822556	-17.727890
800.000000	-136.673706	-18.783985
800.066667	-136.634781	-19.355001
800.133333	-136.486984	-19.875559
800.200000	-136.486984	-19.875559
800.266667	-136.411972	-20.387060
800.333333	-136.272369	-20.975258
800.400000	-136.214310	-21.801502
800.466667	-136.112457	-22.108732
800.533333	-136.118484	-22.270693
800.600000	-136.121155	-22.242569
800.666667	-136.121155	-22.242569
800.733333	-136.200089	-22.258524
800.800000	-136.457550	-21.889946
800.866667	-136.538666	-21.445686
800.933333	-136.681564	-21.136044
801.000000	-136.790283	-20.472818
801.066667	-136.790283	-20.472818
801.133333	-136.878265	-19.959753
801.200000	-136.997620	-18.920568
801.266667	-137.098267	-18.460951
801.333333	-137.188385	-17.937368
801.400000	-137.233185	-17.597479
801.466667	-137.233185	-17.597479
801.533333	-137.202118	-17.296740
801.600000	-137.166794	-16.777405
801.666667	-137.208618	-16.815346
801.733333	-137.198074	-16.887316
801.800000	-137.214722	-17.147911
801.866667	-137.259979	-17.552921
801.933333	-137.259979	-17.552921
802.000000	-137.377274	-18.211617
802.066667	-137.475769	-18.596075
802.133333	-137.489731	-19.177319
802.200000	-137.552048	-19.731207
802.266667	-137.695358	-20.262262
802.333333	-137.695358	-20.262262
802.400000	-137.814194	-21.155411
802.466667	-137.869308	-21.618584
802.533333	-137.857040	-21.924183
802.600000	-137.819229	-22.220919
802.666667	-137.774002	-22.332674
802.733333	-137.774002	-22.332674
802.800000	-137.663788	-22.284605
802.866667	-137.595917	-22.078245
802.933333	-137.461258	-21.671877
803.000000	-137.415680	-21.319965
803.066667	-137.373962	-20.964525
803.133333	-137.352997	-20.335665
803.200000	-137.287338	-19.902109
803.266667	-137.279449	-19.337379
803.333333	-137.371124	-18.824081
803.400000	-137.465591	-18.234407
803.466667	-137.606125	-17.828365
803.533333	-137.739944	-17.583380
803.600000	-137.891022	-17.331154
803.666667	-138.022751	-17.049360
803.733333	-138.201797	-16.781387
803.800000	-138.408386	-16.860651
803.866667	-138.562592	-16.932425
803.933333	-138.673584	-17.256344
804.000000	-138.765411	-17.505116
804.066667	-138.848312	-17.926918
804.133333	-138.917084	-18.522923
804.200000	-138.911499	-18.955263
804.266667	-138.863571	-19.450144
804.333333	-138.795975	-19.991285
804.400000	-138.795975	-19.991285
804.466667	-138.668076	-20.981106
804.533333	-138.704056	-21.542877
804.600000	-138.639999	-21.890162
804.666667	-138.495193	-22.126743
804.733333	-138.427399	-22.249229
804.800000	-138.372086	-22.366602
804.866667	-138.385635	-22.310087
804.933333	-138.441315	-22.166527
805.000000	-138.565521	-21.907831
805.066667	-138.628754	-21.535891
805.133333	-138.642822	-21.132748
805.200000	-138.652237	-20.567917
805.266667	-138.707703	-20.002947
805.333333	-138.792740	-19.531036
805.400000	-138.877274	-18.976318
805.466667	-138.962265	-18.640322
805.533333	-138.933792	-18.079144
805.600000	-138.959015	-17.499159
805.666667	-138.993988	-17.261292
805.733333	-139.010986	-17.062937
805.800000	-139.033157	-16.852327
805.866667	-139.027634	-16.889063
805.933333	-139.053635	-16.913015
806.000000	-139.088577	-17.205545
806.066667	-139.139038	-17.404099
806.133333	-139.226837	-17.894945
806.200000	-139.284882	-18.453350
806.266667	-139.356949	-18.912928
806.333333	-139.496552	-19.326418
806.400000	-139.645309	-19.873985
806.466667	-139.823868	-20.543928
806.533333	-139.935959	-20.903046
806.600000	-139.994949	-21.354996
806.666667	-140.110260	-21.742897
806.733333	-140.226822	-22.089151
806.800000	-140.256210	-22.211946
806.866667	-140.274948	-22.352335
806.933333	-140.290955	-22.341297
807.000000	-140.242615	-22.209673
807.066667	-140.166092	-22.053766
807.133333	-140.064087	-21.741564
807.200000	-139.985092	-21.340683
807.266667	-139.918594	-20.917736
807.333333	-139.800720	-20.556995
807.400000	-139.702148	-19.876566
807.466667	-139.631317	-19.347174
807.533333	-139.573181	-18.881699
807.600000	-139.571106	-18.428131
807.666667	-139.642151	-17.988850
807.733333	-139.659256	-17.608624
807.800000	-139.700531	-17.316462
807.866667	-139.873383	-17.159971
807.933333	-140.030472	-17.076086
808.000000	-140.143677	-17.057152
808.066667	-140.299118	-17.351231
808.133333	-140.510773	-17.539598
808.200000	-140.671371	-17.780426
808.266667	-140.732178	-18.117334
808.333333	-140.883636	-18.544594
808.400000	-141.021957	-19.206678
808.466667	-141.075699	-19.786860
808.533333	-141.087799	-20.312134
808.600000	-141.119690	-20.750769
808.666667	-141.159454	-21.235483
808.733333	-141.167130	-21.764458
808.800000	-141.172714	-22.032259
808.866667	-141.164673	-22.268721
808.933333	-141.168594	-22.464001
809.000000	-141.164703	-22.524731
809.066667	-141.151718	-22.420776
809.133333	-141.199005	-22.231562
809.200000	-141.183212	-22.033709
809.266667	-141.184830	-21.670727
809.333333	-141.251755	-21.148117
809.400000	-141.321594	-20.753023
809.466667	-141.350647	-20.261692
809.533333	-141.398865	-19.607290
809.600000	-141.465729	-19.090248
809.666667	-141.479935	-18.608189
809.733333	-141.526993	-18.275269
809.800000	-141.507187	-17.766382
809.866667	-141.475098	-17.520750
809.933333	-141.474411	-17.314356
810.000000	-141.455124	-17.108559
810.066667	-141.405350	-17.152782
810.133333	-141.384125	-17.290241
810.200000	-141.358368	-17.524687
810.266667	-141.374527	-17.812853
810.333333	-141.402634	-18.246250
810.400000	-141.455719	-18.713678
810.466667	-141.485855	-19.146540
810.533333	-141.647186	-19.670141
810.600000	-141.723907	-20.058958
810.666667	-141.905273	-20.640329
810.733333	-142.046173	-21.171413
810.800000	-142.182190	-21.638674
810.866667	-142.276123	-21.974859
810.933333	-142.548111	-22.268511
811.000000	-142.677856	-22.436710
811.066667	-142.824860	-22.541979
811.133333	-142.890976	-22.547239
811.200000	-142.969818	-22.412313
811.266667	-143.034317	-22.135109
811.333333	-143.005356	-21.823004
811.400000	-142.973114	-21.267048
811.466667	-142.946365	-20.863234
811.533333	-142.908676	-20.465706
811.600000	-142.750885	-19.884626
811.666667	-142.671829	-19.493603
811.733333	-142.630402	-18.931755
811.800000	-142.562881	-18.453722
811.866667	-142.516281	-18.025349
811.933333	-142.526215	-17.741907
812.000000	-142.462051	-17.459667
812.066667	-142.428818	-17.262753
812.133333	-142.502258	-17.254961
812.200000	-142.632996	-17.316076
812.266667	-142.789291	-17.507910
812.333333	-142.901337	-17.691326
812.400000	-142.981552	-18.028471
812.466667	-143.070755	-18.377590
812.533333	-143.218552	-19.036592
812.600000	-143.329391	-19.558561
812.666667	-143.409912	-19.947653
812.733333	-143.503632	-20.479767
812.800000	-143.513763	-20.902592
812.866667	-143.693634	-21.434919
812.933333	-143.776505	-21.810516
813.000000	-143.777481	-22.207647
813.066667	-143.755417	-22.414587
813.133333	-143.770004	-22.634842
813.200000	-143.804581	-22.580376
813.266667	-143.884933	-22.462023
813.333333	-143.989883	-22.371222
813.400000	-144.080429	-22.062300
813.466667	-144.154434	-21.677320
813.533333	-144.245422	-21.315643
813.600000	-144.297455	-20.879612
813.666667	-144.376709	-20.121408
813.733333	-144.435150	-19.705212
813.800000	-144.481995	-19.224035
813.866667	-144.562820	-18.795126
813.933333	-144.592545	-18.191195
814.000000	-144.649414	-17.714672
814.066667	-144.686203	-17.415533
814.133333	-144.645966	-17.240000
814.200000	-144.635254	-17.141666
814.266667	-144.581161	-17.143345
814.333333	-144.516525	-17.305508
814.400000	-144.432373	-17.503271
814.466667	-144.387421	-17.920399
814.533333	-144.317078	-18.376211
814.600000	-144.260284	-18.952160
814.666667	-144.268311	-19.387341
814.733333	-144.283203	-19.826187
814.800000	-144.330460	-20.458281
814.866667	-144.453140	-20.989338
814.933333	-144.541656	-21.447632
815.000000	-144.624496	-21.815216
815.066667	-144.865875	-22.150812
815.133333	-145.060959	-22.419258
815.200000	-145.250183	-22.597685
815.266667	-145.459869	-22.742746
815.333333	-145.684616	-22.718899
815.400000	-145.834351	-22.440493
815.466667	-145.933746	-22.207050
815.533333	-145.997299	-21.885164
815.600000	-146.065765	-21.412016
815.666667	-146.136322	-21.024641
815.733333	-146.152512	-20.508566
815.800000	-146.112579	-20.064539
815.866667	-146.098740	-19.630352
815.933333	-146.052948	-18.978930
816.000000	-145.954926	-18.465721
816.066667	-145.965607	-18.035549
816.133333	-145.920471	-17.732819
816.200000	-145.889877	-17.502647
816.266667	-145.856140	-17.370104
816.333333	-145.870972	-17.304710
816.400000	-145.893158	-17.382406
816.466667	-145.915344	-17.554686
816.533333	-146.027237	-17.785282
816.600000	-146.064072	-18.187973
816.666667	-146.186844	-18.587112
816.733333	-146.315887	-19.194847
816.800000	-146.291672	-19.745119
816.866667	-146.336609	-20.311718
816.933333	-146.425415	-20.838264
817.000000	-146.516403	-21.313911
817.066667	-146.602432	-21.798204
817.133333	-146.624146	-22.185764
817.200000	-146.601669	-22.477539
817.266667	-146.626678	-22.701851
817.333333	-146.660583	-22.753952
817.400000	-146.664917	-22.840153
817.466667	-146.725052	-22.748943
817.533333	-146.763550	-22.552889
817.600000	-146.849762	-22.298096
817.666667	-146.970230	-21.906240
817.733333	-147.041367	-21.525562
817.800000	-147.252365	-21.047848
817.866667	-147.374344	-20.511002
817.933333	-147.509552	-19.866808
818.000000	-147.624405	-19.282772
818.066667	-147.798294	-18.776360
818.133333	-147.880203	-18.339178
818.200000	-148.016541	-17.963903
818.266667	-148.149719	-17.686954
818.333333	-148.156754	-17.495451
818.400000	-148.160660	-17.410608
818.466667	-148.148590	-17.424015
818.533333	-148.093796	-17.563984
818.600000	-148.094833	-17.747293
818.666667	-148.012436	-18.178946
818.733333	-147.899353	-18.592962
818.800000	-147.824097	-18.965055
818.866667	-147.764160	-19.622715
818.933333	-147.666656	-20.050222
819.000000	-147.636917	-20.777645
819.066667	-147.628830	-21.308891
819.133333	-147.644409	-21.724915
819.200000	-147.702026	-22.137163
819.266667	-147.767715	-22.444399
819.333333	-147.944229	-22.727295
819.400000	-148.096375	-22.899605
819.466667	-148.194260	-22.890030
819.533333	-148.349380	-22.866955
819.600000	-148.519592	-22.731478
819.666667	-148.682358	-22.507282
819.733333	-148.798965	-22.188856
819.800000	-148.950119	-21.712677
819.866667	-149.017380	-21.131319
819.933333	-149.103592	-20.681063
820.000000	-149.173035	-20.165854
820.066667	-149.276062	-19.686684
820.133333	-149.302063	-19.069206
820.200000	-149.306335	-18.682163
820.266667	-149.281921	-18.246519
820.333333	-149.289993	-17.915228
820.400000	-149.277252	-17.650028
820.466667	-149.295364	-17.553249
820.533333	-149.328262	-17.507011
820.600000	-149.357193	-17.617943
820.666667	-149.381348	-17.815041
820.733333	-149.448456	-18.152090
820.800000	-149.543121	-18.528870
820.866667	-149.614777	-18.914860
820.933333	-149.665649	-19.412008
821.000000	-149.707672	-19.882700
821.066667	-149.770325	-20.477785
821.133333	-149.817291	-21.063412
821.200000	-149.880402	-21.510796
821.266667	-149.876633	-21.895102
821.333333	-149.849350	-22.229885
821.400000	-149.852615	-22.594601
821.466667	-149.816254	-22.790867
821.533333	-149.763657	-22.901899
821.600000	-149.731812	-22.918360
821.666667	-149.695908	-22.822519
821.733333	-149.700394	-22.632851
821.800000	-149.675934	-22.354719
821.866667	-149.727310	-21.950647
821.933333	-149.812653	-21.626478
822.000000	-149.927017	-21.192299
822.066667	-150.057297	-20.607647
822.133333	-150.217590	-19.961277
822.200000	-150.426025	-19.456240
822.266667	-150.531616	-19.017536
822.333333	-150.759659	-18.469894
822.400000	-150.920135	-18.083910
822.466667	-151.059540	-17.815973
822.533333	-151.226334	-17.688707
822.600000	-151.418533	-17.647421
822.666667	-151.492981	-17.655281
822.733333	-151.551056	-17.744247
822.800000	-151.588959	-18.010794
822.866667	-151.573975	-18.322287
822.933333	-151.594147	-18.840742
823.000000	-151.563507	-19.316999
823.066667	-151.464722	-19.908346
823.133333	-151.402908	-20.373913
823.200000	-151.285461	-20.822206
823.266667	-151.193909	-21.384193
823.333333	-151.174606	-21.893639
823.400000	-151.186371	-22.354937
823.466667	-151.226593	-22.759827
823.533333	-151.164688	-22.927967
823.600000	-151.200531	-23.023203
823.666667	-151.301208	-23.047304
823.733333	-151.371979	-22.952635
823.800000	-151.453003	-22.858692
823.866667	-151.549698	-22.690073
823.933333	-151.685730	-22.346786
824.000000	-151.813141	-21.859602
824.066667	-151.885391	-21.290606
824.133333	-152.002869	-20.740305
824.200000	-152.074875	-20.222982
824.266667	-152.150436	-19.702213
824.333333	-152.221237	-19.223358
824.400000	-152.235489	-18.839148
824.466667	-152.305847	-18.525829
824.533333	-152.300247	-18.199625
824.600000	-152.324371	-18.005354
824.666667	-152.359268	-17.873053
824.733333	-152.408890	-17.909388
824.800000	-152.482239	-17.949759
824.866667	-152.595032	-18.135082
824.933333	-152.717560	-18.420483
825.000000	-152.779739	-18.702152
825.066667	-152.879852	-19.258179
825.133333	-152.961227	-19.591951
825.200000	-153.103195	-20.141972
825.266667	-153.216995	-20.735891
825.333333	-153.266632	-21.164007
825.400000	-153.369293	-21.712107
825.466667	-153.442612	-22.050663
825.533333	-153.553101	-22.589457
825.600000	-153.579605	-22.954489
825.666667	-153.529633	-23.112640
825.733333	-153.468216	-23.203590
825.800000	-153.372803	-23.150448
825.866667	-153.288849	-23.069286
825.933333	-153.164886	-22.832932
826.000000	-153.109756	-22.510828
826.066667	-152.999924	-22.055384
826.133333	-152.967560	-21.640728
826.200000	-153.023575	-21.186287
826.266667	-153.050339	-20.566938
826.333333	-153.096268	-20.065296
826.400000	-153.134567	-19.584167
826.466667	-153.314758	-19.122154
826.533333	-153.482620	-18.632713
826.600000	-153.640381	-18.203503
826.666667	-153.793533	-18.005789
826.733333	-153.942047	-17.845245
826.800000	-154.122498	-17.861963
826.866667	-154.289520	-17.866674
826.933333	-154.474884	-18.057705
827.000000	-154.588120	-18.200771
827.066667	-154.792236	-18.598740
827.133333	-154.846527	-19.038137
827.200000	-154.890976	-19.471298
827.266667	-154.928513	-20.014702
827.333333	-154.978348	-20.637821
827.400000	-154.992279	-21.129126
827.466667	-154.998627	-21.611897
827.533333	-154.929703	-22.116043
827.600000	-154.881119	-22.475449
827.666667	-154.899963	-22.885014
827.733333	-154.858261	-23.103657
827.800000	-154.869385	-23.203283
827.866667	-154.909241	-23.270763
827.933333	-154.954269	-23.203400
828.000000	-154.941315	-23.018595
828.066667	-155.029327	-22.746946
828.133333	-155.096863	-22.346809
828.200000	-155.166962	-21.941845
828.266667	-155.273438	-21.559488
828.333333	-155.264343	-21.003866
828.400000	-155.350510	-20.527649
828.466667	-155.344009	-19.974531
828.533333	-155.337082	-19.357775
828.600000	-155.399841	-18.987823
828.666667	-155.428757	-18.637913
828.733333	-155.395386	-18.302835
828.800000	-155.438019	-18.089176
828.866667	-155.443695	-18.018154
828.933333	-155.490311	-18.047855
829.000000	-155.533478	-18.165001
829.066667	-155.658646	-18.420118
829.133333	-155.766937	-18.625202
829.200000	-155.850327	-19.015066
829.266667	-155.906906	-19.460079
829.333333	-156.145798	-19.971992
829.400000	-156.323471	-20.572350
829.466667	-156.533569	-21.006380
829.533333	-156.709671	-21.564428
829.600000	-156.897507	-22.066916
829.666667	-157.030869	-22.407284
829.733333	-157.127197	-22.739597
829.800000	-157.205856	-23.074203
829.866667	-157.231216	-23.246336
829.933333	-157.238571	-23.353983
830.000000	-157.223831	-23.264807
830.066667	-157.198395	-23.142147
830.133333	-157.196579	-22.945797
830.200000	-157.123764	-22.696489
830.266667	-157.022171	-22.326052
830.333333	-156.934998	-21.932995
830.400000	-156.841904	-21.393711
830.466667	-156.753189	-20.773941
830.533333	-156.763214	-20.385941
830.600000	-156.742569	-19.742575
830.666667	-156.843506	-19.378019
830.733333	-156.894409	-18.912418
830.800000	-156.982834	-18.573887
830.866667	-157.081314	-18.302883
830.933333	-157.190292	-18.204090
831.000000	-157.289825	-18.129650
831.066667	-157.473221	-18.154068
831.133333	-157.623367	-18.249607
831.200000	-157.825378	-18.577078
831.266667	-157.912201	-18.908964
831.333333	-158.056366	-19.286909
831.400000	-158.190811	-19.778038
831.466667	-158.286636	-20.356577
831.533333	-158.338287	-20.944675
831.600000	-158.389709	-21.356396
831.666667	-158.494781	-21.894537
831.733333	-158.543900	-22.317406
831.800000	-158.627548	-22.739136
831.866667	-158.647675	-23.163448
831.933333	-158.664368	-23.437441
832.000000	-158.776611	-23.633886
832.066667	-158.776611	-23.633886
832.133333	-158.824051	-23.518211
832.200000	-158.859528	-23.269924
832.266667	-159.021271	-22.980362
832.333333	-159.092087	-22.678688
832.400000	-159.135345	-22.172846
832.466667	-159.168182	-21.600948
832.533333	-159.270828	-21.120455
832.600000	-159.276474	-20.549974
832.666667	-159.299835	-20.023132
832.733333	-159.390656	-19.656878
832.800000	-159.372162	-19.177439
832.866667	-159.260223	-18.432619
832.933333	-159.260223	-18.432619
833.000000	-159.249725	-18.252874
833.066667	-159.243835	-18.084146
833.133333	-159.217209	-18.133293
833.200000	-159.197144	-18.305218
833.266667	-159.219421	-18.997223
833.333333	-159.219421	-18.997223
833.400000	-159.306274	-19.446001
833.466667	-159.340057	-19.728588
833.533333	-159.452179	-20.219978
833.600000	-159.585785	-20.869644
833.666667	-160.112564	-21.899591
833.733333	-160.112564	-21.899591
833.800000	-160.247192	-22.387983
833.866667	-160.476059	-22.773563
833.933333	-160.717056	-23.246983
834.000000	-160.898209	-23.466799
834.066667	-161.152573	-23.781713
834.133333	-161.256302	-23.727697
834.200000	-161.256302	-23.727697
834.266667	-161.329254	-23.616537
834.333333	-161.412125	-23.267433
834.400000	-161.456070	-23.015541
834.466667	-161.328934	-22.038780
834.533333	-161.236633	-21.486107
834.600000	-161.236633	-21.486107
834.666667	-161.188736	-20.988111
834.733333	-161.121597	-20.456110
834.800000	-160.981003	-19.499426
834.866667	-160.973785	-19.084143
834.933333	-160.991913	-18.755171
835.000000	-160.991913	-18.755171
835.066667	-161.011475	-18.592573
835.133333	-161.073563	-18.476061
835.200000	-161.187302	-18.433842
835.266667	-161.400787	-18.609627
835.333333	-161.473526	-18.870167
835.400000	-161.473526	-18.870167
835.466667	-161.570496	-19.325081
835.533333	-161.718796	-19.761211
835.600000	-161.838150	-20.154964
835.666667	-162.102066	-21.238646
835.733333	-162.162064	-21.922110
835.800000	-162.225250	-22.454113
835.866667	-162.225250	-22.454113
835.933333	-162.253372	-22.730549
836.000000	-162.313309	-23.116167
836.066667	-162.527649	-23.744137
836.133333	-162.546814	-23.766827
836.200000	-162.625778	-23.812351
836.266667	-162.625778	-23.812351
836.333333	-162.706696	-23.733387
836.400000	-162.770737	-23.477869
836.466667	-163.012558	-22.833494
836.533333	-163.149918	-22.414129
836.600000	-163.298691	-21.841845
836.666667	-163.298691	-21.841845
836.733333	-163.479141	-21.446323
836.800000	-163.550354	-20.945097
836.866667	-163.734177	-19.871061
836.933333	-163.708694	-19.334818
837.000000	-163.711807	-18.904188
837.066667	-163.668579	-18.708052
837.133333	-163.668579	-18.708052
837.200000	-163.589478	-18.553535
837.266667	-163.552307	-18.559574
837.333333	-163.464081	-18.624041
837.400000	-163.441284	-18.915800
837.466667	-163.414017	-19.220114
837.533333	-163.414017	-19.220114
837.600000	-163.395676	-19.647675
837.666667	-163.454346	-20.799295
837.733333	-163.472427	-21.251856
837.800000	-163.553925	-21.728146
837.866667	-163.702393	-22.236198
837.933333	-163.702393	-22.236198
838.000000	-163.894775	-22.704979
838.066667	-164.280548	-23.555550
838.133333	-164.396545	-23.723644
838.200000	-164.623810	-23.863440
838.266667	-164.886765	-23.935644
838.333333	-165.127167	-23.966379
838.400000	-165.127167	-23.966379
838.466667	-165.357513	-23.489172
838.533333	-165.384415	-23.068935
838.600000	-165.437729	-22.733582
838.666667	-165.501953	-22.133106
838.733333	-165.544113	-21.809025
838.800000	-165.544113	-21.809025
838.866667	-165.582016	-20.671646
838.933333	-165.538773	-20.266277
839.000000	-165.456116	-19.657372
839.066667	-165.431183	-19.356537
839.133333	-165.455688	-19.057673
839.200000	-165.455688	-19.057673
839.266667	-165.540039	-18.778357
839.333333	-165.561081	-18.756975
839.400000	-165.599289	-18.791761
839.466667	-165.692978	-18.953625
839.533333	-165.792587	-19.244759
839.600000	-165.792587	-19.244759
839.666667	-166.014496	-20.112404
839.733333	-166.041016	-20.644293
839.800000	-166.127579	-21.156673
839.866667	-166.209488	-21.588625
839.933333	-166.252274	-22.096397
840.000000	-166.366379	-22.724903
