2340.066667	-196.324432	-50.585289
2340.133333	-196.379898	-50.850513
2340.200000	-196.389709	-50.994312
2340.266667	-196.387634	-51.093163
2340.333333	-196.417816	-51.046040
2340.400000	-196.420868	-51.032944
2340.466667	-196.419876	-50.866371
2340.533333	-196.375854	-50.670918
2340.600000	-196.452881	-50.397095
2340.666667	-196.538956	-50.064400
2340.733333	-196.516953	-49.494495
2340.800000	-196.433151	-49.092770
2340.866667	-196.527451	-48.822411
2340.933333	-196.612427	-48.445835
2341.000000	-196.606293	-48.046246
2341.066667	-196.586044	-47.581100
2341.133333	-196.631622	-47.276718
2341.200000	-196.674789	-47.002441
2341.266667	-196.792374	-46.844624
2341.333333	-196.972534	-46.815041
2341.400000	-197.082306	-46.756145
2341.466667	-197.613403	-47.098793
2341.533333	-197.913025	-47.457787
2341.600000	-198.178223	-47.811626
2341.666667	-198.461807	-48.016735
2341.733333	-199.569839	-48.803253
2341.800000	-199.702789	-49.313484
2341.866667	-200.001297	-49.754585
2341.933333	-200.300827	-50.405598
2342.000000	-200.406158	-51.008583
2342.066667	-200.540421	-51.458199
2342.133333	-200.642700	-51.526730
2342.200000	-200.828171	-51.953053
2342.266667	-200.906219	-52.158150
2342.333333	-200.976273	-52.399014
2342.400000	-201.136703	-52.513340
2342.466667	-201.076279	-52.383846
2342.533333	-201.071609	-52.198784
2342.600000	-201.091553	-52.012566
2342.666667	-201.144577	-51.826138
2342.733333	-201.188995	-51.442612
2342.800000	-201.276413	-51.093952
2342.866667	-201.221481	-50.552547
2342.933333	-201.251709	-50.010757
2343.000000	-201.255371	-49.420204
2343.066667	-201.278549	-49.126389
2343.133333	-201.369186	-48.827530
2343.200000	-201.247101	-48.328548
2343.266667	-201.318985	-47.935852
2343.333333	-201.484512	-47.931732
2343.400000	-201.555893	-47.777828
2343.466667	-201.714447	-47.639851
2343.533333	-201.689453	-47.738293
2343.600000	-201.841827	-47.934944
2343.666667	-202.014313	-48.325314
2343.733333	-202.108459	-48.392643
2343.800000	-202.320145	-48.889992
2343.866667	-202.398102	-49.326199
2343.933333	-202.690903	-50.090919
2344.000000	-202.896027	-50.689388
2344.066667	-203.096603	-51.098171
2344.133333	-203.294983	-51.648525
2344.200000	-203.492249	-52.008781
2344.266667	-203.627548	-52.331390
2344.333333	-203.761566	-52.675644
2344.400000	-203.855484	-52.680119
2344.466667	-204.002716	-52.826550
2344.533333	-204.048569	-52.801304
2344.600000	-204.062302	-52.663883
2344.666667	-204.098679	-52.735050
2344.733333	-204.157852	-52.576969
2344.800000	-204.192856	-52.306053
2344.866667	-204.180115	-51.886112
2344.933333	-204.254257	-51.578266
2345.000000	-204.248169	-51.307819
2345.066667	-204.284500	-50.961796
2345.133333	-204.310165	-50.497093
2345.200000	-204.187454	-49.914913
2345.266667	-204.238251	-49.274632
2345.333333	-204.437836	-48.914196
2345.400000	-204.452164	-48.759392
2345.466667	-204.487549	-48.462681
2345.533333	-204.519119	-48.463955
2345.600000	-204.525284	-48.370262
2345.666667	-204.615784	-48.597660
2345.733333	-204.723480	-48.998600
2345.800000	-204.779007	-49.217403
2345.866667	-204.936401	-49.636921
2345.933333	-205.068848	-49.991425
2346.000000	-205.176636	-50.726471
2346.066667	-205.308334	-51.282391
2346.133333	-205.530182	-51.683472
2346.200000	-205.646179	-52.152721
2346.266667	-205.700607	-52.406105
2346.333333	-205.796860	-52.629635
2346.400000	-205.880035	-52.878841
2346.466667	-205.947784	-52.935268
2346.533333	-206.058472	-53.134731
2346.600000	-206.137283	-53.205013
2346.666667	-206.321503	-53.154415
2346.733333	-206.269150	-52.850471
2346.800000	-206.527863	-52.844742
2346.866667	-206.426086	-52.678066
2346.933333	-206.563141	-52.234283
2347.000000	-206.455582	-51.753574
2347.066667	-206.417160	-51.266659
2347.133333	-206.522461	-51.080658
2347.200000	-206.494400	-50.418793
2347.266667	-206.461380	-49.704464
2347.333333	-206.309219	-48.926262
2347.400000	-206.339111	-48.360458
2347.466667	-206.201614	-47.551281
2347.533333	-206.305740	-47.046112
2347.600000	-206.659927	-46.828545
2347.666667	-206.556442	-46.692589
2347.733333	-206.884552	-46.921120
2347.800000	-207.432541	-47.494278
2347.866667	-207.675842	-47.932728
2347.933333	-207.640701	-48.384129
2348.000000	-207.876953	-49.395500
2348.066667	-208.354263	-51.103355
2348.133333	-208.450089	-51.907150
2348.200000	-208.667145	-52.354919
2348.266667	-208.930389	-52.645542
2348.333333	-209.463409	-52.697506
2348.400000	-209.445053	-52.884850
2348.466667	-209.521179	-53.057274
2348.533333	-209.603897	-53.026375
2348.600000	-209.718552	-53.395226
2348.666667	-209.834869	-53.404205
2348.733333	-209.972107	-53.363377
2348.800000	-210.463577	-53.477280
2348.866667	-210.536072	-53.311855
2348.933333	-210.783096	-53.344566
2349.000000	-210.864258	-52.531990
2349.066667	-211.213867	-52.368664
2349.133333	-211.179916	-52.273140
2349.200000	-211.326416	-51.949352
2349.266667	-211.272736	-51.612030
2349.333333	-211.243271	-51.711330
2349.400000	-211.353729	-51.689129
2349.466667	-211.237015	-51.428452
2349.533333	-211.117661	-51.000011
2349.600000	-211.343918	-51.011051
2349.666667	-211.183990	-50.827938
2349.733333	-211.334259	-50.793179
2349.800000	-211.503860	-51.160004
2349.866667	-211.585007	-50.998676
2349.933333	-211.462280	-51.149822
2350.000000	-211.369278	-51.402271
2350.066667	-211.587219	-51.558262
2350.133333	-211.993149	-51.938457
2350.200000	-212.354568	-52.145557
2350.266667	-212.574020	-52.449642
2350.333333	-212.657516	-52.616051
2350.400000	-212.985428	-53.080357
2350.466667	-213.425491	-53.538681
2350.533333	-213.758652	-53.989262
2350.600000	-213.933472	-54.207359
2350.666667	-214.540726	-54.174191
2350.733333	-214.868576	-54.230873
2350.800000	-214.902267	-54.244160
2350.866667	-215.232147	-54.146660
2350.933333	-215.594193	-53.742516
2351.000000	-215.726212	-53.580162
2351.066667	-215.874069	-53.317074
2351.133333	-216.117798	-52.908573
2351.200000	-216.250626	-52.550842
2351.266667	-216.469131	-52.182068
2351.333333	-216.503922	-51.842278
2351.400000	-216.496872	-51.475929
2351.466667	-216.564255	-51.131348
2351.533333	-216.593231	-50.594223
2351.600000	-216.633850	-49.991001
2351.666667	-216.646027	-49.839645
2351.733333	-216.689484	-49.630299
2351.800000	-216.704788	-49.344131
2351.866667	-216.725067	-49.196033
2351.933333	-216.771103	-49.449959
2352.000000	-216.785767	-49.692753
2352.066667	-216.865067	-49.766533
2352.133333	-216.913147	-50.301952
2352.200000	-216.943008	-50.673943
2352.266667	-216.980927	-51.002941
2352.333333	-217.050690	-51.477730
2352.400000	-217.080963	-51.809273
2352.466667	-217.148544	-52.137184
2352.533333	-217.225494	-52.532494
2352.600000	-217.257568	-52.784023
2352.666667	-217.280334	-52.960411
2352.733333	-217.297455	-53.136314
2352.800000	-217.296982	-53.271072
2352.866667	-217.312515	-53.383949
2352.933333	-217.381638	-53.327503
2353.000000	-217.489807	-53.262814
2353.066667	-217.563248	-53.104721
2353.133333	-217.602646	-52.756424
2353.200000	-217.514877	-52.550854
2353.266667	-217.441422	-52.163670
2353.333333	-217.460022	-51.750610
2353.400000	-217.436340	-51.315945
2353.466667	-217.453552	-50.863098
2353.533333	-217.465286	-50.410046
2353.600000	-217.482376	-49.938213
2353.666667	-217.478348	-49.611748
2353.733333	-217.510941	-49.334095
2353.800000	-217.531265	-49.170734
2353.866667	-217.554840	-49.007328
2353.933333	-217.570511	-48.964657
2354.000000	-217.588776	-49.007462
2354.066667	-217.631012	-49.157494
2354.133333	-217.663116	-49.311737
2354.200000	-217.717163	-49.628025
2354.266667	-217.756943	-49.970234
2354.333333	-217.788177	-50.320358
2354.400000	-217.828262	-50.722382
2354.466667	-217.871674	-51.123329
2354.533333	-217.897217	-51.542370
2354.600000	-217.970016	-51.924599
2354.666667	-218.052414	-52.292461
2354.733333	-218.106628	-52.541340
2354.800000	-218.171768	-52.874527
2354.866667	-218.250000	-53.063908
2354.933333	-218.365860	-53.166710
2355.000000	-218.492096	-53.219837
2355.066667	-218.618896	-53.179096
2355.133333	-218.798111	-53.060211
2355.200000	-218.976944	-52.858868
2355.266667	-219.182800	-52.564835
2355.333333	-219.356522	-52.338055
2355.400000	-219.447708	-51.985992
2355.466667	-219.531738	-51.483334
2355.533333	-219.694519	-51.070049
2355.600000	-219.762650	-50.716770
2355.666667	-219.850891	-50.422619
2355.733333	-219.992813	-50.090382
2355.800000	-220.056473	-49.680763
2355.866667	-220.171829	-49.415653
2355.933333	-220.222229	-49.283325
2356.000000	-220.302383	-49.265842
2356.066667	-220.416107	-49.266418
2356.133333	-220.530823	-49.377563
2356.200000	-220.632019	-49.509987
2356.266667	-220.747604	-49.736519
2356.333333	-220.827377	-50.028358
2356.400000	-220.962616	-50.492874
2356.466667	-221.013657	-50.850311
2356.533333	-221.108414	-51.393795
2356.600000	-221.103638	-51.848049
2356.666667	-221.160782	-52.249649
2356.733333	-221.242676	-52.582386
2356.800000	-221.294418	-52.876724
2356.866667	-221.424652	-53.328625
2356.933333	-221.491089	-53.578564
2357.000000	-221.507767	-53.679432
2357.066667	-221.537476	-53.759930
2357.133333	-221.576279	-53.717960
2357.200000	-221.676987	-53.703682
2357.266667	-221.713623	-53.519535
2357.333333	-221.820465	-53.191532
2357.400000	-221.950333	-52.913589
2357.466667	-222.030411	-52.509270
2357.533333	-222.124802	-52.201202
2357.600000	-222.175568	-51.753304
2357.666667	-222.281403	-51.296417
2357.733333	-222.393982	-50.843323
2357.800000	-222.562103	-50.463539
2357.866667	-222.695786	-50.193329
2357.933333	-222.803894	-49.908176
2358.000000	-222.954346	-49.741455
2358.066667	-223.089493	-49.624897
2358.133333	-223.173386	-49.583912
2358.200000	-223.301025	-49.639954
2358.266667	-223.397842	-49.829231
2358.333333	-223.532227	-50.087059
2358.400000	-223.591110	-50.372929
2358.466667	-223.693954	-50.733414
2358.533333	-223.778870	-51.187462
2358.600000	-223.826385	-51.569527
2358.666667	-223.950043	-51.976738
2358.733333	-224.054794	-52.508160
2358.800000	-224.138321	-52.890846
2358.866667	-224.200989	-53.264778
2358.933333	-224.265549	-53.634022
2359.000000	-224.304367	-53.854126
2359.066667	-224.314667	-53.967945
2359.133333	-224.350052	-54.065205
2359.200000	-224.388809	-54.010384
2359.266667	-224.469559	-53.967293
2359.333333	-224.480072	-53.773193
2359.400000	-224.574387	-53.635777
2359.466667	-224.627228	-53.374321
2359.533333	-224.734772	-53.152637
2359.600000	-224.811615	-52.724754
2359.666667	-224.942490	-52.440189
2359.733333	-224.988205	-51.893600
2359.800000	-225.092789	-51.475651
2359.866667	-225.088791	-51.137138
2359.933333	-225.142670	-50.789459
2360.000000	-225.267548	-50.447098
2360.066667	-225.348526	-50.172310
2360.133333	-225.438660	-50.091110
2360.200000	-225.574768	-50.047237
2360.266667	-225.691528	-50.043407
2360.333333	-225.837662	-50.131588
2360.400000	-225.995514	-50.305046
2360.466667	-226.149460	-50.623676
2360.533333	-226.363678	-50.924961
2360.600000	-226.501633	-51.339527
2360.666667	-226.641083	-51.711426
2360.733333	-226.815582	-52.126587
2360.800000	-226.954636	-52.702599
2360.866667	-227.035034	-52.997253
2360.933333	-227.114883	-53.431248
2361.000000	-227.162857	-53.838894
2361.066667	-227.206360	-54.079430
2361.133333	-227.234924	-54.243217
2361.200000	-227.279709	-54.362885
2361.266667	-227.282974	-54.390114
2361.333333	-227.323883	-54.408779
2361.400000	-227.319031	-54.375397
2361.466667	-227.297867	-54.160282
2361.533333	-227.289642	-53.910957
2361.600000	-227.337891	-53.653950
2361.666667	-227.366730	-53.267181
2361.733333	-227.413315	-52.870384
2361.800000	-227.446762	-52.529194
2361.866667	-227.607056	-52.107841
2361.933333	-227.643234	-51.642509
2362.000000	-227.728256	-51.389122
2362.066667	-227.803253	-51.139606
2362.133333	-227.863846	-50.852322
2362.200000	-228.195709	-50.558830
2362.266667	-228.195709	-50.558830
2362.333333	-228.349319	-50.468746
2362.400000	-228.509964	-50.501812
2362.466667	-228.591125	-50.651165
2362.533333	-228.703293	-50.943260
2362.600000	-228.994064	-51.487743
2362.666667	-228.994064	-51.487743
2362.733333	-229.103775	-51.893009
2362.800000	-229.305435	-52.378056
2362.866667	-229.485901	-52.836155
2362.933333	-229.546814	-53.192627
2363.000000	-229.722595	-53.890759
2363.066667	-229.722595	-53.890759
2363.133333	-229.785309	-54.176216
2363.200000	-229.952637	-54.459404
2363.266667	-230.025253	-54.645649
2363.333333	-230.075027	-54.820286
2363.400000	-230.159149	-54.784126
2363.466667	-230.159149	-54.784126
2363.533333	-230.166656	-54.578182
2363.600000	-230.181946	-54.381474
2363.666667	-230.204758	-54.095417
2363.733333	-230.295258	-53.822323
2363.800000	-230.190125	-52.938549
2363.866667	-230.239059	-52.637909
2363.933333	-230.239059	-52.637909
2364.000000	-230.224182	-52.218666
2364.066667	-230.265152	-51.875187
2364.133333	-230.238922	-51.545723
2364.200000	-230.429047	-51.140186
2364.266667	-230.491730	-50.962700
2364.333333	-230.491730	-50.962700
2364.400000	-230.647186	-50.936947
2364.466667	-230.715958	-50.989357
2364.533333	-230.810883	-51.057777
2364.600000	-231.127838	-51.502392
2364.666667	-231.354309	-51.818550
2364.733333	-231.354309	-51.818550
2364.800000	-231.594223	-52.391155
2364.866667	-231.799515	-52.720371
2364.933333	-231.947021	-53.018211
2365.000000	-232.223022	-53.828342
2365.066667	-232.376755	-54.253555
2365.133333	-232.528503	-54.498287
2365.200000	-232.528503	-54.498287
2365.266667	-232.651718	-54.934914
2365.333333	-232.792358	-55.089962
2365.400000	-232.896927	-55.223934
2365.466667	-232.912537	-55.228020
2365.533333	-232.919128	-55.093754
2365.600000	-232.919128	-55.093754
2365.666667	-232.920593	-54.992386
2365.733333	-232.918671	-54.647293
2365.800000	-232.910095	-54.025043
2365.866667	-232.875534	-53.667645
2365.933333	-232.868088	-53.281483
2366.000000	-232.868088	-53.281483
2366.066667	-232.817398	-52.805336
2366.133333	-232.851868	-52.434353
2366.200000	-232.894211	-52.047512
2366.266667	-232.973999	-51.427368
2366.333333	-233.054977	-51.291965
2366.400000	-233.054977	-51.291965
2366.466667	-233.108734	-51.193470
2366.533333	-233.194046	-51.205376
2366.600000	-233.424179	-51.395119
2366.666667	-233.559204	-51.628464
2366.733333	-233.744110	-52.101265
2366.800000	-233.914383	-52.449097
2366.866667	-233.914383	-52.449097
2366.933333	-234.049927	-52.855560
2367.000000	-234.350372	-53.630867
2367.066667	-234.455139	-54.048733
2367.133333	-234.706314	-54.508640
2367.200000	-234.877167	-54.860031
2367.266667	-234.877167	-54.860031
2367.333333	-234.994781	-55.170170
2367.400000	-235.073196	-55.329185
2367.466667	-235.305771	-55.563938
2367.533333	-235.426361	-55.593040
2367.600000	-235.489090	-55.479900
2367.666667	-235.489090	-55.479900
2367.733333	-235.531738	-55.281052
2367.800000	-235.695251	-54.890594
2367.866667	-235.740128	-54.500534
2367.933333	-235.791183	-54.115391
2368.000000	-235.812561	-53.854710
2368.066667	-235.758316	-53.479820
2368.133333	-235.758316	-53.479820
2368.200000	-235.735916	-52.609882
2368.266667	-235.701508	-52.283978
2368.333333	-235.618469	-51.892361
2368.400000	-235.650391	-51.755291
2368.466667	-235.684204	-51.630638
2368.533333	-235.684204	-51.630638
2368.600000	-235.746887	-51.601196
2368.666667	-235.813644	-51.766716
2368.733333	-235.924072	-51.995922
2368.800000	-236.071777	-52.315285
2368.866667	-236.208176	-52.632236
2368.933333	-236.208176	-52.632236
2369.000000	-236.487762	-53.360676
2369.066667	-236.635422	-53.870098
2369.133333	-236.965469	-54.368595
2369.200000	-237.109039	-54.808155
2369.266667	-237.232529	-55.141563
2369.333333	-237.400909	-55.446724
2369.400000	-237.502930	-55.664215
2369.466667	-237.683151	-55.915329
2369.533333	-237.825378	-55.998127
2369.600000	-237.985260	-56.057636
2369.666667	-238.138596	-56.035156
2369.733333	-238.291718	-56.033802
2369.800000	-238.327789	-55.744427
2369.866667	-238.278366	-55.428253
2369.933333	-238.252426	-55.077629
2370.000000	-238.254196	-54.678112
2370.066667	-238.248795	-54.207886
2370.133333	-238.322662	-53.934692
2370.200000	-238.347427	-53.531780
2370.266667	-238.336105	-53.196682
2370.333333	-238.335648	-52.882484
2370.400000	-238.324600	-52.597149
2370.466667	-238.389908	-52.367146
2370.533333	-238.385941	-52.142342
2370.600000	-238.430801	-52.055447
2370.666667	-238.472610	-52.044731
2370.733333	-238.493439	-52.113712
2370.800000	-238.578064	-52.304508
2370.866667	-238.691223	-52.578735
2370.933333	-238.724747	-52.824776
2371.000000	-238.782867	-53.221889
2371.066667	-238.903732	-53.542355
2371.133333	-239.098114	-53.887794
2371.200000	-239.222977	-54.432152
2371.266667	-239.395218	-54.980091
2371.333333	-239.489426	-55.249638
2371.400000	-239.592041	-55.612934
2371.466667	-239.767349	-55.862801
2371.533333	-239.898911	-56.150558
2371.600000	-240.034439	-56.357674
2371.666667	-240.156586	-56.533199
2371.733333	-240.315353	-56.466850
2371.800000	-240.502090	-56.304550
2371.866667	-240.611664	-56.124397
2371.933333	-240.701523	-55.926403
2372.000000	-240.841324	-55.737995
2372.066667	-240.844421	-55.297421
2372.133333	-240.874298	-54.887745
2372.200000	-240.914459	-54.299194
2372.266667	-240.990387	-53.973999
2372.333333	-240.989960	-53.609371
2372.400000	-241.067535	-53.243309
2372.466667	-241.091354	-52.919201
2372.533333	-241.166672	-52.828884
2372.600000	-241.097092	-52.534710
2372.666667	-241.084656	-52.419094
2372.733333	-241.070557	-52.370579
2372.800000	-241.034302	-52.449284
2372.866667	-241.132111	-52.611446
2372.933333	-241.186737	-52.808517
2373.000000	-241.221481	-53.070755
2373.066667	-241.226807	-53.369587
2373.133333	-241.270203	-53.744148
2373.200000	-241.402237	-54.190758
2373.266667	-241.525391	-54.728390
2373.333333	-241.624985	-55.126137
2373.400000	-241.714417	-55.450581
2373.466667	-241.893677	-55.914864
2373.533333	-242.031799	-56.172298
2373.600000	-242.236389	-56.546055
2373.666667	-242.367065	-56.707222
2373.733333	-242.577759	-56.807484
2373.800000	-242.693924	-56.833256
2373.866667	-242.805130	-56.808716
2373.933333	-242.889420	-56.659615
2374.000000	-242.992050	-56.400185
2374.066667	-243.113937	-56.151581
2374.133333	-243.183685	-55.867287
2374.200000	-243.239731	-55.564590
2374.266667	-243.287201	-55.031807
2374.333333	-243.362289	-54.543404
2374.400000	-243.363953	-54.110466
2374.466667	-243.405487	-53.782730
2374.533333	-243.461609	-53.448666
2374.600000	-243.554245	-53.201828
2374.666667	-243.631927	-52.949013
2374.733333	-243.651764	-52.829041
2374.800000	-243.678879	-52.745213
2374.866667	-243.733841	-52.756081
2374.933333	-243.783844	-52.852562
2375.000000	-243.822479	-53.050629
2375.066667	-243.865143	-53.240318
2375.133333	-243.909088	-53.523937
2375.200000	-243.984497	-53.860561
2375.266667	-244.097305	-54.381424
2375.333333	-244.135208	-54.848850
2375.400000	-244.140976	-55.181633
2375.466667	-244.229828	-55.699947
2375.533333	-244.270828	-56.051491
2375.600000	-244.338821	-56.391968
2375.666667	-244.476791	-56.787785
2375.733333	-244.547195	-56.989941
2375.800000	-244.639587	-57.164391
2375.866667	-244.769501	-57.219601
2375.933333	-244.901962	-57.204735
2376.000000	-245.005676	-57.058254
2376.066667	-245.104736	-56.922882
2376.133333	-245.166992	-56.620117
2376.200000	-245.329071	-56.334602
2376.266667	-245.521713	-55.923359
2376.333333	-245.589264	-55.590092
2376.400000	-245.727951	-55.184586
2376.466667	-245.757294	-54.625431
2376.533333	-245.882202	-54.229614
2376.600000	-245.984314	-53.922573
2376.666667	-246.008224	-53.565426
2376.733333	-246.106476	-53.334797
2376.800000	-246.192093	-53.160450
2376.866667	-246.199310	-53.034325
2376.933333	-246.222443	-53.052921
2377.000000	-246.250748	-53.072674
2377.066667	-246.295975	-53.274586
2377.133333	-246.292542	-53.460457
2377.200000	-246.357910	-53.782421
2377.266667	-246.374390	-54.130444
2377.333333	-246.411575	-54.488895
2377.400000	-246.452850	-54.944496
2377.466667	-246.551971	-55.360382
2377.533333	-246.564102	-55.783978
2377.600000	-246.597336	-56.191463
2377.666667	-246.742828	-56.557671
2377.733333	-246.842270	-56.909691
2377.800000	-246.965546	-57.270725
2377.866667	-247.007004	-57.394440
2377.933333	-247.091003	-57.469265
2378.000000	-247.139343	-57.495388
2378.066667	-247.228973	-57.406914
2378.133333	-247.286316	-57.313477
2378.200000	-247.383179	-57.094254
2378.266667	-247.476715	-56.791039
2378.333333	-247.529175	-56.406998
2378.400000	-247.657852	-56.043617
2378.466667	-247.747269	-55.547337
2378.533333	-247.767273	-55.150368
2378.600000	-247.794449	-54.699852
2378.666667	-247.918808	-54.432339
2378.733333	-248.018539	-53.966721
2378.800000	-248.102875	-53.732750
2378.866667	-248.209412	-53.610489
2378.933333	-248.301331	-53.463223
2379.000000	-248.389847	-53.359890
2379.066667	-248.462906	-53.317581
2379.133333	-248.544708	-53.501587
2379.200000	-248.561844	-53.676075
2379.266667	-248.642471	-53.941753
2379.333333	-248.782394	-54.193108
2379.400000	-248.952545	-54.540516
2379.466667	-249.088715	-55.001965
2379.533333	-249.103683	-55.465252
2379.600000	-249.066544	-55.874794
2379.666667	-249.085724	-56.262260
2379.733333	-249.184357	-56.808849
2379.800000	-249.255142	-57.249046
2379.866667	-249.255539	-57.402718
2379.933333	-249.239090	-57.617069
2380.000000	-249.269363	-57.806694
2380.066667	-249.277451	-57.837563
2380.133333	-249.297882	-57.829556
2380.200000	-249.290604	-57.740826
2380.266667	-249.321701	-57.505363
2380.333333	-249.403915	-57.244038
2380.400000	-249.478851	-56.987385
2380.466667	-249.555649	-56.505928
2380.533333	-249.638016	-56.127369
2380.600000	-249.704987	-55.575661
2380.666667	-249.837387	-55.111168
2380.733333	-249.913620	-54.798996
2380.800000	-250.033310	-54.451538
2380.866667	-250.162521	-54.095921
2380.933333	-250.282242	-53.886467
2381.000000	-250.375488	-53.659737
2381.066667	-250.523666	-53.613022
2381.133333	-250.599365	-53.567211
2381.200000	-250.693710	-53.604286
2381.266667	-250.758713	-53.719257
2381.333333	-250.852722	-53.953918
2381.400000	-250.976089	-54.322575
2381.466667	-251.050980	-54.631126
2381.533333	-251.133652	-55.089638
2381.600000	-251.257294	-55.636692
2381.666667	-251.268661	-56.134354
2381.733333	-251.306656	-56.411190
2381.800000	-251.334991	-56.803478
2381.866667	-251.334549	-57.151546
2381.933333	-251.412842	-57.522465
2382.000000	-251.437485	-57.831505
2382.066667	-251.499481	-57.987240
2382.133333	-251.585983	-58.154018
2382.200000	-251.627518	-58.202244
2382.266667	-251.634277	-58.120068
2382.333333	-251.619354	-57.884148
2382.400000	-251.618332	-57.536072
2382.466667	-251.596298	-57.221600
2382.533333	-251.608643	-56.897469
2382.600000	-251.676804	-56.562202
2382.666667	-251.644547	-56.084946
2382.733333	-251.732666	-55.691654
2382.800000	-251.814560	-55.357307
2382.866667	-251.841537	-54.896717
2382.933333	-251.924744	-54.507698
2383.000000	-252.021927	-54.168331
2383.066667	-252.098450	-53.966915
2383.133333	-252.203918	-53.897213
2383.200000	-252.314484	-53.776138
2383.266667	-252.464233	-53.788544
2383.333333	-252.634354	-53.899097
2383.400000	-252.768234	-54.149242
2383.466667	-252.857056	-54.405697
2383.533333	-252.971634	-54.782070
2383.600000	-253.177597	-55.161526
2383.666667	-253.361374	-55.701958
2383.733333	-253.449387	-56.021736
2383.800000	-253.485275	-56.430691
2383.866667	-253.532059	-56.954212
2383.933333	-253.612335	-57.373444
2384.000000	-253.714218	-57.729378
2384.066667	-253.716553	-58.057392
2384.133333	-253.759583	-58.249878
2384.200000	-253.750244	-58.361599
2384.266667	-253.714691	-58.371395
2384.333333	-253.709900	-58.371826
2384.400000	-253.678070	-58.217972
2384.466667	-253.675430	-58.081718
2384.533333	-253.674911	-57.714222
2384.600000	-253.611038	-57.405544
2384.666667	-253.590256	-57.006313
2384.733333	-253.644501	-56.558201
2384.800000	-253.687805	-56.160847
2384.866667	-253.723236	-55.754349
2384.933333	-253.754623	-55.443863
2385.000000	-253.781616	-54.953049
2385.066667	-253.852509	-54.533550
2385.133333	-253.941467	-54.219372
2385.200000	-254.042145	-54.113773
2385.266667	-254.180389	-53.968872
2385.333333	-254.286789	-53.994827
2385.400000	-254.417328	-54.096226
2385.466667	-254.578568	-54.262981
2385.533333	-254.732849	-54.648304
2385.600000	-254.837494	-54.914787
2385.666667	-254.944641	-55.223484
2385.733333	-255.016602	-55.602520
2385.800000	-255.146622	-56.125092
2385.866667	-255.333237	-56.664196
2385.933333	-255.408585	-56.992100
2386.000000	-255.479233	-57.389111
2386.066667	-255.523972	-57.751457
2386.133333	-255.628311	-58.144875
2386.200000	-255.737991	-58.398788
2386.266667	-255.785522	-58.537357
2386.333333	-255.832962	-58.625748
2386.400000	-255.866592	-58.653500
2386.466667	-255.873260	-58.548729
2386.533333	-255.870453	-58.414219
2386.600000	-255.840302	-58.163616
2386.666667	-255.847931	-57.827152
2386.733333	-255.772415	-57.445019
2386.800000	-255.750641	-57.028179
2386.866667	-255.828506	-56.612888
2386.933333	-255.758591	-56.261375
2387.000000	-255.731888	-55.656979
2387.066667	-255.692261	-55.288139
2387.133333	-255.686417	-54.921009
2387.200000	-255.716461	-54.580395
2387.266667	-255.752914	-54.371765
2387.333333	-255.822296	-54.224155
2387.400000	-255.895721	-54.159283
2387.466667	-255.979431	-54.182068
2387.533333	-256.131104	-54.298630
2387.600000	-256.286163	-54.594021
2387.666667	-256.404053	-54.902340
2387.733333	-256.572174	-55.299526
2387.800000	-256.728088	-55.686058
2387.866667	-256.825653	-56.108303
2387.933333	-256.990753	-56.568821
2388.000000	-257.196045	-57.200764
2388.066667	-257.358368	-57.588306
2388.133333	-257.525360	-57.975601
2388.200000	-257.590332	-58.243370
2388.266667	-257.686340	-58.424896
2388.333333	-257.778503	-58.647369
2388.400000	-257.816956	-58.765263
2388.466667	-257.837585	-58.788105
2388.533333	-257.862244	-58.775547
2388.600000	-257.837982	-58.582153
2388.666667	-257.814789	-58.410023
2388.733333	-257.780609	-58.146004
2388.800000	-257.791077	-57.885395
2388.866667	-257.783203	-57.429745
2388.933333	-257.794434	-57.011925
2389.000000	-257.776031	-56.597351
2389.066667	-257.660248	-56.003696
2389.133333	-257.655243	-55.562119
2389.200000	-257.702698	-55.260334
2389.266667	-257.724304	-54.950294
2389.333333	-257.749603	-54.675720
2389.400000	-257.831848	-54.531769
2389.466667	-257.880157	-54.539383
2389.533333	-257.947418	-54.524754
2389.600000	-258.010681	-54.528252
2389.666667	-258.073364	-54.698792
2389.733333	-258.134857	-54.914558
2389.800000	-258.296082	-55.229801
2389.866667	-258.417816	-55.704491
2389.933333	-258.577423	-56.326099
2390.000000	-258.646545	-56.702129
2390.066667	-258.802795	-57.047890
2390.133333	-258.980225	-57.453720
2390.200000	-259.141846	-58.127831
2390.266667	-259.311127	-58.477184
2390.333333	-259.364105	-58.714245
2390.400000	-259.422791	-58.882042
2390.466667	-259.520874	-58.977474
2390.533333	-259.604889	-59.018562
2390.600000	-259.688416	-59.059868
2390.666667	-259.781128	-58.922676
2390.733333	-259.843414	-58.740135
2390.800000	-259.866211	-58.462971
2390.866667	-259.900543	-58.148613
2390.933333	-259.997894	-57.885090
2391.000000	-259.953583	-57.463802
2391.066667	-259.912628	-57.049030
2391.133333	-259.904205	-56.509777
2391.200000	-259.872009	-56.035149
2391.266667	-259.810028	-55.576202
2391.333333	-259.795990	-55.298801
2391.400000	-259.728271	-55.085972
2391.466667	-259.717224	-54.909584
2391.533333	-259.685425	-54.742477
2391.600000	-259.694183	-54.694485
2391.666667	-259.716125	-54.709270
2391.733333	-259.754517	-54.866550
2391.800000	-259.798676	-55.104565
2391.866667	-259.862762	-55.364388
2391.933333	-259.934692	-55.698036
2392.000000	-260.032043	-56.110012
2392.066667	-260.127197	-56.613602
2392.133333	-260.240173	-57.181515
2392.200000	-260.405853	-57.700996
2392.266667	-260.594666	-58.012680
2392.333333	-260.747040	-58.364513
2392.400000	-260.884094	-58.676342
2392.466667	-261.092926	-59.011467
2392.533333	-261.210388	-59.236153
2392.600000	-261.282471	-59.332714
2392.666667	-261.382935	-59.348068
2392.733333	-261.453064	-59.268589
2392.800000	-261.543915	-59.129307
2392.866667	-261.575531	-58.832306
2392.933333	-261.602295	-58.430641
2393.000000	-261.632172	-58.109215
2393.066667	-261.600769	-57.735023
2393.133333	-261.628021	-57.274162
2393.200000	-261.641357	-56.909584
2393.266667	-261.612183	-56.490395
2393.333333	-261.622192	-56.141369
2393.400000	-261.572052	-55.681767
2393.466667	-261.599365	-55.340893
2393.533333	-261.630737	-55.152782
2393.600000	-261.662262	-55.017399
2393.666667	-261.635925	-54.914310
2393.733333	-261.638489	-54.942093
2393.800000	-261.688385	-55.028629
2393.866667	-261.678833	-55.201023
2393.933333	-261.752228	-55.475540
2394.000000	-261.814056	-55.794914
2394.066667	-261.839722	-56.251564
2394.133333	-261.888275	-56.600670
2394.200000	-261.948730	-57.117722
2394.266667	-262.020203	-57.453125
2394.333333	-262.154999	-58.109394
2394.400000	-262.262878	-58.462826
2394.466667	-262.352570	-58.756649
2394.533333	-262.466003	-59.018257
2394.600000	-262.618530	-59.363220
2394.666667	-262.677002	-59.519409
2394.733333	-262.812134	-59.575459
2394.800000	-262.894012	-59.513161
2394.866667	-263.005463	-59.400219
2394.933333	-263.120361	-59.199932
2395.000000	-263.258362	-58.941582
2395.066667	-263.354034	-58.548130
2395.133333	-263.412384	-58.165966
2395.200000	-263.455017	-57.698738
2395.266667	-263.556732	-57.270432
2395.333333	-263.566040	-56.903667
2395.400000	-263.570557	-56.398506
2395.466667	-263.584717	-56.040749
2395.533333	-263.545044	-55.644176
2395.600000	-263.486359	-55.351261
2395.666667	-263.487061	-55.207314
2395.733333	-263.492615	-55.078838
2395.800000	-263.480682	-55.044636
2395.866667	-263.432434	-55.120178
2395.933333	-263.408386	-55.310116
2396.000000	-263.403503	-55.518341
2396.066667	-263.387665	-55.734798
2396.133333	-263.444397	-56.167629
2396.200000	-263.502136	-56.730343
2396.266667	-263.535614	-57.145405
2396.333333	-263.608673	-57.463184
2396.400000	-263.669006	-57.972759
2396.466667	-263.745514	-58.463734
2396.533333	-263.893860	-58.952217
2396.600000	-263.999207	-59.220093
2396.666667	-264.090851	-59.544502
2396.733333	-264.169861	-59.681076
2396.800000	-264.233551	-59.669117
2396.866667	-264.319397	-59.663662
2396.933333	-264.452637	-59.662159
2397.000000	-264.487183	-59.469055
2397.066667	-264.643921	-59.157421
2397.133333	-264.709961	-58.830811
2397.200000	-264.795807	-58.555470
2397.266667	-264.846466	-58.218884
2397.333333	-264.873230	-57.783371
2397.400000	-264.837494	-57.177113
2397.466667	-264.932739	-56.748062
2397.533333	-264.987885	-56.305370
2397.600000	-264.997253	-56.025421
2397.666667	-265.024597	-55.809525
2397.733333	-265.093597	-55.615242
2397.800000	-265.128876	-55.453384
2397.866667	-265.171661	-55.369045
2397.933333	-265.190491	-55.353756
2398.000000	-265.214844	-55.502094
2398.066667	-265.194092	-55.663204
2398.133333	-265.218079	-55.903172
2398.200000	-265.266541	-56.238789
2398.266667	-265.279541	-56.635521
2398.333333	-265.243561	-57.065945
2398.400000	-265.270782	-57.673660
2398.466667	-265.338654	-58.181252
2398.533333	-265.312958	-58.435452
2398.600000	-265.328125	-58.802765
2398.666667	-265.354004	-59.135593
2398.733333	-265.471527	-59.536751
2398.800000	-265.532867	-59.770325
2398.866667	-265.587708	-59.898449
2398.933333	-265.672638	-59.991779
2399.000000	-265.762726	-59.966595
2399.066667	-265.877411	-59.717949
2399.133333	-265.877411	-59.717949
2399.200000	-265.915222	-59.361095
2399.266667	-265.980286	-58.866108
2399.333333	-266.124847	-58.505894
2399.400000	-266.219116	-58.056396
2399.466667	-266.421082	-57.156765
2399.533333	-266.421082	-57.156765
2399.600000	-266.505463	-56.785976
2399.666667	-266.542664	-56.447426
2399.733333	-266.612396	-56.037544
2399.800000	-266.661255	-55.831806
2399.866667	-266.694427	-55.472427
2399.933333	-266.694427	-55.472427
2400.000000	-266.720795	-55.498222
