3480.066667	-172.963501	-75.715790
3480.133333	-173.080627	-76.056854
3480.200000	-173.246933	-76.306808
3480.266667	-173.438690	-76.579163
3480.333333	-173.590057	-76.807541
3480.400000	-173.729599	-77.009102
3480.466667	-173.875168	-77.029610
3480.533333	-174.031967	-77.033859
3480.600000	-174.115234	-76.847450
3480.666667	-174.195709	-76.709435
3480.733333	-174.265427	-76.494278
3480.800000	-174.397583	-76.208664
3480.866667	-174.444229	-75.895554
3480.933333	-174.526352	-75.506996
3481.000000	-174.568695	-75.135345
3481.066667	-174.641708	-74.760086
3481.133333	-174.677933	-74.419952
3481.200000	-174.721191	-74.102020
3481.266667	-174.744598	-73.833496
3481.333333	-174.843735	-73.571587
3481.400000	-174.913193	-73.482666
3481.466667	-175.015121	-73.411774
3481.533333	-175.070374	-73.366684
3481.600000	-175.149414	-73.422371
3481.666667	-175.281693	-73.568840
3481.733333	-175.460373	-73.802704
3481.800000	-175.554016	-74.009285
3481.866667	-175.696304	-74.394287
3481.933333	-175.831558	-74.671692
3482.000000	-175.946838	-75.078194
3482.066667	-176.103836	-75.484398
3482.133333	-176.301437	-75.892273
3482.200000	-176.428635	-76.318649
3482.266667	-176.592743	-76.538025
3482.333333	-176.728622	-76.831078
3482.400000	-176.908600	-77.024780
3482.466667	-177.028183	-77.165337
3482.533333	-177.127197	-77.210014
3482.600000	-177.333572	-77.351929
3482.666667	-177.495605	-77.263092
3482.733333	-177.615738	-77.105431
3482.800000	-177.685745	-76.866829
3482.866667	-177.783081	-76.611885
3482.933333	-177.904572	-76.255249
3483.000000	-178.003586	-75.935020
3483.066667	-178.176147	-75.668701
3483.133333	-178.231293	-75.257919
3483.200000	-178.310608	-75.043663
3483.266667	-178.371735	-74.576210
3483.333333	-178.410645	-74.360191
3483.400000	-178.468658	-74.055969
3483.466667	-178.473999	-73.809944
3483.533333	-178.480118	-73.670387
3483.600000	-178.532578	-73.677376
3483.666667	-178.621216	-73.774811
3483.733333	-178.696472	-73.844582
3483.800000	-178.788651	-74.041649
3483.866667	-178.893066	-74.297249
3483.933333	-179.039764	-74.517540
3484.000000	-179.120697	-74.783394
3484.066667	-179.258484	-75.171532
3484.133333	-179.377365	-75.686760
3484.200000	-179.532730	-76.079010
3484.266667	-179.669479	-76.445465
3484.333333	-179.788559	-76.689987
3484.400000	-179.922256	-76.981598
3484.466667	-180.053024	-77.222786
3484.533333	-180.303146	-77.455917
3484.600000	-180.477829	-77.612854
3484.666667	-180.620728	-77.666077
3484.733333	-180.737915	-77.646538
3484.800000	-180.886734	-77.514870
3484.866667	-181.093872	-77.419296
3484.933333	-181.286621	-77.130020
3485.000000	-181.384811	-76.837723
3485.066667	-181.464920	-76.389122
3485.133333	-181.551300	-76.169861
3485.200000	-181.630005	-75.699158
3485.266667	-181.743500	-75.227623
3485.333333	-181.807358	-74.885124
3485.400000	-181.910721	-74.562134
3485.466667	-181.966736	-74.340729
3485.533333	-182.005493	-74.182724
3485.600000	-182.098358	-74.084923
3485.666667	-182.172394	-74.032555
3485.733333	-182.253418	-74.010269
3485.800000	-182.285202	-74.043549
3485.866667	-182.316879	-74.163002
3485.933333	-182.447479	-74.375931
3486.000000	-182.520615	-74.580368
3486.066667	-182.603394	-74.953178
3486.133333	-182.680313	-75.375221
3486.200000	-182.771088	-75.824493
3486.266667	-182.798920	-76.083229
3486.333333	-182.898376	-76.444138
3486.400000	-183.037445	-76.949150
3486.466667	-183.233124	-77.369293
3486.533333	-183.392609	-77.654091
3486.600000	-183.542679	-77.844162
3486.666667	-183.677689	-77.962807
3486.733333	-183.790466	-77.991890
3486.800000	-183.933701	-78.028122
3486.866667	-184.097412	-77.906090
3486.933333	-184.246445	-77.761375
3487.000000	-184.419815	-77.462524
3487.066667	-184.585556	-77.321220
3487.133333	-184.703217	-76.901749
3487.200000	-184.857544	-76.670166
3487.266667	-185.023788	-76.279358
3487.333333	-185.176956	-75.779541
3487.400000	-185.275574	-75.461464
3487.466667	-185.371292	-75.033592
3487.533333	-185.451096	-74.747337
3487.600000	-185.518631	-74.453178
3487.666667	-185.636520	-74.319656
3487.733333	-185.708572	-74.242714
3487.800000	-185.768066	-74.097801
3487.866667	-185.821869	-74.180946
3487.933333	-185.875427	-74.276459
3488.000000	-185.967407	-74.604431
3488.066667	-186.052567	-74.965134
3488.133333	-186.107391	-75.172356
3488.200000	-186.139999	-75.473831
3488.266667	-186.236053	-75.878700
3488.333333	-186.265472	-76.238426
3488.400000	-186.364014	-76.701469
3488.466667	-186.469986	-77.129753
3488.533333	-186.542267	-77.391068
3488.600000	-186.616638	-77.608994
3488.666667	-186.772690	-77.747452
3488.733333	-186.885330	-77.979454
3488.800000	-186.973267	-78.037491
3488.866667	-187.122482	-78.126678
3488.933333	-187.241943	-78.136169
3489.000000	-187.404419	-77.985497
3489.066667	-187.639297	-77.772087
3489.133333	-187.787979	-77.603622
3489.200000	-187.902344	-77.303246
3489.266667	-188.077164	-77.018997
3489.333333	-188.261078	-76.663261
3489.400000	-188.404770	-76.221977
3489.466667	-188.513824	-75.876686
3489.533333	-188.623978	-75.550995
3489.600000	-188.738388	-75.324074
3489.666667	-188.884201	-75.137428
3489.733333	-189.040649	-74.849663
3489.800000	-189.124237	-74.598755
3489.866667	-189.194092	-74.374245
3489.933333	-189.286957	-74.480537
3490.000000	-189.344452	-74.569687
3490.066667	-189.400772	-74.855072
3490.133333	-189.465347	-75.043190
3490.200000	-189.606735	-75.305397
3490.266667	-189.641464	-75.528793
3490.333333	-189.688553	-75.952858
3490.400000	-189.796402	-76.439476
3490.466667	-189.873718	-76.847786
3490.533333	-189.918304	-77.261696
3490.600000	-189.969803	-77.488708
3490.666667	-190.005188	-77.848824
3490.733333	-190.132858	-78.068527
3490.800000	-190.198013	-78.275528
3490.866667	-190.272644	-78.398911
3490.933333	-190.421463	-78.523323
3491.000000	-190.484604	-78.492714
3491.066667	-190.584686	-78.456421
3491.133333	-190.713943	-78.336952
3491.200000	-190.849197	-78.052208
3491.266667	-190.957443	-77.803436
3491.333333	-191.090225	-77.474602
3491.400000	-191.259323	-77.105278
3491.466667	-191.401993	-76.670769
3491.533333	-191.526764	-76.271065
3491.600000	-191.762726	-75.934319
3491.666667	-191.876282	-75.630875
3491.733333	-191.999588	-75.387642
3491.800000	-192.135452	-75.104385
3491.866667	-192.342789	-74.958939
3491.933333	-192.434845	-74.728966
3492.000000	-192.585999	-74.740318
3492.066667	-192.676483	-74.774704
3492.133333	-192.765274	-74.950325
3492.200000	-192.858124	-75.101341
3492.266667	-192.919708	-75.299278
3492.333333	-193.055527	-75.563156
3492.400000	-193.097855	-76.074554
3492.466667	-193.144226	-76.548973
3492.533333	-193.205582	-76.854889
3492.600000	-193.302032	-77.270851
3492.666667	-193.348145	-77.550591
3492.733333	-193.426987	-77.900108
3492.800000	-193.499893	-78.278008
3492.866667	-193.566071	-78.634697
3492.933333	-193.626755	-78.831497
3493.000000	-193.675476	-78.868050
3493.066667	-193.750320	-78.899368
3493.133333	-193.854233	-78.792564
3493.200000	-193.924500	-78.687996
3493.266667	-194.011566	-78.498337
3493.333333	-194.159210	-78.250061
3493.400000	-194.282227	-77.908890
3493.466667	-194.335648	-77.574287
3493.533333	-194.469543	-76.973640
3493.600000	-194.612503	-76.568398
3493.666667	-194.804810	-76.288292
3493.733333	-194.914719	-75.922478
3493.800000	-195.120758	-75.567032
3493.866667	-195.331207	-75.296883
3493.933333	-195.549194	-75.154724
3494.000000	-195.775955	-75.188789
3494.066667	-195.940430	-75.202789
3494.133333	-196.133759	-75.238258
3494.200000	-196.327515	-75.337616
3494.266667	-196.471527	-75.547211
3494.333333	-196.563232	-75.717537
3494.400000	-196.686386	-75.955330
3494.466667	-196.820206	-76.401382
3494.533333	-196.944672	-76.871681
3494.600000	-197.047455	-77.234589
3494.666667	-197.163742	-77.658691
3494.733333	-197.236588	-78.064919
3494.800000	-197.304169	-78.483749
3494.866667	-197.373428	-78.779167
3494.933333	-197.423477	-78.924454
3495.000000	-197.478851	-79.206764
3495.066667	-197.506348	-79.323425
3495.133333	-197.508881	-79.336060
3495.200000	-197.548508	-79.270561
3495.266667	-197.585037	-79.229279
3495.333333	-197.669983	-78.978050
3495.400000	-197.704605	-78.786461
3495.466667	-197.751633	-78.533485
3495.533333	-197.839966	-78.223793
3495.600000	-197.979462	-77.966568
3495.666667	-198.060547	-77.586304
3495.733333	-198.170776	-77.156975
3495.800000	-198.161835	-76.669418
3495.866667	-198.336975	-76.338875
3495.933333	-198.516235	-76.122185
3496.000000	-198.641846	-75.849762
3496.066667	-198.766571	-75.719673
3496.133333	-198.879044	-75.613541
3496.200000	-198.987442	-75.607262
3496.266667	-199.115234	-75.643494
3496.333333	-199.295517	-75.646378
3496.400000	-199.410507	-75.836601
3496.466667	-199.536148	-76.194511
3496.533333	-199.652863	-76.448334
3496.600000	-199.805664	-76.759911
3496.666667	-199.909073	-77.141510
3496.733333	-200.087479	-77.430717
3496.800000	-200.189438	-77.971397
3496.866667	-200.310379	-78.344620
3496.933333	-200.365067	-78.598923
3497.000000	-200.390900	-78.753929
3497.066667	-200.504333	-79.106392
3497.133333	-200.531845	-79.238205
3497.200000	-200.566620	-79.344215
3497.266667	-200.585068	-79.311722
3497.333333	-200.643967	-79.237343
3497.400000	-200.656555	-79.115051
3497.466667	-200.735550	-78.860985
3497.533333	-200.748276	-78.629585
3497.600000	-200.759811	-78.327301
3497.666667	-200.786819	-78.061264
3497.733333	-200.907867	-77.642265
3497.800000	-200.956955	-77.307625
3497.866667	-201.092560	-77.002357
3497.933333	-201.159027	-76.721695
3498.000000	-201.254181	-76.486732
3498.066667	-201.296722	-76.131973
3498.133333	-201.409637	-75.997490
3498.200000	-201.532455	-75.863457
3498.266667	-201.716339	-75.858093
3498.333333	-201.796402	-75.821991
3498.400000	-201.909698	-75.846413
3498.466667	-202.071457	-75.982559
3498.533333	-202.269409	-76.319000
3498.600000	-202.421814	-76.617775
3498.666667	-202.512833	-76.833252
3498.733333	-202.683594	-77.262413
3498.800000	-202.822876	-77.570473
3498.866667	-202.938400	-77.968292
3498.933333	-203.132874	-78.340912
3499.000000	-203.246887	-78.558449
3499.066667	-203.407806	-78.799362
3499.133333	-203.519592	-79.082390
3499.200000	-203.643066	-79.297150
3499.266667	-203.759720	-79.488510
3499.333333	-203.882812	-79.560921
3499.400000	-204.015610	-79.599915
3499.466667	-204.068436	-79.554344
3499.533333	-203.990540	-79.299156
3499.600000	-203.990433	-79.109840
3499.666667	-204.042465	-78.714951
3499.733333	-204.087357	-78.471970
3499.800000	-204.094666	-78.129997
3499.866667	-204.094315	-77.774323
3499.933333	-204.109070	-77.392159
3500.000000	-204.187469	-77.008675
3500.066667	-204.329636	-76.868065
3500.133333	-204.373993	-76.595551
3500.200000	-204.462738	-76.363823
3500.266667	-204.575531	-76.221291
3500.333333	-204.679657	-76.084915
3500.400000	-204.884140	-76.132149
3500.466667	-204.996368	-76.290611
3500.533333	-205.139618	-76.343567
3500.600000	-205.339706	-76.668976
3500.666667	-205.490143	-76.923203
3500.733333	-205.654144	-77.145760
3500.800000	-205.802551	-77.433083
3500.866667	-205.962662	-77.726784
3500.933333	-206.060349	-78.126518
3501.000000	-206.169342	-78.420540
3501.066667	-206.326370	-78.684883
3501.133333	-206.531204	-79.114510
3501.200000	-206.706512	-79.394516
3501.266667	-206.878311	-79.611153
3501.333333	-207.074081	-79.821808
3501.400000	-207.074081	-79.821808
3501.466667	-207.151413	-79.783440
3501.533333	-207.226669	-79.734268
3501.600000	-207.287384	-79.579102
3501.666667	-207.407883	-79.456398
3501.733333	-207.477905	-78.852745
3501.800000	-207.477905	-78.852745
3501.866667	-207.544632	-78.436646
3501.933333	-207.641418	-78.196999
3502.000000	-207.637756	-77.829002
3502.066667	-207.622040	-77.492363
3502.133333	-207.636383	-77.232376
3502.200000	-207.734909	-77.010040
3502.266667	-207.750702	-76.818970
3502.333333	-207.901108	-76.650055
3502.400000	-207.952133	-76.509834
3502.466667	-207.974823	-76.436401
3502.533333	-208.160278	-76.590904
3502.600000	-208.160278	-76.590904
3502.666667	-208.280899	-76.773087
3502.733333	-208.351837	-76.990150
3502.800000	-208.439316	-77.138275
3502.866667	-208.642502	-77.544350
3502.933333	-209.029205	-78.197861
3503.000000	-209.081604	-78.430031
3503.066667	-209.081604	-78.430031
3503.133333	-209.278702	-78.853325
3503.200000	-209.447128	-79.289536
3503.266667	-209.555450	-79.416519
3503.333333	-209.838928	-79.761795
3503.400000	-209.991241	-79.916687
3503.466667	-209.991241	-79.916687
3503.533333	-210.124924	-79.901993
3503.600000	-210.279617	-79.859833
3503.666667	-210.408981	-79.774246
3503.733333	-210.635635	-79.517471
3503.800000	-210.669464	-79.203766
3503.866667	-210.669464	-79.203766
3503.933333	-210.712540	-78.906410
3504.000000	-210.807816	-78.517494
3504.066667	-210.789383	-78.167130
3504.133333	-210.806915	-77.805717
3504.200000	-210.952744	-77.224678
3504.266667	-210.940659	-77.022263
3504.333333	-210.940659	-77.022263
3504.400000	-210.982178	-76.828178
3504.466667	-211.078171	-76.681473
3504.533333	-211.154602	-76.717148
3504.600000	-211.289078	-76.740715
3504.666667	-211.383438	-76.794044
3504.733333	-211.383438	-76.794044
3504.800000	-211.544968	-77.020866
3504.866667	-211.667282	-77.257675
3504.933333	-211.781143	-77.907570
3505.000000	-211.951782	-78.347794
3505.066667	-212.060776	-78.740021
3505.133333	-212.060776	-78.740021
3505.200000	-212.209305	-79.094810
3505.266667	-212.359070	-79.359261
3505.333333	-212.573151	-79.607651
3505.400000	-212.774796	-79.984840
3505.466667	-212.937408	-80.155365
3505.533333	-213.107468	-80.264412
3505.600000	-213.107468	-80.264412
3505.666667	-213.214981	-80.201355
3505.733333	-213.449036	-79.883690
3505.800000	-213.584061	-79.677811
3505.866667	-213.753067	-79.501869
3505.933333	-213.773102	-79.316460
3506.000000	-213.773102	-79.316460
3506.066667	-213.863800	-78.963226
3506.133333	-214.015030	-78.685699
3506.200000	-214.123871	-78.042595
3506.266667	-214.161606	-77.784027
3506.333333	-214.243958	-77.504547
3506.400000	-214.243958	-77.504547
3506.466667	-214.256866	-77.280640
3506.533333	-214.360367	-77.110329
3506.600000	-214.433807	-77.049751
3506.666667	-214.512482	-77.158333
3506.733333	-214.509262	-77.223503
3506.800000	-214.509262	-77.223503
3506.866667	-214.536865	-77.410553
3506.933333	-214.533432	-77.602798
3507.000000	-214.788147	-78.154465
3507.066667	-214.916260	-78.453842
3507.133333	-214.979034	-78.876076
3507.200000	-215.039566	-79.180359
3507.266667	-215.039566	-79.180359
3507.333333	-215.372818	-79.700653
3507.400000	-215.485748	-80.005928
3507.466667	-215.645203	-80.251190
3507.533333	-215.705536	-80.389481
3507.600000	-215.847000	-80.413803
3507.666667	-215.847000	-80.413803
3507.733333	-215.994629	-80.373558
3507.800000	-216.412628	-80.156212
3507.866667	-216.503677	-79.972969
3507.933333	-216.638840	-79.657059
3508.000000	-216.803574	-79.414436
3508.066667	-216.803574	-79.414436
3508.133333	-217.192520	-78.939125
3508.200000	-217.341034	-78.557335
3508.266667	-217.502884	-78.243912
3508.333333	-217.526489	-77.986778
3508.400000	-217.622299	-77.703850
3508.466667	-217.623856	-77.407623
3508.533333	-217.623856	-77.407623
3508.600000	-217.643753	-77.098709
3508.666667	-217.687958	-77.015976
3508.733333	-217.719818	-77.023087
3508.800000	-217.726532	-77.053406
3508.866667	-217.766266	-77.242043
3508.933333	-217.766266	-77.242043
3509.000000	-217.833984	-77.771027
3509.066667	-217.913177	-78.100868
3509.133333	-217.935898	-78.408630
3509.200000	-217.929855	-78.727921
3509.266667	-217.893570	-79.017555
3509.333333	-217.876648	-79.458252
3509.400000	-217.916214	-79.788635
3509.466667	-217.988266	-80.060020
3509.533333	-218.024506	-80.208260
3509.600000	-218.085373	-80.352875
3509.666667	-218.166855	-80.492043
3509.733333	-218.258820	-80.530655
3509.800000	-218.460037	-80.613670
3509.866667	-218.557892	-80.416718
3509.933333	-218.679382	-80.280373
3510.000000	-218.828308	-80.049446
3510.066667	-218.947296	-79.832077
3510.133333	-219.099564	-79.566376
3510.200000	-219.257950	-79.304916
3510.266667	-219.318604	-78.812119
3510.333333	-219.504944	-78.493637
3510.400000	-219.650223	-78.225990
3510.466667	-219.813324	-77.938843
3510.533333	-220.002869	-77.784531
3510.600000	-220.115250	-77.465492
3510.666667	-220.329056	-77.386459
3510.733333	-220.416428	-77.342316
3510.800000	-220.519302	-77.374367
3510.866667	-220.586807	-77.437508
3510.933333	-220.653763	-77.561737
3511.000000	-220.678955	-77.747467
3511.066667	-220.711411	-77.975571
3511.133333	-220.736176	-78.240273
3511.200000	-220.772369	-78.621338
3511.266667	-220.788605	-79.032890
3511.333333	-220.799911	-79.388451
3511.400000	-220.880585	-79.750687
3511.466667	-221.089615	-80.262871
3511.533333	-221.142273	-80.557747
3511.600000	-221.181335	-80.812569
3511.666667	-221.254288	-81.112991
3511.733333	-221.358185	-81.402145
3511.800000	-221.429398	-81.471413
3511.866667	-221.554779	-81.417519
3511.933333	-221.818436	-81.427338
3512.000000	-221.932541	-81.293976
3512.066667	-222.008316	-81.036148
3512.133333	-222.126175	-80.723755
3512.200000	-222.178452	-80.362717
3512.266667	-222.375061	-80.000641
3512.333333	-222.476273	-79.629005
3512.400000	-222.563812	-79.257080
3512.466667	-222.710403	-78.914162
3512.533333	-222.821808	-78.612335
3512.600000	-222.941605	-78.279663
3512.666667	-223.173798	-78.065598
3512.733333	-223.257812	-77.829048
3512.800000	-223.336746	-77.736450
3512.866667	-223.436417	-77.707191
3512.933333	-223.483795	-77.741997
3513.000000	-223.555206	-77.789352
3513.066667	-223.639847	-77.924644
3513.133333	-223.672531	-78.102142
3513.200000	-223.728531	-78.390839
3513.266667	-223.829239	-78.775436
3513.333333	-223.886459	-79.233208
3513.400000	-223.989105	-79.567291
3513.466667	-224.073822	-80.045769
3513.533333	-224.106308	-80.318939
3513.600000	-224.110291	-80.687561
3513.666667	-224.165894	-81.020584
3513.733333	-224.227646	-81.274643
3513.800000	-224.281296	-81.542809
3513.866667	-224.381897	-81.695465
3513.933333	-224.465210	-81.746361
3514.000000	-224.542343	-81.707558
3514.066667	-224.640045	-81.622490
3514.133333	-224.739914	-81.513451
3514.200000	-224.784012	-81.292152
3514.266667	-224.817139	-80.879845
3514.333333	-224.891357	-80.462654
3514.400000	-225.012985	-80.123428
3514.466667	-225.154251	-79.710510
3514.533333	-225.281357	-79.377457
3514.600000	-225.460815	-78.990974
3514.666667	-225.576675	-78.618675
3514.733333	-225.697556	-78.346443
3514.800000	-225.823593	-78.167595
3514.866667	-226.010651	-78.107483
3514.933333	-226.132385	-77.998207
3515.000000	-226.253113	-77.964981
3515.066667	-226.347061	-78.003944
3515.133333	-226.475616	-78.145576
3515.200000	-226.524948	-78.277306
3515.266667	-226.651001	-78.570740
3515.333333	-226.727798	-78.831200
3515.400000	-226.793213	-79.188675
3515.466667	-226.939041	-79.811813
3515.533333	-226.989761	-80.104790
3515.600000	-227.008850	-80.531776
3515.666667	-227.051376	-80.988495
3515.733333	-227.074707	-81.386948
3515.800000	-227.170837	-81.628654
3515.866667	-227.294601	-81.879227
3515.933333	-227.358276	-82.048309
3516.000000	-227.394043	-82.123169
3516.066667	-227.446274	-82.182571
3516.133333	-227.537003	-82.083969
3516.200000	-227.588425	-81.960075
3516.266667	-227.656967	-81.764473
3516.333333	-227.758240	-81.541389
3516.400000	-227.812363	-81.257103
3516.466667	-227.878326	-80.777130
3516.533333	-227.934341	-80.404434
3516.600000	-228.021164	-80.014366
3516.666667	-228.065445	-79.623703
3516.733333	-228.141785	-79.224548
3516.800000	-228.297195	-78.958321
3516.866667	-228.370422	-78.623131
3516.933333	-228.505066	-78.452057
3517.000000	-228.584152	-78.361313
3517.066667	-228.747223	-78.366623
3517.133333	-228.936813	-78.352348
3517.200000	-229.055023	-78.470139
3517.266667	-229.154495	-78.603195
3517.333333	-229.347321	-78.938072
3517.400000	-229.486084	-79.236252
3517.466667	-229.587509	-79.600014
3517.533333	-229.681686	-79.991028
3517.600000	-229.762070	-80.408363
3517.666667	-229.824677	-80.760933
3517.733333	-229.890076	-81.057312
3517.800000	-229.954819	-81.433388
3517.866667	-230.103378	-81.942749
3517.933333	-230.121536	-82.147972
3518.000000	-230.159637	-82.256241
3518.066667	-230.154343	-82.322922
3518.133333	-230.199982	-82.384529
3518.200000	-230.226425	-82.339638
3518.266667	-230.204575	-82.266312
3518.333333	-230.265244	-82.167747
3518.400000	-230.394058	-81.992149
3518.466667	-230.408920	-81.727356
3518.533333	-230.503830	-81.389832
3518.600000	-230.561478	-80.885353
3518.666667	-230.585434	-80.438568
3518.733333	-230.657578	-80.011284
3518.800000	-230.701996	-79.745285
3518.866667	-230.794388	-79.391861
3518.933333	-230.932892	-79.091385
3519.000000	-231.066437	-78.898018
3519.066667	-231.210648	-78.758171
3519.133333	-231.316315	-78.664803
3519.200000	-231.442017	-78.640137
3519.266667	-231.564194	-78.673233
3519.333333	-231.744720	-78.878365
3519.400000	-231.918655	-79.134781
3519.466667	-232.062256	-79.467247
3519.533333	-232.194092	-79.936684
3519.600000	-232.341843	-80.284958
3519.666667	-232.402222	-80.547752
3519.733333	-232.513947	-80.908997
3519.800000	-232.588074	-81.342461
3519.866667	-232.762512	-81.715744
3519.933333	-232.852097	-82.062859
3520.000000	-232.919510	-82.257263
3520.066667	-232.959412	-82.440041
3520.133333	-232.996567	-82.539284
3520.200000	-233.035126	-82.619270
3520.266667	-233.042282	-82.566948
3520.333333	-233.114243	-82.524384
3520.400000	-233.150131	-82.457451
3520.466667	-233.170929	-82.266228
3520.533333	-233.198593	-82.076401
3520.600000	-233.249359	-81.839867
3520.666667	-233.283218	-81.477676
3520.733333	-233.332001	-81.055412
3520.800000	-233.312042	-80.597595
3520.866667	-233.290848	-80.215874
3520.933333	-233.375992	-79.892319
3521.000000	-233.462677	-79.679070
3521.066667	-233.486435	-79.425735
3521.133333	-233.551025	-79.245872
3521.200000	-233.628479	-79.084183
3521.266667	-233.751755	-79.041603
3521.333333	-233.881943	-79.024696
3521.400000	-234.019699	-79.122292
3521.466667	-234.146805	-79.321556
3521.533333	-234.319031	-79.589050
3521.600000	-234.511292	-79.996704
3521.666667	-234.746399	-80.379456
3521.733333	-234.852661	-80.640541
3521.800000	-234.968185	-81.027969
3521.866667	-235.097672	-81.360008
3521.933333	-235.218613	-81.728058
3522.000000	-235.368988	-82.164864
3522.066667	-235.459198	-82.371643
3522.133333	-235.544174	-82.633049
3522.200000	-235.649994	-82.820305
3522.266667	-235.723557	-82.909897
3522.333333	-235.780731	-82.955261
3522.400000	-235.850937	-82.910934
3522.466667	-235.886642	-82.797607
3522.533333	-235.901566	-82.581688
3522.600000	-235.886337	-82.354019
3522.666667	-235.886429	-82.124100
3522.733333	-235.889496	-81.723152
3522.800000	-235.908295	-81.457306
3522.866667	-235.904068	-81.154083
3522.933333	-235.911728	-80.635033
3523.000000	-235.954361	-80.319374
3523.066667	-236.020004	-80.013985
3523.133333	-236.043533	-79.747757
3523.200000	-236.098465	-79.586853
3523.266667	-236.140381	-79.453316
3523.333333	-236.221268	-79.413887
3523.400000	-236.327942	-79.363960
3523.466667	-236.404526	-79.436996
3523.533333	-236.517792	-79.583160
3523.600000	-236.689789	-79.847588
3523.666667	-236.810211	-80.126282
3523.733333	-236.992508	-80.520187
3523.800000	-237.107620	-80.855217
3523.866667	-237.222382	-81.161606
3523.933333	-237.420410	-81.636032
3524.000000	-237.561676	-82.013046
3524.066667	-237.686096	-82.357506
3524.133333	-237.822998	-82.743225
3524.200000	-237.952316	-82.934982
3524.266667	-238.070648	-83.088371
3524.333333	-238.185028	-83.190529
3524.400000	-238.238937	-83.199860
3524.466667	-238.348099	-83.209961
3524.533333	-238.366333	-83.168892
3524.600000	-238.453415	-83.078041
3524.666667	-238.522308	-82.893944
3524.733333	-238.543167	-82.661201
3524.800000	-238.609894	-82.329506
3524.866667	-238.594940	-81.952530
3524.933333	-238.584717	-81.606026
3525.000000	-238.581177	-81.269623
3525.066667	-238.569260	-80.879562
3525.133333	-238.522675	-80.484879
3525.200000	-238.545609	-80.057167
3525.266667	-238.541336	-79.887054
3525.333333	-238.589249	-79.806160
3525.400000	-238.652618	-79.725731
3525.466667	-238.682556	-79.668762
3525.533333	-238.747574	-79.739182
3525.600000	-238.823792	-79.866196
3525.666667	-238.972290	-80.034950
3525.733333	-239.087280	-80.367470
3525.800000	-239.232956	-80.796120
3525.866667	-239.346298	-81.135101
3525.933333	-239.456970	-81.396141
3526.000000	-239.626984	-81.767311
3526.066667	-239.772644	-82.115959
3526.133333	-239.963791	-82.622940
3526.200000	-240.103058	-82.912277
3526.266667	-240.295319	-83.213600
3526.333333	-240.422699	-83.460793
3526.400000	-240.556656	-83.671341
3526.466667	-240.647400	-83.769165
3526.533333	-240.775528	-83.767700
3526.600000	-240.926025	-83.727119
3526.666667	-240.946838	-83.524788
3526.733333	-240.973923	-83.271942
3526.800000	-241.017120	-83.032242
3526.866667	-241.070023	-82.786880
3526.933333	-241.066589	-82.390320
3527.000000	-241.126602	-82.091728
3527.066667	-241.161148	-81.807526
3527.133333	-241.227158	-81.496849
3527.200000	-241.258667	-80.980515
3527.266667	-241.218872	-80.762634
3527.333333	-241.198807	-80.550522
3527.400000	-241.189163	-80.254204
3527.466667	-241.194336	-80.085220
3527.533333	-241.208786	-79.997986
3527.600000	-241.259628	-80.093285
3527.666667	-241.326736	-80.212189
3527.733333	-241.399185	-80.392532
3527.800000	-241.480194	-80.615219
3527.866667	-241.594559	-80.857567
3527.933333	-241.719910	-81.250244
3528.000000	-241.803955	-81.542809
3528.066667	-241.898148	-81.965363
3528.133333	-242.022812	-82.315170
3528.200000	-242.205261	-82.782532
3528.266667	-242.368652	-83.301620
3528.333333	-242.483963	-83.584579
3528.400000	-242.607910	-83.732956
3528.466667	-242.694916	-83.893211
3528.533333	-242.765610	-84.069595
3528.600000	-242.936569	-84.147339
3528.666667	-243.164230	-84.134575
3528.733333	-243.235794	-84.002556
3528.800000	-243.306061	-83.750908
3528.866667	-243.416138	-83.510880
3528.933333	-243.521790	-83.255173
3529.000000	-243.612686	-83.004745
3529.066667	-243.649185	-82.674927
3529.133333	-243.673904	-82.332062
3529.200000	-243.688568	-81.984047
3529.266667	-243.735153	-81.607231
3529.333333	-243.817169	-81.345009
3529.400000	-243.778458	-80.945274
3529.466667	-243.750549	-80.684143
3529.533333	-243.755356	-80.484528
3529.600000	-243.789124	-80.502472
3529.666667	-243.770889	-80.440849
3529.733333	-243.814667	-80.508194
3529.800000	-243.865555	-80.730965
3529.866667	-243.931396	-80.914696
3529.933333	-243.995102	-81.188316
3530.000000	-244.068558	-81.532829
3530.066667	-244.108307	-81.880959
3530.133333	-244.180527	-82.160225
3530.200000	-244.309845	-82.527092
3530.266667	-244.442490	-82.917557
3530.333333	-244.573975	-83.279320
3530.400000	-244.691788	-83.653305
3530.466667	-244.802917	-83.894722
3530.533333	-244.936859	-84.142700
3530.600000	-245.057266	-84.262413
3530.666667	-245.188583	-84.331543
3530.733333	-245.285599	-84.274422
3530.800000	-245.424896	-84.234352
3530.866667	-245.558105	-84.186607
3530.933333	-245.680161	-83.999786
3531.000000	-245.816711	-83.733292
3531.066667	-245.846207	-83.460869
3531.133333	-245.916016	-83.089287
3531.200000	-245.986191	-82.752899
3531.266667	-246.010437	-82.363266
3531.333333	-246.129288	-82.066956
3531.400000	-246.153290	-81.832825
3531.466667	-246.219635	-81.610405
3531.533333	-246.211365	-81.314407
3531.600000	-246.294540	-81.092072
3531.666667	-246.330170	-81.021439
3531.733333	-246.345230	-80.900200
3531.800000	-246.372238	-80.934914
3531.866667	-246.405502	-81.045174
3531.933333	-246.413071	-81.192245
3532.000000	-246.501389	-81.465538
3532.066667	-246.489746	-81.688934
3532.133333	-246.509720	-81.973267
3532.200000	-246.538773	-82.276901
3532.266667	-246.594559	-82.699379
3532.333333	-246.716766	-83.091835
3532.400000	-246.759018	-83.488968
3532.466667	-246.859665	-83.883751
3532.533333	-247.015717	-84.161171
3532.600000	-247.124542	-84.419693
3532.666667	-247.162872	-84.613739
3532.733333	-247.210236	-84.698578
3532.800000	-247.258942	-84.691513
3532.866667	-247.352966	-84.632095
3532.933333	-247.444763	-84.577881
3533.000000	-247.572571	-84.367889
3533.066667	-247.764175	-84.169281
3533.133333	-247.861313	-83.944695
3533.200000	-247.988266	-83.572945
3533.266667	-248.053619	-83.293770
3533.333333	-248.098419	-82.938095
3533.400000	-248.197205	-82.606560
3533.466667	-248.306793	-82.297485
3533.533333	-248.363770	-81.942184
3533.600000	-248.425476	-81.682388
3533.666667	-248.485382	-81.526550
3533.733333	-248.524323	-81.420479
3533.800000	-248.605301	-81.300705
3533.866667	-248.653732	-81.275986
3533.933333	-248.710556	-81.376213
3534.000000	-248.726883	-81.461708
3534.066667	-248.733398	-81.614609
3534.133333	-248.694901	-81.852409
3534.200000	-248.748901	-82.158783
3534.266667	-248.848022	-82.528748
3534.333333	-248.807129	-82.793083
3534.400000	-248.866898	-83.209671
3534.466667	-248.952789	-83.565605
3534.533333	-249.040848	-84.142326
3534.600000	-249.149094	-84.639740
3534.666667	-249.176956	-84.843506
3534.733333	-249.170074	-84.935692
3534.800000	-249.220642	-85.046104
3534.866667	-249.268402	-85.111954
3534.933333	-249.339539	-85.108406
3535.000000	-249.404800	-85.056572
3535.066667	-249.566544	-84.910446
3535.133333	-249.712814	-84.697655
3535.200000	-249.816162	-84.447395
3535.266667	-249.894821	-84.068054
3535.333333	-249.941635	-83.628128
3535.400000	-249.990112	-83.283287
3535.466667	-250.131546	-82.993324
3535.533333	-250.184433	-82.652245
3535.600000	-250.243454	-82.361870
3535.666667	-250.333847	-82.115677
3535.733333	-250.387863	-81.771149
3535.800000	-250.477020	-81.655663
3535.866667	-250.561996	-81.544197
3535.933333	-250.628326	-81.513466
3536.000000	-250.713486	-81.505730
3536.066667	-250.783661	-81.684273
3536.133333	-250.841965	-81.871269
3536.200000	-250.901917	-82.169769
3536.266667	-250.933319	-82.390587
3536.333333	-250.986465	-82.760757
3536.400000	-251.058960	-83.083290
3536.466667	-251.157059	-83.433517
3536.533333	-251.177689	-83.767509
3536.600000	-251.223328	-84.212349
3536.666667	-251.267807	-84.534637
3536.733333	-251.325378	-84.804932
3536.800000	-251.362762	-85.051949
3536.866667	-251.421844	-85.201050
3536.933333	-251.410553	-85.333160
3537.000000	-251.439377	-85.369995
3537.066667	-251.466309	-85.294060
3537.133333	-251.504166	-85.177895
3537.200000	-251.569458	-84.996712
3537.266667	-251.657822	-84.872101
3537.333333	-251.703964	-84.578743
3537.400000	-251.736618	-84.362022
3537.466667	-251.788239	-83.980301
3537.533333	-251.860199	-83.397934
3537.600000	-251.971924	-83.057976
3537.666667	-252.071838	-82.778381
3537.733333	-252.122025	-82.428680
3537.800000	-252.342316	-82.072746
3537.866667	-252.342316	-82.072746
3537.933333	-252.398178	-81.924965
3538.000000	-252.474075	-81.842285
3538.066667	-252.572052	-81.893280
3538.133333	-252.618866	-81.958725
3538.200000	-252.807129	-82.318245
3538.266667	-252.807129	-82.318245
3538.333333	-252.917648	-82.597885
3538.400000	-253.007919	-82.964661
3538.466667	-253.086060	-83.224098
3538.533333	-253.088013	-83.498680
3538.600000	-253.278961	-84.286964
3538.666667	-253.278961	-84.286964
3538.733333	-253.372025	-84.620804
3538.800000	-253.430542	-85.042366
3538.866667	-253.422882	-85.318008
3538.933333	-253.428146	-85.551140
3539.000000	-253.524368	-85.764435
3539.066667	-253.524368	-85.764435
3539.133333	-253.535538	-85.768669
3539.200000	-253.543533	-85.664909
3539.266667	-253.545029	-85.518150
3539.333333	-253.560959	-85.249321
3539.400000	-253.583344	-84.711761
3539.466667	-253.557434	-84.346123
3539.533333	-253.557434	-84.346123
3539.600000	-253.594040	-83.993675
3539.666667	-253.495453	-83.431267
3539.733333	-253.590286	-83.119347
3539.800000	-253.755783	-82.568604
3539.866667	-253.827164	-82.352684
3539.933333	-253.827164	-82.352684
3540.000000	-253.993942	-82.268021
