5460.066667	37.199368	-100.532806
5460.133333	37.199368	-100.532806
5460.200000	37.199368	-100.532806
5460.266667	37.199368	-100.532806
5460.333333	37.199368	-100.532806
5460.400000	37.199368	-100.532806
5460.466667	37.199368	-100.532806
5460.533333	37.199368	-100.532806
5460.600000	37.199368	-100.532806
5460.666667	37.199368	-100.532806
5460.733333	37.199368	-100.532806
5460.800000	37.199368	-100.532806
5460.866667	37.199368	-100.532806
5460.933333	37.199368	-100.532806
5461.000000	37.199368	-100.532806
5461.066667	37.199368	-100.532806
5461.133333	37.199368	-100.532806
5461.200000	37.199368	-100.532806
5461.266667	37.199368	-100.532806
5461.333333	37.199368	-100.532806
5461.400000	37.199368	-100.532806
5461.466667	37.199368	-100.532806
5461.533333	37.199368	-100.532806
5461.600000	37.199368	-100.532806
5461.666667	37.199368	-100.532806
5461.733333	37.199368	-100.532806
5461.800000	37.199368	-100.532806
5461.866667	37.199368	-100.532806
5461.933333	37.199368	-100.532806
5462.000000	37.199368	-100.532806
5462.066667	37.199368	-100.532806
5462.133333	37.199368	-100.532806
5462.200000	37.199368	-100.532806
5462.266667	37.199368	-100.532806
5462.333333	37.199368	-100.532806
5462.400000	37.199368	-100.532806
5462.466667	37.199368	-100.532806
5462.533333	37.199368	-100.532806
5462.600000	37.199368	-100.532806
5462.666667	37.199368	-100.532806
5462.733333	37.199368	-100.532806
5462.800000	37.199368	-100.532806
5462.866667	37.199368	-100.532806
5462.933333	37.199368	-100.532806
5463.000000	37.199368	-100.532806
5463.066667	37.199368	-100.532806
5463.133333	37.199368	-100.532806
5463.200000	37.199368	-100.532806
5463.266667	37.199368	-100.532806
5463.333333	37.199368	-100.532806
5463.400000	37.199368	-100.532806
5463.466667	37.199368	-100.532806
5463.533333	37.199368	-100.532806
5463.600000	37.199368	-100.532806
5463.666667	37.199368	-100.532806
5463.733333	37.199368	-100.532806
5463.800000	37.199368	-100.532806
5463.866667	37.199368	-100.532806
5463.933333	37.199368	-100.532806
5464.000000	37.199368	-100.532806
5464.066667	37.199368	-100.532806
5464.133333	37.199368	-100.532806
5464.200000	37.199368	-100.532806
5464.266667	37.199368	-100.532806
5464.333333	37.199368	-100.532806
5464.400000	37.199368	-100.532806
5464.466667	37.199368	-100.532806
5464.533333	37.199368	-100.532806
5464.600000	37.199368	-100.532806
5464.666667	37.199368	-100.532806
5464.733333	37.199368	-100.532806
5464.800000	37.199368	-100.532806
5464.866667	37.199368	-100.532806
5464.933333	37.199368	-100.532806
5465.000000	37.199368	-100.532806
5465.066667	37.199368	-100.532806
5465.133333	37.199368	-100.532806
5465.200000	37.199368	-100.532806
5465.266667	37.199368	-100.532806
5465.333333	37.199368	-100.532806
5465.400000	37.199368	-100.532806
5465.466667	37.199368	-100.532806
5465.533333	37.199368	-100.532806
5465.600000	37.199368	-100.532806
5465.666667	37.199368	-100.532806
5465.733333	37.199368	-100.532806
5465.800000	37.199368	-100.532806
5465.866667	37.199368	-100.532806
5465.933333	37.199368	-100.532806
5466.000000	37.199368	-100.532806
5466.066667	37.199368	-100.532806
5466.133333	37.199368	-100.532806
5466.200000	37.199368	-100.532806
5466.266667	37.199368	-100.532806
5466.333333	37.199368	-100.532806
5466.400000	37.199368	-100.532806
5466.466667	37.199368	-100.532806
5466.533333	37.199368	-100.532806
5466.600000	37.199368	-100.532806
5466.666667	37.199368	-100.532806
5466.733333	37.199368	-100.532806
5466.800000	37.199368	-100.532806
5466.866667	37.199368	-100.532806
5466.933333	37.199368	-100.532806
5467.000000	37.199368	-100.532806
5467.066667	37.199368	-100.532806
5467.133333	37.199368	-100.532806
5467.200000	37.199368	-100.532806
5467.266667	37.199368	-100.532806
5467.333333	37.199368	-100.532806
5467.400000	37.199368	-100.532806
5467.466667	37.199368	-100.532806
5467.533333	37.199368	-100.532806
5467.600000	37.199368	-100.532806
5467.666667	37.199368	-100.532806
5467.733333	37.199368	-100.532806
5467.800000	37.199368	-100.532806
5467.866667	37.199368	-100.532806
5467.933333	37.199368	-100.532806
5468.000000	37.199368	-100.532806
5468.066667	37.199368	-100.532806
5468.133333	37.199368	-100.532806
5468.200000	37.199368	-100.532806
5468.266667	37.199368	-100.532806
5468.333333	37.199368	-100.532806
5468.400000	37.199368	-100.532806
5468.466667	37.199368	-100.532806
5468.533333	37.199368	-100.532806
5468.600000	37.199368	-100.532806
5468.666667	37.199368	-100.532806
5468.733333	37.199368	-100.532806
5468.800000	37.199368	-100.532806
5468.866667	37.199368	-100.532806
5468.933333	37.199368	-100.532806
5469.000000	37.199368	-100.532806
5469.066667	37.199368	-100.532806
5469.133333	37.199368	-100.532806
5469.200000	37.199368	-100.532806
5469.266667	37.199368	-100.532806
5469.333333	37.199368	-100.532806
5469.400000	37.199368	-100.532806
5469.466667	37.199368	-100.532806
5469.533333	37.199368	-100.532806
5469.600000	37.199368	-100.532806
5469.666667	37.199368	-100.532806
5469.733333	37.199368	-100.532806
5469.800000	37.199368	-100.532806
5469.866667	37.199368	-100.532806
5469.933333	37.199368	-100.532806
5470.000000	37.199368	-100.532806
5470.066667	37.199368	-100.532806
5470.133333	37.199368	-100.532806
5470.200000	37.199368	-100.532806
5470.266667	37.199368	-100.532806
5470.333333	37.199368	-100.532806
5470.400000	37.199368	-100.532806
5470.466667	37.199368	-100.532806
5470.533333	37.199368	-100.532806
5470.600000	37.199368	-100.532806
5470.666667	37.199368	-100.532806
5470.733333	37.199368	-100.532806
5470.800000	37.199368	-100.532806
5470.866667	37.199368	-100.532806
5470.933333	37.199368	-100.532806
5471.000000	37.199368	-100.532806
5471.066667	37.199368	-100.532806
5471.133333	37.199368	-100.532806
5471.200000	37.199368	-100.532806
5471.266667	37.199368	-100.532806
5471.333333	37.199368	-100.532806
5471.400000	37.199368	-100.532806
5471.466667	37.199368	-100.532806
5471.533333	37.199368	-100.532806
5471.600000	37.199368	-100.532806
5471.666667	37.199368	-100.532806
5471.733333	37.199368	-100.532806
5471.800000	37.199368	-100.532806
5471.866667	37.199368	-100.532806
5471.933333	37.199368	-100.532806
5472.000000	37.199368	-100.532806
5472.066667	37.199368	-100.532806
5472.133333	37.199368	-100.532806
5472.200000	37.199368	-100.532806
5472.266667	37.199368	-100.532806
5472.333333	37.199368	-100.532806
5472.400000	37.199368	-100.532806
5472.466667	37.199368	-100.532806
5472.533333	37.199368	-100.532806
5472.600000	37.199368	-100.532806
5472.666667	37.199368	-100.532806
5472.733333	37.199368	-100.532806
5472.800000	37.199368	-100.532806
5472.866667	37.199368	-100.532806
5472.933333	37.199368	-100.532806
5473.000000	37.199368	-100.532806
5473.066667	37.199368	-100.532806
5473.133333	37.199368	-100.532806
5473.200000	37.199368	-100.532806
5473.266667	37.199368	-100.532806
5473.333333	37.199368	-100.532806
5473.400000	37.199368	-100.532806
5473.466667	37.199368	-100.532806
5473.533333	37.199368	-100.532806
5473.600000	37.199368	-100.532806
5473.666667	37.199368	-100.532806
5473.733333	37.199368	-100.532806
5473.800000	37.199368	-100.532806
5473.866667	37.199368	-100.532806
5473.933333	37.199368	-100.532806
5474.000000	37.199368	-100.532806
5474.066667	37.199368	-100.532806
5474.133333	37.199368	-100.532806
5474.200000	37.199368	-100.532806
5474.266667	37.199368	-100.532806
5474.333333	37.199368	-100.532806
5474.400000	37.199368	-100.532806
5474.466667	37.199368	-100.532806
5474.533333	37.199368	-100.532806
5474.600000	37.199368	-100.532806
5474.666667	37.199368	-100.532806
5474.733333	37.199368	-100.532806
5474.800000	37.199368	-100.532806
5474.866667	37.199368	-100.532806
5474.933333	37.199368	-100.532806
5475.000000	37.199368	-100.532806
5475.066667	37.199368	-100.532806
5475.133333	37.199368	-100.532806
5475.200000	37.199368	-100.532806
5475.266667	37.199368	-100.532806
5475.333333	37.199368	-100.532806
5475.400000	37.199368	-100.532806
5475.466667	37.199368	-100.532806
5475.533333	37.199368	-100.532806
5475.600000	37.199368	-100.532806
5475.666667	37.199368	-100.532806
5475.733333	37.199368	-100.532806
5475.800000	37.199368	-100.532806
5475.866667	37.199368	-100.532806
5475.933333	37.199368	-100.532806
5476.000000	37.199368	-100.532806
5476.066667	37.199368	-100.532806
5476.133333	37.199368	-100.532806
5476.200000	37.199368	-100.532806
5476.266667	37.199368	-100.532806
5476.333333	37.199368	-100.532806
5476.400000	37.199368	-100.532806
5476.466667	37.199368	-100.532806
5476.533333	37.199368	-100.532806
5476.600000	37.199368	-100.532806
5476.666667	37.199368	-100.532806
5476.733333	37.199368	-100.532806
5476.800000	37.199368	-100.532806
5476.866667	37.199368	-100.532806
5476.933333	37.199368	-100.532806
5477.000000	37.199368	-100.532806
5477.066667	37.199368	-100.532806
5477.133333	37.199368	-100.532806
5477.200000	37.199368	-100.532806
5477.266667	37.199368	-100.532806
5477.333333	37.199368	-100.532806
5477.400000	37.199368	-100.532806
5477.466667	37.199368	-100.532806
5477.533333	37.199368	-100.532806
5477.600000	37.199368	-100.532806
5477.666667	37.199368	-100.532806
5477.733333	37.199368	-100.532806
5477.800000	37.199368	-100.532806
5477.866667	37.199368	-100.532806
5477.933333	37.199368	-100.532806
5478.000000	37.199368	-100.532806
5478.066667	37.199368	-100.532806
5478.133333	37.199368	-100.532806
5478.200000	37.199368	-100.532806
5478.266667	37.199368	-100.532806
5478.333333	37.199368	-100.532806
5478.400000	37.199368	-100.532806
5478.466667	37.199368	-100.532806
5478.533333	37.199368	-100.532806
5478.600000	37.199368	-100.532806
5478.666667	37.199368	-100.532806
5478.733333	37.199368	-100.532806
5478.800000	37.199368	-100.532806
5478.866667	37.199368	-100.532806
5478.933333	37.199368	-100.532806
5479.000000	37.199368	-100.532806
5479.066667	37.199368	-100.532806
5479.133333	37.199368	-100.532806
5479.200000	37.199368	-100.532806
5479.266667	37.199368	-100.532806
5479.333333	37.199368	-100.532806
5479.400000	37.199368	-100.532806
5479.466667	37.199368	-100.532806
5479.533333	37.199368	-100.532806
5479.600000	37.199368	-100.532806
5479.666667	37.199368	-100.532806
5479.733333	37.199368	-100.532806
5479.800000	37.199368	-100.532806
5479.866667	37.199368	-100.532806
5479.933333	37.199368	-100.532806
5480.000000	37.199368	-100.532806
5480.066667	37.199368	-100.532806
5480.133333	37.199368	-100.532806
5480.200000	37.199368	-100.532806
5480.266667	37.199368	-100.532806
5480.333333	37.199368	-100.532806
5480.400000	37.199368	-100.532806
5480.466667	37.199368	-100.532806
5480.533333	37.199368	-100.532806
5480.600000	37.199368	-100.532806
5480.666667	37.199368	-100.532806
5480.733333	37.199368	-100.532806
5480.800000	37.199368	-100.532806
5480.866667	37.199368	-100.532806
5480.933333	37.199368	-100.532806
5481.000000	37.199368	-100.532806
5481.066667	37.199368	-100.532806
5481.133333	37.199368	-100.532806
5481.200000	37.199368	-100.532806
5481.266667	37.199368	-100.532806
5481.333333	37.199368	-100.532806
5481.400000	37.199368	-100.532806
5481.466667	37.199368	-100.532806
5481.533333	37.199368	-100.532806
5481.600000	37.199368	-100.532806
5481.666667	37.199368	-100.532806
5481.733333	37.199368	-100.532806
5481.800000	37.199368	-100.532806
5481.866667	37.199368	-100.532806
5481.933333	37.199368	-100.532806
5482.000000	37.199368	-100.532806
5482.066667	37.199368	-100.532806
5482.133333	37.199368	-100.532806
5482.200000	37.199368	-100.532806
5482.266667	37.199368	-100.532806
5482.333333	37.199368	-100.532806
5482.400000	37.199368	-100.532806
5482.466667	37.199368	-100.532806
5482.533333	37.199368	-100.532806
5482.600000	37.199368	-100.532806
5482.666667	37.199368	-100.532806
5482.733333	37.199368	-100.532806
5482.800000	37.199368	-100.532806
5482.866667	37.199368	-100.532806
5482.933333	37.199368	-100.532806
5483.000000	37.199368	-100.532806
5483.066667	37.199368	-100.532806
5483.133333	37.199368	-100.532806
5483.200000	37.199368	-100.532806
5483.266667	37.199368	-100.532806
5483.333333	37.199368	-100.532806
5483.400000	37.199368	-100.532806
5483.466667	37.199368	-100.532806
5483.533333	37.199368	-100.532806
5483.600000	37.199368	-100.532806
5483.666667	37.199368	-100.532806
5483.733333	37.199368	-100.532806
5483.800000	37.199368	-100.532806
5483.866667	37.199368	-100.532806
5483.933333	37.199368	-100.532806
5484.000000	37.199368	-100.532806
5484.066667	37.199368	-100.532806
5484.133333	37.199368	-100.532806
5484.200000	37.199368	-100.532806
5484.266667	37.199368	-100.532806
5484.333333	37.199368	-100.532806
5484.400000	37.199368	-100.532806
5484.466667	37.199368	-100.532806
5484.533333	37.199368	-100.532806
5484.600000	37.199368	-100.532806
5484.666667	37.199368	-100.532806
5484.733333	37.199368	-100.532806
5484.800000	37.199368	-100.532806
5484.866667	37.199368	-100.532806
5484.933333	37.199368	-100.532806
5485.000000	37.199368	-100.532806
5485.066667	37.199368	-100.532806
5485.133333	37.199368	-100.532806
5485.200000	37.199368	-100.532806
5485.266667	37.199368	-100.532806
5485.333333	37.199368	-100.532806
5485.400000	37.199368	-100.532806
5485.466667	37.199368	-100.532806
5485.533333	37.199368	-100.532806
5485.600000	37.199368	-100.532806
5485.666667	37.199368	-100.532806
5485.733333	37.199368	-100.532806
5485.800000	37.199368	-100.532806
5485.866667	37.199368	-100.532806
5485.933333	37.199368	-100.532806
5486.000000	37.199368	-100.532806
5486.066667	37.199368	-100.532806
5486.133333	37.199368	-100.532806
5486.200000	37.199368	-100.532806
5486.266667	37.199368	-100.532806
5486.333333	37.199368	-100.532806
5486.400000	37.199368	-100.532806
5486.466667	37.199368	-100.532806
5486.533333	37.199368	-100.532806
5486.600000	37.199368	-100.532806
5486.666667	37.199368	-100.532806
5486.733333	37.199368	-100.532806
5486.800000	37.199368	-100.532806
5486.866667	37.199368	-100.532806
5486.933333	37.199368	-100.532806
5487.000000	37.199368	-100.532806
5487.066667	37.199368	-100.532806
5487.133333	37.199368	-100.532806
5487.200000	37.199368	-100.532806
5487.266667	37.199368	-100.532806
5487.333333	37.199368	-100.532806
5487.400000	37.199368	-100.532806
5487.466667	37.199368	-100.532806
5487.533333	37.199368	-100.532806
5487.600000	37.199368	-100.532806
5487.666667	37.199368	-100.532806
5487.733333	37.199368	-100.532806
5487.800000	37.199368	-100.532806
5487.866667	37.199368	-100.532806
5487.933333	37.199368	-100.532806
5488.000000	37.199368	-100.532806
5488.066667	37.199368	-100.532806
5488.133333	37.199368	-100.532806
5488.200000	37.199368	-100.532806
5488.266667	37.199368	-100.532806
5488.333333	37.199368	-100.532806
5488.400000	37.199368	-100.532806
5488.466667	37.199368	-100.532806
5488.533333	37.199368	-100.532806
5488.600000	37.199368	-100.532806
5488.666667	37.199368	-100.532806
5488.733333	37.199368	-100.532806
5488.800000	37.199368	-100.532806
5488.866667	37.199368	-100.532806
5488.933333	37.199368	-100.532806
5489.000000	37.199368	-100.532806
5489.066667	37.199368	-100.532806
5489.133333	37.199368	-100.532806
5489.200000	37.199368	-100.532806
5489.266667	37.199368	-100.532806
5489.333333	37.199368	-100.532806
5489.400000	37.199368	-100.532806
5489.466667	37.199368	-100.532806
5489.533333	37.199368	-100.532806
5489.600000	37.199368	-100.532806
5489.666667	37.199368	-100.532806
5489.733333	37.199368	-100.532806
5489.800000	37.199368	-100.532806
5489.866667	37.199368	-100.532806
5489.933333	37.199368	-100.532806
5490.000000	37.199368	-100.532806
5490.066667	37.199368	-100.532806
5490.133333	37.199368	-100.532806
5490.200000	37.199368	-100.532806
5490.266667	37.199368	-100.532806
5490.333333	37.199368	-100.532806
5490.400000	37.199368	-100.532806
5490.466667	37.199368	-100.532806
5490.533333	37.199368	-100.532806
5490.600000	37.199368	-100.532806
5490.666667	37.199368	-100.532806
5490.733333	37.199368	-100.532806
5490.800000	37.199368	-100.532806
5490.866667	37.199368	-100.532806
5490.933333	37.199368	-100.532806
5491.000000	37.199368	-100.532806
5491.066667	37.199368	-100.532806
5491.133333	37.199368	-100.532806
5491.200000	37.199368	-100.532806
5491.266667	37.199368	-100.532806
5491.333333	37.199368	-100.532806
5491.400000	37.199368	-100.532806
5491.466667	37.199368	-100.532806
5491.533333	37.199368	-100.532806
5491.600000	37.199368	-100.532806
5491.666667	37.199368	-100.532806
5491.733333	37.199368	-100.532806
5491.800000	37.199368	-100.532806
5491.866667	37.199368	-100.532806
5491.933333	37.199368	-100.532806
5492.000000	37.199368	-100.532806
5492.066667	37.199368	-100.532806
5492.133333	37.199368	-100.532806
5492.200000	37.199368	-100.532806
5492.266667	37.199368	-100.532806
5492.333333	37.199368	-100.532806
5492.400000	37.199368	-100.532806
5492.466667	37.199368	-100.532806
5492.533333	37.199368	-100.532806
5492.600000	37.199368	-100.532806
5492.666667	37.199368	-100.532806
5492.733333	37.199368	-100.532806
5492.800000	37.199368	-100.532806
5492.866667	37.199368	-100.532806
5492.933333	37.199368	-100.532806
5493.000000	37.199368	-100.532806
5493.066667	37.199368	-100.532806
5493.133333	37.199368	-100.532806
5493.200000	37.199368	-100.532806
5493.266667	37.199368	-100.532806
5493.333333	37.199368	-100.532806
5493.400000	37.199368	-100.532806
5493.466667	37.199368	-100.532806
5493.533333	37.199368	-100.532806
5493.600000	37.199368	-100.532806
5493.666667	37.199368	-100.532806
5493.733333	37.199368	-100.532806
5493.800000	37.199368	-100.532806
5493.866667	37.199368	-100.532806
5493.933333	37.199368	-100.532806
5494.000000	37.199368	-100.532806
5494.066667	37.199368	-100.532806
5494.133333	37.199368	-100.532806
5494.200000	37.199368	-100.532806
5494.266667	37.199368	-100.532806
5494.333333	37.199368	-100.532806
5494.400000	37.199368	-100.532806
5494.466667	37.199368	-100.532806
5494.533333	37.199368	-100.532806
5494.600000	37.199368	-100.532806
5494.666667	37.199368	-100.532806
5494.733333	37.199368	-100.532806
5494.800000	37.199368	-100.532806
5494.866667	37.199368	-100.532806
5494.933333	37.199368	-100.532806
5495.000000	37.199368	-100.532806
5495.066667	37.199368	-100.532806
5495.133333	37.199368	-100.532806
5495.200000	37.199368	-100.532806
5495.266667	37.199368	-100.532806
5495.333333	37.199368	-100.532806
5495.400000	37.199368	-100.532806
5495.466667	37.199368	-100.532806
5495.533333	37.199368	-100.532806
5495.600000	37.199368	-100.532806
5495.666667	37.199368	-100.532806
5495.733333	37.199368	-100.532806
5495.800000	37.199368	-100.532806
5495.866667	37.199368	-100.532806
5495.933333	37.199368	-100.532806
5496.000000	37.199368	-100.532806
5496.066667	37.199368	-100.532806
5496.133333	37.199368	-100.532806
5496.200000	37.199368	-100.532806
5496.266667	37.199368	-100.532806
5496.333333	37.199368	-100.532806
5496.400000	37.199368	-100.532806
5496.466667	37.199368	-100.532806
5496.533333	37.199368	-100.532806
5496.600000	37.199368	-100.532806
5496.666667	37.199368	-100.532806
5496.733333	37.199368	-100.532806
5496.800000	37.199368	-100.532806
5496.866667	37.199368	-100.532806
5496.933333	37.199368	-100.532806
5497.000000	37.199368	-100.532806
5497.066667	37.199368	-100.532806
5497.133333	37.199368	-100.532806
5497.200000	37.199368	-100.532806
5497.266667	37.199368	-100.532806
5497.333333	37.199368	-100.532806
5497.400000	37.199368	-100.532806
5497.466667	37.199368	-100.532806
5497.533333	37.199368	-100.532806
5497.600000	37.199368	-100.532806
5497.666667	37.199368	-100.532806
5497.733333	37.199368	-100.532806
5497.800000	37.199368	-100.532806
5497.866667	37.199368	-100.532806
5497.933333	37.199368	-100.532806
5498.000000	37.199368	-100.532806
5498.066667	37.199368	-100.532806
5498.133333	37.199368	-100.532806
5498.200000	37.199368	-100.532806
5498.266667	37.199368	-100.532806
5498.333333	37.199368	-100.532806
5498.400000	37.199368	-100.532806
5498.466667	37.199368	-100.532806
5498.533333	37.199368	-100.532806
5498.600000	37.199368	-100.532806
5498.666667	37.199368	-100.532806
5498.733333	37.199368	-100.532806
5498.800000	37.199368	-100.532806
5498.866667	37.199368	-100.532806
5498.933333	37.199368	-100.532806
5499.000000	37.199368	-100.532806
5499.066667	37.199368	-100.532806
5499.133333	37.199368	-100.532806
5499.200000	37.199368	-100.532806
5499.266667	37.199368	-100.532806
5499.333333	37.199368	-100.532806
5499.400000	37.199368	-100.532806
5499.466667	37.199368	-100.532806
5499.533333	37.199368	-100.532806
5499.600000	37.199368	-100.532806
5499.666667	37.199368	-100.532806
5499.733333	37.199368	-100.532806
5499.800000	37.199368	-100.532806
5499.866667	37.199368	-100.532806
5499.933333	37.199368	-100.532806
5500.000000	37.199368	-100.532806
5500.066667	37.199368	-100.532806
5500.133333	37.199368	-100.532806
5500.200000	37.199368	-100.532806
5500.266667	37.199368	-100.532806
5500.333333	37.199368	-100.532806
5500.400000	37.199368	-100.532806
5500.466667	37.199368	-100.532806
5500.533333	37.199368	-100.532806
5500.600000	37.199368	-100.532806
5500.666667	37.199368	-100.532806
5500.733333	37.199368	-100.532806
5500.800000	37.199368	-100.532806
5500.866667	37.199368	-100.532806
5500.933333	37.199368	-100.532806
5501.000000	37.199368	-100.532806
5501.066667	37.199368	-100.532806
5501.133333	37.199368	-100.532806
5501.200000	37.199368	-100.532806
5501.266667	37.199368	-100.532806
5501.333333	37.199368	-100.532806
5501.400000	37.199368	-100.532806
5501.466667	37.199368	-100.532806
5501.533333	37.199368	-100.532806
5501.600000	37.199368	-100.532806
5501.666667	37.199368	-100.532806
5501.733333	37.199368	-100.532806
5501.800000	37.199368	-100.532806
5501.866667	37.199368	-100.532806
5501.933333	37.199368	-100.532806
5502.000000	37.199368	-100.532806
5502.066667	37.199368	-100.532806
5502.133333	37.199368	-100.532806
5502.200000	37.199368	-100.532806
5502.266667	37.199368	-100.532806
5502.333333	37.199368	-100.532806
5502.400000	37.199368	-100.532806
5502.466667	37.199368	-100.532806
5502.533333	37.199368	-100.532806
5502.600000	37.199368	-100.532806
5502.666667	37.199368	-100.532806
5502.733333	37.199368	-100.532806
5502.800000	37.199368	-100.532806
5502.866667	37.199368	-100.532806
5502.933333	37.199368	-100.532806
5503.000000	37.199368	-100.532806
5503.066667	37.199368	-100.532806
5503.133333	37.199368	-100.532806
5503.200000	37.199368	-100.532806
5503.266667	37.199368	-100.532806
5503.333333	37.199368	-100.532806
5503.400000	37.199368	-100.532806
5503.466667	37.199368	-100.532806
5503.533333	37.199368	-100.532806
5503.600000	37.199368	-100.532806
5503.666667	37.199368	-100.532806
5503.733333	37.199368	-100.532806
5503.800000	37.199368	-100.532806
5503.866667	37.199368	-100.532806
5503.933333	37.199368	-100.532806
5504.000000	37.199368	-100.532806
5504.066667	37.199368	-100.532806
5504.133333	37.199368	-100.532806
5504.200000	37.199368	-100.532806
5504.266667	37.199368	-100.532806
5504.333333	37.199368	-100.532806
5504.400000	37.199368	-100.532806
5504.466667	37.199368	-100.532806
5504.533333	37.199368	-100.532806
5504.600000	37.199368	-100.532806
5504.666667	37.199368	-100.532806
5504.733333	37.199368	-100.532806
5504.800000	37.199368	-100.532806
5504.866667	37.199368	-100.532806
5504.933333	37.199368	-100.532806
5505.000000	37.199368	-100.532806
5505.066667	37.199368	-100.532806
5505.133333	37.199368	-100.532806
5505.200000	37.199368	-100.532806
5505.266667	37.199368	-100.532806
5505.333333	37.199368	-100.532806
5505.400000	37.199368	-100.532806
5505.466667	37.199368	-100.532806
5505.533333	37.199368	-100.532806
5505.600000	37.199368	-100.532806
5505.666667	37.199368	-100.532806
5505.733333	37.199368	-100.532806
5505.800000	37.199368	-100.532806
5505.866667	37.199368	-100.532806
5505.933333	37.199368	-100.532806
5506.000000	37.199368	-100.532806
5506.066667	37.199368	-100.532806
5506.133333	37.199368	-100.532806
5506.200000	37.199368	-100.532806
5506.266667	37.199368	-100.532806
5506.333333	37.199368	-100.532806
5506.400000	37.199368	-100.532806
5506.466667	37.199368	-100.532806
5506.533333	37.199368	-100.532806
5506.600000	37.199368	-100.532806
5506.666667	37.199368	-100.532806
5506.733333	37.199368	-100.532806
5506.800000	37.199368	-100.532806
5506.866667	37.199368	-100.532806
5506.933333	37.199368	-100.532806
5507.000000	37.199368	-100.532806
5507.066667	37.199368	-100.532806
5507.133333	37.199368	-100.532806
5507.200000	37.199368	-100.532806
5507.266667	37.199368	-100.532806
5507.333333	37.199368	-100.532806
5507.400000	37.199368	-100.532806
5507.466667	37.199368	-100.532806
5507.533333	37.199368	-100.532806
5507.600000	37.199368	-100.532806
5507.666667	37.199368	-100.532806
5507.733333	37.199368	-100.532806
5507.800000	37.199368	-100.532806
5507.866667	37.199368	-100.532806
5507.933333	37.199368	-100.532806
5508.000000	37.199368	-100.532806
5508.066667	37.199368	-100.532806
5508.133333	37.199368	-100.532806
5508.200000	37.199368	-100.532806
5508.266667	37.199368	-100.532806
5508.333333	37.199368	-100.532806
5508.400000	37.199368	-100.532806
5508.466667	37.199368	-100.532806
5508.533333	37.199368	-100.532806
5508.600000	37.199368	-100.532806
5508.666667	37.199368	-100.532806
5508.733333	37.199368	-100.532806
5508.800000	37.199368	-100.532806
5508.866667	37.199368	-100.532806
5508.933333	37.199368	-100.532806
5509.000000	37.199368	-100.532806
5509.066667	37.199368	-100.532806
5509.133333	37.199368	-100.532806
5509.200000	37.199368	-100.532806
5509.266667	37.199368	-100.532806
5509.333333	37.199368	-100.532806
5509.400000	37.199368	-100.532806
5509.466667	37.199368	-100.532806
5509.533333	37.199368	-100.532806
5509.600000	37.199368	-100.532806
5509.666667	37.199368	-100.532806
5509.733333	37.199368	-100.532806
5509.800000	37.199368	-100.532806
5509.866667	37.199368	-100.532806
5509.933333	37.199368	-100.532806
5510.000000	37.199368	-100.532806
5510.066667	37.199368	-100.532806
5510.133333	37.199368	-100.532806
5510.200000	37.199368	-100.532806
5510.266667	37.199368	-100.532806
5510.333333	37.199368	-100.532806
5510.400000	37.199368	-100.532806
5510.466667	37.199368	-100.532806
5510.533333	37.199368	-100.532806
5510.600000	37.199368	-100.532806
5510.666667	37.199368	-100.532806
5510.733333	37.199368	-100.532806
5510.800000	37.199368	-100.532806
5510.866667	37.199368	-100.532806
5510.933333	37.199368	-100.532806
5511.000000	37.199368	-100.532806
5511.066667	37.199368	-100.532806
5511.133333	37.199368	-100.532806
5511.200000	37.199368	-100.532806
5511.266667	37.199368	-100.532806
5511.333333	37.199368	-100.532806
5511.400000	37.199368	-100.532806
5511.466667	37.199368	-100.532806
5511.533333	37.199368	-100.532806
5511.600000	37.199368	-100.532806
5511.666667	37.199368	-100.532806
5511.733333	37.199368	-100.532806
5511.800000	37.199368	-100.532806
5511.866667	37.199368	-100.532806
5511.933333	37.199368	-100.532806
5512.000000	37.199368	-100.532806
5512.066667	37.199368	-100.532806
5512.133333	37.199368	-100.532806
5512.200000	37.199368	-100.532806
5512.266667	37.199368	-100.532806
5512.333333	37.199368	-100.532806
5512.400000	37.199368	-100.532806
5512.466667	37.199368	-100.532806
5512.533333	37.199368	-100.532806
5512.600000	37.199368	-100.532806
5512.666667	37.199368	-100.532806
5512.733333	37.199368	-100.532806
5512.800000	37.199368	-100.532806
5512.866667	37.199368	-100.532806
5512.933333	37.199368	-100.532806
5513.000000	37.199368	-100.532806
5513.066667	37.199368	-100.532806
5513.133333	37.199368	-100.532806
5513.200000	37.199368	-100.532806
5513.266667	37.199368	-100.532806
5513.333333	37.199368	-100.532806
5513.400000	37.199368	-100.532806
5513.466667	37.199368	-100.532806
5513.533333	37.199368	-100.532806
5513.600000	37.199368	-100.532806
5513.666667	37.199368	-100.532806
5513.733333	37.199368	-100.532806
5513.800000	37.199368	-100.532806
5513.866667	37.199368	-100.532806
5513.933333	37.199368	-100.532806
5514.000000	37.199368	-100.532806
5514.066667	37.199368	-100.532806
5514.133333	37.199368	-100.532806
5514.200000	37.199368	-100.532806
5514.266667	37.199368	-100.532806
5514.333333	37.199368	-100.532806
5514.400000	37.199368	-100.532806
5514.466667	37.199368	-100.532806
5514.533333	37.199368	-100.532806
5514.600000	37.199368	-100.532806
5514.666667	37.199368	-100.532806
5514.733333	37.199368	-100.532806
5514.800000	37.199368	-100.532806
5514.866667	37.199368	-100.532806
5514.933333	37.199368	-100.532806
5515.000000	37.199368	-100.532806
5515.066667	37.199368	-100.532806
5515.133333	37.199368	-100.532806
5515.200000	37.199368	-100.532806
5515.266667	37.199368	-100.532806
5515.333333	37.199368	-100.532806
5515.400000	37.199368	-100.532806
5515.466667	37.199368	-100.532806
5515.533333	37.199368	-100.532806
5515.600000	37.199368	-100.532806
5515.666667	37.199368	-100.532806
5515.733333	37.199368	-100.532806
5515.800000	37.199368	-100.532806
5515.866667	37.199368	-100.532806
5515.933333	37.199368	-100.532806
5516.000000	37.199368	-100.532806
5516.066667	37.199368	-100.532806
5516.133333	37.199368	-100.532806
5516.200000	37.199368	-100.532806
5516.266667	37.199368	-100.532806
5516.333333	37.199368	-100.532806
5516.400000	37.199368	-100.532806
5516.466667	37.199368	-100.532806
5516.533333	37.199368	-100.532806
5516.600000	37.199368	-100.532806
5516.666667	37.199368	-100.532806
5516.733333	37.199368	-100.532806
5516.800000	37.199368	-100.532806
5516.866667	37.199368	-100.532806
5516.933333	37.199368	-100.532806
5517.000000	37.199368	-100.532806
5517.066667	37.199368	-100.532806
5517.133333	37.199368	-100.532806
5517.200000	37.199368	-100.532806
5517.266667	37.199368	-100.532806
5517.333333	37.199368	-100.532806
5517.400000	37.199368	-100.532806
5517.466667	37.199368	-100.532806
5517.533333	37.199368	-100.532806
5517.600000	37.199368	-100.532806
5517.666667	37.199368	-100.532806
5517.733333	37.199368	-100.532806
5517.800000	37.199368	-100.532806
5517.866667	37.199368	-100.532806
5517.933333	37.199368	-100.532806
5518.000000	37.199368	-100.532806
5518.066667	37.199368	-100.532806
5518.133333	37.199368	-100.532806
5518.200000	37.199368	-100.532806
5518.266667	37.199368	-100.532806
5518.333333	37.199368	-100.532806
5518.400000	37.199368	-100.532806
5518.466667	37.199368	-100.532806
5518.533333	37.199368	-100.532806
5518.600000	37.199368	-100.532806
5518.666667	37.199368	-100.532806
5518.733333	37.199368	-100.532806
5518.800000	37.199368	-100.532806
5518.866667	37.199368	-100.532806
5518.933333	37.199368	-100.532806
5519.000000	37.199368	-100.532806
5519.066667	37.199368	-100.532806
5519.133333	37.199368	-100.532806
5519.200000	37.199368	-100.532806
5519.266667	37.199368	-100.532806
5519.333333	37.199368	-100.532806
5519.400000	37.199368	-100.532806
5519.466667	37.199368	-100.532806
5519.533333	37.199368	-100.532806
5519.600000	37.199368	-100.532806
5519.666667	37.199368	-100.532806
5519.733333	37.199368	-100.532806
5519.800000	37.199368	-100.532806
5519.866667	37.199368	-100.532806
5519.933333	37.199368	-100.532806
5520.000000	37.199368	-100.532806
