6780.066667	-133.330734	-42.779915
6780.133333	-133.330734	-42.779915
6780.200000	-133.330734	-42.779915
6780.266667	-133.330734	-42.779915
6780.333333	-133.330734	-42.779915
6780.400000	-133.330734	-42.779915
6780.466667	-133.330734	-42.779915
6780.533333	-133.330734	-42.779915
6780.600000	-133.330734	-42.779915
6780.666667	-133.330734	-42.779915
6780.733333	-133.330734	-42.779915
6780.800000	-133.330734	-42.779915
6780.866667	-133.330734	-42.779915
6780.933333	-133.330734	-42.779915
6781.000000	-133.330734	-42.779915
6781.066667	-133.330734	-42.779915
6781.133333	-133.330734	-42.779915
6781.200000	-133.330734	-42.779915
6781.266667	-133.330734	-42.779915
6781.333333	-133.330734	-42.779915
6781.400000	-133.330734	-42.779915
6781.466667	-133.330734	-42.779915
6781.533333	-133.330734	-42.779915
6781.600000	-133.330734	-42.779915
6781.666667	-133.330734	-42.779915
6781.733333	-133.330734	-42.779915
6781.800000	-133.330734	-42.779915
6781.866667	-133.330734	-42.779915
6781.933333	-133.330734	-42.779915
6782.000000	-133.330734	-42.779915
6782.066667	-133.330734	-42.779915
6782.133333	-133.330734	-42.779915
6782.200000	-133.330734	-42.779915
6782.266667	-133.330734	-42.779915
6782.333333	-133.330734	-42.779915
6782.400000	-133.330734	-42.779915
6782.466667	-133.330734	-42.779915
6782.533333	-133.330734	-42.779915
6782.600000	-133.330734	-42.779915
6782.666667	-133.330734	-42.779915
6782.733333	-133.330734	-42.779915
6782.800000	-133.330734	-42.779915
6782.866667	-133.330734	-42.779915
6782.933333	-133.330734	-42.779915
6783.000000	-133.330734	-42.779915
6783.066667	-133.330734	-42.779915
6783.133333	-133.330734	-42.779915
6783.200000	-133.330734	-42.779915
6783.266667	-133.330734	-42.779915
6783.333333	-133.330734	-42.779915
6783.400000	-133.330734	-42.779915
6783.466667	-133.330734	-42.779915
6783.533333	-133.330734	-42.779915
6783.600000	-133.330734	-42.779915
6783.666667	-133.330734	-42.779915
6783.733333	-133.330734	-42.779915
6783.800000	-133.330734	-42.779915
6783.866667	-133.330734	-42.779915
6783.933333	-133.330734	-42.779915
6784.000000	-133.330734	-42.779915
6784.066667	-133.330734	-42.779915
6784.133333	-133.330734	-42.779915
6784.200000	-133.330734	-42.779915
6784.266667	-133.330734	-42.779915
6784.333333	-133.330734	-42.779915
6784.400000	-133.330734	-42.779915
6784.466667	-133.330734	-42.779915
6784.533333	-133.330734	-42.779915
6784.600000	-133.330734	-42.779915
6784.666667	-133.330734	-42.779915
6784.733333	-133.330734	-42.779915
6784.800000	-133.330734	-42.779915
6784.866667	-133.330734	-42.779915
6784.933333	-133.330734	-42.779915
6785.000000	-133.330734	-42.779915
6785.066667	-133.330734	-42.779915
6785.133333	-133.330734	-42.779915
6785.200000	-133.330734	-42.779915
6785.266667	-133.330734	-42.779915
6785.333333	-133.330734	-42.779915
6785.400000	-133.330734	-42.779915
6785.466667	-133.330734	-42.779915
6785.533333	-133.330734	-42.779915
6785.600000	-133.330734	-42.779915
6785.666667	-133.330734	-42.779915
6785.733333	-133.330734	-42.779915
6785.800000	-133.330734	-42.779915
6785.866667	-133.330734	-42.779915
6785.933333	-133.330734	-42.779915
6786.000000	-133.330734	-42.779915
6786.066667	-133.330734	-42.779915
6786.133333	-133.330734	-42.779915
6786.200000	-133.330734	-42.779915
6786.266667	-133.330734	-42.779915
6786.333333	-133.330734	-42.779915
6786.400000	-133.330734	-42.779915
6786.466667	-133.330734	-42.779915
6786.533333	-133.330734	-42.779915
6786.600000	-133.330734	-42.779915
6786.666667	-133.330734	-42.779915
6786.733333	-133.330734	-42.779915
6786.800000	-133.330734	-42.779915
6786.866667	-133.330734	-42.779915
6786.933333	-133.330734	-42.779915
6787.000000	-133.330734	-42.779915
6787.066667	-133.330734	-42.779915
6787.133333	-133.330734	-42.779915
6787.200000	-133.330734	-42.779915
6787.266667	-133.330734	-42.779915
6787.333333	-133.330734	-42.779915
6787.400000	-133.330734	-42.779915
6787.466667	-133.330734	-42.779915
6787.533333	-133.330734	-42.779915
6787.600000	-133.330734	-42.779915
6787.666667	-133.330734	-42.779915
6787.733333	-133.330734	-42.779915
6787.800000	-133.330734	-42.779915
6787.866667	-133.330734	-42.779915
6787.933333	-133.330734	-42.779915
6788.000000	-133.330734	-42.779915
6788.066667	-133.330734	-42.779915
6788.133333	-133.330734	-42.779915
6788.200000	-133.330734	-42.779915
6788.266667	-133.330734	-42.779915
6788.333333	-133.330734	-42.779915
6788.400000	-133.330734	-42.779915
6788.466667	-133.330734	-42.779915
6788.533333	-133.330734	-42.779915
6788.600000	-133.330734	-42.779915
6788.666667	-133.330734	-42.779915
6788.733333	-133.330734	-42.779915
6788.800000	-133.330734	-42.779915
6788.866667	-133.330734	-42.779915
6788.933333	-133.330734	-42.779915
6789.000000	-133.330734	-42.779915
6789.066667	-133.330734	-42.779915
6789.133333	-133.330734	-42.779915
6789.200000	-133.330734	-42.779915
6789.266667	-133.330734	-42.779915
6789.333333	-133.330734	-42.779915
6789.400000	-133.330734	-42.779915
6789.466667	-133.330734	-42.779915
6789.533333	-133.330734	-42.779915
6789.600000	-133.330734	-42.779915
6789.666667	-133.330734	-42.779915
6789.733333	-133.330734	-42.779915
6789.800000	-133.330734	-42.779915
6789.866667	-133.330734	-42.779915
6789.933333	-133.330734	-42.779915
6790.000000	-133.330734	-42.779915
6790.066667	-133.330734	-42.779915
6790.133333	-133.330734	-42.779915
6790.200000	-133.330734	-42.779915
6790.266667	-133.330734	-42.779915
6790.333333	-133.330734	-42.779915
6790.400000	-133.330734	-42.779915
6790.466667	-133.330734	-42.779915
6790.533333	-133.330734	-42.779915
6790.600000	-133.330734	-42.779915
6790.666667	-133.330734	-42.779915
6790.733333	-133.330734	-42.779915
6790.800000	-133.330734	-42.779915
6790.866667	-133.330734	-42.779915
6790.933333	-133.330734	-42.779915
6791.000000	-133.330734	-42.779915
6791.066667	-133.330734	-42.779915
6791.133333	-133.330734	-42.779915
6791.200000	-133.330734	-42.779915
6791.266667	-133.330734	-42.779915
6791.333333	-133.330734	-42.779915
6791.400000	-133.330734	-42.779915
6791.466667	-133.330734	-42.779915
6791.533333	-133.330734	-42.779915
6791.600000	-133.330734	-42.779915
6791.666667	-133.330734	-42.779915
6791.733333	-133.330734	-42.779915
6791.800000	-133.330734	-42.779915
6791.866667	-133.330734	-42.779915
6791.933333	-133.330734	-42.779915
6792.000000	-133.330734	-42.779915
6792.066667	-133.330734	-42.779915
6792.133333	-133.330734	-42.779915
6792.200000	-133.330734	-42.779915
6792.266667	-133.330734	-42.779915
6792.333333	-133.330734	-42.779915
6792.400000	-133.330734	-42.779915
6792.466667	-133.330734	-42.779915
6792.533333	-133.330734	-42.779915
6792.600000	-133.330734	-42.779915
6792.666667	-133.330734	-42.779915
6792.733333	-133.330734	-42.779915
6792.800000	-133.330734	-42.779915
6792.866667	-133.330734	-42.779915
6792.933333	-133.330734	-42.779915
6793.000000	-133.330734	-42.779915
6793.066667	-133.330734	-42.779915
6793.133333	-133.330734	-42.779915
6793.200000	-133.330734	-42.779915
6793.266667	-133.330734	-42.779915
6793.333333	-133.330734	-42.779915
6793.400000	-133.330734	-42.779915
6793.466667	-133.330734	-42.779915
6793.533333	-133.330734	-42.779915
6793.600000	-133.330734	-42.779915
6793.666667	-133.330734	-42.779915
6793.733333	-133.330734	-42.779915
6793.800000	-133.330734	-42.779915
6793.866667	-133.330734	-42.779915
6793.933333	-133.330734	-42.779915
6794.000000	-133.330734	-42.779915
6794.066667	-133.330734	-42.779915
6794.133333	-133.330734	-42.779915
6794.200000	-133.330734	-42.779915
6794.266667	-133.330734	-42.779915
6794.333333	-133.330734	-42.779915
6794.400000	-133.330734	-42.779915
6794.466667	-133.330734	-42.779915
6794.533333	-133.330734	-42.779915
6794.600000	-133.330734	-42.779915
6794.666667	-133.330734	-42.779915
6794.733333	-133.330734	-42.779915
6794.800000	-133.330734	-42.779915
6794.866667	-133.330734	-42.779915
6794.933333	-133.330734	-42.779915
6795.000000	-133.330734	-42.779915
6795.066667	-133.330734	-42.779915
6795.133333	-133.330734	-42.779915
6795.200000	-133.330734	-42.779915
6795.266667	-133.330734	-42.779915
6795.333333	-133.330734	-42.779915
6795.400000	-133.330734	-42.779915
6795.466667	-133.330734	-42.779915
6795.533333	-133.330734	-42.779915
6795.600000	-133.330734	-42.779915
6795.666667	-133.330734	-42.779915
6795.733333	-133.330734	-42.779915
6795.800000	-133.330734	-42.779915
6795.866667	-133.330734	-42.779915
6795.933333	-133.330734	-42.779915
6796.000000	-133.330734	-42.779915
6796.066667	-133.330734	-42.779915
6796.133333	-133.330734	-42.779915
6796.200000	-133.330734	-42.779915
6796.266667	-133.330734	-42.779915
6796.333333	-133.330734	-42.779915
6796.400000	-133.330734	-42.779915
6796.466667	-133.330734	-42.779915
6796.533333	-133.330734	-42.779915
6796.600000	-133.330734	-42.779915
6796.666667	-133.330734	-42.779915
6796.733333	-133.330734	-42.779915
6796.800000	-133.330734	-42.779915
6796.866667	-133.330734	-42.779915
6796.933333	-133.330734	-42.779915
6797.000000	-133.330734	-42.779915
6797.066667	-133.330734	-42.779915
6797.133333	-133.330734	-42.779915
6797.200000	-133.330734	-42.779915
6797.266667	-133.330734	-42.779915
6797.333333	-133.330734	-42.779915
6797.400000	-133.330734	-42.779915
6797.466667	-133.330734	-42.779915
6797.533333	-133.330734	-42.779915
6797.600000	-133.330734	-42.779915
6797.666667	-133.330734	-42.779915
6797.733333	-133.330734	-42.779915
6797.800000	-133.330734	-42.779915
6797.866667	-133.330734	-42.779915
6797.933333	-133.330734	-42.779915
6798.000000	-133.330734	-42.779915
6798.066667	-133.330734	-42.779915
6798.133333	-133.330734	-42.779915
6798.200000	-133.330734	-42.779915
6798.266667	-133.330734	-42.779915
6798.333333	-133.330734	-42.779915
6798.400000	-133.330734	-42.779915
6798.466667	-133.330734	-42.779915
6798.533333	-133.330734	-42.779915
6798.600000	-133.330734	-42.779915
6798.666667	-133.330734	-42.779915
6798.733333	-133.330734	-42.779915
6798.800000	-133.330734	-42.779915
6798.866667	-133.330734	-42.779915
6798.933333	-133.330734	-42.779915
6799.000000	-133.330734	-42.779915
6799.066667	-133.330734	-42.779915
6799.133333	-133.330734	-42.779915
6799.200000	-133.330734	-42.779915
6799.266667	-133.330734	-42.779915
6799.333333	-133.330734	-42.779915
6799.400000	-133.330734	-42.779915
6799.466667	-133.330734	-42.779915
6799.533333	-133.330734	-42.779915
6799.600000	-133.330734	-42.779915
6799.666667	-133.330734	-42.779915
6799.733333	-133.330734	-42.779915
6799.800000	-133.330734	-42.779915
6799.866667	-133.330734	-42.779915
6799.933333	-133.330734	-42.779915
6800.000000	-133.330734	-42.779915
6800.066667	-133.330734	-42.779915
6800.133333	-133.330734	-42.779915
6800.200000	-133.330734	-42.779915
6800.266667	-133.330734	-42.779915
6800.333333	-133.330734	-42.779915
6800.400000	-133.330734	-42.779915
6800.466667	-133.330734	-42.779915
6800.533333	-133.330734	-42.779915
6800.600000	-133.330734	-42.779915
6800.666667	-133.330734	-42.779915
6800.733333	-133.330734	-42.779915
6800.800000	-133.330734	-42.779915
6800.866667	-133.330734	-42.779915
6800.933333	-133.330734	-42.779915
6801.000000	-133.330734	-42.779915
6801.066667	-133.330734	-42.779915
6801.133333	-133.330734	-42.779915
6801.200000	-133.330734	-42.779915
6801.266667	-133.330734	-42.779915
6801.333333	-133.330734	-42.779915
6801.400000	-133.330734	-42.779915
6801.466667	-133.330734	-42.779915
6801.533333	-133.330734	-42.779915
6801.600000	-133.330734	-42.779915
6801.666667	-133.330734	-42.779915
6801.733333	-133.330734	-42.779915
6801.800000	-133.330734	-42.779915
6801.866667	-133.330734	-42.779915
6801.933333	-133.330734	-42.779915
6802.000000	-133.330734	-42.779915
6802.066667	-133.330734	-42.779915
6802.133333	-133.330734	-42.779915
6802.200000	-133.330734	-42.779915
6802.266667	-133.330734	-42.779915
6802.333333	-133.330734	-42.779915
6802.400000	-133.330734	-42.779915
6802.466667	-133.330734	-42.779915
6802.533333	-133.330734	-42.779915
6802.600000	-133.330734	-42.779915
6802.666667	-133.330734	-42.779915
6802.733333	-133.330734	-42.779915
6802.800000	-133.330734	-42.779915
6802.866667	-133.330734	-42.779915
6802.933333	-133.330734	-42.779915
6803.000000	-133.330734	-42.779915
6803.066667	-133.330734	-42.779915
6803.133333	-133.330734	-42.779915
6803.200000	-133.330734	-42.779915
6803.266667	-133.330734	-42.779915
6803.333333	-133.330734	-42.779915
6803.400000	-133.330734	-42.779915
6803.466667	-133.330734	-42.779915
6803.533333	-133.330734	-42.779915
6803.600000	-133.330734	-42.779915
6803.666667	-133.330734	-42.779915
6803.733333	-133.330734	-42.779915
6803.800000	-133.330734	-42.779915
6803.866667	-133.330734	-42.779915
6803.933333	-133.330734	-42.779915
6804.000000	-133.330734	-42.779915
6804.066667	-133.330734	-42.779915
6804.133333	-133.330734	-42.779915
6804.200000	-133.330734	-42.779915
6804.266667	-133.330734	-42.779915
6804.333333	-133.330734	-42.779915
6804.400000	-133.330734	-42.779915
6804.466667	-133.330734	-42.779915
6804.533333	-133.330734	-42.779915
6804.600000	-133.330734	-42.779915
6804.666667	-133.330734	-42.779915
6804.733333	-133.330734	-42.779915
6804.800000	-133.330734	-42.779915
6804.866667	-133.330734	-42.779915
6804.933333	-133.330734	-42.779915
6805.000000	-133.330734	-42.779915
6805.066667	-133.330734	-42.779915
6805.133333	-133.330734	-42.779915
6805.200000	-133.330734	-42.779915
6805.266667	-133.330734	-42.779915
6805.333333	-133.330734	-42.779915
6805.400000	-133.330734	-42.779915
6805.466667	-133.330734	-42.779915
6805.533333	-133.330734	-42.779915
6805.600000	-133.330734	-42.779915
6805.666667	-133.330734	-42.779915
6805.733333	-133.330734	-42.779915
6805.800000	-133.330734	-42.779915
6805.866667	-133.330734	-42.779915
6805.933333	-133.330734	-42.779915
6806.000000	-133.330734	-42.779915
6806.066667	-133.330734	-42.779915
6806.133333	-133.330734	-42.779915
6806.200000	-133.330734	-42.779915
6806.266667	-133.330734	-42.779915
6806.333333	-133.330734	-42.779915
6806.400000	-133.330734	-42.779915
6806.466667	-133.330734	-42.779915
6806.533333	-133.330734	-42.779915
6806.600000	-133.330734	-42.779915
6806.666667	-133.330734	-42.779915
6806.733333	-133.330734	-42.779915
6806.800000	-133.330734	-42.779915
6806.866667	-133.330734	-42.779915
6806.933333	-133.330734	-42.779915
6807.000000	-133.330734	-42.779915
6807.066667	-133.330734	-42.779915
6807.133333	-133.330734	-42.779915
6807.200000	-133.330734	-42.779915
6807.266667	-133.330734	-42.779915
6807.333333	-133.330734	-42.779915
6807.400000	-133.330734	-42.779915
6807.466667	-133.330734	-42.779915
6807.533333	-133.330734	-42.779915
6807.600000	-133.330734	-42.779915
6807.666667	-133.330734	-42.779915
6807.733333	-133.330734	-42.779915
6807.800000	-133.330734	-42.779915
6807.866667	-133.330734	-42.779915
6807.933333	-133.330734	-42.779915
6808.000000	-133.330734	-42.779915
6808.066667	-133.330734	-42.779915
6808.133333	-133.330734	-42.779915
6808.200000	-133.330734	-42.779915
6808.266667	-133.330734	-42.779915
6808.333333	-133.330734	-42.779915
6808.400000	-133.330734	-42.779915
6808.466667	-133.330734	-42.779915
6808.533333	-133.330734	-42.779915
6808.600000	-133.330734	-42.779915
6808.666667	-133.330734	-42.779915
6808.733333	-133.330734	-42.779915
6808.800000	-133.330734	-42.779915
6808.866667	-133.330734	-42.779915
6808.933333	-133.330734	-42.779915
6809.000000	-133.330734	-42.779915
6809.066667	-133.330734	-42.779915
6809.133333	-133.330734	-42.779915
6809.200000	-133.330734	-42.779915
6809.266667	-133.330734	-42.779915
6809.333333	-133.330734	-42.779915
6809.400000	-133.330734	-42.779915
6809.466667	-133.330734	-42.779915
6809.533333	-133.330734	-42.779915
6809.600000	-133.330734	-42.779915
6809.666667	-133.330734	-42.779915
6809.733333	-133.330734	-42.779915
6809.800000	-133.330734	-42.779915
6809.866667	-133.330734	-42.779915
6809.933333	-133.330734	-42.779915
6810.000000	-133.330734	-42.779915
6810.066667	-133.330734	-42.779915
6810.133333	-133.330734	-42.779915
6810.200000	-133.330734	-42.779915
6810.266667	-133.330734	-42.779915
6810.333333	-133.330734	-42.779915
6810.400000	-133.330734	-42.779915
6810.466667	-133.330734	-42.779915
6810.533333	-133.330734	-42.779915
6810.600000	-133.330734	-42.779915
6810.666667	-133.330734	-42.779915
6810.733333	-133.330734	-42.779915
6810.800000	-133.330734	-42.779915
6810.866667	-133.330734	-42.779915
6810.933333	-133.330734	-42.779915
6811.000000	-133.330734	-42.779915
6811.066667	-133.330734	-42.779915
6811.133333	-133.330734	-42.779915
6811.200000	-133.330734	-42.779915
6811.266667	-133.330734	-42.779915
6811.333333	-133.330734	-42.779915
6811.400000	-133.330734	-42.779915
6811.466667	-133.330734	-42.779915
6811.533333	-133.330734	-42.779915
6811.600000	-133.330734	-42.779915
6811.666667	-133.330734	-42.779915
6811.733333	-133.330734	-42.779915
6811.800000	-133.330734	-42.779915
6811.866667	-133.330734	-42.779915
6811.933333	-133.330734	-42.779915
6812.000000	-133.330734	-42.779915
6812.066667	-133.330734	-42.779915
6812.133333	-133.330734	-42.779915
6812.200000	-133.330734	-42.779915
6812.266667	-133.330734	-42.779915
6812.333333	-133.330734	-42.779915
6812.400000	-133.330734	-42.779915
6812.466667	-133.330734	-42.779915
6812.533333	-133.330734	-42.779915
6812.600000	-133.330734	-42.779915
6812.666667	-133.330734	-42.779915
6812.733333	-133.330734	-42.779915
6812.800000	-133.330734	-42.779915
6812.866667	-133.330734	-42.779915
6812.933333	-133.330734	-42.779915
6813.000000	-133.330734	-42.779915
6813.066667	-133.330734	-42.779915
6813.133333	-133.330734	-42.779915
6813.200000	-133.330734	-42.779915
6813.266667	-133.330734	-42.779915
6813.333333	-133.330734	-42.779915
6813.400000	-133.330734	-42.779915
6813.466667	-133.330734	-42.779915
6813.533333	-133.330734	-42.779915
6813.600000	-133.330734	-42.779915
6813.666667	-133.330734	-42.779915
6813.733333	-133.330734	-42.779915
6813.800000	-133.330734	-42.779915
6813.866667	-133.330734	-42.779915
6813.933333	-133.330734	-42.779915
6814.000000	-133.330734	-42.779915
6814.066667	-133.330734	-42.779915
6814.133333	-133.330734	-42.779915
6814.200000	-133.330734	-42.779915
6814.266667	-133.330734	-42.779915
6814.333333	-133.330734	-42.779915
6814.400000	-133.330734	-42.779915
6814.466667	-133.330734	-42.779915
6814.533333	-133.330734	-42.779915
6814.600000	-133.330734	-42.779915
6814.666667	-133.330734	-42.779915
6814.733333	-133.330734	-42.779915
6814.800000	-133.330734	-42.779915
6814.866667	-133.330734	-42.779915
6814.933333	-133.330734	-42.779915
6815.000000	-133.330734	-42.779915
6815.066667	-133.330734	-42.779915
6815.133333	-133.330734	-42.779915
6815.200000	-133.330734	-42.779915
6815.266667	-133.330734	-42.779915
6815.333333	-133.330734	-42.779915
6815.400000	-133.330734	-42.779915
6815.466667	-133.330734	-42.779915
6815.533333	-133.330734	-42.779915
6815.600000	-133.330734	-42.779915
6815.666667	-133.330734	-42.779915
6815.733333	-133.330734	-42.779915
6815.800000	-133.330734	-42.779915
6815.866667	-133.330734	-42.779915
6815.933333	-133.330734	-42.779915
6816.000000	-133.330734	-42.779915
6816.066667	-133.330734	-42.779915
6816.133333	-133.330734	-42.779915
6816.200000	-133.330734	-42.779915
6816.266667	-133.330734	-42.779915
6816.333333	-133.330734	-42.779915
6816.400000	-133.330734	-42.779915
6816.466667	-133.330734	-42.779915
6816.533333	-133.330734	-42.779915
6816.600000	-133.330734	-42.779915
6816.666667	-133.330734	-42.779915
6816.733333	-133.330734	-42.779915
6816.800000	-133.330734	-42.779915
6816.866667	-133.330734	-42.779915
6816.933333	-133.330734	-42.779915
6817.000000	-133.330734	-42.779915
6817.066667	-133.330734	-42.779915
6817.133333	-133.330734	-42.779915
6817.200000	-133.330734	-42.779915
6817.266667	-133.330734	-42.779915
6817.333333	-133.330734	-42.779915
6817.400000	-133.330734	-42.779915
6817.466667	-133.330734	-42.779915
6817.533333	-133.330734	-42.779915
6817.600000	-133.330734	-42.779915
6817.666667	-133.330734	-42.779915
6817.733333	-133.330734	-42.779915
6817.800000	-133.330734	-42.779915
6817.866667	-133.330734	-42.779915
6817.933333	-133.330734	-42.779915
6818.000000	-133.330734	-42.779915
6818.066667	-133.330734	-42.779915
6818.133333	-133.330734	-42.779915
6818.200000	-133.330734	-42.779915
6818.266667	-133.330734	-42.779915
6818.333333	-133.330734	-42.779915
6818.400000	-133.330734	-42.779915
6818.466667	-133.330734	-42.779915
6818.533333	-133.330734	-42.779915
6818.600000	-133.330734	-42.779915
6818.666667	-133.330734	-42.779915
6818.733333	-133.330734	-42.779915
6818.800000	-133.330734	-42.779915
6818.866667	-133.330734	-42.779915
6818.933333	-133.330734	-42.779915
6819.000000	-133.330734	-42.779915
6819.066667	-133.330734	-42.779915
6819.133333	-133.330734	-42.779915
6819.200000	-133.330734	-42.779915
6819.266667	-133.330734	-42.779915
6819.333333	-133.330734	-42.779915
6819.400000	-133.330734	-42.779915
6819.466667	-133.330734	-42.779915
6819.533333	-133.330734	-42.779915
6819.600000	-133.330734	-42.779915
6819.666667	-133.330734	-42.779915
6819.733333	-133.330734	-42.779915
6819.800000	-133.330734	-42.779915
6819.866667	-133.330734	-42.779915
6819.933333	-133.330734	-42.779915
6820.000000	-133.330734	-42.779915
6820.066667	-133.330734	-42.779915
6820.133333	-133.330734	-42.779915
6820.200000	-133.330734	-42.779915
6820.266667	-133.330734	-42.779915
6820.333333	-133.330734	-42.779915
6820.400000	-133.330734	-42.779915
6820.466667	-133.330734	-42.779915
6820.533333	-133.330734	-42.779915
6820.600000	-133.330734	-42.779915
6820.666667	-133.330734	-42.779915
6820.733333	-133.330734	-42.779915
6820.800000	-133.330734	-42.779915
6820.866667	-133.330734	-42.779915
6820.933333	-133.330734	-42.779915
6821.000000	-133.330734	-42.779915
6821.066667	-133.330734	-42.779915
6821.133333	-133.330734	-42.779915
6821.200000	-133.330734	-42.779915
6821.266667	-133.330734	-42.779915
6821.333333	-133.330734	-42.779915
6821.400000	-133.330734	-42.779915
6821.466667	-133.330734	-42.779915
6821.533333	-133.330734	-42.779915
6821.600000	-133.330734	-42.779915
6821.666667	-133.330734	-42.779915
6821.733333	-133.330734	-42.779915
6821.800000	-133.330734	-42.779915
6821.866667	-133.330734	-42.779915
6821.933333	-133.330734	-42.779915
6822.000000	-133.330734	-42.779915
6822.066667	-133.330734	-42.779915
6822.133333	-133.330734	-42.779915
6822.200000	-133.330734	-42.779915
6822.266667	-133.330734	-42.779915
6822.333333	-133.330734	-42.779915
6822.400000	-133.330734	-42.779915
6822.466667	-133.330734	-42.779915
6822.533333	-133.330734	-42.779915
6822.600000	-133.330734	-42.779915
6822.666667	-133.330734	-42.779915
6822.733333	-133.330734	-42.779915
6822.800000	-133.330734	-42.779915
6822.866667	-133.330734	-42.779915
6822.933333	-133.330734	-42.779915
6823.000000	-133.330734	-42.779915
6823.066667	-133.330734	-42.779915
6823.133333	-133.330734	-42.779915
6823.200000	-133.330734	-42.779915
6823.266667	-133.330734	-42.779915
6823.333333	-133.330734	-42.779915
6823.400000	-133.330734	-42.779915
6823.466667	-133.330734	-42.779915
6823.533333	-133.330734	-42.779915
6823.600000	-133.330734	-42.779915
6823.666667	-133.330734	-42.779915
6823.733333	-133.330734	-42.779915
6823.800000	-133.330734	-42.779915
6823.866667	-133.330734	-42.779915
6823.933333	-133.330734	-42.779915
6824.000000	-133.330734	-42.779915
6824.066667	-133.330734	-42.779915
6824.133333	-133.330734	-42.779915
6824.200000	-133.330734	-42.779915
6824.266667	-133.330734	-42.779915
6824.333333	-133.330734	-42.779915
6824.400000	-133.330734	-42.779915
6824.466667	-133.330734	-42.779915
6824.533333	-133.330734	-42.779915
6824.600000	-133.330734	-42.779915
6824.666667	-133.330734	-42.779915
6824.733333	-133.330734	-42.779915
6824.800000	-133.330734	-42.779915
6824.866667	-133.330734	-42.779915
6824.933333	-133.330734	-42.779915
6825.000000	-133.330734	-42.779915
6825.066667	-133.330734	-42.779915
6825.133333	-133.330734	-42.779915
6825.200000	-133.330734	-42.779915
6825.266667	-133.330734	-42.779915
6825.333333	-133.330734	-42.779915
6825.400000	-133.330734	-42.779915
6825.466667	-133.330734	-42.779915
6825.533333	-133.330734	-42.779915
6825.600000	-133.330734	-42.779915
6825.666667	-133.330734	-42.779915
6825.733333	-133.330734	-42.779915
6825.800000	-133.330734	-42.779915
6825.866667	-133.330734	-42.779915
6825.933333	-133.330734	-42.779915
6826.000000	-133.330734	-42.779915
6826.066667	-133.330734	-42.779915
6826.133333	-133.330734	-42.779915
6826.200000	-133.330734	-42.779915
6826.266667	-133.330734	-42.779915
6826.333333	-133.330734	-42.779915
6826.400000	-133.330734	-42.779915
6826.466667	-133.330734	-42.779915
6826.533333	-133.330734	-42.779915
6826.600000	-133.330734	-42.779915
6826.666667	-133.330734	-42.779915
6826.733333	-133.330734	-42.779915
6826.800000	-133.330734	-42.779915
6826.866667	-133.330734	-42.779915
6826.933333	-133.330734	-42.779915
6827.000000	-133.330734	-42.779915
6827.066667	-133.330734	-42.779915
6827.133333	-133.330734	-42.779915
6827.200000	-133.330734	-42.779915
6827.266667	-133.330734	-42.779915
6827.333333	-133.330734	-42.779915
6827.400000	-133.330734	-42.779915
6827.466667	-133.330734	-42.779915
6827.533333	-133.330734	-42.779915
6827.600000	-133.330734	-42.779915
6827.666667	-133.330734	-42.779915
6827.733333	-133.330734	-42.779915
6827.800000	-133.330734	-42.779915
6827.866667	-133.330734	-42.779915
6827.933333	-133.330734	-42.779915
6828.000000	-133.330734	-42.779915
6828.066667	-133.330734	-42.779915
6828.133333	-133.330734	-42.779915
6828.200000	-133.330734	-42.779915
6828.266667	-133.330734	-42.779915
6828.333333	-133.330734	-42.779915
6828.400000	-133.330734	-42.779915
6828.466667	-133.330734	-42.779915
6828.533333	-133.330734	-42.779915
6828.600000	-133.330734	-42.779915
6828.666667	-133.330734	-42.779915
6828.733333	-133.330734	-42.779915
6828.800000	-133.330734	-42.779915
6828.866667	-133.330734	-42.779915
6828.933333	-133.330734	-42.779915
6829.000000	-133.330734	-42.779915
6829.066667	-133.330734	-42.779915
6829.133333	-133.330734	-42.779915
6829.200000	-133.330734	-42.779915
6829.266667	-133.330734	-42.779915
6829.333333	-133.330734	-42.779915
6829.400000	-133.330734	-42.779915
6829.466667	-133.330734	-42.779915
6829.533333	-133.330734	-42.779915
6829.600000	-133.330734	-42.779915
6829.666667	-133.330734	-42.779915
6829.733333	-133.330734	-42.779915
6829.800000	-133.330734	-42.779915
6829.866667	-133.330734	-42.779915
6829.933333	-133.330734	-42.779915
6830.000000	-133.330734	-42.779915
6830.066667	-133.330734	-42.779915
6830.133333	-133.330734	-42.779915
6830.200000	-133.330734	-42.779915
6830.266667	-133.330734	-42.779915
6830.333333	-133.330734	-42.779915
6830.400000	-133.330734	-42.779915
6830.466667	-133.330734	-42.779915
6830.533333	-133.330734	-42.779915
6830.600000	-133.330734	-42.779915
6830.666667	-133.330734	-42.779915
6830.733333	-133.330734	-42.779915
6830.800000	-133.330734	-42.779915
6830.866667	-133.330734	-42.779915
6830.933333	-133.330734	-42.779915
6831.000000	-133.330734	-42.779915
6831.066667	-133.330734	-42.779915
6831.133333	-133.330734	-42.779915
6831.200000	-133.330734	-42.779915
6831.266667	-133.330734	-42.779915
6831.333333	-133.330734	-42.779915
6831.400000	-133.330734	-42.779915
6831.466667	-133.330734	-42.779915
6831.533333	-133.330734	-42.779915
6831.600000	-133.330734	-42.779915
6831.666667	-133.330734	-42.779915
6831.733333	-133.330734	-42.779915
6831.800000	-133.330734	-42.779915
6831.866667	-133.330734	-42.779915
6831.933333	-133.330734	-42.779915
6832.000000	-133.330734	-42.779915
6832.066667	-133.330734	-42.779915
6832.133333	-133.330734	-42.779915
6832.200000	-133.330734	-42.779915
6832.266667	-133.330734	-42.779915
6832.333333	-133.330734	-42.779915
6832.400000	-133.330734	-42.779915
6832.466667	-133.330734	-42.779915
6832.533333	-133.330734	-42.779915
6832.600000	-133.330734	-42.779915
6832.666667	-133.330734	-42.779915
6832.733333	-133.330734	-42.779915
6832.800000	-133.330734	-42.779915
6832.866667	-133.330734	-42.779915
6832.933333	-133.330734	-42.779915
6833.000000	-133.330734	-42.779915
6833.066667	-133.330734	-42.779915
6833.133333	-133.330734	-42.779915
6833.200000	-133.330734	-42.779915
6833.266667	-133.330734	-42.779915
6833.333333	-133.330734	-42.779915
6833.400000	-133.330734	-42.779915
6833.466667	-133.330734	-42.779915
6833.533333	-133.330734	-42.779915
6833.600000	-133.330734	-42.779915
6833.666667	-133.330734	-42.779915
6833.733333	-133.330734	-42.779915
6833.800000	-133.330734	-42.779915
6833.866667	-133.330734	-42.779915
6833.933333	-133.330734	-42.779915
6834.000000	-133.330734	-42.779915
6834.066667	-133.330734	-42.779915
6834.133333	-133.330734	-42.779915
6834.200000	-133.330734	-42.779915
6834.266667	-133.330734	-42.779915
6834.333333	-133.330734	-42.779915
6834.400000	-133.330734	-42.779915
6834.466667	-133.330734	-42.779915
6834.533333	-133.330734	-42.779915
6834.600000	-133.330734	-42.779915
6834.666667	-133.330734	-42.779915
6834.733333	-133.330734	-42.779915
6834.800000	-133.330734	-42.779915
6834.866667	-133.330734	-42.779915
6834.933333	-133.330734	-42.779915
6835.000000	-133.330734	-42.779915
6835.066667	-133.330734	-42.779915
6835.133333	-133.330734	-42.779915
6835.200000	-133.330734	-42.779915
6835.266667	-133.330734	-42.779915
6835.333333	-133.330734	-42.779915
6835.400000	-133.330734	-42.779915
6835.466667	-133.330734	-42.779915
6835.533333	-133.330734	-42.779915
6835.600000	-133.330734	-42.779915
6835.666667	-133.330734	-42.779915
6835.733333	-133.330734	-42.779915
6835.800000	-133.330734	-42.779915
6835.866667	-133.330734	-42.779915
6835.933333	-133.330734	-42.779915
6836.000000	-133.330734	-42.779915
6836.066667	-133.330734	-42.779915
6836.133333	-133.330734	-42.779915
6836.200000	-133.330734	-42.779915
6836.266667	-133.330734	-42.779915
6836.333333	-133.330734	-42.779915
6836.400000	-133.330734	-42.779915
6836.466667	-133.330734	-42.779915
6836.533333	-133.330734	-42.779915
6836.600000	-133.330734	-42.779915
6836.666667	-133.330734	-42.779915
6836.733333	-133.330734	-42.779915
6836.800000	-133.330734	-42.779915
6836.866667	-133.330734	-42.779915
6836.933333	-133.330734	-42.779915
6837.000000	-133.330734	-42.779915
6837.066667	-133.330734	-42.779915
6837.133333	-133.330734	-42.779915
6837.200000	-133.330734	-42.779915
6837.266667	-133.330734	-42.779915
6837.333333	-133.330734	-42.779915
6837.400000	-133.330734	-42.779915
6837.466667	-133.330734	-42.779915
6837.533333	-133.330734	-42.779915
6837.600000	-133.330734	-42.779915
6837.666667	-133.330734	-42.779915
6837.733333	-133.330734	-42.779915
6837.800000	-133.330734	-42.779915
6837.866667	-133.330734	-42.779915
6837.933333	-133.330734	-42.779915
6838.000000	-133.330734	-42.779915
6838.066667	-133.330734	-42.779915
6838.133333	-133.330734	-42.779915
6838.200000	-133.330734	-42.779915
6838.266667	-133.330734	-42.779915
6838.333333	-133.330734	-42.779915
6838.400000	-133.330734	-42.779915
6838.466667	-133.330734	-42.779915
6838.533333	-133.330734	-42.779915
6838.600000	-133.330734	-42.779915
6838.666667	-133.330734	-42.779915
6838.733333	-133.330734	-42.779915
6838.800000	-133.330734	-42.779915
6838.866667	-133.330734	-42.779915
6838.933333	-133.330734	-42.779915
6839.000000	-133.330734	-42.779915
6839.066667	-133.330734	-42.779915
6839.133333	-133.330734	-42.779915
6839.200000	-133.330734	-42.779915
6839.266667	-133.330734	-42.779915
6839.333333	-133.330734	-42.779915
6839.400000	-133.330734	-42.779915
6839.466667	-133.330734	-42.779915
6839.533333	-133.330734	-42.779915
6839.600000	-133.330734	-42.779915
6839.666667	-133.330734	-42.779915
6839.733333	-133.330734	-42.779915
6839.800000	-133.330734	-42.779915
6839.866667	-133.330734	-42.779915
6839.933333	-133.330734	-42.779915
6840.000000	-133.330734	-42.779915
