1260.066667	-516.974060	98.087387
1260.133333	-517.000549	98.034592
1260.200000	-516.998962	97.992783
1260.266667	-516.935608	97.934456
1260.333333	-516.973816	97.936714
1260.400000	-516.933777	97.863121
1260.466667	-516.927063	97.793808
1260.533333	-516.949158	97.759460
1260.600000	-516.951294	97.748016
1260.666667	-516.961609	97.757233
1260.733333	-516.986023	97.712608
1260.800000	-517.013977	97.734818
1260.866667	-517.060486	97.796944
1260.933333	-517.149841	97.867500
1261.000000	-517.185974	97.952133
1261.066667	-517.229309	98.027824
1261.133333	-517.224670	98.066498
1261.200000	-517.265503	98.125114
1261.266667	-517.304626	98.178596
1261.333333	-517.374451	98.194328
1261.400000	-517.372864	98.227806
1261.466667	-517.377686	98.237869
1261.533333	-517.402954	98.303101
1261.600000	-517.396545	98.272095
1261.666667	-517.338257	98.266190
1261.733333	-517.350342	98.247536
1261.800000	-517.381592	98.234879
1261.866667	-517.373169	98.235435
1261.933333	-517.419739	98.222015
1262.000000	-517.474182	98.183807
1262.066667	-517.442383	98.136879
1262.133333	-517.471863	98.108002
1262.200000	-517.500183	98.076958
1262.266667	-517.521118	98.031555
1262.333333	-517.506592	97.975624
1262.400000	-517.522339	97.953217
1262.466667	-517.577087	97.943619
1262.533333	-517.570801	97.927605
1262.600000	-517.512695	97.876137
1262.666667	-517.561584	97.871620
1262.733333	-517.611572	97.861282
1262.800000	-517.564392	97.851830
1262.866667	-517.623352	97.837776
1262.933333	-517.579468	97.806358
1263.000000	-517.636780	97.835373
1263.066667	-517.648987	97.836433
1263.133333	-517.648560	97.828468
1263.200000	-517.660217	97.860809
1263.266667	-517.696350	97.895309
1263.333333	-517.749695	97.954475
1263.400000	-517.749451	97.981178
1263.466667	-517.816772	98.043762
1263.533333	-517.822571	98.054138
1263.600000	-517.869873	98.118103
1263.666667	-517.885193	98.141396
1263.733333	-517.867493	98.137512
1263.800000	-517.908813	98.140877
1263.866667	-517.932861	98.177345
1263.933333	-517.915894	98.168243
1264.000000	-517.924927	98.170723
1264.066667	-517.983887	98.135887
1264.133333	-517.919495	98.091980
1264.200000	-517.924438	98.050980
1264.266667	-517.969482	98.070206
1264.333333	-517.934937	97.993271
1264.400000	-517.930359	97.975891
1264.466667	-517.959045	97.977730
1264.533333	-517.922546	97.944962
1264.600000	-517.927673	97.917915
1264.666667	-517.936584	97.872360
1264.733333	-517.944519	97.852676
1264.800000	-517.909851	97.820770
1264.866667	-517.990112	97.851135
1264.933333	-518.025879	97.826729
1265.000000	-518.103088	97.877586
1265.066667	-518.175110	97.859116
1265.133333	-518.207703	97.882011
1265.200000	-518.268860	97.887840
1265.266667	-518.254150	97.895752
1265.333333	-518.267822	97.905365
1265.400000	-518.263489	97.926346
1265.466667	-518.263489	97.926346
1265.533333	-518.301208	97.981789
1265.600000	-518.337769	97.997353
1265.666667	-518.287720	98.028549
1265.733333	-518.284607	98.036644
1265.800000	-518.221741	98.064865
1265.866667	-518.221741	98.064865
1265.933333	-518.276672	98.043350
1266.000000	-518.279541	98.056198
1266.066667	-518.273621	98.042259
1266.133333	-518.245422	98.017876
1266.200000	-518.268677	97.956268
1266.266667	-518.268677	97.956268
1266.333333	-518.312805	97.949471
1266.400000	-518.292053	97.891991
1266.466667	-518.299194	97.870415
1266.533333	-518.329407	97.859970
1266.600000	-518.290710	97.756409
1266.666667	-518.326904	97.783012
1266.733333	-518.326904	97.783012
1266.800000	-518.353271	97.774178
1266.866667	-518.358948	97.718658
1266.933333	-518.393616	97.737167
1267.000000	-518.403320	97.664742
1267.066667	-518.446228	97.707787
1267.133333	-518.446228	97.707787
1267.200000	-518.446350	97.706284
1267.266667	-518.487732	97.717316
1267.333333	-518.544617	97.742783
1267.400000	-518.577576	97.760376
1267.466667	-518.521667	97.760513
1267.533333	-518.521667	97.760513
1267.600000	-518.505737	97.781059
1267.666667	-518.530151	97.847549
1267.733333	-518.534851	97.874771
1267.800000	-518.536316	97.924171
1267.866667	-518.571350	97.919823
1267.933333	-518.571350	97.919823
1268.000000	-518.586060	97.934479
1268.066667	-518.606445	97.941299
1268.133333	-518.660217	97.957405
1268.200000	-518.639771	97.924988
1268.266667	-518.647949	97.907303
1268.333333	-518.677063	97.891479
1268.400000	-518.677063	97.891479
1268.466667	-518.700745	97.846771
1268.533333	-518.658630	97.817886
1268.600000	-518.688538	97.733353
1268.666667	-518.653503	97.683151
1268.733333	-518.592834	97.631088
1268.800000	-518.592834	97.631088
1268.866667	-518.650940	97.622086
1268.933333	-518.656860	97.624687
1269.000000	-518.678711	97.571571
1269.066667	-518.705017	97.549538
1269.133333	-518.678406	97.535469
1269.200000	-518.678406	97.535469
1269.266667	-518.731323	97.549164
1269.333333	-518.735291	97.601524
1269.400000	-518.843384	97.657257
1269.466667	-518.884766	97.675621
1269.533333	-518.902771	97.701889
1269.600000	-518.859070	97.749680
1269.666667	-518.859070	97.749680
1269.733333	-518.860901	97.764122
1269.800000	-518.899353	97.858665
1269.866667	-518.976685	97.934570
1269.933333	-519.038208	98.008713
1270.000000	-519.058655	98.000885
1270.066667	-519.058655	98.000885
1270.133333	-519.115173	98.040909
1270.200000	-519.226501	98.078674
1270.266667	-519.268188	98.046875
1270.333333	-519.257141	98.023842
1270.400000	-519.250427	97.967865
1270.466667	-519.250427	97.967865
1270.533333	-519.267151	97.947685
1270.600000	-519.185364	97.848991
1270.666667	-519.152161	97.761383
1270.733333	-519.162781	97.713173
1270.800000	-519.173462	97.664635
1270.866667	-519.108215	97.601448
1270.933333	-519.108215	97.601448
1271.000000	-519.096619	97.499084
1271.066667	-519.089844	97.425728
1271.133333	-519.109375	97.469810
1271.200000	-519.101257	97.381638
1271.266667	-519.112183	97.399612
1271.333333	-519.112183	97.399612
1271.400000	-519.194885	97.445686
1271.466667	-519.196472	97.520050
1271.533333	-519.242554	97.566513
1271.600000	-519.236450	97.631866
1271.666667	-519.318665	97.676147
1271.733333	-519.318665	97.676147
1271.800000	-519.313660	97.759071
1271.866667	-519.354492	97.800140
1271.933333	-519.400574	97.854210
1272.000000	-519.461426	97.934021
1272.066667	-519.475891	97.992653
1272.133333	-519.475891	97.992653
1272.200000	-519.446289	97.963562
1272.266667	-519.450806	97.963478
1272.333333	-519.420288	97.962570
1272.400000	-519.439026	97.953827
1272.466667	-519.468262	97.946434
1272.533333	-519.519531	97.928520
1272.600000	-519.531372	97.902977
1272.666667	-519.529541	97.838028
1272.733333	-519.573364	97.812096
1272.800000	-519.533813	97.747856
1272.866667	-519.511292	97.699303
1272.933333	-519.493042	97.649536
1273.000000	-519.450684	97.560143
1273.066667	-519.386536	97.476189
1273.133333	-519.409668	97.475632
1273.200000	-519.354309	97.390854
1273.266667	-519.382141	97.396942
1273.333333	-519.368652	97.363129
1273.400000	-519.358643	97.338486
1273.466667	-519.435791	97.401505
1273.533333	-519.514038	97.471497
1273.600000	-519.558838	97.499008
1273.666667	-519.587708	97.531517
1273.733333	-519.511658	97.564453
1273.800000	-519.514343	97.571465
1273.866667	-519.543762	97.635521
1273.933333	-519.560730	97.689217
1274.000000	-519.617981	97.737236
1274.066667	-519.610901	97.741074
1274.133333	-519.654175	97.817345
1274.200000	-519.648254	97.828300
1274.266667	-519.617798	97.822319
1274.333333	-519.657288	97.839790
1274.400000	-519.608765	97.823410
1274.466667	-519.615479	97.814903
1274.533333	-519.587341	97.820511
1274.600000	-519.645752	97.790329
1274.666667	-519.591980	97.755692
1274.733333	-519.607971	97.697166
1274.800000	-519.640564	97.686516
1274.866667	-519.668335	97.653770
1274.933333	-519.661438	97.591919
1275.000000	-519.627319	97.495239
1275.066667	-519.635925	97.515770
1275.133333	-519.629639	97.440651
1275.200000	-519.667603	97.426552
1275.266667	-519.633728	97.374123
1275.333333	-519.648682	97.310524
1275.400000	-519.679138	97.333939
1275.466667	-519.675049	97.350922
1275.533333	-519.682495	97.291702
1275.600000	-519.711304	97.298874
1275.666667	-519.706543	97.345490
1275.733333	-519.664734	97.329536
1275.800000	-519.693787	97.389793
1275.866667	-519.679810	97.389595
1275.933333	-519.677795	97.481209
1276.000000	-519.709656	97.561539
1276.066667	-519.762817	97.640968
1276.133333	-519.783691	97.675285
1276.200000	-519.806091	97.741173
1276.266667	-519.772339	97.760475
1276.333333	-519.836731	97.780586
1276.400000	-519.825806	97.819366
1276.466667	-519.808960	97.784500
1276.533333	-519.806580	97.753174
1276.600000	-519.799622	97.789192
1276.666667	-519.807068	97.770164
1276.733333	-519.783813	97.703857
1276.800000	-519.809937	97.697876
1276.866667	-519.816589	97.657806
1276.933333	-519.844666	97.651764
1277.000000	-519.821899	97.590317
1277.066667	-519.816833	97.527908
1277.133333	-519.833008	97.431313
1277.200000	-519.851379	97.427277
1277.266667	-519.830933	97.359520
1277.333333	-519.832031	97.335838
1277.400000	-519.851685	97.296913
1277.466667	-519.838379	97.271019
1277.533333	-519.831238	97.249596
1277.600000	-519.854553	97.222069
1277.666667	-519.875854	97.266090
1277.733333	-519.906433	97.271233
1277.800000	-519.918884	97.289810
1277.866667	-519.910278	97.293938
1277.933333	-519.906067	97.323914
1278.000000	-519.930786	97.400703
1278.066667	-519.915161	97.453766
1278.133333	-519.952271	97.478859
1278.200000	-519.996948	97.551041
1278.266667	-520.034302	97.657799
1278.333333	-520.067139	97.663887
1278.400000	-520.059021	97.677574
1278.466667	-520.038635	97.722961
1278.533333	-520.104370	97.738190
1278.600000	-520.072144	97.747017
1278.666667	-520.130981	97.783798
1278.733333	-520.127502	97.734497
1278.800000	-520.118958	97.699265
1278.866667	-520.108826	97.693428
1278.933333	-520.124695	97.662865
1279.000000	-520.115173	97.648926
1279.066667	-520.080261	97.592628
1279.133333	-519.984070	97.462158
1279.200000	-520.007141	97.457893
1279.266667	-519.954956	97.401344
1279.333333	-519.942993	97.293793
1279.400000	-519.942139	97.259163
1279.466667	-519.921753	97.230270
1279.533333	-519.930359	97.231758
1279.600000	-519.953247	97.236244
1279.666667	-519.996277	97.200516
1279.733333	-519.980103	97.215752
1279.800000	-520.017273	97.204033
1279.866667	-520.004089	97.215271
1279.933333	-520.016418	97.254654
1280.000000	-520.028259	97.276375
1280.066667	-520.104797	97.343163
1280.133333	-520.086304	97.410492
1280.200000	-520.081665	97.438362
1280.266667	-520.102966	97.481583
1280.333333	-520.102722	97.515060
1280.400000	-520.166626	97.607193
1280.466667	-520.202576	97.645874
1280.533333	-520.256592	97.671333
1280.600000	-520.216736	97.652588
1280.666667	-520.284851	97.740227
1280.733333	-520.300354	97.713791
1280.800000	-520.272705	97.728729
1280.866667	-520.262024	97.707443
1280.933333	-520.264832	97.724243
1281.000000	-520.231628	97.678123
1281.066667	-520.215576	97.643730
1281.133333	-520.228088	97.633049
1281.200000	-520.213928	97.584198
1281.266667	-520.179199	97.511009
1281.333333	-520.161377	97.425209
1281.400000	-520.114807	97.406990
1281.466667	-520.147705	97.339561
1281.533333	-520.117615	97.314774
1281.600000	-520.074829	97.258514
1281.666667	-520.109619	97.273201
1281.733333	-520.106384	97.241508
1281.800000	-520.096497	97.219894
1281.866667	-520.066528	97.223511
1281.933333	-520.100281	97.237396
1282.000000	-520.090332	97.285301
1282.066667	-520.126831	97.318222
1282.133333	-520.127136	97.264206
1282.200000	-520.122559	97.329926
1282.266667	-520.175659	97.373589
1282.333333	-520.202759	97.403587
1282.400000	-520.229736	97.530167
1282.466667	-520.244995	97.545303
1282.533333	-520.250671	97.624435
1282.600000	-520.274597	97.676949
1282.666667	-520.292969	97.699005
1282.733333	-520.299011	97.715378
1282.800000	-520.282471	97.721298
1282.866667	-520.311279	97.699646
1282.933333	-520.270752	97.743370
1283.000000	-520.274780	97.740547
1283.066667	-520.286316	97.720406
1283.133333	-520.284668	97.702354
1283.200000	-520.307312	97.671661
1283.266667	-520.267334	97.580772
1283.333333	-520.247131	97.526695
1283.400000	-520.215881	97.481720
1283.466667	-520.206604	97.371468
1283.533333	-520.173279	97.361023
1283.600000	-520.110779	97.337166
1283.666667	-520.096619	97.255630
1283.733333	-520.114197	97.242310
1283.800000	-520.110596	97.224899
1283.866667	-520.144775	97.222626
1283.933333	-520.097534	97.188744
1284.000000	-520.096375	97.206100
1284.066667	-520.105591	97.228363
1284.133333	-520.111084	97.213829
1284.200000	-520.121704	97.229027
1284.266667	-520.152527	97.288742
1284.333333	-520.146545	97.315536
1284.400000	-520.168884	97.365669
1284.466667	-520.255615	97.453621
1284.533333	-520.254639	97.535858
1284.600000	-520.319641	97.630836
1284.666667	-520.327026	97.646278
1284.733333	-520.354919	97.679108
1284.800000	-520.354919	97.721001
1284.866667	-520.326355	97.696899
1284.933333	-520.334351	97.705627
1285.000000	-520.358032	97.706932
1285.066667	-520.366760	97.711510
1285.133333	-520.348694	97.743149
1285.200000	-520.337891	97.690903
1285.266667	-520.326111	97.687744
1285.333333	-520.326477	97.675735
1285.400000	-520.263245	97.585373
1285.466667	-520.276123	97.520317
1285.533333	-520.267212	97.454079
1285.600000	-520.185791	97.374306
1285.666667	-520.112305	97.333061
1285.733333	-520.110107	97.295914
1285.800000	-520.125000	97.266380
1285.866667	-520.117432	97.273445
1285.933333	-520.127319	97.230751
1286.000000	-520.097229	97.212952
1286.066667	-520.137451	97.242134
1286.133333	-520.111511	97.241913
1286.200000	-520.116577	97.218109
1286.266667	-520.153442	97.301559
1286.333333	-520.102295	97.229889
1286.400000	-520.120972	97.289757
1286.466667	-520.165771	97.400459
1286.533333	-520.162842	97.393806
1286.600000	-520.223999	97.445435
1286.666667	-520.200684	97.522591
1286.733333	-520.278442	97.596657
1286.800000	-520.305298	97.666771
1286.866667	-520.263489	97.662506
1286.933333	-520.287048	97.696159
1287.000000	-520.261963	97.719208
1287.066667	-520.255676	97.714691
1287.133333	-520.221680	97.665054
1287.200000	-520.289734	97.686920
1287.266667	-520.278442	97.697701
1287.333333	-520.291687	97.695473
1287.400000	-520.262512	97.648598
1287.466667	-520.274841	97.664711
1287.533333	-520.272278	97.584961
1287.600000	-520.205139	97.499954
1287.666667	-520.176941	97.412643
1287.733333	-520.170349	97.355606
1287.800000	-520.139221	97.326530
1287.866667	-520.151306	97.301018
1287.933333	-520.087769	97.258980
1288.000000	-520.115967	97.272308
1288.066667	-520.128662	97.251831
1288.133333	-520.157166	97.248947
1288.200000	-520.102478	97.239380
1288.266667	-520.049377	97.233780
1288.333333	-520.078796	97.228477
1288.400000	-520.094177	97.253082
1288.466667	-520.100525	97.263519
1288.533333	-520.127258	97.308022
1288.600000	-520.138000	97.386658
1288.666667	-520.157715	97.409805
1288.733333	-520.135498	97.459137
1288.800000	-520.152222	97.513283
1288.866667	-520.212524	97.590675
1288.933333	-520.171326	97.633339
1289.000000	-520.252136	97.713593
1289.066667	-520.233154	97.681084
1289.133333	-520.218384	97.728317
1289.200000	-520.229919	97.717331
1289.266667	-520.292053	97.749252
1289.333333	-520.239807	97.734299
1289.400000	-520.269714	97.700401
1289.466667	-520.249634	97.684555
1289.533333	-520.218323	97.641167
1289.600000	-520.218994	97.650681
1289.666667	-520.137085	97.548164
1289.733333	-520.140381	97.520828
1289.800000	-520.132507	97.452507
1289.866667	-520.137695	97.413765
1289.933333	-520.088318	97.339180
1290.000000	-520.117493	97.334274
1290.066667	-520.123962	97.312439
1290.133333	-520.069519	97.280602
1290.200000	-520.060181	97.229622
1290.266667	-520.057861	97.249550
1290.333333	-520.085083	97.236717
1290.400000	-520.059387	97.243469
1290.466667	-520.020447	97.221687
1290.533333	-519.994812	97.242249
1290.600000	-520.006226	97.275696
1290.666667	-519.993225	97.297852
1290.733333	-520.017517	97.377144
1290.800000	-520.052856	97.415367
1290.866667	-520.069153	97.510048
1290.933333	-520.126343	97.608894
1291.000000	-520.076843	97.617966
1291.066667	-520.103638	97.663017
1291.133333	-520.096741	97.680092
1291.200000	-520.117065	97.741974
1291.266667	-520.169922	97.751892
1291.333333	-520.107544	97.731911
1291.400000	-520.110046	97.745224
1291.466667	-520.110474	97.766785
1291.533333	-520.103821	97.705734
1291.600000	-520.025757	97.650223
1291.666667	-520.056152	97.656631
1291.733333	-520.070496	97.642807
1291.800000	-520.015564	97.574425
1291.866667	-520.025513	97.557999
1291.933333	-520.019409	97.463768
1292.000000	-519.974609	97.415535
1292.066667	-519.952515	97.331764
1292.133333	-519.952454	97.300781
1292.200000	-519.947937	97.270775
1292.266667	-519.910400	97.254745
1292.333333	-519.915833	97.211441
1292.400000	-519.904114	97.240837
1292.466667	-519.931213	97.267723
1292.533333	-519.919312	97.236755
1292.600000	-519.934082	97.255310
1292.666667	-519.934143	97.295891
1292.733333	-519.875793	97.282936
1292.800000	-519.908875	97.324921
1292.866667	-519.954468	97.374626
1292.933333	-519.934509	97.421371
1293.000000	-519.964783	97.495125
1293.066667	-519.948792	97.527443
1293.133333	-519.971191	97.586189
1293.200000	-520.018921	97.684875
1293.266667	-519.989868	97.669830
1293.333333	-519.980164	97.702354
1293.400000	-520.004211	97.731407
1293.466667	-520.018616	97.758026
1293.533333	-520.005310	97.775917
1293.600000	-520.001221	97.760040
1293.666667	-519.938782	97.659286
1293.733333	-519.935913	97.663994
1293.800000	-519.941589	97.635902
1293.866667	-519.983276	97.646034
1293.933333	-519.918213	97.589333
1294.000000	-519.898926	97.525108
1294.066667	-519.886780	97.489647
1294.133333	-519.912231	97.453606
1294.200000	-519.861145	97.393005
1294.266667	-519.895264	97.361900
1294.333333	-519.878662	97.331047
1294.400000	-519.857971	97.341278
1294.466667	-519.846985	97.295692
1294.533333	-519.863892	97.283844
1294.600000	-519.866821	97.292892
1294.666667	-519.820496	97.318031
1294.733333	-519.843994	97.343483
1294.800000	-519.819092	97.336769
1294.866667	-519.833740	97.372055
1294.933333	-519.826355	97.425514
1295.000000	-519.825500	97.510223
1295.066667	-519.861389	97.593704
1295.133333	-519.830627	97.638084
1295.200000	-519.809570	97.653694
1295.266667	-519.815430	97.736916
1295.333333	-519.827637	97.742287
1295.400000	-519.753601	97.741257
1295.466667	-519.763916	97.766052
1295.533333	-519.788940	97.812202
1295.600000	-519.764893	97.789642
1295.666667	-519.757141	97.801262
1295.733333	-519.744873	97.819328
1295.800000	-519.731506	97.825180
1295.866667	-519.783020	97.826866
1295.933333	-519.752075	97.784485
1296.000000	-519.740662	97.716171
1296.066667	-519.762268	97.717010
1296.133333	-519.707397	97.601387
1296.200000	-519.681580	97.558067
1296.266667	-519.668091	97.484482
1296.333333	-519.656494	97.418999
1296.400000	-519.639343	97.404305
1296.466667	-519.677368	97.401085
1296.533333	-519.645691	97.343788
1296.600000	-519.660583	97.336388
1296.666667	-519.685547	97.350060
1296.733333	-519.662964	97.359177
1296.800000	-519.665771	97.375862
1296.866667	-519.646851	97.382263
1296.933333	-519.617371	97.410156
1297.000000	-519.629822	97.439857
1297.066667	-519.638794	97.484718
1297.133333	-519.634705	97.521385
1297.200000	-519.651245	97.560432
1297.266667	-519.593079	97.615486
1297.333333	-519.600281	97.651192
1297.400000	-519.588867	97.665977
1297.466667	-519.599915	97.754753
1297.533333	-519.586121	97.804443
1297.600000	-519.588928	97.812813
1297.666667	-519.607300	97.832039
1297.733333	-519.570435	97.867271
1297.800000	-519.569458	97.851234
1297.866667	-519.591370	97.858902
1297.933333	-519.597534	97.836655
1298.000000	-519.595032	97.805580
1298.066667	-519.642578	97.867088
1298.133333	-519.614990	97.788010
1298.200000	-519.585510	97.724541
1298.266667	-519.560730	97.738525
1298.333333	-519.527588	97.645332
1298.400000	-519.522400	97.613625
1298.466667	-519.515015	97.544998
1298.533333	-519.510071	97.546661
1298.600000	-519.561523	97.532005
1298.666667	-519.510071	97.506516
1298.733333	-519.478638	97.471832
1298.800000	-519.437378	97.421051
1298.866667	-519.411316	97.405899
1298.933333	-519.390137	97.413200
1299.000000	-519.365540	97.454636
1299.066667	-519.397156	97.533691
1299.133333	-519.399353	97.579201
1299.200000	-519.411072	97.606316
1299.266667	-519.454956	97.683372
1299.333333	-519.511414	97.761627
1299.400000	-519.503845	97.774612
1299.466667	-519.519226	97.848450
1299.533333	-519.507874	97.850769
1299.600000	-519.496033	97.895248
1299.666667	-519.484619	97.923447
1299.733333	-519.491028	97.960983
1299.800000	-519.446533	97.956787
1299.866667	-519.474792	97.983253
1299.933333	-519.439270	97.979820
1300.000000	-519.437866	97.954361
1300.066667	-519.458008	98.000397
1300.133333	-519.455994	97.992798
1300.200000	-519.427307	97.911072
1300.266667	-519.408569	97.874084
1300.333333	-519.372559	97.824684
1300.400000	-519.296265	97.743462
1300.466667	-519.261292	97.710838
1300.533333	-519.261841	97.661171
1300.600000	-519.214111	97.554840
1300.666667	-519.214111	97.554840
1300.733333	-519.191833	97.519104
1300.800000	-519.184631	97.482140
1300.866667	-519.174500	97.470345
1300.933333	-519.175049	97.482018
1301.000000	-519.162659	97.486542
1301.066667	-519.162659	97.486542
1301.133333	-519.122742	97.544022
1301.200000	-519.112610	97.565788
1301.266667	-519.142029	97.661179
1301.333333	-519.194275	97.729393
1301.400000	-519.158569	97.839554
1301.466667	-519.158569	97.839554
1301.533333	-519.195618	97.874023
1301.600000	-519.196045	97.938278
1301.666667	-519.213928	97.982544
1301.733333	-519.223694	98.007210
1301.800000	-519.229675	98.066978
1301.866667	-519.264343	98.097961
1301.933333	-519.264343	98.097961
1302.000000	-519.242554	98.071068
1302.066667	-519.201233	98.040077
1302.133333	-519.159058	98.035233
1302.200000	-519.075867	98.011658
1302.266667	-518.988708	97.978561
1302.333333	-518.988708	97.978561
1302.400000	-518.933044	97.918709
1302.466667	-518.898865	97.847992
1302.533333	-518.816284	97.776794
1302.600000	-518.810059	97.746765
1302.666667	-518.816895	97.701935
1302.733333	-518.816895	97.701935
1302.800000	-518.848267	97.696411
1302.866667	-518.818848	97.648857
1302.933333	-518.772766	97.657684
1303.000000	-518.710266	97.607002
1303.066667	-518.714539	97.611938
1303.133333	-518.714539	97.611938
1303.200000	-518.682068	97.646988
1303.266667	-518.689270	97.664612
1303.333333	-518.628296	97.689560
1303.400000	-518.600403	97.755661
1303.466667	-518.607178	97.773117
1303.533333	-518.602966	97.803299
1303.600000	-518.602966	97.803299
1303.666667	-518.618042	97.808342
1303.733333	-518.633972	97.861160
1303.800000	-518.651001	97.931259
1303.866667	-518.650085	97.978371
1303.933333	-518.619812	97.982910
1304.000000	-518.619812	97.982910
1304.066667	-518.656189	97.975159
1304.133333	-518.628479	98.012497
1304.200000	-518.609070	98.005348
1304.266667	-518.550049	97.954414
1304.333333	-518.499390	97.959778
1304.400000	-518.499390	97.959778
1304.466667	-518.486755	97.939766
1304.533333	-518.465576	97.934799
1304.600000	-518.490234	97.866455
1304.666667	-518.454224	97.826439
1304.733333	-518.440735	97.808289
1304.800000	-518.472961	97.810547
1304.866667	-518.472961	97.810547
1304.933333	-518.441711	97.792267
1305.000000	-518.407715	97.795204
1305.066667	-518.393860	97.769684
1305.133333	-518.375549	97.793045
1305.200000	-518.350586	97.793488
1305.266667	-518.350586	97.793488
1305.333333	-518.310791	97.790161
1305.400000	-518.275696	97.837830
1305.466667	-518.309692	97.894028
1305.533333	-518.289612	97.894012
1305.600000	-518.250977	97.893524
1305.666667	-518.250977	97.893524
1305.733333	-518.266785	97.961403
1305.800000	-518.260071	97.971924
1305.866667	-518.247803	98.024582
1305.933333	-518.245544	98.020981
1306.000000	-518.256348	98.074013
1306.066667	-518.218689	98.097725
1306.133333	-518.218689	98.097725
1306.200000	-518.181274	98.114761
1306.266667	-518.179504	98.114616
1306.333333	-518.188232	98.133797
1306.400000	-518.228027	98.098640
1306.466667	-518.161621	98.089287
1306.533333	-518.161621	98.089287
1306.600000	-518.179016	98.042358
1306.666667	-518.181946	98.019394
1306.733333	-518.161743	98.002541
1306.800000	-518.150146	97.985313
1306.866667	-518.129883	97.990448
1306.933333	-518.129883	97.990448
1307.000000	-517.986572	97.921860
1307.066667	-517.921265	97.899887
1307.133333	-517.895020	97.868423
1307.200000	-517.865112	97.877953
1307.266667	-517.873535	97.863098
1307.333333	-517.873535	97.863098
1307.400000	-517.835999	97.882225
1307.466667	-517.834717	97.921669
1307.533333	-517.805237	97.948753
1307.600000	-517.832581	97.938087
1307.666667	-517.828552	97.985558
1307.733333	-517.884949	98.034912
1307.800000	-517.840881	98.081245
1307.866667	-517.873535	98.104080
1307.933333	-517.895447	98.149605
1308.000000	-517.867554	98.171982
1308.066667	-517.878479	98.178848
1308.133333	-517.856140	98.203560
1308.200000	-517.792419	98.222878
1308.266667	-517.776184	98.187721
1308.333333	-517.744507	98.218750
1308.400000	-517.751160	98.218010
1308.466667	-517.700989	98.216682
1308.533333	-517.695007	98.170059
1308.600000	-517.640991	98.121002
1308.666667	-517.578918	98.017235
1308.733333	-517.604309	98.049355
1308.800000	-517.590698	98.038635
1308.866667	-517.592590	98.027458
1308.933333	-517.568848	98.025993
1309.000000	-517.569458	97.995667
1309.066667	-517.522705	97.952919
1309.133333	-517.494934	97.944229
1309.200000	-517.493347	97.934166
1309.266667	-517.489319	97.924652
1309.333333	-517.433594	97.917450
1309.400000	-517.432861	97.923340
1309.466667	-517.391052	97.930435
1309.533333	-517.376404	97.938705
1309.600000	-517.351685	97.967804
1309.666667	-517.365173	98.004639
1309.733333	-517.401245	98.060982
1309.800000	-517.348083	98.095306
1309.866667	-517.367798	98.169205
1309.933333	-517.324402	98.198357
1310.000000	-517.328125	98.233452
1310.066667	-517.352234	98.312599
1310.133333	-517.289673	98.324203
1310.200000	-517.270874	98.314903
1310.266667	-517.222473	98.329620
1310.333333	-517.213989	98.332611
1310.400000	-517.171753	98.323997
1310.466667	-517.170898	98.327919
1310.533333	-517.129211	98.279572
1310.600000	-517.153015	98.316910
1310.666667	-517.193115	98.339943
1310.733333	-517.187012	98.337914
1310.800000	-517.143860	98.302177
1310.866667	-517.058838	98.249474
1310.933333	-516.987000	98.116409
1311.000000	-516.945618	98.021652
1311.066667	-516.925842	98.003036
1311.133333	-516.990417	98.024429
1311.200000	-516.952881	97.996346
1311.266667	-516.978943	98.000153
1311.333333	-516.941101	97.981201
1311.400000	-516.915833	97.971725
1311.466667	-516.889832	97.950912
1311.533333	-516.870728	97.971954
1311.600000	-516.823547	97.971779
1311.666667	-516.825928	98.005127
1311.733333	-516.806396	97.981697
1311.800000	-516.796814	98.067528
1311.866667	-516.759888	98.068970
1311.933333	-516.748352	98.162476
1312.000000	-516.698547	98.198952
1312.066667	-516.721680	98.264572
1312.133333	-516.702393	98.312263
1312.200000	-516.724243	98.347359
1312.266667	-516.727966	98.377533
1312.333333	-516.745728	98.419144
1312.400000	-516.714539	98.516296
1312.466667	-516.654968	98.464478
1312.533333	-516.696411	98.469040
1312.600000	-516.652649	98.396927
1312.666667	-516.658020	98.400909
1312.733333	-516.573853	98.379539
1312.800000	-516.530273	98.347176
1312.866667	-516.467102	98.243980
1312.933333	-516.511108	98.258713
1313.000000	-516.486633	98.218948
1313.066667	-516.472351	98.207199
1313.133333	-516.428467	98.178322
1313.200000	-516.422668	98.177208
1313.266667	-516.319885	98.115562
1313.333333	-516.287598	98.118111
1313.400000	-516.238953	98.085358
1313.466667	-516.207520	98.058968
1313.533333	-516.168640	98.028488
1313.600000	-516.210266	98.020477
1313.666667	-516.147156	98.043915
1313.733333	-516.205811	98.029037
1313.800000	-516.213684	98.091766
1313.866667	-516.236389	98.121056
1313.933333	-516.210632	98.157539
1314.000000	-516.255859	98.218880
1314.066667	-516.238464	98.258659
1314.133333	-516.277283	98.354683
1314.200000	-516.213928	98.352119
1314.266667	-516.218079	98.418022
1314.333333	-516.202759	98.461372
1314.400000	-516.150513	98.471649
1314.466667	-516.117554	98.498322
1314.533333	-516.053406	98.467010
1314.600000	-516.051270	98.517799
1314.666667	-515.933289	98.467705
1314.733333	-515.900452	98.493073
1314.800000	-515.862915	98.478867
1314.866667	-515.821167	98.469284
1314.933333	-515.809875	98.432999
1315.000000	-515.855164	98.431030
1315.066667	-515.857605	98.426743
1315.133333	-515.796570	98.389450
1315.200000	-515.728271	98.310478
1315.266667	-515.729736	98.336777
1315.333333	-515.706116	98.233612
1315.400000	-515.677490	98.226509
1315.466667	-515.654175	98.211914
1315.533333	-515.677185	98.195183
1315.600000	-515.615417	98.158447
1315.666667	-515.600525	98.149368
1315.733333	-515.510620	98.109848
1315.800000	-515.538879	98.121811
1315.866667	-515.464966	98.107628
1315.933333	-515.503174	98.129677
1316.000000	-515.492065	98.168716
1316.066667	-515.458069	98.172264
1316.133333	-515.440552	98.230026
1316.200000	-515.452576	98.259827
1316.266667	-515.474915	98.302841
1316.333333	-515.473450	98.377953
1316.400000	-515.507629	98.413963
1316.466667	-515.460693	98.433670
1316.533333	-515.468872	98.465141
1316.600000	-515.439392	98.503555
1316.666667	-515.415527	98.530632
1316.733333	-515.441467	98.594284
1316.800000	-515.377380	98.558441
1316.866667	-515.362915	98.545181
1316.933333	-515.359070	98.549049
1317.000000	-515.325134	98.530342
1317.066667	-515.253479	98.443542
1317.133333	-515.170837	98.386620
1317.200000	-515.166443	98.344398
1317.266667	-515.163940	98.359383
1317.333333	-515.191711	98.321732
1317.400000	-515.133118	98.297348
1317.466667	-515.160706	98.300529
1317.533333	-515.134216	98.307953
1317.600000	-515.053589	98.275253
1317.666667	-514.944397	98.231163
1317.733333	-514.858337	98.205925
1317.800000	-514.828247	98.185020
1317.866667	-514.813293	98.207787
1317.933333	-514.737122	98.182213
1318.000000	-514.775146	98.229843
1318.066667	-514.738464	98.257492
1318.133333	-514.708557	98.263687
1318.200000	-514.732361	98.294998
1318.266667	-514.689819	98.315964
1318.333333	-514.767029	98.309601
1318.400000	-514.747803	98.339561
1318.466667	-514.752380	98.392380
1318.533333	-514.728699	98.449913
1318.600000	-514.731323	98.499680
1318.666667	-514.722961	98.518288
1318.733333	-514.662170	98.537880
1318.800000	-514.627319	98.569572
1318.866667	-514.665833	98.604515
1318.933333	-514.637207	98.636452
1319.000000	-514.643127	98.631775
1319.066667	-514.593994	98.617546
1319.133333	-514.608459	98.675491
1319.200000	-514.676514	98.700790
1319.266667	-514.640442	98.674911
1319.333333	-514.582092	98.628487
1319.400000	-514.498474	98.552757
1319.466667	-514.455200	98.529205
1319.533333	-514.432373	98.488831
1319.600000	-514.394226	98.443382
1319.666667	-514.382019	98.417984
1319.733333	-514.357788	98.399643
1319.800000	-514.327271	98.384224
1319.866667	-514.317627	98.382629
1319.933333	-514.312256	98.384911
1320.000000	-514.321594	98.405083
