0.066667	65.156990	46.248341
0.133333	64.305168	46.167114
0.200000	63.880390	46.237682
0.266667	63.466373	46.097603
0.333333	63.120060	46.048077
0.400000	62.705269	46.020508
0.466667	62.340088	46.061378
0.533333	62.340088	46.061378
0.600000	61.895596	46.123775
0.666667	61.511292	46.131546
0.733333	61.096508	46.224648
0.800000	60.733917	46.217899
0.866667	60.363018	46.246700
0.933333	59.965298	46.246365
1.000000	59.634701	46.290672
1.066667	59.248135	46.377556
1.133333	58.882866	46.483135
1.200000	58.452179	46.689442
1.266667	58.017624	46.649292
1.333333	57.737602	46.597122
1.400000	57.356487	46.629631
1.466667	56.896832	46.675472
1.533333	56.577385	46.751938
1.600000	56.224506	46.911079
1.666667	55.922871	46.869091
1.733333	55.458271	46.953411
1.800000	55.039322	47.005840
1.866667	54.669495	47.117950
1.933333	54.221336	47.110550
2.000000	53.829350	47.184013
2.066667	53.453945	47.102829
2.133333	52.987617	47.129601
2.200000	52.606812	47.131039
2.266667	52.252281	47.058002
2.333333	51.734104	47.174999
2.400000	51.379879	47.035145
2.466667	51.070656	47.057026
2.533333	50.542950	46.911831
2.600000	50.186325	46.905056
2.666667	49.820347	46.945946
2.733333	49.400047	47.034328
2.800000	48.544750	47.275040
2.933333	48.042553	47.302803
3.000000	47.359730	47.213451
3.066667	46.962940	47.202560
3.133333	46.497047	47.362217
3.200000	46.109100	47.432777
3.333333	45.802296	47.586040
3.400000	44.968262	47.624146
3.466667	44.968262	47.624146
3.533333	44.162025	47.652473
3.600000	43.822117	47.874050
3.733333	43.388287	47.880680
3.800000	43.059124	47.827362
3.866667	42.655949	47.861210
3.933333	42.341061	47.858910
4.000000	41.927719	47.881653
4.066667	41.414471	47.815365
4.133333	40.713211	48.043713
4.200000	40.229057	47.970444
4.266667	39.795853	47.872715
4.333333	39.388374	47.920658
4.400000	39.022430	47.935051
4.466667	39.022430	47.935051
4.533333	38.610886	47.928131
4.600000	38.093174	47.831863
4.666667	37.677662	47.952644
4.733333	37.218784	47.915211
4.800000	36.856884	47.951649
4.866667	36.398571	48.010731
4.933333	35.981556	47.985168
5.000000	35.492748	48.088181
5.066667	35.125633	48.090565
5.133333	34.605034	48.167988
5.200000	34.172146	48.170395
5.266667	33.753666	48.265362
5.333333	33.221920	48.353233
5.400000	32.797211	48.447479
5.466667	31.968214	48.448311
5.533333	31.968214	48.448311
5.600000	31.028864	48.792542
5.666667	30.547770	48.887283
5.733333	30.191448	48.987564
5.800000	29.801168	48.918148
5.866667	29.368303	48.955029
5.933333	28.915428	48.983349
6.000000	28.915428	48.983349
6.066667	28.529606	48.995373
6.133333	28.078259	48.980282
6.200000	27.703638	49.067490
6.266667	27.292419	49.088718
6.333333	26.838171	49.038475
6.400000	26.309116	49.002548
6.466667	25.911087	48.932163
6.533333	25.000368	48.901012
6.600000	25.000368	48.901012
6.666667	24.592106	48.910305
6.733333	24.138805	48.879692
6.800000	23.619389	48.926716
6.866667	23.162365	48.904335
6.933333	22.758814	49.047318
7.000000	22.255854	49.054474
7.066667	21.777821	49.179256
7.133333	21.435463	49.049526
7.200000	20.991440	49.136013
7.266667	20.489300	49.247913
7.333333	20.035999	49.314636
7.400000	19.535349	49.498043
7.466667	19.125322	49.553394
7.533333	18.575752	49.570698
7.600000	18.119156	49.572842
7.666667	17.636717	49.638351
7.733333	17.152365	49.616211
7.800000	16.689707	49.587414
7.866667	16.128250	49.588615
7.933333	15.784358	49.602627
8.000000	15.314904	49.718494
8.066667	14.824123	49.657848
8.133333	14.449574	49.680927
8.200000	13.957536	49.814442
8.266667	13.514832	49.780651
8.333333	13.102574	49.883945
8.400000	12.632455	49.763767
8.466667	12.181358	49.772678
8.533333	11.766210	49.793606
8.600000	11.297714	49.726391
8.666667	10.839754	49.697159
8.733333	10.406214	49.731937
8.800000	9.441347	49.735935
8.866667	9.441347	49.735935
8.933333	8.954578	49.757191
9.000000	8.370518	49.758049
9.066667	7.997484	49.727921
9.133333	7.539934	49.843426
9.200000	7.010328	49.848831
9.266667	5.981005	50.022079
9.333333	5.981005	50.022079
9.400000	5.516831	50.133526
9.466667	5.148471	50.125095
9.533333	4.628550	50.194504
9.600000	4.138930	50.216232
9.666667	3.627574	50.282246
9.733333	3.130171	50.327255
9.800000	2.506254	50.274796
9.866667	2.020916	50.319752
9.933333	1.462959	50.359325
10.000000	0.991706	50.301044
10.066667	-0.076460	50.366009
10.133333	-0.438711	50.283165
10.200000	-0.933862	50.409851
10.266667	-1.568658	50.387047
10.333333	-1.998128	50.372242
10.400000	-2.447958	50.314205
10.466667	-2.867362	50.338398
10.533333	-3.383107	50.268215
10.600000	-3.894358	50.277443
10.666667	-4.415727	50.309978
10.733333	-4.957478	50.321560
10.800000	-5.401624	50.294567
10.866667	-5.871475	50.135017
10.933333	-6.428948	50.187012
11.000000	-6.919590	50.257061
11.066667	-7.471294	50.230030
11.133333	-7.946281	50.416306
11.200000	-8.450541	50.345322
11.266667	-8.450541	50.345322
11.333333	-8.912034	50.325966
11.400000	-9.559020	50.416553
11.466667	-10.035682	50.507919
11.533333	-10.526085	50.510914
11.600000	-11.073603	50.527313
11.666667	-11.633724	50.459133
11.733333	-12.093792	50.637199
11.800000	-12.628792	50.763279
11.866667	-13.127991	50.812550
11.933333	-13.782528	50.861622
12.000000	-14.337521	50.905678
12.066667	-14.745134	50.850960
12.133333	-15.426000	50.796898
12.200000	-15.851737	50.852345
12.266667	-16.458469	50.849712
12.333333	-16.959225	50.889614
12.400000	-17.390003	50.925907
12.466667	-17.971266	50.918308
12.533333	-18.349379	50.921841
12.600000	-19.383961	50.976650
12.666667	-19.829426	50.980721
12.733333	-19.829426	50.980721
12.800000	-20.421843	51.035786
12.866667	-20.940264	51.034054
12.933333	-21.342506	51.099442
13.000000	-21.789042	50.837719
13.066667	-22.919376	50.914577
13.133333	-22.919376	50.914577
13.200000	-23.433294	50.880657
13.266667	-23.939621	50.946899
13.333333	-24.553291	51.018700
13.400000	-24.932634	51.061169
13.466667	-25.627033	51.018391
13.533333	-26.182512	50.983868
13.600000	-26.634935	51.126572
13.666667	-27.199907	51.110851
13.733333	-27.714462	51.376617
13.800000	-28.381571	51.332981
13.866667	-28.870966	51.274212
13.933333	-29.385468	51.396893
14.000000	-29.839750	51.337250
14.066667	-30.396549	51.512775
14.133333	-30.938530	51.444305
14.200000	-31.551121	51.385952
14.266667	-32.173351	51.496845
14.333333	-33.145363	51.498173
14.400000	-33.145363	51.498173
14.466667	-33.753864	51.477421
14.533333	-34.198250	51.534748
14.600000	-35.326950	51.461807
14.666667	-35.742210	51.460716
14.733333	-36.298397	51.324615
14.800000	-36.298397	51.324615
14.866667	-36.857513	51.448986
14.933333	-37.337570	51.444050
15.000000	-38.437717	51.604012
15.066667	-39.155296	51.360882
15.133333	-39.606049	51.533337
15.200000	-39.606049	51.533337
15.266667	-40.123306	51.545364
15.333333	-40.601589	51.621532
15.400000	-41.140297	51.679058
15.466667	-42.347588	51.731163
15.533333	-42.815075	51.621677
15.600000	-43.356377	51.741619
15.666667	-43.356377	51.741619
15.733333	-43.956310	51.686913
15.800000	-44.534561	51.649414
15.866667	-45.081451	51.877338
15.933333	-46.218803	51.988159
16.000000	-46.686188	51.953136
16.066667	-46.686188	51.953136
16.133333	-47.306519	51.907684
16.200000	-47.857342	51.994480
16.266667	-49.036137	52.076447
16.333333	-49.472301	52.103104
16.400000	-50.277447	52.017376
16.466667	-50.277447	52.017376
16.533333	-50.818607	52.123901
16.600000	-51.507927	52.042004
16.666667	-52.031952	52.101360
16.733333	-53.145691	52.035698
16.800000	-53.687473	52.063816
16.866667	-54.203106	51.944191
16.933333	-54.203106	51.944191
17.000000	-54.800083	52.078514
17.066667	-56.084518	52.006859
17.133333	-56.689255	52.078548
17.200000	-57.244144	51.961884
17.266667	-57.674324	52.085045
17.333333	-57.674324	52.085045
17.400000	-58.414822	52.036228
17.466667	-58.864475	52.036221
17.533333	-60.015274	51.978596
17.600000	-60.515957	52.091019
17.666667	-61.110020	52.045559
17.733333	-61.110020	52.045559
17.800000	-61.742218	52.048019
17.866667	-62.345089	52.046272
17.933333	-63.435257	52.214119
18.000000	-64.116814	52.286797
18.066667	-64.739510	52.412689
18.133333	-64.739510	52.412689
18.200000	-65.213089	52.455101
18.266667	-66.419456	52.611763
18.333333	-67.080681	52.513859
18.400000	-67.627525	52.597878
18.466667	-68.201584	52.444286
18.533333	-68.877548	52.339756
18.600000	-68.877548	52.339756
18.666667	-69.535042	52.319546
18.733333	-70.633720	52.466499
18.800000	-71.374733	52.353352
18.866667	-71.899010	52.260761
18.933333	-72.616798	52.339115
19.000000	-73.183884	52.282272
19.066667	-73.765045	52.371365
19.133333	-74.392792	52.296383
19.200000	-74.965614	52.298634
19.266667	-75.516510	52.456142
19.333333	-76.264633	52.276566
19.400000	-76.771088	52.370422
19.466667	-77.509979	52.232681
19.533333	-78.097549	52.232357
19.600000	-78.655670	52.317017
19.666667	-79.242706	52.319790
19.733333	-79.936188	52.408478
19.800000	-80.406265	52.394966
19.866667	-81.170242	52.409729
19.933333	-81.747009	52.461002
20.000000	-82.292313	52.503273
20.066667	-82.915459	52.453938
20.133333	-83.477371	52.457417
20.200000	-84.099075	52.540291
20.266667	-84.835892	52.594006
20.333333	-85.379410	52.523026
20.400000	-86.051010	52.696529
20.466667	-86.730064	52.701046
20.533333	-87.195877	52.782734
20.600000	-87.742813	52.763622
20.666667	-87.742813	52.763622
20.733333	-89.223473	52.625191
20.800000	-89.979309	52.534199
20.866667	-90.661873	52.614613
20.933333	-91.281982	52.602020
21.000000	-91.766823	52.516773
21.066667	-92.468506	52.450211
21.133333	-93.013573	52.443474
21.200000	-93.757881	52.416458
21.266667	-94.436600	52.369827
21.333333	-94.909691	52.463978
21.400000	-95.659958	52.465424
21.466667	-96.228111	52.391430
21.533333	-97.154869	52.427273
21.600000	-97.748871	52.417164
21.666667	-98.303680	52.481037
21.733333	-98.995903	52.518688
21.800000	-99.494164	52.453690
21.866667	-100.354958	52.470451
21.933333	-100.815735	52.504559
22.000000	-101.457085	52.576122
22.066667	-102.275261	52.519341
22.133333	-102.808891	52.509060
22.200000	-103.366165	52.723305
22.266667	-104.045128	52.630779
22.333333	-104.692360	52.805599
22.400000	-105.277817	52.726398
22.466667	-106.060539	52.735691
22.533333	-106.783195	52.820290
22.600000	-107.362755	52.783745
22.666667	-108.049110	52.807487
22.733333	-108.811432	52.740475
22.800000	-109.443871	52.698109
22.866667	-110.121353	52.649635
22.933333	-110.784943	52.509476
23.000000	-111.356308	52.628941
23.066667	-112.025101	52.508755
23.133333	-112.605103	52.595917
23.200000	-113.223282	52.585655
23.266667	-114.171242	52.505253
23.333333	-114.731850	52.637508
23.400000	-115.406540	52.583775
23.466667	-115.993721	52.495361
23.533333	-116.728065	52.413265
23.600000	-117.491676	52.423267
23.666667	-118.146072	52.454597
23.733333	-118.892700	52.345879
23.800000	-119.490326	52.344696
23.866667	-119.912270	52.373444
23.933333	-120.698425	52.281296
24.000000	-121.462135	52.246582
24.066667	-122.146286	52.305588
24.133333	-122.776596	52.351742
24.200000	-123.478714	52.214352
24.266667	-124.141632	52.280666
24.333333	-124.766869	52.448925
24.400000	-125.376556	52.295216
24.466667	-125.952431	52.478058
24.533333	-126.624977	52.558113
24.600000	-127.391319	52.507381
24.666667	-128.185867	52.450550
24.733333	-128.968842	52.635059
24.800000	-129.561096	52.447613
24.866667	-130.177155	52.455276
25.000000	-131.438583	52.441547
25.066667	-132.117279	52.345222
25.133333	-132.597626	52.345222
25.200000	-134.191513	52.328426
25.266667	-134.191513	52.328426
25.333333	-135.391220	52.147400
25.466667	-136.022949	52.312035
25.533333	-136.972748	52.115662
25.600000	-137.699371	52.229015
25.666667	-138.480469	52.290009
25.733333	-139.189270	52.183933
25.800000	-139.713470	52.295929
25.866667	-140.462509	52.095531
25.933333	-141.086029	52.319817
26.000000	-141.837631	52.261364
26.066667	-142.470901	52.298046
26.133333	-143.217636	52.403214
26.200000	-144.082535	52.411800
26.266667	-144.855377	52.364071
26.333333	-145.552155	52.347080
26.400000	-146.017792	52.155556
26.466667	-146.944565	52.216751
26.533333	-147.477249	52.242958
26.600000	-148.262939	52.308453
26.666667	-148.780334	52.324322
26.733333	-149.688034	52.263725
26.800000	-150.418518	52.449650
26.866667	-151.062592	52.561523
26.933333	-151.495499	52.636974
27.000000	-152.294601	52.365021
27.066667	-153.093735	52.419651
27.133333	-153.865005	52.418026
27.200000	-154.449707	52.432320
27.266667	-155.411057	52.326160
27.333333	-156.066513	52.335915
27.400000	-156.612488	52.235668
27.466667	-157.304596	52.276642
27.533333	-158.125046	52.287552
27.600000	-158.855118	52.311375
27.666667	-159.618164	52.209461
27.733333	-160.396683	52.180359
27.800000	-161.261215	52.195007
27.866667	-162.038712	52.121067
27.933333	-162.723434	52.059315
28.000000	-163.443405	51.964687
28.066667	-164.075699	52.087738
28.133333	-164.830734	52.039021
28.200000	-165.763397	52.223171
28.266667	-166.533966	52.371098
28.333333	-167.237549	52.334564
28.400000	-167.974457	52.353855
28.466667	-168.539383	52.264950
28.533333	-169.615448	52.380219
28.600000	-170.342667	52.448109
28.666667	-171.089035	52.485619
28.733333	-171.729736	52.355232
28.800000	-172.526138	52.366611
28.866667	-173.448837	52.352688
28.933333	-174.165146	52.494442
29.000000	-174.937500	52.456005
29.066667	-175.656342	52.420700
29.133333	-176.327347	52.379593
29.200000	-176.895859	52.329212
29.266667	-177.361526	52.437950
29.333333	-178.243225	52.477985
29.400000	-179.123688	52.426559
29.466667	-180.114441	52.602303
29.533333	-180.593658	52.663078
29.600000	-181.178558	52.601025
29.666667	-182.001511	52.482830
29.733333	-183.765274	52.433361
29.800000	-184.450455	52.457783
29.866667	-184.450455	52.457783
29.933333	-185.373871	52.299545
30.000000	-186.228683	52.205704
30.066667	-187.993500	52.466595
30.133333	-188.480087	52.447109
30.200000	-189.389099	52.391384
30.266667	-190.177078	52.357742
30.333333	-190.682175	52.361027
30.400000	-190.682175	52.361027
30.466667	-192.647949	52.415081
30.600000	-193.156998	52.464649
30.666667	-194.320953	52.353130
30.733333	-195.065384	52.447212
30.800000	-195.573105	52.574764
30.866667	-197.160522	52.541016
30.933333	-197.160522	52.541016
31.000000	-197.466400	52.650417
31.066667	-198.817383	52.539558
31.133333	-199.461060	52.610699
31.200000	-200.563507	52.550369
31.266667	-201.284714	52.613815
31.333333	-201.857239	52.783703
31.400000	-202.620667	52.707439
31.466667	-203.364807	52.577648
31.533333	-204.158600	52.714230
31.600000	-204.858826	52.573963
31.666667	-205.457169	52.604637
31.733333	-206.560577	52.585537
31.800000	-206.993301	52.573902
31.866667	-208.088715	52.351246
31.933333	-208.978394	52.227428
32.000000	-209.766434	52.248325
32.066667	-210.326996	52.372097
32.133333	-211.060211	52.274517
32.200000	-211.653748	52.290279
32.266667	-212.655823	52.383804
32.333333	-213.433136	52.365417
32.400000	-214.170135	52.366989
32.466667	-215.195648	52.155460
32.533333	-215.998123	52.205769
32.600000	-216.825974	52.261921
32.666667	-217.437042	52.390926
32.733333	-218.597107	52.268101
32.800000	-219.439545	52.362782
32.866667	-220.239548	52.576229
32.933333	-220.688416	52.450951
33.000000	-221.554810	52.618423
33.066667	-222.717346	52.794094
33.133333	-223.573669	52.775654
33.200000	-223.942749	52.758347
33.266667	-225.006409	52.597195
33.333333	-225.951431	52.526432
33.400000	-226.467667	52.421932
33.466667	-227.842438	52.430893
33.533333	-228.647446	52.440525
33.600000	-228.776199	52.594536
33.666667	-229.435593	52.518513
33.733333	-230.135162	52.425255
33.800000	-230.709503	52.395672
33.866667	-231.698303	52.478825
33.933333	-232.777130	52.597061
34.000000	-233.524002	52.866093
34.066667	-234.570175	52.559956
34.133333	-235.168350	52.567024
34.200000	-236.210983	52.725250
34.266667	-236.861359	52.579880
34.333333	-237.575104	52.446774
34.400000	-237.950256	52.592182
34.466667	-239.175522	52.646313
34.533333	-239.890991	52.555641
34.600000	-241.142670	52.519058
34.666667	-241.535110	52.660236
34.733333	-242.449142	52.456242
34.800000	-243.219757	52.408215
34.866667	-244.001816	52.389675
34.933333	-244.881424	52.317169
35.000000	-246.015793	52.699333
35.066667	-246.675522	52.633171
35.133333	-247.443497	52.627087
35.200000	-247.827209	52.606350
35.266667	-248.949402	52.489689
35.333333	-249.893112	52.457993
35.400000	-250.481323	52.555508
35.466667	-251.037979	52.574474
35.533333	-251.538193	52.631313
35.600000	-251.967789	52.760666
35.666667	-252.389236	52.865311
35.733333	-252.389236	52.865311
35.800000	-252.389236	52.865311
35.866667	-252.389236	52.865311
35.933333	-252.389236	52.865311
36.000000	-252.389236	52.865311
36.066667	-252.389236	52.865311
36.133333	-252.389236	52.865311
36.200000	-252.389236	52.865311
36.266667	-252.389236	52.865311
36.333333	-252.389236	52.865311
36.400000	-252.389236	52.865311
36.466667	-252.389236	52.865311
36.533333	-252.389236	52.865311
36.600000	-252.389236	52.865311
36.666667	-252.389236	52.865311
36.733333	-252.389236	52.865311
36.800000	-252.389236	52.865311
36.866667	-252.389236	52.865311
36.933333	-252.389236	52.865311
37.000000	-252.389236	52.865311
37.066667	-252.389236	52.865311
37.133333	-252.389236	52.865311
37.200000	-252.389236	52.865311
37.266667	-252.389236	52.865311
37.333333	-252.389236	52.865311
37.400000	-252.389236	52.865311
37.466667	-252.389236	52.865311
37.533333	-252.389236	52.865311
37.600000	-252.389236	52.865311
37.666667	-252.389236	52.865311
37.733333	-252.389236	52.865311
37.800000	-252.389236	52.865311
37.866667	-252.389236	52.865311
37.933333	-252.389236	52.865311
38.000000	-252.389236	52.865311
38.066667	-252.389236	52.865311
38.133333	-252.389236	52.865311
38.200000	-252.389236	52.865311
38.266667	-252.389236	52.865311
38.333333	-252.389236	52.865311
38.400000	-252.389236	52.865311
38.466667	-252.389236	52.865311
38.533333	-252.389236	52.865311
38.600000	-252.389236	52.865311
38.666667	-252.389236	52.865311
38.733333	-252.389236	52.865311
38.800000	-252.389236	52.865311
38.866667	-252.389236	52.865311
38.933333	-252.389236	52.865311
39.000000	-252.389236	52.865311
39.066667	-252.389236	52.865311
39.133333	-252.389236	52.865311
39.200000	-252.389236	52.865311
39.266667	-252.389236	52.865311
39.333333	-252.389236	52.865311
39.400000	-252.389236	52.865311
39.466667	-252.389236	52.865311
39.533333	-252.389236	52.865311
39.600000	-252.389236	52.865311
39.666667	-252.389236	52.865311
39.733333	-252.389236	52.865311
39.800000	-252.389236	52.865311
39.866667	-252.389236	52.865311
39.933333	-252.389236	52.865311
40.000000	-252.389236	52.865311
40.066667	-252.389236	52.865311
40.133333	-252.389236	52.865311
40.200000	-252.389236	52.865311
40.266667	-252.389236	52.865311
40.333333	-252.389236	52.865311
40.400000	-252.389236	52.865311
40.466667	-252.389236	52.865311
40.533333	-252.389236	52.865311
40.600000	-252.389236	52.865311
40.666667	-252.389236	52.865311
40.733333	-252.389236	52.865311
40.800000	-252.389236	52.865311
40.866667	-252.389236	52.865311
40.933333	-252.389236	52.865311
41.000000	-252.389236	52.865311
41.066667	-252.389236	52.865311
41.133333	-252.389236	52.865311
41.200000	-252.389236	52.865311
41.266667	-252.389236	52.865311
41.333333	-252.389236	52.865311
41.400000	-252.389236	52.865311
41.466667	-252.389236	52.865311
41.533333	-252.389236	52.865311
41.600000	-252.389236	52.865311
41.666667	-252.389236	52.865311
41.733333	-252.389236	52.865311
41.800000	-252.389236	52.865311
41.866667	-252.389236	52.865311
41.933333	-252.389236	52.865311
42.000000	-252.389236	52.865311
42.066667	-252.389236	52.865311
42.133333	-252.389236	52.865311
42.200000	-252.389236	52.865311
42.266667	-252.389236	52.865311
42.333333	-252.389236	52.865311
42.400000	-252.389236	52.865311
42.466667	-252.389236	52.865311
42.533333	-252.389236	52.865311
42.600000	-252.389236	52.865311
42.666667	-252.389236	52.865311
42.733333	-252.389236	52.865311
42.800000	-252.389236	52.865311
42.866667	-252.389236	52.865311
42.933333	-252.389236	52.865311
43.000000	-252.389236	52.865311
43.066667	-252.389236	52.865311
43.133333	-252.389236	52.865311
43.200000	-252.389236	52.865311
43.266667	-252.389236	52.865311
43.333333	-252.389236	52.865311
43.400000	-252.389236	52.865311
43.466667	-252.389236	52.865311
43.533333	-252.389236	52.865311
43.600000	-252.389236	52.865311
43.666667	-252.389236	52.865311
43.733333	-252.389236	52.865311
43.800000	-252.389236	52.865311
43.866667	-252.389236	52.865311
43.933333	-252.389236	52.865311
44.000000	-252.389236	52.865311
44.066667	-252.389236	52.865311
44.133333	-252.389236	52.865311
44.200000	-252.389236	52.865311
44.266667	-252.389236	52.865311
44.333333	-252.389236	52.865311
44.400000	-252.389236	52.865311
44.466667	-252.389236	52.865311
44.533333	-252.389236	52.865311
44.600000	-252.389236	52.865311
44.666667	-252.389236	52.865311
44.733333	-252.389236	52.865311
44.800000	-252.389236	52.865311
44.866667	-252.389236	52.865311
44.933333	-252.389236	52.865311
45.000000	-252.389236	52.865311
45.066667	-252.389236	52.865311
45.133333	-252.389236	52.865311
45.200000	-252.389236	52.865311
45.266667	-252.389236	52.865311
45.333333	-252.389236	52.865311
45.400000	-252.389236	52.865311
45.466667	-252.389236	52.865311
45.533333	-252.389236	52.865311
45.600000	-252.389236	52.865311
45.666667	-252.389236	52.865311
45.733333	-252.389236	52.865311
45.800000	-252.389236	52.865311
45.866667	-252.389236	52.865311
45.933333	-252.389236	52.865311
46.000000	-252.389236	52.865311
46.066667	-252.389236	52.865311
46.133333	-252.389236	52.865311
46.200000	-252.389236	52.865311
46.266667	-252.389236	52.865311
46.333333	-252.389236	52.865311
46.400000	-252.389236	52.865311
46.466667	-252.389236	52.865311
46.533333	-252.389236	52.865311
46.600000	-252.389236	52.865311
46.666667	-252.389236	52.865311
46.733333	-252.389236	52.865311
46.800000	-252.389236	52.865311
46.866667	-252.389236	52.865311
46.933333	-252.389236	52.865311
47.000000	-252.389236	52.865311
47.066667	-252.389236	52.865311
47.133333	-252.389236	52.865311
47.200000	-252.389236	52.865311
47.266667	-252.389236	52.865311
47.333333	-252.389236	52.865311
47.400000	-252.389236	52.865311
47.466667	-252.389236	52.865311
47.533333	-252.389236	52.865311
47.600000	-252.389236	52.865311
47.666667	-252.389236	52.865311
47.733333	-252.389236	52.865311
47.800000	-252.389236	52.865311
47.866667	-252.389236	52.865311
47.933333	-252.389236	52.865311
48.000000	-252.389236	52.865311
48.066667	-252.389236	52.865311
48.133333	-252.389236	52.865311
48.200000	-252.389236	52.865311
48.266667	-252.389236	52.865311
48.333333	-252.389236	52.865311
48.400000	-252.389236	52.865311
48.466667	-252.389236	52.865311
48.533333	-252.389236	52.865311
48.600000	-252.389236	52.865311
48.666667	-252.389236	52.865311
48.733333	-252.389236	52.865311
48.800000	-252.389236	52.865311
48.866667	-252.389236	52.865311
48.933333	-252.389236	52.865311
49.000000	-252.389236	52.865311
49.066667	-252.389236	52.865311
49.133333	-252.389236	52.865311
49.200000	-252.389236	52.865311
49.266667	-252.389236	52.865311
49.333333	-252.389236	52.865311
49.400000	-252.389236	52.865311
49.466667	-252.389236	52.865311
49.533333	-252.389236	52.865311
49.600000	-252.389236	52.865311
49.666667	-252.389236	52.865311
49.733333	-252.389236	52.865311
49.800000	-252.389236	52.865311
49.866667	-252.389236	52.865311
49.933333	-252.389236	52.865311
50.000000	-252.389236	52.865311
50.066667	-252.389236	52.865311
50.133333	-252.389236	52.865311
50.200000	-252.389236	52.865311
50.266667	-252.389236	52.865311
50.333333	-252.389236	52.865311
50.400000	-252.389236	52.865311
50.466667	-252.389236	52.865311
50.533333	-252.389236	52.865311
50.600000	-252.389236	52.865311
50.666667	-252.389236	52.865311
50.733333	-252.389236	52.865311
50.800000	-252.389236	52.865311
50.866667	-252.389236	52.865311
50.933333	-252.389236	52.865311
51.000000	-252.389236	52.865311
51.066667	-252.389236	52.865311
51.133333	-252.389236	52.865311
51.200000	-252.389236	52.865311
51.266667	-252.389236	52.865311
51.333333	-252.389236	52.865311
51.400000	-252.389236	52.865311
51.466667	-252.389236	52.865311
51.533333	-252.389236	52.865311
51.600000	-252.389236	52.865311
51.666667	-252.389236	52.865311
51.733333	-252.389236	52.865311
51.800000	-252.389236	52.865311
51.866667	-252.389236	52.865311
51.933333	-252.389236	52.865311
52.000000	-252.389236	52.865311
52.066667	-252.389236	52.865311
52.133333	-252.389236	52.865311
52.200000	-252.389236	52.865311
52.266667	-252.389236	52.865311
52.333333	-252.389236	52.865311
52.400000	-252.389236	52.865311
52.466667	-252.389236	52.865311
52.533333	-252.389236	52.865311
52.600000	-252.389236	52.865311
52.666667	-252.389236	52.865311
52.733333	-252.389236	52.865311
52.800000	-252.389236	52.865311
52.866667	-252.389236	52.865311
52.933333	-252.389236	52.865311
53.000000	-252.389236	52.865311
53.066667	-252.389236	52.865311
53.133333	-252.389236	52.865311
53.200000	-252.389236	52.865311
53.266667	-252.389236	52.865311
53.333333	-252.389236	52.865311
53.400000	-252.389236	52.865311
53.466667	-252.389236	52.865311
53.533333	-252.389236	52.865311
53.600000	-252.389236	52.865311
53.666667	-252.389236	52.865311
53.733333	-252.389236	52.865311
53.800000	-252.389236	52.865311
53.866667	-252.389236	52.865311
53.933333	-252.389236	52.865311
54.000000	-252.389236	52.865311
54.066667	-252.389236	52.865311
54.133333	-252.389236	52.865311
54.200000	-252.389236	52.865311
54.266667	-252.389236	52.865311
54.333333	-252.389236	52.865311
54.400000	-252.389236	52.865311
54.466667	-252.389236	52.865311
54.533333	-252.389236	52.865311
54.600000	-252.389236	52.865311
54.666667	-252.389236	52.865311
54.733333	-252.389236	52.865311
54.800000	-252.389236	52.865311
54.866667	-252.389236	52.865311
54.933333	-252.389236	52.865311
55.000000	-252.389236	52.865311
55.066667	-252.389236	52.865311
55.133333	-252.389236	52.865311
55.200000	-252.389236	52.865311
55.266667	-252.389236	52.865311
55.333333	-252.389236	52.865311
55.400000	-252.389236	52.865311
55.466667	-252.389236	52.865311
55.533333	-252.389236	52.865311
55.600000	-252.389236	52.865311
55.666667	-252.389236	52.865311
55.733333	-252.389236	52.865311
55.800000	-252.389236	52.865311
55.866667	-252.389236	52.865311
55.933333	-252.389236	52.865311
56.000000	-252.389236	52.865311
56.066667	-252.389236	52.865311
56.133333	-252.389236	52.865311
56.200000	-252.389236	52.865311
56.266667	-252.389236	52.865311
56.333333	-252.389236	52.865311
56.400000	-252.389236	52.865311
56.466667	-252.389236	52.865311
56.533333	-252.389236	52.865311
56.600000	-252.389236	52.865311
56.666667	-252.389236	52.865311
56.733333	-252.389236	52.865311
56.800000	-252.389236	52.865311
56.866667	-252.389236	52.865311
56.933333	-252.389236	52.865311
57.000000	-252.389236	52.865311
57.066667	-252.389236	52.865311
57.133333	-252.389236	52.865311
57.200000	-252.389236	52.865311
57.266667	-252.389236	52.865311
57.333333	-252.389236	52.865311
57.400000	-252.389236	52.865311
57.466667	-252.389236	52.865311
57.533333	-252.389236	52.865311
57.600000	-252.389236	52.865311
57.666667	-252.389236	52.865311
57.733333	-252.389236	52.865311
57.800000	-252.389236	52.865311
57.866667	-252.389236	52.865311
57.933333	-252.389236	52.865311
58.000000	-252.389236	52.865311
58.066667	-252.389236	52.865311
58.133333	-252.389236	52.865311
58.200000	-252.389236	52.865311
58.266667	-252.389236	52.865311
58.333333	-252.389236	52.865311
58.400000	-252.389236	52.865311
58.466667	-252.389236	52.865311
58.533333	-252.389236	52.865311
58.600000	-252.389236	52.865311
58.666667	-252.389236	52.865311
58.733333	-252.389236	52.865311
58.800000	-252.389236	52.865311
58.866667	-252.389236	52.865311
58.933333	-252.389236	52.865311
59.000000	-252.389236	52.865311
59.066667	-252.389236	52.865311
59.133333	-252.389236	52.865311
59.200000	-252.389236	52.865311
59.266667	-252.389236	52.865311
59.333333	-252.389236	52.865311
59.400000	-252.389236	52.865311
59.466667	-252.389236	52.865311
59.533333	-252.389236	52.865311
59.600000	-252.389236	52.865311
59.666667	-252.389236	52.865311
59.733333	-252.389236	52.865311
59.800000	-252.389236	52.865311
59.866667	-252.389236	52.865311
59.933333	-252.389236	52.865311
60.000000	-252.389236	52.865311
