1380.066667	-396.483185	88.575180
1380.133333	-396.452057	88.500206
1380.200000	-396.462952	88.557121
1380.266667	-396.403046	88.492828
1380.333333	-396.360474	88.421638
1380.400000	-396.360474	88.421638
1380.466667	-396.296722	88.349358
1380.533333	-396.296722	88.349358
1380.600000	-396.293823	88.460831
1380.666667	-396.274933	88.422585
1380.733333	-396.284149	88.484596
1380.800000	-396.269196	88.465088
1380.866667	-396.247833	88.479889
1380.933333	-396.230988	88.456657
1381.000000	-396.182251	88.478149
1381.066667	-396.199615	88.521095
1381.133333	-396.211304	88.415039
1381.200000	-396.144928	88.540993
1381.266667	-396.146057	88.510429
1381.333333	-396.117218	88.501259
1381.400000	-396.117218	88.501259
1381.466667	-396.087799	88.535431
1381.533333	-396.097931	88.500160
1381.600000	-396.084869	88.573097
1381.666667	-396.148163	88.506783
1381.733333	-396.110443	88.569427
1381.800000	-396.110443	88.569427
1381.866667	-396.064117	88.542709
1381.933333	-396.055237	88.505379
1382.000000	-396.036041	88.570824
1382.066667	-395.985535	88.517372
1382.133333	-395.965698	88.508415
1382.200000	-395.985504	88.530998
1382.266667	-395.985504	88.530998
1382.333333	-395.969391	88.442207
1382.400000	-395.930176	88.463844
1382.466667	-395.931671	88.441772
1382.533333	-395.917969	88.406929
1382.600000	-395.858917	88.398376
1382.666667	-395.858917	88.398376
1382.733333	-395.855377	88.396652
1382.800000	-395.797272	88.383934
1382.866667	-395.777344	88.382561
1382.933333	-395.726318	88.396591
1383.000000	-395.729218	88.353210
1383.066667	-395.729218	88.353210
1383.133333	-395.744141	88.422081
1383.200000	-395.779633	88.451424
1383.266667	-395.761444	88.415955
1383.333333	-395.786224	88.414062
1383.400000	-395.745331	88.431107
1383.466667	-395.745331	88.431107
1383.533333	-395.740021	88.452751
1383.600000	-395.733673	88.484901
1383.666667	-395.691681	88.496933
1383.733333	-395.699829	88.521049
1383.800000	-395.669037	88.592995
1383.866667	-395.649841	88.515297
1383.933333	-395.649841	88.515297
1384.000000	-395.666901	88.493378
1384.066667	-395.594360	88.604630
1384.133333	-395.583588	88.547508
1384.200000	-395.572174	88.568810
1384.266667	-395.514221	88.553596
1384.333333	-395.514221	88.553596
1384.400000	-395.493134	88.541153
1384.466667	-395.469330	88.489182
1384.533333	-395.463196	88.465019
1384.600000	-395.393890	88.337891
1384.666667	-395.348755	88.374947
1384.733333	-395.348755	88.374947
1384.800000	-395.358459	88.372871
1384.866667	-395.406128	88.407967
1384.933333	-395.298096	88.412956
1385.000000	-395.255219	88.470131
1385.066667	-395.263397	88.428200
1385.133333	-395.208527	88.481384
1385.200000	-395.208527	88.481384
1385.266667	-395.215057	88.496811
1385.333333	-395.251434	88.500328
1385.400000	-395.272614	88.475517
1385.466667	-395.201813	88.575554
1385.533333	-395.202911	88.651054
1385.600000	-395.202911	88.651054
1385.666667	-395.187256	88.678978
1385.733333	-395.161896	88.733803
1385.800000	-395.037659	88.850632
1385.866667	-395.033936	88.806290
1385.933333	-394.988159	88.896866
1386.000000	-394.988159	88.896866
1386.066667	-394.981720	88.849472
1386.133333	-394.970398	88.758781
1386.200000	-394.898010	88.729424
1386.266667	-394.872040	88.733727
1386.333333	-394.843536	88.682098
1386.400000	-394.843536	88.682098
1386.466667	-394.883575	88.679832
1386.533333	-394.831085	88.657646
1386.600000	-394.836578	88.660332
1386.666667	-394.795074	88.614403
1386.733333	-394.748871	88.601105
1386.800000	-394.731964	88.705910
1386.866667	-394.731964	88.705910
1386.933333	-394.636383	88.636353
1387.000000	-394.600311	88.677261
1387.066667	-394.586975	88.686058
1387.133333	-394.586975	88.637222
1387.200000	-394.607117	88.691383
1387.266667	-394.607117	88.691383
1387.333333	-394.576569	88.512878
1387.400000	-394.598633	88.624405
1387.466667	-394.582825	88.541817
1387.533333	-394.548218	88.566399
1387.600000	-394.510315	88.642883
1387.666667	-394.510315	88.642883
1387.733333	-394.541351	88.627090
1387.800000	-394.550812	88.625397
1387.866667	-394.572083	88.653191
1387.933333	-394.507629	88.769638
1388.000000	-394.553345	88.732269
1388.066667	-394.521637	88.763863
1388.133333	-394.415741	88.821449
1388.200000	-394.380646	88.829376
1388.266667	-394.347931	88.768288
1388.333333	-394.375305	88.686279
1388.400000	-394.288269	88.717300
1388.466667	-394.278229	88.588387
1388.533333	-394.253387	88.594193
1388.600000	-394.183197	88.639687
1388.666667	-394.171692	88.651543
1388.733333	-394.198395	88.514641
1388.800000	-394.222168	88.527931
1388.866667	-394.143524	88.592239
1388.933333	-394.182098	88.518799
1389.000000	-394.195099	88.556480
1389.066667	-394.145630	88.512383
1389.133333	-394.125610	88.527969
1389.200000	-394.063782	88.518906
1389.266667	-394.042267	88.476112
1389.333333	-394.003540	88.582375
1389.400000	-393.988678	88.526726
1389.466667	-393.864075	88.606697
1389.533333	-393.843231	88.585869
1389.600000	-393.842377	88.579903
1389.666667	-393.803589	88.647476
1389.733333	-393.821594	88.630669
1389.800000	-393.751434	88.696426
1389.866667	-393.757141	88.710548
1389.933333	-393.759766	88.731888
1390.000000	-393.756104	88.756454
1390.066667	-393.727844	88.703667
1390.133333	-393.618378	88.702011
1390.200000	-393.574615	88.660934
1390.266667	-393.528992	88.670341
1390.333333	-393.545868	88.702934
1390.400000	-393.542236	88.699005
1390.466667	-393.536499	88.681648
1390.533333	-393.534760	88.692459
1390.600000	-393.461731	88.657631
1390.666667	-393.459442	88.648476
1390.733333	-393.378662	88.696487
1390.800000	-393.369446	88.650162
1390.866667	-393.362122	88.636673
1390.933333	-393.335327	88.707008
1391.000000	-393.344849	88.620453
1391.066667	-393.383118	88.632568
1391.133333	-393.288452	88.702026
1391.200000	-393.344238	88.702492
1391.266667	-393.306915	88.744812
1391.333333	-393.289734	88.689392
1391.400000	-393.226410	88.819397
1391.466667	-393.167206	88.841858
1391.533333	-393.110809	88.900398
1391.600000	-393.130798	88.915749
1391.666667	-393.082458	88.892525
1391.733333	-393.042816	88.891136
1391.800000	-393.072845	88.835960
1391.866667	-393.079559	88.841309
1391.933333	-393.050476	88.844360
1392.000000	-393.014648	88.933662
1392.066667	-393.042450	88.838844
1392.133333	-392.985291	89.036018
1392.200000	-392.977295	88.934250
1392.266667	-392.949463	89.004295
1392.333333	-392.927185	89.057358
1392.400000	-392.946442	89.046509
1392.466667	-392.874939	88.970695
1392.533333	-392.851685	89.092712
1392.600000	-392.900330	89.012543
1392.666667	-392.918335	89.041252
1392.733333	-392.917908	88.993240
1392.800000	-392.914581	88.965973
1392.866667	-392.878784	88.985031
1392.933333	-392.873291	88.937225
1393.000000	-392.825989	88.826286
1393.066667	-392.764191	88.915375
1393.133333	-392.745117	88.863716
1393.200000	-392.749725	88.854973
1393.266667	-392.748962	88.816040
1393.333333	-392.724304	88.803383
1393.400000	-392.682770	88.828995
1393.466667	-392.688263	88.840607
1393.533333	-392.682861	88.826462
1393.600000	-392.644135	88.870995
1393.666667	-392.608063	88.847015
1393.733333	-392.583099	88.818703
1393.800000	-392.590546	88.794655
1393.866667	-392.540283	88.754509
1393.933333	-392.485199	88.821350
1394.000000	-392.483002	88.934525
1394.066667	-392.455536	88.981133
1394.133333	-392.486664	88.967407
1394.200000	-392.493744	89.006897
1394.266667	-392.455231	89.015167
1394.333333	-392.378571	89.090942
1394.400000	-392.375122	89.067459
1394.466667	-392.382050	89.123230
1394.533333	-392.376526	89.162239
1394.600000	-392.324219	89.099518
1394.666667	-392.258545	89.164261
1394.733333	-392.198456	89.133911
1394.800000	-392.224182	89.154060
1394.866667	-392.247498	89.149544
1394.933333	-392.215515	89.035614
1395.000000	-392.237946	89.005806
1395.066667	-392.210144	89.065720
1395.133333	-392.223785	88.984138
1395.200000	-392.206329	89.001259
1395.266667	-392.177917	89.045357
1395.333333	-392.167786	88.888176
1395.400000	-392.144440	88.982010
1395.466667	-392.125519	88.929283
1395.533333	-392.078461	88.997398
1395.600000	-392.067993	88.976173
1395.666667	-392.018066	88.928574
1395.733333	-392.032074	88.933952
1395.800000	-391.950195	88.930977
1395.866667	-391.902985	88.923454
1395.933333	-391.881470	88.947639
1396.000000	-391.838348	88.890823
1396.066667	-391.829437	88.864830
1396.133333	-391.834137	88.866470
1396.200000	-391.853607	88.901115
1396.266667	-391.810974	88.936630
1396.333333	-391.848389	88.932022
1396.400000	-391.805145	88.872345
1396.466667	-391.771332	88.880882
1396.533333	-391.802765	88.941696
1396.600000	-391.809937	88.862785
1396.666667	-391.778412	88.833191
1396.733333	-391.735748	88.903603
1396.800000	-391.715454	88.866096
1396.866667	-391.693329	88.856339
1396.933333	-391.655823	88.814720
1397.000000	-391.585083	88.875832
1397.066667	-391.595184	88.726974
1397.133333	-391.584473	88.887192
1397.200000	-391.636719	88.800026
1397.266667	-391.571014	88.855080
1397.333333	-391.565552	88.884415
1397.400000	-391.564087	88.875763
1397.466667	-391.525360	88.800774
1397.533333	-391.447937	88.839806
1397.600000	-391.436676	88.839691
1397.666667	-391.374420	88.887047
1397.733333	-391.326111	88.815552
1397.800000	-391.298431	88.890831
1397.866667	-391.291626	88.929070
1397.933333	-391.275513	89.003357
1398.000000	-391.227844	89.083405
1398.066667	-391.235565	89.014168
1398.133333	-391.178070	89.025078
1398.200000	-391.112183	89.104591
1398.266667	-391.154968	89.100853
1398.333333	-391.157471	89.062149
1398.400000	-391.106720	89.082420
1398.466667	-391.139313	88.961143
1398.533333	-391.124298	89.014648
1398.600000	-391.135040	88.841309
1398.666667	-391.072327	88.996017
1398.733333	-391.065460	89.085060
1398.800000	-391.037842	89.069702
1398.866667	-391.035095	89.096794
1398.933333	-390.963806	89.131447
1399.000000	-390.935730	89.070015
1399.066667	-390.898529	89.116966
1399.133333	-390.873474	89.067101
1399.200000	-390.790680	88.990135
1399.266667	-390.745087	88.924911
1399.333333	-390.695129	89.039696
1399.400000	-390.684692	89.034271
1399.466667	-390.631287	89.022598
1399.533333	-390.625092	88.975716
1399.600000	-390.580139	89.053551
1399.666667	-390.581390	89.014557
1399.733333	-390.558868	89.070427
1399.800000	-390.567963	88.975761
1399.866667	-390.573212	89.027115
1399.933333	-390.572205	88.985611
1400.000000	-390.605652	88.965652
1400.066667	-390.515808	88.996155
1400.133333	-390.484375	88.960556
1400.200000	-390.428040	88.967400
1400.266667	-390.370056	88.989708
1400.333333	-390.316559	89.014542
1400.400000	-390.293671	89.036568
1400.466667	-390.270599	89.027466
1400.533333	-390.278412	89.058685
1400.600000	-390.258850	89.080887
1400.666667	-390.231293	89.135056
1400.733333	-390.213531	89.161125
1400.800000	-390.158569	89.199554
1400.866667	-390.171722	89.116753
1400.933333	-390.165131	89.185173
1401.000000	-390.145538	89.199844
1401.066667	-390.021881	89.260437
1401.133333	-390.004700	89.230606
1401.200000	-389.923553	89.323807
1401.266667	-389.886383	89.228729
1401.333333	-389.811401	89.224785
1401.400000	-389.788269	89.253662
1401.466667	-389.799469	89.232910
1401.533333	-389.796204	89.194901
1401.600000	-389.770996	89.265083
1401.666667	-389.748260	89.270103
1401.733333	-389.767548	89.210945
1401.800000	-389.692261	89.156364
1401.866667	-389.681580	89.161888
1401.933333	-389.634918	89.230919
1402.000000	-389.620117	89.180992
1402.066667	-389.648010	89.076569
1402.133333	-389.636200	89.061516
1402.200000	-389.584717	89.147858
1402.266667	-389.565674	89.131950
1402.333333	-389.569763	89.109940
1402.400000	-389.504669	89.250854
1402.466667	-389.462646	89.217812
1402.533333	-389.372528	89.371834
1402.600000	-389.291809	89.414131
1402.666667	-389.251038	89.464111
1402.733333	-389.231995	89.505623
1402.800000	-389.260284	89.448677
1402.866667	-389.230988	89.424698
1402.933333	-389.166443	89.403503
1403.000000	-389.174957	89.279182
1403.066667	-389.122101	89.246330
1403.133333	-389.130127	89.284050
1403.200000	-389.031494	89.296844
1403.266667	-389.019165	89.335152
1403.333333	-388.987427	89.278511
1403.400000	-388.947327	89.316628
1403.466667	-388.852295	89.334152
1403.533333	-388.828003	89.382233
1403.600000	-388.850311	89.317696
1403.666667	-388.778595	89.493202
1403.733333	-388.770691	89.444984
1403.800000	-388.781860	89.408684
1403.866667	-388.755890	89.397911
1403.933333	-388.735931	89.343292
1404.000000	-388.665436	89.299706
1404.066667	-388.638214	89.301666
1404.133333	-388.578583	89.411293
1404.200000	-388.554230	89.412231
1404.266667	-388.532257	89.388771
1404.333333	-388.541229	89.412964
1404.400000	-388.508881	89.425957
1404.466667	-388.478119	89.437935
1404.533333	-388.506927	89.327423
1404.600000	-388.537872	89.276962
1404.666667	-388.543823	89.219154
1404.733333	-388.509094	89.271782
1404.800000	-388.516968	89.341942
1404.866667	-388.500916	89.284393
1404.933333	-388.424500	89.322800
1405.000000	-388.387787	89.367928
1405.066667	-388.323792	89.394493
1405.133333	-388.319885	89.291107
1405.200000	-388.288544	89.356972
1405.266667	-388.271637	89.374084
1405.333333	-388.288513	89.342003
1405.400000	-388.215149	89.394020
1405.466667	-388.233459	89.343666
1405.533333	-388.188110	89.385399
1405.600000	-388.179169	89.366112
1405.666667	-388.152283	89.381805
1405.733333	-388.096710	89.329735
1405.800000	-388.058289	89.361214
1405.866667	-388.045685	89.371651
1405.933333	-387.983521	89.291542
1406.000000	-387.947632	89.265862
1406.066667	-387.861206	89.343819
1406.133333	-387.831055	89.342796
1406.200000	-387.807220	89.492363
1406.266667	-387.824738	89.399994
1406.333333	-387.754089	89.389549
1406.400000	-387.736877	89.363449
1406.466667	-387.707764	89.436951
1406.533333	-387.671844	89.416100
1406.600000	-387.636566	89.421799
1406.666667	-387.621460	89.378517
1406.733333	-387.590790	89.513397
1406.800000	-387.535522	89.530685
1406.866667	-387.484833	89.484566
1406.933333	-387.502167	89.432640
1407.000000	-387.445587	89.478470
1407.066667	-387.398895	89.493393
1407.133333	-387.403961	89.501427
1407.200000	-387.358826	89.562195
1407.266667	-387.370087	89.552628
1407.333333	-387.377808	89.603874
1407.400000	-387.301392	89.671280
1407.466667	-387.335297	89.615295
1407.533333	-387.323364	89.652557
1407.600000	-387.243835	89.694519
1407.666667	-387.221741	89.629562
1407.733333	-387.231445	89.678001
1407.800000	-387.155060	89.609673
1407.866667	-387.119324	89.537491
1407.933333	-387.081268	89.534760
1408.000000	-387.014404	89.578438
1408.066667	-387.037964	89.530945
1408.133333	-386.971680	89.530678
1408.200000	-386.954926	89.503624
1408.266667	-386.952118	89.507309
1408.333333	-386.977692	89.498985
1408.400000	-386.940979	89.521088
1408.466667	-386.877808	89.643410
1408.533333	-386.860962	89.707802
1408.600000	-386.813171	89.704224
1408.666667	-386.716339	89.674286
1408.733333	-386.705322	89.597885
1408.800000	-386.741943	89.621002
1408.866667	-386.731262	89.657097
1408.933333	-386.658295	89.613640
1409.000000	-386.691284	89.498299
1409.066667	-386.625610	89.606056
1409.133333	-386.627167	89.734711
1409.200000	-386.586304	89.672424
1409.266667	-386.531311	89.770317
1409.333333	-386.532104	89.675949
1409.400000	-386.499390	89.752304
1409.466667	-386.470642	89.712059
1409.533333	-386.398315	89.798889
1409.600000	-386.398315	89.782127
1409.666667	-386.330841	89.812729
1409.733333	-386.246857	89.833290
1409.800000	-386.211487	89.833992
1409.866667	-386.188202	89.749359
1409.933333	-386.128662	89.756866
1410.000000	-386.116272	89.743858
1410.066667	-386.053497	89.701355
1410.133333	-386.025330	89.663361
1410.200000	-386.018890	89.656334
1410.266667	-386.019562	89.720161
1410.333333	-386.022491	89.676018
1410.400000	-385.941589	89.728989
1410.466667	-385.895233	89.684265
1410.533333	-385.872620	89.634590
1410.600000	-385.836456	89.549187
1410.666667	-385.763031	89.633621
1410.733333	-385.760468	89.629128
1410.800000	-385.680969	89.694000
1410.866667	-385.722992	89.716469
1410.933333	-385.663879	89.767273
1411.000000	-385.681427	89.723991
1411.066667	-385.669189	89.664810
1411.133333	-385.612518	89.768600
1411.200000	-385.634857	89.775703
1411.266667	-385.620911	89.778366
1411.333333	-385.555573	89.789742
1411.400000	-385.542023	89.810211
1411.466667	-385.603271	89.801918
1411.533333	-385.572571	89.772507
1411.600000	-385.532349	89.754921
1411.666667	-385.554077	89.750000
1411.733333	-385.471252	89.730263
1411.800000	-385.469482	89.781670
1411.866667	-385.467773	89.791061
1411.933333	-385.461761	89.815269
1412.000000	-385.414459	89.789948
1412.066667	-385.418488	89.719437
1412.133333	-385.378418	89.724533
1412.200000	-385.320343	89.730301
1412.266667	-385.314392	89.783653
1412.333333	-385.321747	89.789413
1412.400000	-385.247345	89.810913
1412.466667	-385.197693	89.730377
1412.533333	-385.110291	89.868782
1412.600000	-385.173523	89.762985
1412.666667	-385.138458	89.751732
1412.733333	-385.090149	89.733162
1412.800000	-385.136444	89.746483
1412.866667	-385.103638	89.721413
1412.933333	-385.010254	89.796951
1413.000000	-385.011383	89.843369
1413.066667	-384.935425	89.938187
1413.133333	-384.954071	89.866737
1413.200000	-384.908569	89.870064
1413.266667	-384.952576	89.863708
1413.333333	-384.974121	89.893532
1413.400000	-384.903046	89.855782
1413.466667	-384.888672	89.963036
1413.533333	-384.832489	90.053459
1413.600000	-384.835175	90.043808
1413.666667	-384.817078	90.023933
1413.733333	-384.801514	90.030197
1413.800000	-384.819916	89.968323
1413.866667	-384.811676	89.913315
1413.933333	-384.755219	89.896820
1414.000000	-384.695099	89.879913
1414.066667	-384.692902	89.800575
1414.133333	-384.655212	89.782135
1414.200000	-384.642700	89.776825
1414.266667	-384.625031	89.802162
1414.333333	-384.623962	89.785912
1414.400000	-384.527893	89.874481
1414.466667	-384.499939	89.901527
1414.533333	-384.496307	89.871780
1414.600000	-384.447510	89.879684
1414.666667	-384.429688	89.848244
1414.733333	-384.406403	89.845032
1414.800000	-384.374207	89.822479
1414.866667	-384.333679	89.907158
1414.933333	-384.345917	89.897896
1415.000000	-384.316284	89.856018
1415.066667	-384.285950	89.920563
1415.133333	-384.313568	89.928810
1415.200000	-384.256561	89.975670
1415.266667	-384.273621	89.944435
1415.333333	-384.272095	89.922592
1415.400000	-384.255951	89.918106
1415.466667	-384.218903	89.960175
1415.533333	-384.169678	89.981705
1415.600000	-384.137299	89.937805
1415.666667	-384.150177	89.994652
1415.733333	-384.078461	89.989754
1415.800000	-384.074249	89.941170
1415.866667	-384.025848	89.960472
1415.933333	-384.017792	89.975502
1416.000000	-383.998718	90.028038
1416.066667	-383.959595	89.991226
1416.133333	-383.908356	90.016380
1416.200000	-383.908356	90.016380
1416.266667	-383.839447	90.061607
1416.333333	-383.815002	90.136780
1416.400000	-383.812103	90.161530
1416.466667	-383.783173	90.115311
1416.533333	-383.709961	90.156143
1416.600000	-383.688293	90.105858
1416.666667	-383.654480	90.108833
1416.733333	-383.575134	90.125443
1416.800000	-383.571228	90.143425
1416.866667	-383.563477	90.079895
1416.933333	-383.532501	90.094315
1417.000000	-383.532501	90.094315
1417.066667	-383.477051	90.048203
1417.133333	-383.509216	89.991051
1417.200000	-383.395752	89.979042
1417.266667	-383.429260	90.074173
1417.333333	-383.414062	90.032600
1417.400000	-383.375397	90.047157
1417.466667	-383.375397	90.047157
1417.533333	-383.378845	90.055695
1417.600000	-383.393646	90.038361
1417.666667	-383.434326	90.019974
1417.733333	-383.346375	90.071465
1417.800000	-383.356628	90.019325
1417.866667	-383.356628	90.019325
1417.933333	-383.353943	89.989769
1418.000000	-383.298889	90.023331
1418.066667	-383.252136	90.050903
1418.133333	-383.262970	90.039185
1418.200000	-383.175354	90.073708
1418.266667	-383.175354	90.073708
1418.333333	-383.187592	90.108269
1418.400000	-383.194550	89.958771
1418.466667	-383.171082	89.997742
1418.533333	-383.077728	89.969490
1418.600000	-383.135559	90.022453
1418.666667	-383.135559	90.022453
1418.733333	-383.112457	89.957832
1418.800000	-383.112122	89.996742
1418.866667	-383.084869	90.035370
1418.933333	-383.103302	89.991508
1419.000000	-382.973267	90.114471
1419.066667	-382.966003	90.045265
1419.133333	-382.966003	90.045265
1419.200000	-382.892181	90.101166
1419.266667	-382.819580	90.139999
1419.333333	-382.751587	90.261940
1419.400000	-382.732788	90.212273
1419.466667	-382.748352	90.240433
1419.533333	-382.748352	90.240433
1419.600000	-382.646118	90.218033
1419.666667	-382.614258	90.206810
1419.733333	-382.579407	90.230827
1419.800000	-382.596832	90.274513
1419.866667	-382.548462	90.282227
1419.933333	-382.548462	90.282227
1420.000000	-382.495850	90.331039
1420.066667	-382.497528	90.338959
1420.133333	-382.513763	90.200958
1420.200000	-382.449646	90.188675
1420.266667	-382.400391	90.220474
1420.333333	-382.389191	90.199593
1420.400000	-382.389191	90.199593
1420.466667	-382.337524	90.191437
1420.533333	-382.306427	90.230919
1420.600000	-382.254944	90.276047
1420.666667	-382.229065	90.214897
1420.733333	-382.186584	90.262222
1420.800000	-382.186584	90.262222
1420.866667	-382.159882	90.271461
1420.933333	-382.152344	90.185211
1421.000000	-382.094299	90.123253
1421.066667	-382.104095	90.045578
1421.133333	-382.130798	90.059952
1421.200000	-382.130798	90.059952
1421.266667	-382.118530	90.139503
1421.333333	-382.081818	90.148819
1421.400000	-382.025299	90.267334
1421.466667	-381.988190	90.310440
1421.533333	-382.003174	90.210304
1421.600000	-382.028290	90.251755
1421.666667	-382.028290	90.251755
1421.733333	-381.955200	90.190491
1421.800000	-381.952942	90.223015
1421.866667	-381.984558	90.226486
1421.933333	-381.953278	90.273926
1422.000000	-381.875977	90.296875
1422.066667	-381.875977	90.296875
1422.133333	-381.890839	90.314934
1422.200000	-381.922729	90.246918
1422.266667	-381.835358	90.160927
1422.333333	-381.789185	90.306358
1422.400000	-381.777435	90.330544
1422.466667	-381.777435	90.330544
1422.533333	-381.722321	90.380219
1422.600000	-381.712585	90.384094
1422.666667	-381.639771	90.365852
1422.733333	-381.648560	90.370537
1422.800000	-381.611511	90.397720
1422.866667	-381.611511	90.397720
1422.933333	-381.583649	90.340599
1423.000000	-381.544891	90.278984
1423.066667	-381.549805	90.260490
1423.133333	-381.502045	90.263107
1423.200000	-381.463501	90.293015
1423.266667	-381.398621	90.342636
1423.333333	-381.398621	90.342636
1423.400000	-381.362946	90.344521
1423.466667	-381.314453	90.236732
1423.533333	-381.292297	90.275459
1423.600000	-381.231995	90.315376
1423.666667	-381.284760	90.358871
1423.733333	-381.284760	90.358871
1423.800000	-381.177338	90.408783
1423.866667	-381.218994	90.384605
1423.933333	-381.260101	90.341599
1424.000000	-381.184448	90.428116
1424.066667	-381.202423	90.426422
1424.133333	-381.202423	90.426422
1424.200000	-381.183960	90.361916
1424.266667	-381.172363	90.331398
1424.333333	-381.156342	90.333778
1424.400000	-381.109528	90.267426
1424.466667	-381.060974	90.250946
1424.533333	-381.039886	90.226082
1424.600000	-380.976624	90.239189
1424.666667	-380.961060	90.263779
1424.733333	-380.972748	90.181099
1424.800000	-380.902924	90.237595
1424.866667	-380.921722	90.146461
1424.933333	-380.886414	90.180046
1425.000000	-380.834381	90.224739
1425.066667	-380.771454	90.231216
1425.133333	-380.741608	90.238258
1425.200000	-380.669983	90.203880
1425.266667	-380.721497	90.195770
1425.333333	-380.635315	90.181870
1425.400000	-380.593445	90.243080
1425.466667	-380.613037	90.180946
1425.533333	-380.535645	90.207146
1425.600000	-380.531891	90.339111
1425.666667	-380.535736	90.225578
1425.733333	-380.581299	90.223564
1425.800000	-380.567505	90.264236
1425.866667	-380.522766	90.287811
1425.933333	-380.490753	90.393616
1426.000000	-380.435150	90.275932
1426.066667	-380.402802	90.365761
1426.133333	-380.411987	90.380493
1426.200000	-380.341370	90.381599
1426.266667	-380.329041	90.305130
1426.333333	-380.300842	90.314148
1426.400000	-380.316437	90.286736
1426.466667	-380.293915	90.273216
1426.533333	-380.263397	90.299393
1426.600000	-380.261871	90.213341
1426.666667	-380.258148	90.212837
1426.733333	-380.258392	90.208893
1426.800000	-380.228577	90.214447
1426.866667	-380.204346	90.217262
1426.933333	-380.126556	90.231079
1427.000000	-380.144135	90.191406
1427.066667	-380.115173	90.272705
1427.133333	-380.135803	90.192085
1427.200000	-380.128876	90.222008
1427.266667	-380.051208	90.298660
1427.333333	-380.076752	90.315628
1427.400000	-380.094208	90.322464
1427.466667	-380.057465	90.279503
1427.533333	-380.063599	90.275284
1427.600000	-380.021149	90.219070
1427.666667	-379.941010	90.301308
1427.733333	-379.918671	90.321259
1427.800000	-379.908630	90.224747
1427.866667	-379.953857	90.274399
1427.933333	-379.953888	90.287994
1428.000000	-379.917694	90.307053
1428.066667	-379.878326	90.287300
1428.133333	-379.878693	90.431808
1428.200000	-379.868744	90.410652
1428.266667	-379.871063	90.479080
1428.333333	-379.828827	90.484550
1428.400000	-379.726227	90.558144
1428.466667	-379.759399	90.509041
1428.533333	-379.710907	90.573929
1428.600000	-379.703094	90.563530
1428.666667	-379.695984	90.544220
1428.733333	-379.686951	90.517525
1428.800000	-379.640564	90.446640
1428.866667	-379.608093	90.536888
1428.933333	-379.574066	90.466545
1429.000000	-379.518890	90.543556
1429.066667	-379.441742	90.545723
1429.133333	-379.401825	90.521812
1429.200000	-379.342957	90.444328
1429.266667	-379.306915	90.559212
1429.333333	-379.316467	90.508743
1429.400000	-379.288757	90.492561
1429.466667	-379.338776	90.434937
1429.533333	-379.259399	90.533180
1429.600000	-379.238983	90.508224
1429.666667	-379.221985	90.512764
1429.733333	-379.220886	90.520691
1429.800000	-379.201538	90.468697
1429.866667	-379.186523	90.470955
1429.933333	-379.119690	90.478561
1430.000000	-379.108734	90.540031
1430.066667	-379.084412	90.581757
1430.133333	-379.087097	90.622246
1430.200000	-379.080139	90.635246
1430.266667	-379.042297	90.714256
1430.333333	-379.005615	90.648689
1430.400000	-378.988739	90.691856
1430.466667	-378.933258	90.658035
1430.533333	-378.928345	90.689384
1430.600000	-378.872345	90.639030
1430.666667	-378.842499	90.701424
1430.733333	-378.816742	90.682640
1430.800000	-378.747437	90.746834
1430.866667	-378.739532	90.689072
1430.933333	-378.720642	90.745697
1431.000000	-378.724304	90.744820
1431.066667	-378.704590	90.741974
1431.133333	-378.704346	90.729919
1431.200000	-378.704102	90.668144
1431.266667	-378.726044	90.700089
1431.333333	-378.689056	90.678268
1431.400000	-378.661072	90.640358
1431.466667	-378.650940	90.586166
1431.533333	-378.588989	90.626350
1431.600000	-378.545044	90.644257
1431.666667	-378.498810	90.583641
1431.733333	-378.418976	90.679878
1431.800000	-378.384094	90.634827
1431.866667	-378.336792	90.642128
1431.933333	-378.358337	90.586845
1432.000000	-378.317535	90.607712
1432.066667	-378.365631	90.567352
1432.133333	-378.325836	90.641052
1432.200000	-378.299164	90.631149
1432.266667	-378.272644	90.681038
1432.333333	-378.171448	90.708183
1432.400000	-378.181763	90.730515
1432.466667	-378.160919	90.800247
1432.533333	-378.168671	90.750038
1432.600000	-378.143219	90.736237
1432.666667	-378.105530	90.669632
1432.733333	-378.098175	90.643341
1432.800000	-378.059021	90.767540
1432.866667	-378.038544	90.790619
1432.933333	-378.020203	90.680298
1433.000000	-377.987091	90.682327
1433.066667	-377.940033	90.731010
1433.133333	-377.949860	90.695435
1433.200000	-377.926697	90.714622
1433.266667	-377.882507	90.668388
1433.333333	-377.847107	90.685188
1433.400000	-377.831787	90.699486
1433.466667	-377.782257	90.773499
1433.533333	-377.749420	90.720596
1433.600000	-377.759460	90.616890
1433.666667	-377.714661	90.602135
1433.733333	-377.686646	90.601631
1433.800000	-377.687042	90.614388
1433.866667	-377.677216	90.660606
1433.933333	-377.709442	90.591583
1434.000000	-377.581146	90.696045
1434.066667	-377.557587	90.721085
1434.133333	-377.519440	90.809631
1434.200000	-377.587708	90.690819
1434.266667	-377.633057	90.689499
1434.333333	-377.648468	90.715584
1434.400000	-377.581360	90.721588
1434.466667	-377.587524	90.665733
1434.533333	-377.525482	90.622955
1434.600000	-377.559052	90.653152
1434.666667	-377.540253	90.614189
1434.733333	-377.554993	90.616493
1434.800000	-377.526001	90.571083
1434.866667	-377.500977	90.600990
1434.933333	-377.420013	90.643364
1435.000000	-377.422150	90.624046
1435.066667	-377.423981	90.606071
1435.133333	-377.373932	90.649994
1435.200000	-377.380554	90.644211
1435.266667	-377.382416	90.768906
1435.333333	-377.317047	90.679543
1435.400000	-377.279114	90.681694
1435.466667	-377.266815	90.698090
1435.533333	-377.238953	90.738586
1435.600000	-377.180023	90.675652
1435.666667	-377.156586	90.636627
1435.733333	-377.102203	90.675652
1435.800000	-377.051300	90.734337
1435.866667	-377.058289	90.708076
1435.933333	-377.006165	90.674980
1436.000000	-377.011322	90.622108
1436.066667	-376.988007	90.626556
1436.133333	-377.013947	90.634262
1436.200000	-377.042999	90.559959
1436.266667	-376.999084	90.514374
1436.333333	-376.987946	90.613388
1436.400000	-376.978882	90.615799
1436.466667	-376.958252	90.647232
1436.533333	-376.941406	90.633621
1436.600000	-376.941956	90.659805
1436.666667	-376.946838	90.641083
1436.733333	-376.888824	90.750023
1436.800000	-376.906555	90.718605
1436.866667	-376.860168	90.807549
1436.933333	-376.821472	90.852745
1437.000000	-376.796936	90.921463
1437.066667	-376.724945	90.850960
1437.133333	-376.689148	90.933281
1437.200000	-376.687561	90.905685
1437.266667	-376.688263	90.906807
1437.333333	-376.687744	90.873932
1437.400000	-376.689178	90.825043
1437.466667	-376.724060	90.816765
1437.533333	-376.655426	90.797333
1437.600000	-376.600555	90.803307
1437.666667	-376.539886	90.772842
1437.733333	-376.549591	90.835564
1437.800000	-376.483337	90.868690
1437.866667	-376.407440	90.800896
1437.933333	-376.407928	90.819717
1438.000000	-376.419525	90.778175
1438.066667	-376.342041	90.818291
1438.133333	-376.343719	90.773964
1438.200000	-376.330444	90.796852
1438.266667	-376.308716	90.792778
1438.333333	-376.356689	90.826492
1438.400000	-376.326538	90.820580
1438.466667	-376.310150	90.815544
1438.533333	-376.309326	90.852730
1438.600000	-376.279694	90.811394
1438.666667	-376.263245	90.778717
1438.733333	-376.238007	90.810760
1438.800000	-376.177856	90.849281
1438.866667	-376.116119	90.932129
1438.933333	-376.105682	90.831039
1439.000000	-376.110748	90.875938
1439.066667	-376.118652	90.804993
1439.133333	-376.034302	90.875732
1439.200000	-376.036346	90.857773
1439.266667	-375.993652	90.945183
1439.333333	-375.988647	90.899849
1439.400000	-375.994995	90.899765
1439.466667	-375.932037	90.773529
1439.533333	-375.923950	90.867729
1439.600000	-375.925110	90.784462
1439.666667	-375.883209	90.787201
1439.733333	-375.841431	90.793968
1439.800000	-375.804474	90.857239
1439.866667	-375.790863	90.730804
1439.933333	-375.761597	90.822014
1440.000000	-375.708801	90.831306
