1080.133333	-346.201630	87.608620
1080.200000	-347.857819	87.924469
1080.266667	-347.944946	87.929375
1080.333333	-347.893066	87.932182
1080.400000	-347.926849	87.967415
1080.466667	-347.775726	87.956688
1080.533333	-347.883850	87.979385
1080.600000	-347.977875	87.969299
1080.666667	-347.930603	88.042534
1080.733333	-348.023773	88.095024
1080.800000	-347.987183	88.072182
1080.866667	-348.019043	88.083054
1080.933333	-347.954895	88.097977
1081.000000	-347.945129	88.038216
1081.066667	-347.931396	88.035912
1081.133333	-347.994019	88.018387
1081.200000	-347.942596	88.081070
1081.266667	-348.064636	88.045212
1081.333333	-348.028625	88.010056
1081.400000	-348.063232	88.021683
1081.466667	-348.091339	88.058586
1081.533333	-347.988739	87.968163
1081.600000	-348.034058	87.972603
1081.666667	-347.988708	87.918175
1081.733333	-348.166473	87.956474
1081.800000	-348.052246	87.941711
1081.866667	-348.009552	87.879593
1081.933333	-348.202606	87.790634
1082.000000	-347.978821	87.827019
1082.066667	-348.116791	87.882271
1082.133333	-348.055939	87.896072
1082.200000	-348.269257	87.959320
1082.266667	-348.064026	87.925850
1082.333333	-348.054810	87.850540
1082.400000	-348.116791	87.902901
1082.466667	-348.203247	87.951019
1082.533333	-348.152466	87.927643
1082.600000	-348.193176	87.949028
1082.666667	-348.056183	87.885460
1082.733333	-346.460358	87.777756
1082.800000	-346.689056	87.686897
1082.866667	-348.189911	87.995293
1082.933333	-348.314545	88.070312
1083.000000	-348.273895	87.924133
1083.066667	-348.334839	87.997437
1083.133333	-348.383850	88.010323
1083.200000	-348.299408	87.982674
1083.266667	-346.661072	87.678047
1083.333333	-348.310944	88.036026
1083.400000	-348.331177	88.000160
1083.466667	-348.408813	88.054054
1083.533333	-348.476044	88.056305
1083.600000	-348.390289	87.990471
1083.666667	-348.490356	87.931870
1083.733333	-348.391632	87.925995
1083.800000	-348.510406	87.893845
1083.866667	-348.532043	87.904083
1083.933333	-348.500153	87.927689
1084.000000	-348.519318	87.858681
1084.066667	-348.426300	87.796165
1084.133333	-348.424683	87.886345
1084.200000	-348.629028	87.891640
1084.266667	-348.490051	87.858452
1084.333333	-346.862427	87.636826
1084.400000	-348.647491	87.829323
1084.466667	-348.446136	87.854111
1084.533333	-348.594238	87.873589
1084.600000	-348.520081	87.912125
1084.666667	-348.580719	87.922920
1084.733333	-348.614227	87.855148
1084.800000	-348.492523	87.890396
1084.866667	-345.331635	88.359482
1084.933333	-346.946991	87.685471
1085.000000	-348.646484	87.999512
1085.066667	-348.724884	88.050339
1085.133333	-348.716827	88.031265
1085.200000	-348.643738	88.021553
1085.266667	-348.733887	87.949158
1085.333333	-348.605286	87.913528
1085.400000	-347.097321	87.709648
1085.466667	-348.799225	88.042534
1085.533333	-348.656219	87.877136
1085.600000	-348.651764	87.975494
1085.666667	-348.698761	87.890182
1085.733333	-348.647125	87.877899
1085.800000	-348.745880	87.938850
1085.866667	-348.718994	87.790634
1085.933333	-348.813446	87.915085
1086.000000	-348.713348	87.883339
1086.066667	-348.723022	87.854660
1086.133333	-348.651428	87.759239
1086.200000	-348.725464	87.824341
1086.266667	-348.758698	87.858223
1086.333333	-348.796417	87.735573
1086.400000	-347.069092	87.523056
1086.466667	-348.790314	87.717575
1086.533333	-348.852905	87.752266
1086.600000	-348.831146	87.771385
1086.666667	-348.869507	87.815659
1086.733333	-348.803040	87.815041
1086.800000	-347.243713	88.053322
1086.866667	-348.873718	87.837952
1086.933333	-348.896454	87.929375
1087.000000	-348.984619	87.913551
1087.066667	-348.944916	87.910622
1087.133333	-348.923676	87.930908
1087.200000	-348.972137	87.898399
1087.266667	-349.051453	87.918175
1087.333333	-349.061188	87.887070
1087.400000	-347.305389	87.703773
1087.466667	-349.134552	88.018288
1087.533333	-349.059753	87.910301
1087.600000	-349.070801	87.858139
1087.666667	-349.094391	87.865089
1087.733333	-349.017883	87.897888
1087.800000	-349.104858	87.895279
1087.866667	-348.978760	87.880852
1087.933333	-349.154266	87.821655
1088.000000	-349.039185	87.828102
1088.066667	-349.011658	87.771988
1088.133333	-349.099487	87.634674
1088.200000	-349.090881	87.794395
1088.266667	-349.136566	87.763580
1088.333333	-349.157684	87.750420
1088.400000	-349.225891	87.674965
1088.466667	-349.228363	87.802269
1088.533333	-349.167816	87.655823
1088.600000	-347.589447	87.906197
1088.666667	-349.181213	87.750420
1088.733333	-349.352051	87.873077
1088.800000	-349.408813	87.790596
1088.866667	-349.268585	87.756256
1088.933333	-349.179077	87.793533
1089.000000	-349.253113	87.842201
1089.066667	-349.184143	87.794640
1089.133333	-349.241821	87.817207
1089.200000	-349.208710	87.838577
1089.266667	-349.370392	87.919701
1089.333333	-349.430206	87.890694
1089.400000	-349.423340	87.938759
1089.466667	-349.439911	87.819412
1089.533333	-349.406738	87.891640
1089.600000	-349.191101	87.873093
1089.666667	-349.376526	87.855148
1089.733333	-349.439545	87.918159
1089.800000	-349.379944	87.913643
1089.866667	-349.354675	87.883728
1089.933333	-349.447357	87.810432
1090.000000	-349.524872	87.856926
1090.066667	-349.450653	87.849960
1090.133333	-349.330719	87.783020
1090.200000	-349.347321	87.746704
1090.266667	-349.513428	87.766449
1090.333333	-349.289124	87.694656
1090.400000	-349.490936	87.634521
1090.466667	-347.710632	87.924164
1090.533333	-349.510712	87.779747
1090.600000	-347.902863	87.520218
1090.666667	-349.438416	87.617554
1090.733333	-349.484253	87.719086
1090.800000	-349.621368	87.619064
1090.866667	-349.436829	87.682083
1090.933333	-349.551849	87.726074
1091.000000	-349.545959	87.870216
1091.066667	-349.473877	87.680542
1091.133333	-349.555511	87.749763
1091.200000	-349.546387	87.780838
1091.266667	-348.064331	88.002861
1091.333333	-349.637054	87.845360
1091.400000	-349.562225	87.717491
1091.466667	-349.502106	87.805061
1091.533333	-349.553833	87.888054
1091.600000	-349.483002	87.852585
1091.666667	-349.754700	87.969086
1091.733333	-349.657776	87.818260
1091.800000	-349.726837	87.848091
1091.866667	-349.689789	87.851082
1091.933333	-349.580719	87.786537
1092.000000	-349.641571	87.805313
1092.066667	-349.593842	87.806183
1092.133333	-349.657501	87.816330
1092.200000	-349.758453	87.824936
1092.266667	-349.733124	87.766357
1092.333333	-349.614746	87.756790
1092.400000	-349.756653	87.631248
1092.466667	-349.688049	87.637451
1092.533333	-349.595367	87.588333
1092.600000	-349.755920	87.695534
1092.666667	-349.696869	87.675507
1092.733333	-349.794556	87.584435
1092.800000	-349.689484	87.685448
1092.866667	-349.687653	87.663971
1092.933333	-349.766602	87.722977
1093.000000	-349.726807	87.635391
1093.066667	-349.728455	87.666206
1093.133333	-349.892761	87.787025
1093.200000	-348.152802	87.498016
1093.266667	-349.827942	87.710365
1093.333333	-349.987701	87.686714
1093.400000	-349.869629	87.740990
1093.466667	-349.952393	87.785004
1093.533333	-349.941681	87.794319
1093.600000	-349.984222	87.819427
1093.666667	-349.914215	87.828461
1093.733333	-349.960022	87.803848
1093.800000	-349.959015	87.776764
1093.866667	-349.979340	87.744141
1093.933333	-350.105774	87.872124
1094.000000	-350.073059	87.866043
1094.066667	-349.994446	87.765747
1094.133333	-350.055725	87.761055
1094.200000	-350.042999	87.745895
1094.266667	-350.117310	87.754845
1094.333333	-349.985168	87.728294
1094.400000	-350.103149	87.671021
1094.466667	-350.063507	87.656891
1094.533333	-348.336334	87.863258
1094.600000	-349.896210	87.704430
1094.666667	-349.867676	87.627663
1094.733333	-350.069672	87.584656
1094.800000	-346.820160	87.083572
1094.866667	-349.974304	87.566566
1094.933333	-350.078888	87.477074
1095.000000	-350.108185	87.843719
1095.066667	-350.263123	87.652351
1095.133333	-350.093292	87.761383
1095.200000	-350.164764	87.644142
1095.266667	-350.003845	87.594383
1095.333333	-350.145874	87.769005
1095.400000	-350.120514	87.773598
1095.466667	-350.146759	87.661011
1095.533333	-350.190796	87.795692
1095.600000	-350.189026	87.822594
1095.666667	-350.204407	87.743973
1095.733333	-350.160706	87.760742
1095.800000	-350.204803	87.710823
1095.866667	-350.239288	87.802269
1095.933333	-350.202179	87.749977
1096.000000	-350.180817	87.757057
1096.066667	-350.153229	87.762016
1096.133333	-350.203705	87.776207
1096.200000	-350.274841	87.809952
1096.266667	-350.245911	87.741135
1096.333333	-348.485138	87.878204
1096.400000	-350.338409	87.618706
1096.466667	-350.299835	87.726151
1096.533333	-350.151703	87.563721
1096.600000	-350.158478	87.561348
1096.666667	-350.168304	87.634521
1096.733333	-350.301514	87.556091
1096.800000	-350.214905	87.622276
1096.866667	-350.230408	87.564957
1096.933333	-350.257599	87.651314
1097.000000	-350.301727	87.584656
1097.066667	-350.398987	87.630150
1097.133333	-350.248505	87.581497
1097.200000	-350.225250	87.635674
1097.266667	-350.418030	87.626534
1097.333333	-350.309448	87.650360
1097.400000	-350.295715	87.689430
1097.466667	-350.329102	87.644310
1097.533333	-350.332825	87.697861
1097.600000	-350.301575	87.740158
1097.666667	-350.326447	87.783394
1097.733333	-350.374451	87.687698
1097.800000	-350.313263	87.817871
1097.866667	-350.297729	87.787529
1097.933333	-350.446838	87.835419
1098.000000	-350.426208	87.786484
1098.066667	-348.555359	87.518173
1098.133333	-350.250793	87.722153
1098.200000	-350.246948	87.766449
1098.266667	-350.368652	87.801224
1098.333333	-350.445526	87.832932
1098.400000	-350.417511	87.619545
1098.466667	-350.352295	87.775642
1098.533333	-350.363922	87.686668
1098.600000	-350.400146	87.567894
1098.666667	-348.831482	87.411591
1098.733333	-350.316406	87.541771
1098.800000	-350.453278	87.561989
1098.866667	-350.412842	87.546440
1098.933333	-350.310944	87.547920
1099.000000	-350.316437	87.535599
1099.066667	-350.378662	87.601746
1099.133333	-350.419586	87.601746
1099.200000	-350.445160	87.661102
1099.266667	-350.560394	87.628143
1099.333333	-350.432281	87.591118
1099.400000	-350.370300	87.674561
1099.466667	-350.339050	87.604721
1099.533333	-350.567932	87.648613
1099.600000	-350.509460	87.650864
1099.666667	-350.458496	87.673798
1099.733333	-350.395966	87.619064
1099.800000	-348.900940	87.931755
1099.866667	-347.109497	87.223236
1099.933333	-350.584564	87.747284
1100.000000	-350.439514	87.680122
1100.066667	-350.441895	87.751984
1100.133333	-350.556854	87.850540
1100.200000	-350.603394	87.792755
1100.266667	-350.525421	87.775787
1100.333333	-350.653809	87.748375
1100.400000	-350.514160	87.709427
1100.466667	-350.564789	87.679001
1100.533333	-350.454224	87.660004
1100.600000	-350.521240	87.660950
1100.666667	-350.581757	87.638252
1100.733333	-350.457581	87.576370
1100.800000	-350.619263	87.549469
1100.866667	-350.571838	87.570938
1100.933333	-350.736053	87.589157
1101.000000	-350.602234	87.584656
1101.066667	-350.590851	87.552849
1101.133333	-350.584290	87.508606
1101.200000	-350.639191	87.493225
1101.266667	-350.595276	87.581581
1101.333333	-350.588257	87.605240
1101.400000	-350.553406	87.472649
1101.466667	-350.699829	87.578133
1101.533333	-350.594238	87.532532
1101.600000	-349.109680	87.863594
1101.666667	-350.668640	87.585526
1101.733333	-350.668457	87.600830
1101.800000	-350.640076	87.605827
1101.866667	-350.709106	87.822128
1101.933333	-350.744141	87.725311
1102.000000	-350.768829	87.709846
1102.066667	-350.663605	87.754463
1102.133333	-350.816376	87.714134
1102.200000	-351.005463	87.703537
1102.266667	-350.733673	87.738800
1102.333333	-349.112244	87.753387
1102.400000	-350.890289	87.783188
1102.466667	-350.729553	87.724464
1102.533333	-350.861511	87.770988
1102.600000	-350.928253	87.654213
1102.666667	-350.774750	87.591164
1102.733333	-350.784149	87.633957
1102.800000	-350.974121	87.589401
1102.866667	-350.906372	87.654678
1102.933333	-350.941101	87.692238
1103.000000	-350.852692	87.646927
1103.066667	-350.982758	87.495857
1103.133333	-350.821777	87.521706
1103.200000	-350.970001	87.581398
1103.266667	-350.720276	87.506546
1103.333333	-350.954834	87.516418
1103.400000	-350.855164	87.504837
1103.466667	-349.257172	87.272682
1103.533333	-349.313507	87.314163
1103.600000	-350.949280	87.618584
1103.666667	-350.949463	87.582214
1103.733333	-350.947235	87.596954
1103.800000	-350.891907	87.603867
1103.866667	-350.863678	87.653198
1103.933333	-350.980804	87.656311
1104.000000	-351.002136	87.567596
1104.066667	-349.303680	87.421570
1104.133333	-350.977112	87.715233
1104.200000	-351.037750	87.715683
1104.266667	-351.077484	87.798820
1104.333333	-350.993835	87.711220
1104.400000	-351.041107	87.692818
1104.466667	-351.066345	87.815804
1104.533333	-350.980927	87.699554
1104.600000	-351.048370	87.679596
1104.666667	-351.032288	87.643906
1104.733333	-351.070068	87.740021
1104.800000	-351.039154	87.641357
1104.866667	-351.090210	87.650162
1104.933333	-351.110657	87.543915
1105.000000	-351.043243	87.513054
1105.066667	-351.017395	87.634674
1105.133333	-351.113220	87.531006
1105.200000	-351.063324	87.529327
1105.266667	-351.093567	87.522926
1105.333333	-351.122437	87.563141
1105.400000	-350.964630	87.473999
1105.466667	-351.088806	87.433319
1105.533333	-351.154785	87.552658
1105.600000	-351.040497	87.470840
1105.666667	-347.811890	87.014969
1105.733333	-351.178864	87.549713
1105.800000	-351.088684	87.462173
1105.866667	-351.129486	87.535835
1105.933333	-351.139954	87.535728
1106.000000	-351.104187	87.522842
1106.066667	-351.144287	87.542023
1106.133333	-351.152191	87.573235
1106.200000	-351.102325	87.640640
1106.266667	-351.369415	87.667763
1106.333333	-351.183960	87.645203
1106.400000	-351.250702	87.655075
1106.466667	-351.255859	87.605545
1106.533333	-349.683990	87.918213
1106.600000	-351.210663	87.583519
1106.666667	-351.337311	87.647133
1106.733333	-351.181610	87.622337
1106.800000	-351.245514	87.613525
1106.866667	-351.245514	87.613525
1106.933333	-351.209534	87.616837
1107.000000	-351.293427	87.608368
1107.066667	-351.429901	87.534187
1107.133333	-351.325134	87.540047
1107.200000	-351.407227	87.513123
1107.266667	-351.301422	87.534088
1107.333333	-351.410919	87.443085
1107.400000	-351.439148	87.546577
1107.466667	-351.311737	87.470459
1107.533333	-351.516693	87.508606
1107.600000	-351.405304	87.461777
1107.666667	-351.405304	87.461777
1107.733333	-351.462738	87.475441
1107.800000	-351.383301	87.445129
1107.866667	-351.329712	87.512489
1107.933333	-351.466125	87.568054
1108.000000	-351.518036	87.501892
1108.066667	-351.429993	87.578537
1108.133333	-351.429993	87.578537
1108.200000	-351.736359	87.603752
1108.266667	-349.725220	87.336472
1108.333333	-351.685944	87.540672
1108.400000	-351.527740	87.591843
1108.466667	-351.655304	87.655762
1108.533333	-351.655304	87.655762
1108.600000	-351.661621	87.719719
1108.666667	-351.606445	87.717445
1108.733333	-351.598816	87.696213
1108.800000	-351.476624	87.506721
1108.866667	-351.511597	87.551460
1108.933333	-351.511597	87.551460
1109.000000	-351.668030	87.561226
1109.066667	-349.824982	87.395775
1109.133333	-351.584625	87.590729
1109.200000	-348.228424	87.022980
1109.266667	-351.605743	87.544518
1109.333333	-349.917267	87.676567
1109.400000	-349.917267	87.676567
1109.466667	-351.805939	87.507637
1109.533333	-351.688354	87.540260
1109.600000	-351.841095	87.508690
1109.666667	-351.760834	87.476364
1109.733333	-351.873810	87.534149
1109.800000	-351.873810	87.534149
1109.866667	-351.661896	87.406860
1109.933333	-351.717621	87.450317
1110.000000	-351.693146	87.494835
1110.066667	-351.736481	87.501663
1110.133333	-351.854675	87.620270
1110.200000	-351.854675	87.620270
1110.266667	-351.849121	87.486816
1110.333333	-351.869598	87.551369
1110.400000	-351.887115	87.558739
1110.466667	-351.849304	87.566505
1110.533333	-351.811554	87.604095
1110.600000	-351.791443	87.526207
1110.666667	-351.791443	87.526207
1110.733333	-351.794006	87.615395
1110.800000	-351.921021	87.662117
1110.866667	-351.847656	87.560562
1110.933333	-351.950104	87.597946
1111.000000	-351.871826	87.527771
1111.066667	-351.871826	87.527771
1111.133333	-351.940887	87.546577
1111.200000	-351.870514	87.495857
1111.266667	-351.850616	87.507103
1111.333333	-352.058258	87.498047
1111.400000	-351.897919	87.479507
1111.466667	-351.897919	87.479507
1111.533333	-351.884155	87.470116
1111.600000	-351.846497	87.428085
1111.666667	-350.114075	87.083694
1111.733333	-351.920532	87.432114
1111.800000	-351.992889	87.494972
1111.866667	-351.992889	87.494972
1111.933333	-351.905426	87.438751
1112.000000	-351.897278	87.427658
1112.066667	-352.017059	87.486465
1112.133333	-351.961884	87.437424
1112.200000	-350.503082	87.628830
1112.266667	-348.635529	86.985229
1112.333333	-348.635529	86.985229
1112.400000	-351.935364	87.484512
1112.466667	-352.089935	87.548111
1112.533333	-351.961731	87.527740
1112.600000	-352.043091	87.530861
1112.666667	-352.141388	87.592339
1112.733333	-352.141388	87.592339
1112.800000	-352.151794	87.527748
1112.866667	-352.137207	87.688713
1112.933333	-352.049164	87.569603
1113.000000	-352.112061	87.614342
1113.066667	-352.020111	87.547699
1113.133333	-352.020111	87.547699
1113.200000	-352.130951	87.452179
1113.266667	-352.029877	87.495857
1113.333333	-352.088104	87.521156
1113.400000	-352.039734	87.482475
1113.466667	-352.120789	87.529327
1113.533333	-352.142822	87.445000
1113.600000	-352.138855	87.360741
1113.666667	-352.116760	87.406525
1113.733333	-352.124481	87.447868
1113.800000	-352.137726	87.367340
1113.866667	-352.154510	87.414688
1113.933333	-352.163757	87.412979
1114.000000	-352.121490	87.455330
1114.066667	-352.221985	87.441376
1114.133333	-352.306183	87.362663
1114.200000	-348.919250	87.306290
1114.266667	-352.338562	87.454468
1114.333333	-352.242920	87.458221
1114.400000	-352.547882	87.516579
1114.466667	-352.305298	87.481491
1114.533333	-352.504059	87.452179
1114.600000	-352.385071	87.535728
1114.666667	-352.423553	87.585114
1114.733333	-352.422821	87.547615
1114.800000	-352.272583	87.450981
1114.866667	-349.273010	87.070770
1114.933333	-350.818146	87.303406
1115.000000	-352.491882	87.562660
1115.066667	-352.409088	87.518127
1115.133333	-350.981873	87.306709
1115.200000	-352.501526	87.612984
1115.266667	-352.409485	87.518265
1115.333333	-352.544067	87.486298
1115.400000	-352.523621	87.476944
1115.466667	-352.363037	87.390022
1115.533333	-352.552704	87.486656
1115.600000	-352.487396	87.348793
1115.666667	-352.479675	87.365410
1115.733333	-352.580078	87.424698
1115.800000	-352.620850	87.414932
1115.866667	-352.400482	87.374718
1115.933333	-352.553101	87.344231
1116.000000	-352.564178	87.370140
1116.066667	-352.594330	87.391251
1116.133333	-352.534760	87.365837
1116.200000	-352.570740	87.455711
1116.266667	-352.542053	87.302574
1116.333333	-350.893463	87.059921
1116.400000	-352.627563	87.414574
1116.466667	-352.606415	87.348694
1116.533333	-352.609558	87.428566
1116.600000	-352.621399	87.390770
1116.666667	-352.634735	87.455925
1116.733333	-352.577789	87.485390
1116.800000	-352.638733	87.513390
1116.866667	-352.645935	87.447708
1116.933333	-352.596344	87.473312
1117.000000	-352.705658	87.507011
1117.066667	-352.757416	87.503098
1117.133333	-350.982849	87.698669
1117.200000	-352.693085	87.558884
1117.266667	-352.630890	87.439835
1117.333333	-350.985504	87.258217
1117.400000	-352.828400	87.508522
1117.466667	-352.689606	87.456711
1117.533333	-352.733246	87.409134
1117.600000	-352.679688	87.357368
1117.666667	-352.660858	87.429428
1117.733333	-352.740295	87.328842
1117.800000	-352.677856	87.454063
1117.866667	-352.629395	87.324196
1117.933333	-352.731964	87.297272
1118.000000	-352.759583	87.234856
1118.066667	-352.729950	87.332451
1118.133333	-352.745178	87.262062
1118.200000	-352.748749	87.329430
1118.266667	-352.717072	87.347435
1118.333333	-352.770142	87.285301
1118.400000	-352.818909	87.325401
1118.466667	-352.742859	87.377632
1118.533333	-352.730743	87.332314
1118.600000	-352.862579	87.410538
1118.666667	-352.933014	87.420006
1118.733333	-349.236938	87.789696
1118.800000	-352.848877	87.507286
1118.866667	-352.814514	87.473778
1118.933333	-352.811432	87.512352
1119.000000	-352.893219	87.426575
1119.066667	-352.812378	87.476517
1119.133333	-353.015747	87.456909
1119.200000	-352.964172	87.484581
1119.266667	-352.953888	87.485947
1119.333333	-352.872711	87.455475
1119.400000	-353.031677	87.480362
1119.466667	-352.943085	87.405693
1119.533333	-352.886414	87.300400
1119.600000	-352.879272	87.416092
1119.666667	-352.980225	87.372856
1119.733333	-352.993713	87.360870
1119.800000	-349.689636	86.847443
1119.866667	-349.596313	86.859238
1119.933333	-352.893219	87.257088
1120.000000	-353.087128	87.330055
1120.066667	-353.157898	87.334114
1120.133333	-352.870178	87.301125
1120.200000	-353.114014	87.256607
1120.266667	-353.142151	87.298149
1120.333333	-351.284088	86.998825
1120.400000	-353.183807	87.363571
1120.466667	-353.033813	87.239243
1120.533333	-353.038544	87.274132
1120.600000	-353.166870	87.337364
1120.666667	-351.396179	87.091446
1120.733333	-353.145142	87.334175
1120.800000	-353.164703	87.314163
1120.866667	-353.142883	87.441025
1120.933333	-353.129272	87.439705
1121.000000	-353.190399	87.461349
1121.066667	-353.187225	87.399704
1121.133333	-353.307831	87.469986
1121.200000	-353.259430	87.473106
1121.266667	-353.186768	87.416832
1121.333333	-353.196075	87.550575
1121.400000	-353.148346	87.432884
1121.466667	-353.228333	87.409187
1121.533333	-353.300171	87.323723
1121.600000	-353.169464	87.444855
1121.666667	-353.325897	87.350220
1121.733333	-353.282135	87.435341
1121.800000	-353.150085	87.322876
1121.866667	-353.203033	87.383896
1121.933333	-353.172821	87.303932
1122.000000	-353.263885	87.336510
1122.066667	-351.582367	87.010284
1122.133333	-353.339752	87.346573
1122.200000	-353.170227	87.286285
1122.266667	-353.280487	87.225349
1122.333333	-353.256378	87.229904
1122.400000	-353.186371	87.239243
1122.466667	-353.383728	87.289268
1122.533333	-353.342712	87.284721
1122.600000	-349.764618	86.669029
1122.666667	-353.223297	87.225563
1122.733333	-353.294708	87.269066
1122.800000	-353.302094	87.379654
1122.866667	-353.279968	87.322350
1122.933333	-353.400513	87.344521
1123.000000	-353.307678	87.432503
1123.066667	-353.409332	87.359688
1123.133333	-353.417755	87.434418
1123.200000	-353.355255	87.392914
1123.266667	-353.428070	87.423134
1123.333333	-351.666504	87.201263
1123.400000	-353.356232	87.454155
1123.466667	-349.878601	86.909653
1123.533333	-353.339294	87.486481
1123.600000	-353.344788	87.453484
1123.666667	-353.317352	87.406685
1123.733333	-353.365601	87.407516
1123.800000	-353.328857	87.369942
1123.866667	-353.289978	87.375992
1123.933333	-353.365234	87.328949
1124.000000	-353.433044	87.377350
1124.066667	-353.479553	87.321022
1124.133333	-353.394073	87.201492
1124.200000	-353.347565	87.345695
1124.266667	-351.748383	87.042847
1124.333333	-349.996796	86.685631
1124.400000	-353.318298	87.194992
1124.466667	-353.481354	87.244453
1124.533333	-353.437927	87.210663
1124.600000	-353.357697	87.258217
1124.666667	-351.603577	87.503510
1124.733333	-353.379364	87.279770
1124.800000	-353.471252	87.203934
1124.866667	-353.344788	87.267899
1124.933333	-353.333160	87.345200
1125.000000	-353.443817	87.338959
1125.066667	-353.365143	87.442551
1125.133333	-353.513367	87.279663
1125.200000	-353.353333	87.300468
1125.266667	-353.533295	87.381859
1125.333333	-353.394104	87.367699
1125.400000	-353.432587	87.383705
1125.466667	-353.535553	87.513649
1125.533333	-353.510162	87.458908
1125.600000	-353.532440	87.417999
1125.666667	-353.419800	87.418442
1125.733333	-353.503296	87.480301
1125.800000	-351.900757	87.032715
1125.866667	-353.417969	87.333328
1125.933333	-353.497375	87.230049
1126.000000	-353.524902	87.338066
1126.066667	-353.474945	87.286064
1126.133333	-353.479919	87.421013
1126.200000	-353.427643	87.253342
1126.266667	-353.470673	87.322769
1126.333333	-353.612549	87.330101
1126.400000	-351.761017	87.013443
1126.466667	-353.546997	87.216690
1126.533333	-353.460388	87.299217
1126.600000	-353.397400	87.172310
1126.666667	-353.536316	87.221397
1126.733333	-353.601440	87.275795
1126.800000	-350.196960	86.700073
1126.866667	-353.506989	87.260826
1126.933333	-353.508942	87.267944
1127.000000	-353.541412	87.313805
1127.066667	-353.559601	87.286667
1127.133333	-353.596832	87.260841
1127.200000	-353.537109	87.363800
1127.266667	-353.506958	87.334076
1127.333333	-353.614380	87.459351
1127.400000	-353.593353	87.334877
1127.466667	-353.462158	87.356483
1127.533333	-353.649841	87.402832
1127.600000	-351.975708	87.190445
1127.666667	-353.715485	87.463440
1127.733333	-353.710815	87.568817
1127.800000	-353.699829	87.432503
1127.866667	-353.557068	87.416046
1127.933333	-353.731567	87.407021
1128.000000	-353.493500	87.416573
1128.066667	-353.640259	87.449921
1128.133333	-353.896851	87.408722
1128.200000	-353.674652	87.244194
1128.266667	-353.680450	87.314697
1128.333333	-353.673126	87.288406
1128.400000	-353.647064	87.310486
1128.466667	-353.718231	87.268463
1128.533333	-353.732605	87.241623
1128.600000	-353.734253	87.213333
1128.666667	-353.694031	87.106537
1128.733333	-353.571808	87.251984
1128.800000	-353.701447	87.311066
1128.866667	-353.747253	87.223564
1128.933333	-353.705841	87.199883
1129.000000	-353.898010	87.293655
1129.066667	-353.637909	87.281654
1129.133333	-353.556763	87.191437
1129.200000	-353.799927	87.311066
1129.266667	-353.859100	87.260719
1129.333333	-353.752075	87.349449
1129.400000	-353.980957	87.325569
1129.466667	-353.827881	87.298195
1129.533333	-354.006714	87.440712
1129.600000	-353.760345	87.306931
1129.666667	-353.739868	87.364456
1129.733333	-353.909943	87.363800
1129.800000	-353.731567	87.389648
1129.866667	-353.778351	87.312805
1129.933333	-353.895905	87.386124
1130.000000	-353.926544	87.427322
1130.066667	-350.363770	86.858757
1130.133333	-353.844849	87.315254
1130.200000	-354.022003	87.407463
1130.266667	-353.953339	87.387909
1130.333333	-354.022430	87.246490
1130.400000	-354.069366	87.282425
1130.466667	-353.878540	87.308891
1130.533333	-353.890289	87.257904
1130.600000	-353.930176	87.257217
1130.666667	-353.911194	87.235970
1130.733333	-353.851532	87.328056
1130.800000	-354.045624	87.210007
1130.866667	-353.984039	87.142029
1130.933333	-353.915680	87.142029
1131.000000	-353.987122	87.203934
1131.066667	-354.042542	87.209656
1131.133333	-354.042450	87.062988
1131.200000	-353.870361	87.125824
1131.266667	-353.977264	87.280350
1131.333333	-354.009583	87.230415
1131.400000	-354.074707	87.286026
1131.466667	-354.000000	87.281395
1131.533333	-354.091675	87.321548
1131.600000	-354.074615	87.327873
1131.666667	-354.068695	87.322350
1131.733333	-354.127167	87.386230
1131.800000	-354.162048	87.245743
1131.866667	-354.183929	87.413139
1131.933333	-354.174957	87.364273
1132.000000	-354.202515	87.437927
1132.066667	-354.128265	87.312943
1132.133333	-354.087128	87.416885
1132.200000	-354.159027	87.207916
1132.266667	-354.087524	87.321907
1132.333333	-354.180756	87.332504
1132.400000	-354.019836	87.219803
1132.466667	-354.072723	87.241577
1132.533333	-354.143280	87.334885
1132.600000	-354.111206	87.272766
1132.666667	-354.103638	87.234917
1132.733333	-354.155334	87.195953
1132.800000	-354.271545	87.229630
1132.866667	-354.131561	87.146790
1132.933333	-354.185547	87.282425
1133.000000	-354.112000	87.140450
1133.066667	-352.384247	87.329529
1133.133333	-354.112000	87.119896
1133.200000	-354.203308	87.175919
1133.266667	-354.158539	87.089645
1133.333333	-354.126617	87.120338
1133.400000	-354.191162	87.246490
1133.466667	-354.276764	87.300468
1133.533333	-354.309692	87.253128
1133.600000	-354.175720	87.263474
1133.666667	-354.217224	87.263062
1133.733333	-354.145844	87.162666
1133.800000	-354.211853	87.282402
1133.866667	-354.300751	87.319214
1133.933333	-354.187988	87.302460
1134.000000	-354.232941	87.291481
1134.066667	-354.283600	87.297600
1134.133333	-354.235413	87.308716
1134.200000	-354.437286	87.356659
1134.266667	-354.365295	87.309547
1134.333333	-354.111023	87.226700
1134.400000	-354.432922	87.306435
1134.466667	-354.346344	87.173264
1134.533333	-354.319183	87.249611
1134.600000	-354.580750	87.295998
1134.666667	-354.286072	87.212296
1134.733333	-354.335236	87.193466
1134.800000	-354.433624	87.204659
1134.866667	-352.684662	86.854584
1134.933333	-354.406799	87.166618
1135.000000	-354.261871	87.145241
1135.066667	-354.425018	87.165741
1135.133333	-354.492065	87.135757
1135.200000	-354.453156	87.145180
1135.266667	-354.466034	87.154228
1135.333333	-354.456024	87.176346
1135.400000	-354.480652	87.057701
1135.466667	-354.491302	87.215797
1135.533333	-354.573730	87.160316
1135.600000	-354.359375	87.183037
1135.666667	-354.594147	87.175224
1135.733333	-354.439545	87.168365
1135.800000	-352.814240	86.960976
1135.866667	-354.597351	87.189674
1135.933333	-354.562531	87.178391
1136.000000	-354.747437	87.280121
1136.066667	-354.609344	87.289650
1136.133333	-351.213104	86.771637
1136.200000	-354.745361	87.294998
1136.266667	-354.642029	87.258049
1136.333333	-354.730621	87.228424
1136.400000	-354.611237	87.273262
1136.466667	-354.687103	87.302460
1136.533333	-354.757263	87.189301
1136.600000	-354.669678	87.227554
1136.666667	-354.761658	87.234398
1136.733333	-354.604248	87.104500
1136.800000	-354.821320	87.204750
1136.866667	-354.896088	87.210007
1136.933333	-354.809998	87.129585
1137.000000	-354.650299	87.193672
1137.066667	-354.807190	87.114365
1137.133333	-354.764893	87.114143
1137.200000	-354.805054	87.071320
1137.266667	-354.710907	87.076950
1137.333333	-354.841370	87.117622
1137.400000	-354.636292	87.028564
1137.466667	-354.812073	87.062294
1137.533333	-354.928864	87.148277
1137.600000	-354.879181	87.153137
1137.666667	-354.887543	87.150101
1137.733333	-354.832092	87.140427
1137.800000	-354.870209	87.189026
1137.866667	-354.892944	87.107674
1137.933333	-353.195496	86.939964
1138.000000	-354.925446	87.193336
1138.066667	-354.936829	87.198273
1138.133333	-354.985046	87.294701
1138.200000	-354.994934	87.224785
1138.266667	-355.143768	87.275055
1138.333333	-355.074402	87.261948
1138.400000	-355.013977	87.238449
1138.466667	-355.090698	87.238853
1138.533333	-354.989105	87.184364
1138.600000	-355.127991	87.281212
1138.666667	-355.073761	87.252457
1138.733333	-355.033386	87.161560
1138.800000	-355.156891	87.204750
1138.866667	-355.086639	87.150970
1138.933333	-355.140900	87.140419
1139.000000	-355.009155	87.047211
1139.066667	-355.021515	87.090073
1139.133333	-355.190735	87.049812
1139.200000	-355.015686	87.122978
1139.266667	-355.264893	87.057899
1139.333333	-355.242340	87.038551
1139.400000	-355.122498	86.974930
1139.466667	-355.244751	87.029388
1139.533333	-353.410126	86.797066
1139.600000	-355.131561	87.089645
1139.666667	-355.318604	87.039154
1139.733333	-355.460724	87.125961
1139.800000	-355.274994	87.083778
1139.866667	-353.812500	86.905525
1139.933333	-355.446106	87.108353
1140.000000	-355.376404	86.999344
1140.066667	-355.556671	87.177948
