300.066667	-409.032074	80.260155
300.133333	-408.954315	80.353088
300.200000	-408.924683	80.310326
300.266667	-409.021790	80.500748
300.333333	-409.004272	80.555023
300.400000	-409.137115	80.537506
300.466667	-409.000000	80.583290
300.533333	-409.093536	80.641785
300.600000	-409.015717	80.640961
300.666667	-409.242920	80.603035
300.733333	-408.892914	80.543983
300.800000	-409.077301	80.668831
300.866667	-409.139740	80.712593
300.933333	-408.908569	80.557968
301.000000	-407.220337	80.431702
301.066667	-409.103516	80.595963
301.133333	-409.062622	80.535011
301.200000	-409.087067	80.544861
301.266667	-408.962372	80.516670
301.333333	-409.025909	80.581261
301.400000	-408.889069	80.475983
301.466667	-409.090637	80.354202
301.533333	-408.933563	80.337074
301.600000	-409.132172	80.398239
301.666667	-408.958527	80.344673
301.733333	-409.077209	80.392815
301.800000	-408.962128	80.235458
301.866667	-409.055176	80.357887
301.933333	-407.260498	80.056755
302.000000	-409.009460	80.244980
302.066667	-405.565460	79.922295
302.133333	-409.117554	80.343895
302.200000	-408.916443	80.274506
302.266667	-409.056610	80.445061
302.333333	-408.904083	80.370605
302.400000	-409.053528	80.426964
302.466667	-409.213593	80.496964
302.533333	-409.012604	80.482819
302.600000	-407.233398	80.287445
302.666667	-409.057617	80.540543
302.733333	-409.111816	80.573982
302.800000	-409.040497	80.616127
302.866667	-408.938354	80.505592
302.933333	-409.108429	80.631943
303.000000	-409.017365	80.448906
303.066667	-409.094574	80.719215
303.133333	-409.054504	80.559410
303.200000	-408.925812	80.637123
303.266667	-409.151306	80.606934
303.333333	-409.021149	80.583878
303.400000	-407.232117	80.233276
303.466667	-407.264313	80.682808
303.533333	-408.922729	80.435806
303.600000	-408.969452	80.337875
303.666667	-408.922516	80.325874
303.733333	-408.973877	80.403893
303.800000	-408.977814	80.270050
303.866667	-408.948975	80.322525
303.933333	-408.901642	80.297363
304.000000	-408.827209	80.274132
304.066667	-408.995239	80.251297
304.133333	-408.951263	80.334129
304.200000	-409.023407	80.297310
304.266667	-409.041718	80.289398
304.333333	-408.896362	80.330307
304.400000	-408.995209	80.309807
304.466667	-407.258881	80.743698
304.533333	-409.059814	80.467827
304.600000	-408.937469	80.521477
304.666667	-408.942902	80.541946
304.733333	-408.878387	80.569359
304.800000	-408.923950	80.607803
304.866667	-408.903503	80.591766
304.933333	-409.052826	80.606918
305.000000	-408.936432	80.658272
305.066667	-408.989532	80.553566
305.133333	-409.067505	80.607101
305.200000	-408.958618	80.608299
305.266667	-408.979279	80.576965
305.333333	-409.026978	80.629745
305.400000	-409.021545	80.657234
305.466667	-408.881226	80.548386
305.533333	-408.971252	80.514778
305.600000	-408.934570	80.527618
305.666667	-409.055176	80.477936
305.733333	-408.822205	80.488304
305.800000	-408.924500	80.436752
305.866667	-408.835175	80.378876
305.933333	-408.915771	80.375877
306.000000	-408.918427	80.434669
306.066667	-408.907990	80.345024
306.133333	-408.826416	80.284233
306.200000	-408.967163	80.369553
306.266667	-408.802704	80.254257
306.333333	-408.842407	80.309189
306.400000	-408.795044	80.363609
306.466667	-408.831665	80.380508
306.533333	-408.835968	80.357590
306.600000	-408.908844	80.515419
306.666667	-408.930664	80.475471
306.733333	-409.017395	80.533028
306.800000	-408.944183	80.518387
306.866667	-408.870544	80.533302
306.933333	-407.200714	80.372925
307.000000	-408.982208	80.643867
307.066667	-408.858429	80.595993
307.133333	-408.963074	80.634041
307.200000	-408.958832	80.653748
307.266667	-405.376526	80.231445
307.333333	-408.811584	80.687065
307.400000	-408.926117	80.641472
307.466667	-408.847565	80.631737
307.533333	-408.831085	80.581001
307.600000	-408.896118	80.545242
307.666667	-408.777191	80.481323
307.733333	-408.827606	80.511765
307.800000	-408.799896	80.491096
307.866667	-408.649323	80.467926
307.933333	-408.837860	80.395187
308.000000	-408.736725	80.469124
308.066667	-408.658020	80.404167
308.133333	-408.676208	80.324486
308.200000	-408.779114	80.285477
308.266667	-408.808167	80.368469
308.333333	-408.880707	80.330879
308.400000	-408.584351	80.310638
308.466667	-408.682495	80.357498
308.533333	-408.674835	80.386292
308.600000	-408.600677	80.337250
308.666667	-408.785126	80.426025
308.733333	-408.723389	80.397049
308.800000	-408.658447	80.472054
308.866667	-408.768311	80.488953
308.933333	-408.716187	80.572052
309.000000	-407.055878	80.446686
309.066667	-408.801178	80.497536
309.133333	-408.815735	80.555115
309.200000	-408.720734	80.574158
309.266667	-408.776520	80.602272
309.333333	-408.671326	80.628632
309.400000	-408.658783	80.671387
309.466667	-408.789429	80.732597
309.533333	-406.763214	80.448944
309.600000	-408.697144	80.636528
309.666667	-408.737823	80.550896
309.733333	-408.730255	80.556572
309.800000	-408.762878	80.528603
309.866667	-408.728394	80.609886
309.933333	-408.672943	80.499329
310.000000	-408.717712	80.500847
310.066667	-408.683441	80.342949
310.133333	-408.655029	80.471588
310.200000	-408.668304	80.414314
310.266667	-408.511536	80.379639
310.333333	-408.631683	80.335442
310.400000	-408.565002	80.430771
310.466667	-408.571625	80.453133
310.533333	-408.418274	80.306419
310.600000	-408.576935	80.404167
310.666667	-408.527008	80.387497
310.733333	-408.510803	80.411461
310.800000	-408.456604	80.405083
310.866667	-408.418640	80.446686
310.933333	-408.580139	80.525566
311.000000	-408.643127	80.546272
311.066667	-408.569489	80.592010
311.133333	-408.596375	80.604561
311.200000	-408.628448	80.613495
311.266667	-408.669312	80.652290
311.333333	-408.624054	80.614746
311.400000	-408.649170	80.769218
311.466667	-405.110718	80.257378
311.533333	-408.615082	80.671288
311.600000	-408.550873	80.685600
311.666667	-408.644867	80.654793
311.733333	-408.633392	80.602966
311.800000	-405.122162	80.174942
311.866667	-408.583466	80.632835
311.933333	-408.273682	80.503456
312.000000	-408.539062	80.579483
312.066667	-406.792358	80.787529
312.133333	-408.422089	80.455063
312.200000	-408.590729	80.457924
312.266667	-408.426208	80.443054
312.333333	-408.329620	80.400177
312.400000	-408.203644	80.367104
312.466667	-408.090973	80.331566
312.533333	-408.316864	80.425140
312.600000	-408.356354	80.389328
312.666667	-408.171967	80.442207
312.733333	-408.299744	80.423317
312.800000	-408.378754	80.438057
312.866667	-408.209106	80.498711
312.933333	-406.569977	80.322975
313.000000	-408.284607	80.503502
313.066667	-408.273834	80.599197
313.133333	-408.235291	80.636589
313.200000	-406.444397	80.822960
313.266667	-408.322876	80.590485
313.333333	-408.379364	80.574562
313.400000	-408.233521	80.689934
313.466667	-408.213440	80.629044
313.533333	-408.393829	80.767876
313.600000	-408.329224	80.681129
313.666667	-408.351593	80.714088
313.733333	-408.404907	80.775726
313.800000	-408.223297	80.692245
313.866667	-408.249817	80.669922
313.933333	-408.190247	80.605835
314.000000	-408.249420	80.628517
314.066667	-408.032593	80.545151
314.133333	-408.131012	80.497589
314.200000	-408.040649	80.516212
314.266667	-408.109680	80.562347
314.333333	-408.232605	80.472557
314.400000	-408.148651	80.484535
314.466667	-408.040344	80.443054
314.533333	-408.163239	80.411682
314.600000	-407.980194	80.403908
314.666667	-408.040802	80.463943
314.733333	-408.006714	80.361404
314.800000	-407.966553	80.421776
314.866667	-407.925018	80.425613
314.933333	-407.958405	80.428406
315.000000	-408.014862	80.550972
315.066667	-408.230896	80.653999
315.133333	-407.950500	80.550896
315.200000	-407.889465	80.573128
315.266667	-407.990082	80.662567
315.333333	-408.018341	80.686096
315.400000	-407.898743	80.716019
315.466667	-408.166443	80.814262
315.533333	-407.935760	80.691811
315.600000	-408.068176	80.827080
315.666667	-404.584961	80.409546
315.733333	-408.068268	80.874161
315.800000	-408.052856	80.746681
315.866667	-407.906372	80.741051
315.933333	-408.091309	80.744598
316.000000	-407.994415	80.679810
316.066667	-407.999786	80.586159
316.133333	-407.912292	80.592178
316.200000	-407.919067	80.560783
316.266667	-407.924683	80.549515
316.333333	-408.034302	80.625984
316.400000	-407.875153	80.566147
316.466667	-407.769165	80.441360
316.533333	-406.179382	80.285164
316.600000	-407.772675	80.464027
316.666667	-407.821899	80.450691
316.733333	-407.837463	80.465752
316.800000	-407.592316	80.428398
316.866667	-407.608063	80.513451
316.933333	-407.810669	80.514465
317.000000	-407.851837	80.505089
317.066667	-407.666382	80.549484
317.133333	-407.754913	80.580750
317.200000	-407.680817	80.547203
317.266667	-407.744202	80.649094
317.333333	-407.760376	80.718033
317.400000	-407.653229	80.655525
317.466667	-407.661224	80.752350
317.533333	-407.738342	80.705055
317.600000	-407.645142	80.733063
317.666667	-407.719574	80.764061
317.733333	-407.728577	80.883072
317.800000	-407.641846	80.835838
317.866667	-407.699005	80.777191
317.933333	-407.650024	80.882988
318.000000	-407.671570	80.813164
318.066667	-407.695129	80.923447
318.133333	-407.583527	80.780693
318.200000	-407.616608	80.715919
318.266667	-407.561096	80.612450
318.333333	-407.554626	80.669258
318.400000	-407.392273	80.640961
318.466667	-407.457397	80.610840
318.533333	-407.407837	80.595993
318.600000	-407.494019	80.559456
318.666667	-407.351349	80.485779
318.733333	-407.324249	80.542007
318.800000	-407.380432	80.542305
318.866667	-407.351166	80.456192
318.933333	-407.364502	80.486511
319.000000	-407.365143	80.455360
319.066667	-407.319641	80.508308
319.133333	-407.334869	80.545151
319.200000	-407.356781	80.517654
319.266667	-407.379028	80.550842
319.333333	-407.376709	80.591202
319.400000	-407.398102	80.706474
319.466667	-407.517487	80.770538
319.533333	-407.262390	80.754486
319.600000	-407.296692	80.736382
319.666667	-407.215881	80.801765
319.733333	-405.630005	80.642647
319.800000	-407.208405	80.901443
319.866667	-407.157623	80.848785
319.933333	-407.211365	80.822884
320.000000	-407.363434	80.871284
320.066667	-407.184448	80.842361
320.133333	-407.126434	80.792603
320.200000	-407.220337	80.797722
320.266667	-407.232605	80.860283
320.333333	-407.153381	80.767242
320.400000	-407.119720	80.730583
320.466667	-405.499481	80.603699
320.533333	-407.042725	80.643379
320.600000	-403.796234	80.345573
320.666667	-407.124268	80.632126
320.733333	-407.106018	80.652061
320.800000	-407.014496	80.523834
320.866667	-407.075836	80.545105
320.933333	-407.019653	80.539108
321.000000	-406.930145	80.468369
321.066667	-407.084412	80.560822
321.133333	-406.907196	80.493652
321.200000	-407.019012	80.580582
321.266667	-406.840179	80.574226
321.333333	-406.947144	80.624054
321.400000	-406.921997	80.644363
321.466667	-406.853485	80.627975
321.533333	-405.228271	80.493645
321.600000	-406.999207	80.751617
321.666667	-406.973480	80.755157
321.733333	-406.890045	80.783768
321.800000	-405.205902	80.567749
321.866667	-407.032837	80.959663
321.933333	-406.954376	80.898842
322.000000	-406.945374	80.866371
322.066667	-406.907257	80.920227
322.133333	-406.888611	80.895920
322.200000	-406.782898	80.898727
322.266667	-406.728302	80.995102
322.333333	-406.703125	80.771049
322.400000	-406.956177	80.909134
322.466667	-406.758514	80.889938
322.533333	-406.739990	80.870949
322.600000	-406.768829	80.827942
322.666667	-406.726410	80.785538
322.733333	-406.776367	80.723953
322.800000	-406.571350	80.660866
322.866667	-406.661316	80.693001
322.933333	-406.662811	80.631805
323.000000	-406.571411	80.534760
323.066667	-406.550720	80.643082
323.133333	-406.588776	80.654793
323.200000	-406.679962	80.712311
323.266667	-406.526520	80.546486
323.333333	-406.644714	80.625778
323.400000	-406.483490	80.583786
323.466667	-406.581573	80.595680
323.533333	-406.543640	80.560799
323.600000	-406.501038	80.769501
323.666667	-406.525421	80.859032
323.733333	-406.539581	80.772156
323.800000	-406.423950	80.780624
323.866667	-406.430725	80.887238
323.933333	-406.416870	80.866104
324.000000	-406.398590	80.969284
324.066667	-406.454926	80.993675
324.133333	-406.440887	80.933952
324.200000	-406.428131	80.985573
324.266667	-406.464752	80.987808
324.333333	-406.370422	80.994247
324.400000	-406.370422	80.994247
324.466667	-406.354980	81.023300
324.533333	-406.432129	80.902550
324.600000	-406.344757	80.949501
324.666667	-406.269562	80.900749
324.733333	-406.269623	80.797089
324.800000	-406.269623	80.797089
324.866667	-406.298798	80.751617
324.933333	-406.369751	80.843651
325.000000	-406.234650	80.716820
325.066667	-406.197449	80.717087
325.133333	-406.133484	80.689934
325.200000	-406.133484	80.689934
325.266667	-406.137299	80.703384
325.333333	-406.128815	80.704666
325.400000	-406.034912	80.681198
325.466667	-406.026428	80.690102
325.533333	-406.035278	80.691917
325.600000	-406.075867	80.754616
325.666667	-406.075867	80.754616
325.733333	-406.056549	80.893127
325.800000	-406.042816	80.796646
325.866667	-406.076660	80.787971
325.933333	-405.968079	80.921150
326.000000	-405.822235	80.918007
326.066667	-405.822235	80.918007
326.133333	-405.982361	80.968048
326.200000	-405.939941	81.026566
326.266667	-404.115631	80.790054
326.333333	-405.971954	80.945259
326.400000	-404.347931	80.799843
326.466667	-404.347931	80.799843
326.533333	-405.946899	80.993675
326.600000	-402.376312	80.521568
326.666667	-404.015533	80.714622
326.733333	-405.707977	80.957176
326.800000	-405.736786	80.946716
326.866667	-405.736786	80.946716
326.933333	-405.796204	80.964554
327.000000	-405.779236	80.868690
327.066667	-405.791016	80.885239
327.133333	-405.647919	80.736069
327.200000	-405.644501	80.772644
327.266667	-405.660980	80.749474
327.333333	-405.660980	80.749474
327.400000	-405.543304	80.796188
327.466667	-405.510742	80.783890
327.533333	-403.964386	80.953712
327.600000	-405.574615	80.776184
327.666667	-402.173798	80.456932
327.733333	-402.173798	80.456932
327.800000	-405.445801	80.899086
327.866667	-405.495209	80.915253
327.933333	-405.496643	80.928238
328.000000	-405.494995	80.955612
328.066667	-405.499542	81.036552
328.133333	-405.499542	81.036552
328.200000	-405.455597	80.939415
328.266667	-405.523163	80.991264
328.333333	-405.455170	81.172455
328.400000	-405.246979	81.051666
328.466667	-405.381622	81.190033
328.533333	-405.310181	81.154930
328.600000	-405.310181	81.154930
328.666667	-405.356384	81.107117
328.733333	-401.851715	80.583786
328.800000	-405.322845	80.991264
328.866667	-405.389648	81.059425
328.933333	-405.268250	80.971771
329.000000	-405.268250	80.971771
329.066667	-405.284271	80.963066
329.133333	-405.149475	80.900795
329.200000	-405.028168	80.814262
329.266667	-405.022064	80.752319
329.333333	-405.131287	80.786217
329.400000	-405.131287	80.786217
329.466667	-405.030212	80.784126
329.533333	-405.014984	80.852425
329.600000	-405.022217	80.938011
329.666667	-404.962128	80.858086
329.733333	-405.053589	80.912392
329.800000	-403.194214	80.694656
329.866667	-403.194214	80.694656
329.933333	-404.908325	80.913231
330.000000	-404.921417	80.948174
330.066667	-405.032990	80.948143
330.133333	-404.889832	80.969650
330.200000	-404.885712	81.110611
330.266667	-404.885712	81.110611
330.333333	-404.890717	81.191849
330.400000	-404.847626	81.180565
330.466667	-404.851501	81.093994
330.533333	-404.879425	81.218475
330.600000	-404.857941	81.210014
330.666667	-404.857941	81.210014
330.733333	-404.594147	81.212685
330.800000	-404.854431	81.180878
330.866667	-404.752136	81.212578
330.933333	-404.795013	81.184952
331.000000	-404.657684	81.163307
331.066667	-404.657684	81.163307
331.133333	-404.532654	81.005310
331.200000	-404.441498	80.954308
331.266667	-404.551208	81.006104
331.333333	-404.448639	80.869263
331.400000	-404.503662	80.976624
331.466667	-404.421265	80.888443
331.533333	-404.344910	80.870163
331.600000	-404.566498	80.913589
331.666667	-404.516113	81.061882
331.733333	-404.324341	80.924721
331.800000	-404.405060	80.904732
331.866667	-404.262421	80.925400
331.933333	-404.397705	80.983406
332.000000	-404.260681	80.942307
332.066667	-404.369354	81.166367
332.133333	-404.403046	81.177032
332.200000	-404.301147	81.117073
332.266667	-404.231049	81.061882
332.333333	-404.376587	81.159142
332.400000	-404.234070	81.193604
332.466667	-404.292480	81.227478
332.533333	-400.779419	81.685860
332.600000	-404.196014	81.265526
332.666667	-404.168915	81.315857
332.733333	-404.097870	81.253639
332.800000	-404.118958	81.250404
332.866667	-400.436249	80.842484
332.933333	-404.094574	81.294273
333.000000	-403.974915	81.261482
333.066667	-403.993774	81.138184
333.133333	-403.979370	81.176765
333.200000	-403.994598	81.069435
333.266667	-403.996399	81.192535
333.333333	-403.743164	80.958672
333.400000	-403.869049	81.071465
333.466667	-403.896179	81.008308
333.533333	-403.749451	80.982559
333.600000	-403.652313	80.974106
333.666667	-403.636749	80.961838
333.733333	-403.700348	80.967186
333.800000	-403.582428	80.924248
333.866667	-403.761108	80.963417
333.933333	-403.705933	81.100182
334.000000	-403.665314	80.977905
334.066667	-403.587799	81.066566
334.133333	-403.620819	81.138168
334.200000	-403.642792	81.171188
334.266667	-403.638458	81.220070
334.333333	-403.674011	81.248497
334.400000	-403.589447	81.241257
334.466667	-403.419006	81.222755
334.533333	-403.636383	81.272858
334.600000	-403.469482	81.290367
334.666667	-403.428589	81.331116
334.733333	-401.727600	81.071991
334.800000	-403.491333	81.312103
334.866667	-403.399933	81.298164
334.933333	-403.495911	81.380226
335.000000	-403.417725	81.410316
335.066667	-403.368622	81.359917
335.133333	-403.356445	81.315987
335.200000	-403.369293	81.225311
335.266667	-403.317413	81.334084
335.333333	-403.200867	81.191589
335.400000	-403.302368	81.234657
335.466667	-403.190521	81.185089
335.533333	-403.138702	81.134300
335.600000	-403.049957	81.072433
335.666667	-403.068481	81.153084
335.733333	-401.225677	80.791245
335.800000	-402.965607	81.043579
335.866667	-403.051941	81.042458
335.933333	-402.860931	81.039062
336.000000	-402.956268	81.121025
336.066667	-402.947205	81.147400
336.133333	-402.987213	81.064888
336.200000	-402.913391	81.111031
336.266667	-402.705811	81.181625
336.333333	-402.764587	81.274689
336.400000	-402.739746	81.344345
336.466667	-402.822113	81.315659
336.533333	-402.818359	81.341568
336.600000	-402.902588	81.357788
336.666667	-402.809265	81.375923
336.733333	-402.749359	81.397591
336.800000	-402.784027	81.432648
336.866667	-402.630920	81.353844
336.933333	-402.729462	81.466568
337.000000	-402.617218	81.345619
337.066667	-402.590302	81.402977
337.133333	-402.601318	81.387047
337.200000	-402.553894	81.366692
337.266667	-402.462555	81.385437
337.333333	-402.560150	81.371590
337.400000	-402.415680	81.290176
337.466667	-402.409973	81.340012
337.533333	-402.300446	81.222977
337.600000	-402.243042	81.215614
337.666667	-402.299652	81.214554
337.733333	-398.924011	80.820465
337.800000	-402.297028	81.258720
337.866667	-402.138000	81.158646
337.933333	-402.140350	81.286385
338.000000	-402.209595	81.249878
338.066667	-402.129059	81.143349
338.133333	-402.051636	81.243744
338.200000	-402.157837	81.290527
338.266667	-402.019592	81.399536
338.333333	-402.121002	81.229774
338.400000	-402.044464	81.342789
338.466667	-402.186707	81.369514
338.533333	-402.110901	81.438881
338.600000	-402.044312	81.488701
338.666667	-401.918060	81.439598
338.733333	-401.869446	81.497498
338.800000	-401.869476	81.426956
338.866667	-401.859467	81.515488
338.933333	-399.972412	81.337120
339.000000	-401.805908	81.631577
339.066667	-401.841156	81.613968
339.133333	-401.760651	81.593918
339.200000	-401.711029	81.540306
339.266667	-401.796204	81.569000
339.333333	-401.864685	81.548866
339.400000	-401.680237	81.551651
339.466667	-401.553162	81.401344
339.533333	-401.609406	81.412796
339.600000	-401.645325	81.442802
339.666667	-401.481232	81.322289
339.733333	-401.471802	81.350929
339.800000	-401.507477	81.367630
339.866667	-401.318085	81.253586
339.933333	-401.467682	81.308815
340.000000	-401.376251	81.362701
340.066667	-401.404083	81.328140
340.133333	-399.592743	81.603218
340.200000	-401.223358	81.296570
340.266667	-401.224182	81.284706
340.333333	-401.294647	81.380394
340.400000	-401.122711	81.360222
340.466667	-401.215790	81.393944
340.533333	-401.012817	81.393791
340.600000	-401.106171	81.462631
340.666667	-400.995636	81.511536
340.733333	-401.054169	81.550598
340.800000	-401.025970	81.628288
340.866667	-401.096649	81.614754
340.933333	-400.952759	81.581856
341.000000	-401.069458	81.737267
341.066667	-400.946350	81.666489
341.133333	-400.988739	81.663071
341.200000	-400.861725	81.588432
341.266667	-400.978119	81.628052
341.333333	-400.913483	81.753601
341.400000	-400.792175	81.628128
341.466667	-400.790741	81.585907
341.533333	-398.888000	81.826180
341.600000	-400.734985	81.696808
341.666667	-400.642090	81.585144
341.733333	-400.748657	81.537422
341.800000	-400.605103	81.449196
341.866667	-400.689697	81.548729
341.933333	-398.845764	81.207809
342.000000	-400.490967	81.360435
342.066667	-400.366669	81.339867
342.133333	-400.371857	81.419136
342.200000	-400.333466	81.441299
342.266667	-400.388000	81.430832
342.333333	-400.503571	81.379097
342.400000	-400.218384	81.368553
342.466667	-400.278961	81.412941
342.533333	-396.838043	80.992210
342.600000	-400.292969	81.518410
342.666667	-400.267303	81.570450
342.733333	-400.045319	81.671257
342.800000	-400.181641	81.661263
342.866667	-400.139221	81.652191
342.933333	-400.216736	81.768829
343.000000	-400.125397	81.770744
343.066667	-400.101959	81.744514
343.133333	-400.119873	81.841866
343.200000	-399.961639	81.835449
343.266667	-399.878479	81.870064
343.333333	-400.049988	81.866608
343.400000	-399.743469	81.854256
343.466667	-397.948608	81.568245
343.533333	-399.852295	81.772957
343.600000	-399.786072	81.757713
343.666667	-399.738373	81.667046
343.733333	-399.666962	81.668030
343.800000	-399.624268	81.686989
343.866667	-399.643402	81.689285
343.933333	-394.445312	81.162148
344.000000	-399.593170	81.513206
344.066667	-399.387848	81.629066
344.133333	-397.889282	81.451180
344.200000	-399.374573	81.493935
344.266667	-399.363739	81.566643
344.333333	-399.445770	81.582573
344.400000	-399.397339	81.524757
344.466667	-399.373627	81.607513
344.533333	-399.235535	81.529785
344.600000	-399.225006	81.513023
344.666667	-399.141632	81.607468
344.733333	-399.258667	81.628899
344.800000	-399.154266	81.696114
344.866667	-399.073181	81.680428
344.933333	-399.103699	81.831375
345.000000	-399.069641	81.774323
345.066667	-399.138977	81.813835
345.133333	-398.919708	81.925659
345.200000	-399.025238	81.937965
345.266667	-398.882019	81.982407
345.333333	-399.001740	82.004372
345.400000	-398.940308	81.878296
345.466667	-398.709534	82.006371
345.533333	-398.820374	81.962471
345.600000	-398.771423	81.901627
345.666667	-398.755463	81.973656
345.733333	-398.821777	81.869461
345.800000	-398.636353	81.927750
345.866667	-398.660095	81.840256
345.933333	-398.636353	81.826653
346.000000	-398.595276	81.735580
346.066667	-398.469177	81.796432
346.133333	-398.582153	81.813393
346.200000	-398.395905	81.769981
346.266667	-398.373779	81.604095
346.333333	-398.299530	81.618950
346.400000	-398.315369	81.709587
346.466667	-398.424622	81.695168
346.533333	-398.288391	81.734474
346.600000	-398.294403	81.730614
346.666667	-398.061615	81.659386
346.733333	-398.203857	81.778542
346.800000	-396.272430	81.534012
346.866667	-398.008240	81.755203
346.933333	-398.046906	81.900101
347.000000	-398.079834	81.921310
347.066667	-398.032410	81.910614
347.133333	-397.983551	81.936806
347.200000	-397.846161	81.954201
347.266667	-397.918915	82.050613
347.333333	-397.859406	82.114410
347.400000	-397.854248	82.067436
347.466667	-397.809021	82.123230
347.533333	-397.884979	82.098770
347.600000	-397.775330	82.075127
347.666667	-397.762177	82.112938
347.733333	-397.719604	82.171951
347.800000	-397.628326	82.142906
347.866667	-397.490112	82.013184
347.933333	-397.677490	82.056953
348.000000	-397.438202	81.921425
348.066667	-397.552582	82.025620
348.133333	-397.323181	81.935020
348.200000	-397.284027	81.931114
348.266667	-395.543274	81.578629
348.333333	-397.300720	81.865097
348.400000	-397.275787	81.800430
348.466667	-397.198578	81.773331
348.533333	-395.440948	81.932381
348.600000	-397.069519	81.809013
348.666667	-397.293060	81.873344
348.733333	-397.145721	81.787704
348.800000	-397.016205	81.814957
348.866667	-397.079712	81.896950
348.933333	-397.063660	81.926697
349.000000	-397.138977	81.912796
349.066667	-396.977478	81.925072
349.133333	-397.020660	82.061081
349.200000	-397.014740	82.071266
349.266667	-396.934967	82.159645
349.333333	-396.872314	82.056641
349.400000	-396.694702	82.123634
349.466667	-396.742889	82.131187
349.533333	-396.828217	82.209511
349.600000	-396.737396	82.245781
349.666667	-396.628784	82.214340
349.733333	-396.584564	82.197617
349.800000	-396.622406	82.186852
349.866667	-396.544647	82.179771
349.933333	-396.433075	82.232048
350.000000	-396.400848	82.158417
350.066667	-396.415253	82.214661
350.133333	-394.709656	81.910637
350.200000	-396.332123	82.086555
350.266667	-396.301880	82.128052
350.333333	-396.285492	82.081528
350.400000	-396.298645	82.028557
350.466667	-396.163666	82.079094
350.533333	-396.016602	81.997574
350.600000	-396.046692	82.000648
350.666667	-396.111786	82.008911
350.733333	-396.045502	82.046318
350.800000	-395.872742	81.994194
350.866667	-395.952301	82.031693
350.933333	-395.877838	81.955910
351.000000	-394.092255	81.851479
351.066667	-395.827271	82.077812
351.133333	-395.658752	82.078888
351.200000	-395.668945	82.014603
351.266667	-395.705139	82.097115
351.333333	-395.660980	82.202209
351.400000	-393.980194	82.056641
351.466667	-395.663269	82.258232
351.533333	-392.324280	81.932663
351.600000	-395.771881	82.297897
351.666667	-395.571503	82.233452
351.733333	-395.535706	82.437019
351.800000	-395.400482	82.259155
351.866667	-393.717804	82.088913
351.933333	-395.460632	82.349922
352.000000	-395.418121	82.336342
352.066667	-395.386292	82.401741
352.133333	-395.272461	82.337204
352.200000	-395.256744	82.260895
352.266667	-395.078033	82.245277
352.333333	-395.170197	82.289009
352.400000	-395.070282	82.209846
352.466667	-395.032166	82.161232
352.533333	-394.906525	82.148361
352.600000	-394.896851	82.142494
352.666667	-394.942963	82.216255
352.733333	-394.934601	82.069809
352.800000	-393.167847	81.928627
352.866667	-394.844452	82.147621
352.933333	-394.813507	82.171944
353.000000	-394.706635	82.129250
353.066667	-394.649292	82.088226
353.133333	-394.630737	82.105721
353.200000	-394.577942	82.293526
353.266667	-394.649261	82.197769
353.333333	-394.605316	82.370575
353.400000	-394.541718	82.303017
353.466667	-394.472717	82.379921
353.533333	-394.556213	82.415298
353.600000	-394.521393	82.552170
353.666667	-394.394928	82.430893
353.733333	-394.299744	82.461090
353.800000	-394.315521	82.477112
353.866667	-394.344147	82.501656
353.933333	-394.264984	82.513031
354.000000	-394.250275	82.405304
354.066667	-392.455811	82.286125
354.133333	-394.241394	82.523796
354.200000	-394.082733	82.437500
354.266667	-394.022949	82.484070
354.333333	-393.939240	82.401718
354.400000	-393.901917	82.441772
354.466667	-393.928406	82.384209
354.533333	-393.907898	82.395111
354.600000	-391.990631	82.104248
354.666667	-393.835907	82.268410
354.733333	-393.641174	82.162277
354.800000	-393.750427	82.314690
354.866667	-393.600586	82.343163
354.933333	-393.620331	82.246109
355.000000	-393.453979	82.285370
355.066667	-393.638397	82.377960
355.133333	-393.504639	82.283722
355.200000	-393.327850	82.349396
355.266667	-393.422241	82.331848
355.333333	-393.378632	82.416153
355.400000	-393.381531	82.475594
355.466667	-393.446625	82.476440
355.533333	-391.640564	82.287796
355.600000	-393.268066	82.490334
355.666667	-393.421783	82.487312
355.733333	-393.226746	82.642990
355.800000	-393.374084	82.681717
355.866667	-393.257843	82.548790
355.933333	-393.153961	82.629860
356.000000	-393.221130	82.671547
356.066667	-393.108795	82.605110
356.133333	-391.274353	82.436806
356.200000	-393.002136	82.568993
356.266667	-393.080811	82.632874
356.333333	-392.894806	82.656075
356.400000	-392.826508	82.624542
356.466667	-393.002808	82.576920
356.533333	-392.793579	82.624496
356.600000	-392.702545	82.506149
356.666667	-392.718628	82.590195
356.733333	-392.579498	82.371094
356.800000	-392.547302	82.480057
356.866667	-392.587097	82.488609
356.933333	-392.539612	82.393120
357.000000	-392.575745	82.460152
357.066667	-390.832672	82.127609
357.133333	-392.330017	82.397285
357.200000	-392.483154	82.447639
357.266667	-392.459534	82.522621
357.333333	-392.273193	82.490196
357.400000	-392.235962	82.475945
357.466667	-392.303314	82.551987
357.533333	-392.245789	82.585663
357.600000	-392.241302	82.603073
357.666667	-392.179321	82.564606
357.733333	-390.555267	82.914993
357.800000	-392.148132	82.670090
357.866667	-392.158142	82.736694
357.933333	-392.895874	82.707329
358.000000	-388.594391	82.373329
358.066667	-392.123779	82.754601
358.133333	-390.202637	82.456924
358.200000	-392.081390	82.868599
358.266667	-391.899078	82.768608
358.333333	-391.838043	82.772911
358.400000	-391.807953	82.744232
358.466667	-391.851227	82.697678
358.533333	-391.758179	82.736694
358.600000	-391.696411	82.616837
358.666667	-391.588409	82.719055
358.733333	-391.525208	82.637901
358.800000	-391.466827	82.674469
358.866667	-391.512451	82.611641
358.933333	-391.470306	82.540634
359.000000	-389.770111	82.306458
359.066667	-389.679932	82.344482
359.133333	-391.421661	82.584976
359.200000	-391.253357	82.492981
359.266667	-391.343658	82.621155
359.333333	-391.176697	82.556831
359.400000	-389.538391	82.422272
359.466667	-391.124084	82.624969
359.533333	-391.085724	82.597458
359.600000	-391.085724	82.597458
359.666667	-391.043640	82.635544
359.733333	-391.015961	82.764862
359.800000	-391.056244	82.758713
359.866667	-391.034760	82.859299
359.933333	-390.912689	82.865974
360.000000	-390.912689	82.865974
