2040.133333	-258.527466	96.751289
2040.200000	-258.645935	96.656349
2040.266667	-258.840088	96.732552
2040.333333	-259.024536	96.786354
2040.400000	-259.029297	96.860229
2040.466667	-259.345276	96.908417
2040.533333	-259.509827	96.952019
2040.600000	-259.625916	96.925171
2040.666667	-259.829468	96.962006
2040.733333	-259.869080	96.947853
2040.800000	-260.239807	96.890045
2040.866667	-260.294556	96.982437
2040.933333	-260.498688	96.800270
2041.000000	-259.226166	96.968735
2041.066667	-260.853424	96.877220
2041.133333	-260.917755	96.862297
2041.200000	-261.075378	96.679619
2041.266667	-261.242798	96.574249
2041.333333	-261.259644	96.493195
2041.400000	-261.464966	96.353188
2041.466667	-259.350220	95.884109
2041.533333	-261.946045	96.376190
2041.600000	-262.052551	96.298309
2041.666667	-262.103851	96.214485
2041.733333	-262.369659	96.165024
2041.800000	-261.269287	96.250587
2041.866667	-262.726532	96.114433
2041.933333	-262.794128	96.031143
2042.000000	-262.942139	96.164413
2042.066667	-263.012604	96.094986
2042.133333	-262.011566	96.373642
2042.200000	-263.489075	96.187309
2042.266667	-263.702026	96.157547
2042.333333	-263.976746	96.289711
2042.400000	-264.161469	96.291336
2042.466667	-264.289978	96.428101
2042.533333	-264.333160	96.398293
2042.600000	-263.235535	96.157036
2042.666667	-264.915009	96.477524
2042.733333	-263.609039	96.170815
2042.800000	-265.325562	96.503387
2042.866667	-265.308258	96.483101
2042.933333	-265.476898	96.473351
2043.000000	-264.268768	96.662979
2043.066667	-265.747131	96.447807
2043.133333	-266.027130	96.326096
2043.200000	-266.159576	96.440193
2043.266667	-266.412170	96.256126
2043.333333	-266.529663	96.229477
2043.400000	-266.529114	96.128891
2043.466667	-266.645386	96.059105
2043.533333	-266.715607	96.059029
2043.600000	-266.923523	95.918167
2043.666667	-267.206116	95.887215
2043.733333	-267.313965	95.863289
2043.800000	-267.370331	95.789619
2043.866667	-267.523743	95.732727
2043.933333	-267.816498	95.681511
2044.000000	-267.872040	95.671593
2044.066667	-268.122192	95.718597
2044.133333	-268.258026	95.673431
2044.200000	-268.557007	95.882568
2044.266667	-267.373535	95.458740
2044.333333	-268.944305	95.819054
2044.400000	-269.156921	95.765457
2044.466667	-269.159790	95.801888
2044.533333	-269.371002	95.894958
2044.600000	-269.732727	96.004509
2044.666667	-269.738708	95.973694
2044.733333	-269.980591	96.040627
2044.800000	-270.275757	95.988647
2044.866667	-270.492035	96.046722
2044.933333	-270.441528	96.026825
2045.000000	-270.653809	96.026360
2045.066667	-270.902588	96.128265
2045.133333	-270.966492	95.945206
2045.200000	-271.218292	96.004410
2045.266667	-271.276062	95.951523
2045.333333	-271.422852	95.918793
2045.400000	-271.709778	95.814064
2045.466667	-271.846008	95.875595
2045.533333	-271.924408	95.672104
2045.600000	-272.092651	95.705437
2045.666667	-272.143921	95.575127
2045.733333	-272.538300	95.472160
2045.800000	-272.529755	95.489143
2045.866667	-272.772369	95.348099
2045.933333	-272.802185	95.399094
2046.000000	-271.572968	94.990326
2046.066667	-273.088226	95.278488
2046.133333	-273.205017	95.202011
2046.200000	-273.580017	95.245743
2046.266667	-273.933624	95.259666
2046.333333	-271.127655	94.709480
2046.400000	-274.093964	95.273674
2046.466667	-274.370911	95.205009
2046.533333	-274.482880	95.362427
2046.600000	-274.718872	95.393997
2046.666667	-274.805756	95.365501
2046.733333	-275.099579	95.490974
2046.800000	-275.255859	95.581894
2046.866667	-275.376740	95.497505
2046.933333	-275.738220	95.638176
2047.000000	-275.810760	95.537231
2047.066667	-275.987213	95.530296
2047.133333	-276.035919	95.512405
2047.200000	-276.212677	95.684624
2047.266667	-275.079956	95.262375
2047.333333	-276.684021	95.460869
2047.400000	-276.680420	95.351768
2047.466667	-276.941345	95.373276
2047.533333	-276.963928	95.281410
2047.600000	-277.364899	95.285713
2047.666667	-277.473358	95.230476
2047.733333	-277.340088	95.082428
2047.800000	-277.657257	95.084709
2047.866667	-277.854492	95.039276
2047.933333	-277.977905	95.020271
2048.000000	-278.103729	94.828400
2048.066667	-278.295410	94.917656
2048.133333	-278.392242	94.841141
2048.200000	-278.648041	94.806366
2048.266667	-278.833862	94.741959
2048.333333	-278.933502	94.705185
2048.400000	-279.147552	94.871788
2048.466667	-279.332916	94.751297
2048.533333	-278.259369	95.097382
2048.600000	-279.831573	94.733711
2048.666667	-279.967407	94.938507
2048.733333	-280.019531	94.845650
2048.800000	-280.508209	95.035530
2048.866667	-280.574219	95.053741
2048.933333	-280.705261	94.932381
2049.000000	-280.915466	95.147720
2049.066667	-281.189209	95.147224
2049.133333	-281.325745	95.059296
2049.200000	-281.523712	95.092850
2049.266667	-281.628784	94.993317
2049.333333	-281.877625	95.071442
2049.400000	-282.155884	95.137856
2049.466667	-282.030640	95.031082
2049.533333	-282.344666	94.956772
2049.600000	-282.425720	94.900429
2049.666667	-282.601562	94.862488
2049.733333	-282.825867	94.705269
2049.800000	-282.903503	94.636932
2049.866667	-283.122284	94.635796
2049.933333	-283.122650	94.593575
2050.000000	-283.289764	94.548027
2050.066667	-282.090973	94.146729
2050.133333	-283.708740	94.470070
2050.200000	-283.754730	94.446228
2050.266667	-283.985443	94.347572
2050.333333	-284.170074	94.268013
2050.400000	-284.457092	94.323372
2050.466667	-284.510254	94.218880
2050.533333	-284.836609	94.376259
2050.600000	-284.928101	94.333008
2050.666667	-283.799255	94.069130
2050.733333	-285.254120	94.377739
2050.800000	-285.487549	94.442200
2050.866667	-285.796051	94.495987
2050.933333	-284.603546	94.619980
2051.000000	-286.103363	94.512886
2051.066667	-286.423004	94.537720
2051.133333	-286.313507	94.560272
2051.200000	-286.591522	94.545380
2051.266667	-286.804047	94.577232
2051.333333	-286.962036	94.538513
2051.400000	-287.349457	94.652725
2051.466667	-287.483917	94.662453
2051.533333	-287.493256	94.514687
2051.600000	-287.682709	94.461647
2051.666667	-287.969025	94.494179
2051.733333	-288.084564	94.359421
2051.800000	-288.320557	94.314095
2051.866667	-288.355164	94.235115
2051.933333	-288.760437	94.245041
2052.000000	-288.595917	94.116577
2052.066667	-288.919586	94.037483
2052.133333	-289.074524	94.059174
2052.200000	-289.157562	93.938789
2052.266667	-289.288422	93.922630
2052.333333	-289.537720	93.828339
2052.400000	-289.752136	93.846832
2052.466667	-289.755066	93.799492
2052.533333	-289.889374	93.799492
2052.600000	-290.247498	93.856728
2052.666667	-288.825104	93.504562
2052.733333	-290.583435	93.878304
2052.800000	-290.737274	93.885025
2052.866667	-290.879028	93.831306
2052.933333	-291.139771	93.877052
2053.000000	-291.282654	93.996887
2053.066667	-291.593506	93.956924
2053.133333	-291.572357	94.059860
2053.200000	-292.073761	94.139725
2053.266667	-290.653015	93.882263
2053.333333	-292.154266	94.053688
2053.400000	-292.386292	94.077179
2053.466667	-292.699615	94.065369
2053.533333	-292.865662	94.085396
2053.600000	-293.073212	94.085945
2053.666667	-293.239624	93.992165
2053.733333	-293.448364	93.929771
2053.800000	-293.598358	93.861961
2053.866667	-293.749725	93.818985
2053.933333	-293.942352	93.802330
2054.000000	-294.036255	93.689781
2054.066667	-294.071899	93.496086
2054.133333	-294.335388	93.563934
2054.200000	-294.587067	93.555557
2054.266667	-294.540833	93.396965
2054.333333	-294.822144	93.343369
2054.400000	-295.065002	93.404121
2054.466667	-295.249573	93.265099
2054.533333	-295.446899	93.258499
2054.600000	-295.601379	93.356812
2054.666667	-294.216797	93.379967
2054.733333	-295.902130	93.230942
2054.800000	-296.013733	93.144402
2054.866667	-296.255890	93.305771
2054.933333	-296.511353	93.388718
2055.000000	-296.757294	93.346573
2055.066667	-296.847321	93.386833
2055.133333	-297.086700	93.381828
2055.200000	-297.317230	93.434082
2055.266667	-297.395233	93.402313
2055.333333	-296.147186	93.184792
2055.400000	-297.835175	93.529373
2055.466667	-298.049164	93.513702
2055.533333	-298.247620	93.573997
2055.600000	-298.366180	93.580856
2055.666667	-297.157837	93.290184
2055.733333	-298.599213	93.497307
2055.800000	-297.486572	93.676277
2055.866667	-299.062500	93.469879
2055.933333	-299.296753	93.367996
2056.000000	-299.577972	93.244255
2056.066667	-299.683990	93.196342
2056.133333	-299.822968	93.121246
2056.200000	-299.827057	93.063736
2056.266667	-298.517914	92.663704
2056.333333	-300.450897	92.954521
2056.400000	-299.054962	92.542854
2056.466667	-300.619995	92.742950
2056.533333	-300.799255	92.780769
2056.600000	-297.890808	92.199127
2056.666667	-301.250427	92.682076
2056.733333	-301.262207	92.800705
2056.800000	-298.570099	92.175377
2056.866667	-301.553650	92.650269
2056.933333	-298.740570	92.137054
2057.000000	-299.145203	92.417610
2057.066667	-302.169525	92.786591
2057.133333	-302.321655	92.706726
2057.200000	-302.549255	92.780540
2057.266667	-302.887115	92.877136
2057.333333	-302.899109	92.925476
2057.400000	-303.191925	92.947044
2057.466667	-303.217529	92.986710
2057.533333	-303.639954	92.935425
2057.600000	-303.757599	93.029861
2057.666667	-301.045441	93.378128
2057.733333	-304.045074	93.042244
2057.800000	-301.390015	92.475060
2057.866667	-304.528992	92.924049
2057.933333	-304.616699	92.943848
2058.000000	-304.774719	92.765411
2058.066667	-305.229034	92.717285
2058.133333	-305.348236	92.723297
2058.200000	-305.405396	92.739960
2058.266667	-305.556000	92.587814
2058.333333	-305.774841	92.556328
2058.400000	-305.943115	92.492775
2058.466667	-304.566071	92.123802
2058.533333	-306.169342	92.286873
2058.600000	-306.289093	92.154205
2058.666667	-306.557587	92.250748
2058.733333	-306.800262	92.238808
2058.800000	-306.955627	92.247749
2058.866667	-307.108887	92.183029
2058.933333	-307.381409	92.185982
2059.000000	-307.568573	92.146881
2059.066667	-307.650970	92.206696
2059.133333	-306.351105	92.341774
2059.200000	-307.934753	92.153381
2059.266667	-308.289124	92.234688
2059.333333	-308.486023	92.335052
2059.400000	-306.990814	92.065575
2059.466667	-308.943787	92.279510
2059.533333	-308.942902	92.336472
2059.600000	-309.192841	92.372826
2059.666667	-309.369110	92.372040
2059.733333	-309.440155	92.374443
2059.800000	-309.830475	92.443466
2059.866667	-308.536591	92.645653
2059.933333	-310.035767	92.397133
2060.000000	-310.350159	92.347008
2060.066667	-310.363068	92.217506
2060.133333	-310.590607	92.277313
2060.200000	-310.677979	92.244980
2060.266667	-311.215881	92.219429
2060.333333	-311.276184	92.114182
2060.400000	-311.449738	92.050911
2060.466667	-311.633118	91.936020
2060.533333	-311.765472	91.892265
2060.600000	-311.872009	91.734924
2060.666667	-312.067566	91.807899
2060.733333	-312.296967	91.634369
2060.800000	-312.386597	91.634682
2060.866667	-312.567413	91.534409
2060.933333	-312.860504	91.556290
2061.000000	-311.580414	91.777550
2061.066667	-313.181732	91.577774
2061.133333	-313.363220	91.516769
2061.200000	-313.452057	91.542854
2061.266667	-313.654694	91.514030
2061.333333	-313.933289	91.611702
2061.400000	-314.092346	91.727135
2061.466667	-314.186554	91.626045
2061.533333	-314.499847	91.829880
2061.600000	-313.204712	92.023529
2061.666667	-315.020111	91.890511
2061.733333	-315.112122	91.788124
2061.800000	-315.169891	91.861221
2061.866667	-315.474823	91.821754
2061.933333	-315.607269	91.817154
2062.000000	-315.917969	91.784920
2062.066667	-314.563354	92.108734
2062.133333	-316.247589	91.848373
2062.200000	-316.381531	91.798683
2062.266667	-316.578583	91.673256
2062.333333	-316.829895	91.615395
2062.400000	-317.019806	91.590469
2062.466667	-317.035492	91.397820
2062.533333	-317.259216	91.447411
2062.600000	-317.343414	91.364525
2062.666667	-317.527832	91.236099
2062.733333	-317.800659	91.167107
2062.800000	-318.031525	91.098000
2062.866667	-318.113098	91.104385
2062.933333	-318.233276	91.083794
2063.000000	-318.518829	91.005600
2063.066667	-318.632355	90.967583
2063.133333	-318.894897	90.892624
2063.200000	-319.062012	90.827179
2063.266667	-319.130249	90.929482
2063.333333	-319.483093	90.909515
2063.400000	-319.471191	90.956139
2063.466667	-319.762451	90.948395
2063.533333	-320.194336	91.085426
2063.600000	-320.148193	91.042892
2063.666667	-320.591553	91.156586
2063.733333	-319.241058	91.334686
2063.800000	-320.833893	91.139992
2063.866667	-321.093018	91.247078
2063.933333	-321.273499	91.209419
2064.000000	-321.440765	91.295723
2064.066667	-321.606934	91.263435
2064.133333	-321.890137	91.399269
2064.200000	-321.918793	91.252228
2064.266667	-322.119476	91.174484
2064.333333	-322.319305	91.143066
2064.400000	-322.526947	91.108757
2064.466667	-322.745697	91.030441
2064.533333	-322.835785	90.924751
2064.600000	-323.009583	90.900543
2064.666667	-323.114716	90.697853
2064.733333	-323.334167	90.737473
2064.800000	-323.452759	90.695793
2064.866667	-323.928436	90.654366
2064.933333	-323.949310	90.478508
2065.000000	-324.189331	90.509911
2065.066667	-324.440552	90.464394
2065.133333	-324.558807	90.421463
2065.200000	-323.185211	90.194939
2065.266667	-324.982330	90.388107
2065.333333	-325.231018	90.349243
2065.400000	-325.388245	90.337631
2065.466667	-325.463074	90.371643
2065.533333	-325.630951	90.382111
2065.600000	-325.961456	90.462151
2065.666667	-326.065796	90.409073
2065.733333	-326.620728	90.612404
2065.800000	-326.620728	90.612404
2065.866667	-326.670654	90.603806
2065.933333	-326.916626	90.632355
2066.000000	-326.975067	90.708992
2066.066667	-325.669312	90.544823
2066.133333	-327.528687	90.714493
2066.200000	-327.669403	90.716850
2066.266667	-327.856598	90.595299
2066.333333	-327.944885	90.629288
2066.400000	-328.157532	90.613770
2066.466667	-328.541260	90.584503
2066.533333	-328.535858	90.502876
2066.600000	-328.702576	90.430916
2066.666667	-328.747314	90.296829
2066.733333	-329.161072	90.257591
2066.800000	-327.570709	89.995071
2066.866667	-329.350616	90.119675
2066.933333	-329.797729	89.961494
2067.000000	-329.797729	89.961494
2067.066667	-329.922913	89.883614
2067.133333	-330.134918	89.860893
2067.200000	-330.273346	89.843781
2067.266667	-330.530640	89.776588
2067.333333	-329.272339	89.491531
2067.400000	-331.056946	89.785965
2067.466667	-331.056946	89.785965
2067.533333	-331.223785	89.821594
2067.600000	-331.547485	89.788567
2067.666667	-331.703339	89.739761
2067.733333	-331.914307	89.783562
2067.800000	-332.306335	89.862602
2067.866667	-332.306335	89.862602
2067.933333	-332.622345	89.998352
2068.000000	-331.086487	89.652077
2068.066667	-332.777802	90.002319
2068.133333	-333.229248	90.020218
2068.200000	-333.401398	90.027969
2068.266667	-333.401398	90.027969
2068.333333	-333.746979	90.021217
2068.400000	-333.863434	89.943222
2068.466667	-333.990356	89.895454
2068.533333	-334.147430	89.933037
2068.600000	-334.572723	89.798897
2068.666667	-334.626953	89.735985
2068.733333	-334.626953	89.735985
2068.800000	-334.916992	89.752876
2068.866667	-334.933990	89.527534
2068.933333	-335.178894	89.563400
2069.000000	-335.519165	89.362328
2069.066667	-335.735199	89.306343
2069.133333	-335.735199	89.306343
2069.200000	-335.908203	89.230499
2069.266667	-336.115112	89.151711
2069.333333	-336.382507	89.132484
2069.400000	-335.025452	88.770912
2069.466667	-336.963898	89.104668
2069.533333	-336.963898	89.104668
2069.600000	-337.124939	89.058296
2069.666667	-337.325317	89.065765
2069.733333	-337.841583	89.117249
2069.800000	-337.923767	89.038834
2069.866667	-338.164734	89.157318
2069.933333	-338.455353	89.155022
2070.000000	-338.455353	89.155022
2070.066667	-338.624725	89.122826
2070.133333	-338.742523	89.246910
2070.200000	-339.182220	89.187096
2070.266667	-339.318817	89.273865
2070.333333	-339.440308	89.242683
2070.400000	-339.440308	89.242683
2070.466667	-338.030670	88.945587
2070.533333	-340.052155	89.272934
2070.600000	-340.289825	89.197334
2070.666667	-340.483856	89.182617
2070.733333	-340.751587	89.175735
2070.800000	-340.751587	89.175735
2070.866667	-340.914215	89.094391
2070.933333	-340.990906	88.980492
2071.000000	-341.320343	88.814590
2071.066667	-341.526917	88.756302
2071.133333	-341.719452	88.686783
2071.200000	-341.719452	88.686783
2071.266667	-341.918732	88.727676
2071.333333	-342.132080	88.564117
2071.400000	-340.868256	88.618988
2071.466667	-342.601196	88.513313
2071.533333	-342.698944	88.418495
2071.600000	-342.994141	88.443352
2071.666667	-342.994141	88.443352
2071.733333	-343.254150	88.399574
2071.800000	-343.500854	88.405533
2071.866667	-343.654175	88.467720
2071.933333	-344.101166	88.482925
2072.000000	-344.155182	88.549805
2072.066667	-344.155182	88.549805
2072.133333	-344.492340	88.520447
2072.200000	-344.915131	88.681923
2072.266667	-345.031311	88.655586
2072.333333	-345.407623	88.669975
2072.400000	-345.644348	88.680107
2072.466667	-345.644348	88.680107
2072.533333	-345.935089	88.499870
2072.600000	-346.064819	88.629723
2072.666667	-346.337585	88.643799
2072.733333	-346.451202	88.520126
2072.800000	-346.547852	88.452522
2072.866667	-346.766327	88.412613
2072.933333	-346.766327	88.412613
2073.000000	-347.241547	88.332893
2073.066667	-347.298645	88.211708
2073.133333	-347.321686	88.207100
2073.200000	-347.740417	88.060303
2073.266667	-347.956757	88.143661
2073.333333	-347.956757	88.143661
2073.400000	-348.169830	87.902512
2073.466667	-348.358765	87.912140
2073.533333	-348.593018	87.874626
2073.600000	-348.687531	87.801811
2073.666667	-348.898285	87.800751
2073.733333	-348.898285	87.800751
2073.800000	-349.429810	87.804634
2073.866667	-349.414673	87.800285
2073.933333	-349.796692	87.861069
2074.000000	-349.951111	87.788544
2074.066667	-350.151642	87.756477
2074.133333	-350.234283	87.820198
2074.200000	-346.818359	87.242310
2074.266667	-350.749298	87.861526
2074.333333	-350.944641	87.903442
2074.400000	-351.101440	87.864243
2074.466667	-351.396423	88.010109
2074.533333	-351.653748	87.959656
2074.600000	-351.762909	87.894127
2074.666667	-351.734497	87.900368
2074.733333	-352.313019	87.983719
2074.800000	-352.422516	87.992538
2074.866667	-352.569153	87.842331
2074.933333	-350.982574	87.785988
2075.000000	-352.969513	87.742577
2075.066667	-351.323120	87.417999
2075.133333	-353.267731	87.636482
2075.200000	-353.328522	87.631485
2075.266667	-353.535004	87.496132
2075.333333	-353.650024	87.237679
2075.400000	-353.981079	87.269592
2075.466667	-354.074951	87.253357
2075.533333	-354.178406	87.168900
2075.600000	-354.301117	87.072052
2075.666667	-354.668823	87.115005
2075.733333	-354.796753	87.035240
2075.800000	-355.043549	87.093224
2075.866667	-355.006165	86.970604
2075.933333	-355.440430	86.995682
2076.000000	-355.625916	87.076416
2076.066667	-355.773407	87.101753
2076.133333	-355.949921	87.106537
2076.200000	-356.067047	87.000221
2076.266667	-356.285095	87.108482
2076.333333	-356.491119	87.162582
2076.400000	-356.644775	87.089890
2076.466667	-356.895813	87.249527
2076.533333	-357.126495	87.191956
2076.600000	-357.412201	87.255577
2076.666667	-357.390594	87.255844
2076.733333	-356.114319	87.450035
2076.800000	-357.974823	87.222588
2076.866667	-358.074371	87.214935
2076.933333	-358.394592	87.186844
2077.000000	-358.416565	86.997559
2077.066667	-358.718414	87.067665
2077.133333	-359.011108	86.957748
2077.200000	-359.010193	86.919220
2077.266667	-359.357574	86.930084
2077.333333	-359.271759	86.734184
2077.400000	-359.659637	86.745285
2077.466667	-359.672791	86.663132
2077.533333	-359.793549	86.615303
2077.600000	-359.963379	86.436485
2077.666667	-360.264832	86.518387
2077.733333	-358.584839	86.094238
2077.800000	-360.693512	86.418083
2077.866667	-360.786896	86.332794
2077.933333	-361.014679	86.219589
2078.000000	-361.158386	86.339767
2078.066667	-358.056183	85.835449
2078.133333	-361.596222	86.336151
2078.200000	-361.755096	86.396446
2078.266667	-361.861786	86.361313
2078.333333	-360.480194	86.668159
2078.400000	-362.318787	86.464256
2078.466667	-362.669861	86.589424
2078.533333	-362.798920	86.479462
2078.600000	-362.921570	86.617302
2078.666667	-363.381897	86.619102
2078.733333	-363.445801	86.641266
2078.800000	-363.677155	86.631035
2078.866667	-363.940277	86.602303
2078.933333	-363.931458	86.474327
2079.000000	-364.088654	86.515121
2079.066667	-364.229584	86.429649
2079.133333	-364.434723	86.461899
2079.200000	-364.719696	86.345390
2079.266667	-364.805878	86.264557
2079.333333	-364.990784	86.212822
2079.400000	-365.201935	86.224503
2079.466667	-363.683502	85.846428
2079.533333	-365.587097	85.970650
2079.600000	-365.777222	85.916367
2079.666667	-366.006287	85.945961
2079.733333	-366.014801	85.760719
2079.800000	-366.150848	85.704948
2079.866667	-366.434326	85.690811
2079.933333	-366.546387	85.682091
2080.000000	-366.767914	85.644264
2080.066667	-366.860260	85.516678
2080.133333	-367.099701	85.540459
2080.200000	-367.327576	85.575447
2080.266667	-367.492188	85.605431
2080.333333	-367.826019	85.618454
2080.400000	-368.118164	85.694679
2080.466667	-368.161499	85.704651
2080.533333	-368.367157	85.706841
2080.600000	-368.588806	85.866226
2080.666667	-368.809937	85.860481
2080.733333	-368.813812	85.808350
2080.800000	-369.091827	85.853607
2080.866667	-369.284821	85.820129
2080.933333	-369.521393	85.945473
2081.000000	-369.755310	85.880829
2081.066667	-369.886627	85.751488
2081.133333	-370.043549	85.785706
2081.200000	-370.425049	85.838867
2081.266667	-370.364380	85.744987
2081.333333	-370.546082	85.703728
2081.400000	-370.928345	85.697556
2081.466667	-371.084290	85.608391
2081.533333	-371.255798	85.466812
2081.600000	-371.400116	85.368202
2081.666667	-371.603058	85.313980
2081.733333	-371.638947	85.201103
2081.800000	-371.919464	85.132919
2081.866667	-372.066772	85.207085
2081.933333	-368.733215	84.553009
2082.000000	-372.417358	85.069504
2082.066667	-372.527710	85.023560
2082.133333	-372.744080	84.818245
2082.200000	-372.863373	84.915070
2082.266667	-373.096008	84.880089
2082.333333	-373.323425	84.951576
2082.400000	-371.682678	84.644356
2082.466667	-373.518097	84.968857
2082.533333	-373.795837	84.992065
2082.600000	-373.912476	85.020760
2082.666667	-374.266296	85.084908
2082.733333	-374.441132	85.085556
2082.800000	-374.625519	85.211739
2082.866667	-374.766296	85.138870
2082.933333	-374.984863	85.191872
2083.000000	-375.319336	85.237816
2083.066667	-375.488953	85.177979
2083.133333	-375.709473	85.204018
2083.200000	-375.884918	85.242424
2083.266667	-376.038605	85.162506
2083.333333	-376.189636	84.975975
2083.400000	-376.307373	85.012672
2083.466667	-376.522003	84.966003
2083.533333	-376.730194	84.954193
2083.600000	-376.808838	84.833488
2083.666667	-377.044128	84.770233
2083.733333	-373.425873	84.137398
2083.800000	-377.307800	84.601166
2083.866667	-377.523560	84.560593
2083.933333	-377.647736	84.417114
2084.000000	-377.826721	84.440132
2084.066667	-378.153381	84.356461
2084.133333	-376.277832	84.125008
2084.200000	-378.289368	84.314758
2084.266667	-378.365662	84.313782
2084.333333	-378.685852	84.231575
2084.400000	-378.890320	84.219543
2084.466667	-379.050201	84.222397
2084.533333	-379.450378	84.235710
2084.600000	-379.501984	84.238853
2084.666667	-379.693359	84.279884
2084.733333	-379.868103	84.323448
2084.800000	-380.083710	84.375618
2084.866667	-376.730438	83.922325
2084.933333	-378.600739	84.153641
2085.000000	-380.589081	84.452011
2085.066667	-380.716797	84.485847
2085.133333	-381.056030	84.542931
2085.200000	-381.215240	84.543434
2085.266667	-381.334137	84.455635
2085.333333	-381.371490	84.433983
2085.400000	-381.739777	84.472046
2085.466667	-381.880249	84.396286
2085.533333	-382.022583	84.311523
2085.600000	-382.085724	84.318954
2085.666667	-382.177643	84.183929
2085.733333	-382.586548	84.108971
2085.800000	-382.853271	84.139694
2085.866667	-382.871002	84.012123
2085.933333	-383.127838	83.945656
2086.000000	-383.375763	83.837700
2086.066667	-383.503021	83.830078
2086.133333	-383.632141	83.662720
2086.200000	-383.851746	83.694290
2086.266667	-383.824585	83.543709
2086.333333	-384.293182	83.592857
2086.400000	-384.188599	83.459579
2086.466667	-384.418365	83.413895
2086.533333	-384.697479	83.590553
2086.600000	-384.772400	83.554680
2086.666667	-385.132690	83.558762
2086.733333	-385.274994	83.568253
2086.800000	-385.503418	83.690239
2086.866667	-385.693390	83.643700
2086.933333	-385.959412	83.701271
2087.000000	-385.918854	83.713066
2087.066667	-386.246216	83.670929
2087.133333	-382.797302	83.235374
2087.200000	-386.714539	83.844376
2087.266667	-386.823517	83.751228
2087.333333	-386.902802	83.665718
2087.400000	-385.340179	83.506004
2087.466667	-387.404633	83.731064
2087.533333	-387.489288	83.660866
2087.600000	-387.840454	83.687706
2087.666667	-388.031403	83.711678
2087.733333	-388.103729	83.518921
2087.800000	-388.278534	83.591286
2087.866667	-388.338562	83.489639
2087.933333	-388.591980	83.478065
2088.000000	-389.811462	83.507027
2088.066667	-388.833099	83.230164
2088.133333	-387.146423	83.411163
2088.200000	-389.311218	83.146744
2088.266667	-389.582977	83.110901
2088.333333	-389.635651	83.002586
2088.400000	-384.262543	82.247017
2088.466667	-389.884613	82.908516
2088.533333	-390.019745	82.892509
2088.600000	-390.208282	82.814255
2088.666667	-390.459045	82.828171
2088.733333	-390.629303	82.922684
2088.800000	-390.891541	82.859528
2088.866667	-391.231110	82.969627
2088.933333	-391.297882	82.967468
2089.000000	-391.457703	82.948196
2089.066667	-391.620941	82.972069
2089.133333	-391.973694	82.985245
2089.200000	-392.111481	83.062386
2089.266667	-392.275452	83.166801
2089.333333	-392.467010	83.014450
2089.400000	-392.483063	83.011887
2089.466667	-392.724701	83.159492
2089.533333	-392.895233	83.121201
2089.600000	-393.008636	83.131721
2089.666667	-393.195679	83.067657
2089.733333	-391.352051	82.716217
2089.800000	-393.614197	82.999695
2089.866667	-393.765778	82.850769
2089.933333	-393.881958	82.825531
2090.000000	-394.032043	82.776855
2090.066667	-394.289978	82.765404
2090.133333	-394.492584	82.616264
2090.200000	-394.494659	82.551598
2090.266667	-394.710327	82.473907
2090.333333	-394.928162	82.381958
2090.400000	-395.098755	82.262688
2090.466667	-395.295380	82.346321
2090.533333	-395.286133	82.213623
2090.600000	-395.556152	82.033089
2090.666667	-395.886353	82.144188
2090.733333	-396.001923	82.121269
2090.800000	-396.220947	82.173981
2090.866667	-396.391785	82.216942
2090.933333	-396.610107	82.179970
2091.000000	-396.758606	82.242332
2091.066667	-396.910919	82.198196
2091.133333	-397.009399	82.173317
2091.200000	-397.292358	82.225494
2091.266667	-397.544434	82.282326
2091.333333	-395.712830	82.611282
2091.400000	-397.913116	82.223938
2091.466667	-398.079590	82.354645
2091.533333	-398.270325	82.343498
2091.600000	-396.692993	82.216476
2091.666667	-398.678864	82.332695
2091.733333	-398.744537	82.354965
2091.800000	-398.984894	82.334023
2091.866667	-399.005615	82.278214
2091.933333	-399.278229	82.150909
2092.000000	-399.470795	82.248428
2092.066667	-399.663330	82.063431
2092.133333	-399.816315	82.039185
2092.200000	-399.919067	81.930107
2092.266667	-398.173737	81.973335
2092.333333	-400.364746	81.822639
2092.400000	-398.570709	81.957726
2092.466667	-400.563660	81.715134
2092.533333	-400.705109	81.656105
2092.600000	-400.794830	81.610786
2092.666667	-401.235901	81.564941
2092.733333	-401.237488	81.461136
2092.800000	-401.338654	81.486839
2092.866667	-401.563934	81.472054
2092.933333	-401.627930	81.542809
2093.000000	-401.868774	81.526207
2093.066667	-402.137360	81.456306
2093.133333	-402.207306	81.400261
2093.200000	-402.617340	81.586578
2093.266667	-402.525391	81.528542
2093.333333	-402.807068	81.506607
2093.400000	-402.936249	81.543526
2093.466667	-403.175568	81.650864
2093.533333	-403.348572	81.676994
2093.600000	-403.639038	81.750015
2093.666667	-400.033447	82.208664
2093.733333	-403.961395	81.673058
2093.800000	-404.013367	81.606041
2093.866667	-404.277863	81.680656
2093.933333	-404.536774	81.574829
2094.000000	-404.641846	81.557289
2094.066667	-404.851654	81.490051
2094.133333	-404.969727	81.485641
2094.200000	-405.096497	81.418106
2094.266667	-405.255737	81.274780
2094.333333	-405.305695	81.282181
2094.400000	-405.435028	81.067398
2094.466667	-405.747101	81.084869
2094.533333	-405.965668	81.035118
2094.600000	-406.030426	80.933159
2094.666667	-406.071320	80.886925
2094.733333	-406.330627	80.769218
2094.800000	-406.699921	80.803253
2094.866667	-406.708984	80.729271
2094.933333	-406.916931	80.786057
2095.000000	-404.990021	80.442596
2095.066667	-407.260773	80.718391
2095.133333	-407.540253	80.699387
2095.200000	-407.606934	80.797325
2095.266667	-405.807007	80.659477
2095.333333	-408.096436	80.829697
2095.400000	-408.146637	80.905418
2095.466667	-408.259613	80.845261
2095.533333	-408.534210	80.921455
2095.600000	-408.744904	80.951462
2095.666667	-408.999176	80.981476
2095.733333	-409.118408	81.008728
2095.800000	-409.175476	80.894470
2095.866667	-409.266998	80.887939
2095.933333	-409.664795	81.017555
2096.000000	-409.746429	80.855003
2096.066667	-409.964355	80.940498
2096.133333	-410.044769	80.925819
2096.200000	-410.178406	80.753189
2096.266667	-410.515656	80.797722
2096.333333	-410.627777	80.695129
2096.400000	-410.709839	80.589325
2096.466667	-410.915436	80.499794
2096.533333	-411.094360	80.505501
2096.600000	-411.330750	80.413712
2096.666667	-411.384308	80.316910
2096.733333	-411.513794	80.248779
2096.800000	-411.608185	80.179924
2096.866667	-411.768799	80.170670
2096.933333	-412.089935	80.144188
2097.000000	-412.162750	80.075058
2097.066667	-412.292175	80.212105
2097.133333	-412.537903	80.071442
2097.200000	-412.492584	80.111320
2097.266667	-412.766235	80.111565
2097.333333	-412.902618	80.068665
2097.400000	-413.189484	80.149948
2097.466667	-411.458984	80.034721
2097.533333	-413.499237	80.221458
2097.600000	-413.631042	80.240662
2097.666667	-413.883148	80.230881
2097.733333	-414.019867	80.248764
2097.800000	-414.373840	80.316696
2097.866667	-414.554413	80.279495
2097.933333	-414.634552	80.344719
2098.000000	-414.748840	80.362740
2098.066667	-414.923553	80.296539
2098.133333	-415.197632	80.308762
2098.200000	-415.310852	80.223923
2098.266667	-415.468567	80.269516
2098.333333	-415.485779	80.124374
2098.400000	-415.845551	80.114471
2098.466667	-415.885925	80.012230
2098.533333	-416.108215	79.930542
2098.600000	-416.137817	79.880600
2098.666667	-412.335754	79.351624
2098.733333	-416.462067	79.746483
2098.800000	-416.414520	79.592873
2098.866667	-416.657288	79.548164
2098.933333	-416.812561	79.468086
2099.000000	-417.215057	79.450935
2099.066667	-417.242157	79.479179
2099.133333	-417.398895	79.444862
2099.200000	-417.630951	79.410355
2099.266667	-417.681580	79.516098
2099.333333	-417.946747	79.402611
2099.400000	-418.213013	79.500702
2099.466667	-418.379364	79.549713
2099.533333	-418.508179	79.539749
2099.600000	-418.506714	79.495705
2099.666667	-418.841003	79.499870
2099.733333	-419.116058	79.633293
2099.800000	-419.285278	79.704971
2099.866667	-419.404602	79.597527
2099.933333	-419.454742	79.564323
2100.000000	-419.718170	79.727806
2100.066667	-419.991791	79.683418
