1320.133333	-349.859100	87.767441
1320.200000	-349.859100	87.767441
1320.266667	-349.898651	87.820869
1320.333333	-349.891754	87.832924
1320.400000	-349.841095	87.833321
1320.466667	-349.822510	87.785118
1320.533333	-349.955811	87.846596
1320.600000	-349.955811	87.846596
1320.666667	-348.323120	87.582138
1320.733333	-349.955322	87.857719
1320.800000	-349.809143	87.840279
1320.866667	-349.725555	87.855553
1320.933333	-349.894958	87.882202
1321.000000	-349.894958	87.882202
1321.066667	-349.780396	87.801445
1321.133333	-349.783234	87.824974
1321.200000	-349.909210	87.786560
1321.266667	-349.747223	87.788963
1321.333333	-349.767548	87.883598
1321.400000	-349.819611	87.867493
1321.466667	-349.819611	87.867493
1321.533333	-349.798279	87.861717
1321.600000	-349.672363	87.702278
1321.666667	-349.721436	87.740837
1321.733333	-349.612396	87.681427
1321.800000	-349.732910	87.771027
1321.866667	-349.732910	87.771027
1321.933333	-346.522247	87.278030
1322.000000	-349.519989	87.740852
1322.066667	-349.608093	87.793266
1322.133333	-349.494934	87.878952
1322.200000	-349.700684	87.790459
1322.266667	-349.700684	87.790459
1322.333333	-349.550781	87.860428
1322.400000	-349.590942	87.855316
1322.466667	-349.651367	87.938881
1322.533333	-349.478485	87.844101
1322.600000	-349.578735	87.904526
1322.666667	-349.476379	87.883209
1322.733333	-349.476379	87.883209
1322.800000	-349.355804	87.904976
1322.866667	-349.543915	87.906036
1322.933333	-349.640411	87.915108
1323.000000	-349.538666	87.921219
1323.066667	-349.617676	87.907753
1323.133333	-349.617676	87.907753
1323.200000	-349.522034	87.854836
1323.266667	-349.360321	87.846207
1323.333333	-349.432312	87.745003
1323.400000	-349.471313	87.906158
1323.466667	-349.318970	87.888428
1323.533333	-349.318970	87.888428
1323.600000	-349.273315	87.718117
1323.666667	-349.460968	87.901840
1323.733333	-349.393738	87.828056
1323.800000	-349.478424	87.848007
1323.866667	-349.202393	87.767883
1323.933333	-349.202393	87.767883
1324.000000	-349.353424	87.777321
1324.066667	-349.294128	87.804703
1324.133333	-349.393738	87.897110
1324.200000	-349.299042	87.830719
1324.266667	-349.204407	87.817032
1324.333333	-349.314545	87.827896
1324.400000	-349.314545	87.827896
1324.466667	-349.305908	87.894806
1324.533333	-349.231842	87.906281
1324.600000	-349.242706	87.867332
1324.666667	-349.277222	87.950798
1324.733333	-349.225983	87.944092
1324.800000	-349.225983	87.944092
1324.866667	-349.209808	87.916626
1324.933333	-349.202271	87.796036
1325.000000	-349.178009	87.925529
1325.066667	-349.226807	87.909561
1325.133333	-349.185242	87.959183
1325.200000	-349.185242	87.959183
1325.266667	-349.092926	87.905396
1325.333333	-349.063171	87.957390
1325.400000	-349.106110	87.833534
1325.466667	-349.074799	87.875854
1325.533333	-349.105011	87.867691
1325.600000	-349.092926	87.856285
1325.666667	-348.981140	87.802292
1325.733333	-349.127869	87.816269
1325.800000	-347.552155	87.570023
1325.866667	-349.009979	87.761162
1325.933333	-347.638336	88.008644
1326.000000	-348.989716	87.796577
1326.066667	-348.999847	87.841667
1326.200000	-348.929779	87.747185
1326.266667	-348.970795	87.884468
1326.333333	-348.941498	87.849754
1326.400000	-349.081726	87.834724
1326.466667	-349.009369	87.855766
1326.533333	-347.440521	87.702255
1326.600000	-348.995819	87.997429
1326.666667	-347.505096	87.710617
1326.733333	-349.008545	88.020088
1326.800000	-348.920837	87.999619
1326.866667	-348.971375	87.990601
1326.933333	-349.010345	88.026497
1327.000000	-348.783905	87.978867
1327.066667	-348.836029	88.040382
1327.133333	-348.954041	88.014832
1327.200000	-348.776550	87.958878
1327.266667	-348.894806	88.024536
1327.333333	-348.787598	87.952484
1327.400000	-348.763214	87.948418
1327.466667	-348.790710	87.885460
1327.533333	-348.868195	87.934364
1327.600000	-348.707489	87.909286
1327.666667	-348.751648	87.925293
1327.733333	-348.667786	87.900963
1327.800000	-348.700623	87.922447
1327.866667	-348.864807	87.869858
1327.933333	-348.680389	87.874527
1328.000000	-348.723907	87.890419
1328.066667	-348.806458	87.851082
1328.133333	-348.806458	87.851082
1328.200000	-348.565277	87.848526
1328.266667	-348.702118	87.916626
1328.333333	-348.508545	87.857040
1328.400000	-348.579193	87.901413
1328.466667	-348.624542	87.910522
1328.533333	-348.618683	87.946976
1328.600000	-348.647339	87.969437
1328.666667	-348.539215	87.923851
1328.733333	-348.646179	88.062416
1328.800000	-348.600861	87.947952
1328.866667	-348.569550	87.971336
1328.933333	-348.568115	88.022774
1329.000000	-348.453522	87.963043
1329.066667	-348.579590	88.110275
1329.133333	-348.591400	87.979233
1329.200000	-348.609100	88.134300
1329.266667	-349.700226	88.142197
1329.333333	-348.517731	88.046204
1329.400000	-348.646973	88.009575
1329.466667	-348.565094	87.969368
1329.533333	-348.423950	87.978821
1329.600000	-345.349335	87.574295
1329.666667	-348.359344	87.954056
1329.733333	-348.575500	88.036362
1329.800000	-346.966431	87.767662
1329.866667	-348.453674	87.884354
1329.933333	-348.623230	87.980446
1330.000000	-348.406036	87.877899
1330.066667	-348.329346	87.897697
1330.133333	-348.414886	87.922302
1330.200000	-348.323792	87.844444
1330.266667	-348.456207	87.910736
1330.333333	-348.540039	87.910713
1330.400000	-348.394043	87.925331
1330.466667	-348.307953	87.955063
1330.533333	-348.415161	87.892769
1330.600000	-348.381805	87.978241
1330.666667	-348.509583	87.973671
1330.733333	-348.335449	88.047691
1330.800000	-348.366791	88.059242
1330.866667	-348.367950	88.092140
1330.933333	-348.256866	87.991264
1331.000000	-348.271362	88.028076
1331.066667	-348.349091	88.076187
1331.133333	-348.198730	88.026886
1331.200000	-348.325348	88.106064
1331.266667	-348.338501	88.100594
1331.333333	-348.231506	88.036339
1331.400000	-348.277313	88.050316
1331.466667	-348.375946	88.092667
1331.533333	-348.188049	88.016342
1331.600000	-348.254852	88.078949
1331.666667	-348.292267	88.065697
1331.733333	-348.226898	88.113876
1331.800000	-348.278687	88.093048
1331.866667	-348.262665	88.010162
1331.933333	-348.062164	87.927536
1332.000000	-348.205841	87.974060
1332.066667	-348.115784	87.988884
1332.133333	-348.150818	87.970932
1332.200000	-348.138916	88.017784
1332.266667	-348.218842	87.946198
1332.333333	-348.085052	87.922340
1332.400000	-348.277649	88.036575
1332.466667	-348.180817	87.967781
1332.533333	-347.967285	87.943130
1332.600000	-348.109619	87.977852
1332.666667	-348.036499	87.974060
1332.733333	-344.946259	87.384621
1332.800000	-348.048401	88.023415
1332.866667	-348.129181	88.009865
1332.933333	-348.023041	87.951050
1333.000000	-348.070160	88.025864
1333.066667	-348.049835	88.041931
1333.133333	-348.008209	88.032669
1333.200000	-348.085449	88.058250
1333.266667	-347.974060	88.113190
1333.333333	-348.134918	88.055763
1333.400000	-348.106842	88.080536
1333.466667	-347.997955	88.167145
1333.533333	-347.996735	88.049164
1333.600000	-347.995972	88.097069
1333.666667	-348.076965	88.107468
1333.733333	-348.010742	88.188164
1333.800000	-347.982880	88.127487
1333.866667	-347.797882	88.039925
1333.933333	-347.920197	88.053490
1334.000000	-347.929565	88.047112
1334.066667	-347.873260	88.031960
1334.133333	-347.843506	88.026291
1334.200000	-347.866486	88.044319
1334.266667	-347.794891	87.934608
1334.333333	-347.926880	88.023026
1334.400000	-347.712189	87.930405
1334.466667	-347.793518	88.006859
1334.533333	-347.765198	88.083961
1334.600000	-347.751251	88.013451
1334.666667	-347.888947	87.965736
1334.733333	-347.853210	88.054054
1334.800000	-347.745270	87.930405
1334.866667	-347.776672	87.996613
1334.933333	-347.772003	87.953918
1335.000000	-344.873566	87.622002
1335.066667	-347.848450	88.095490
1335.133333	-347.814972	87.969505
1335.200000	-347.872681	88.069283
1335.266667	-347.944366	88.127258
1335.333333	-347.778839	88.133743
1335.400000	-347.668091	88.155067
1335.466667	-347.685486	88.069580
1335.533333	-347.853119	88.165390
1335.600000	-347.895142	88.140465
1335.666667	-347.750793	88.075127
1335.733333	-344.765167	87.665291
1335.800000	-347.660583	88.100159
1335.866667	-347.678772	88.034248
1335.933333	-347.700195	88.125603
1336.000000	-347.652161	88.147026
1336.066667	-347.688660	88.096992
1336.133333	-347.675720	88.065361
1336.200000	-347.647949	88.069069
1336.266667	-347.716339	88.066772
1336.333333	-347.676453	88.085709
1336.400000	-347.668579	87.998528
1336.466667	-347.681488	88.045265
1336.533333	-347.638062	88.017540
1336.600000	-347.546936	87.983635
1336.666667	-347.629333	87.998016
1336.733333	-347.688416	88.064919
1336.800000	-347.632385	88.138542
1336.866667	-347.608063	88.037994
1336.933333	-347.560852	87.994652
1337.000000	-347.626068	88.053490
1337.066667	-347.596313	88.098129
1337.133333	-347.620758	88.051758
1337.200000	-347.635773	88.065910
1337.266667	-347.600555	88.169273
1337.333333	-345.989105	88.303925
1337.400000	-347.586395	88.150703
1337.466667	-347.665833	88.193069
1337.533333	-347.646332	88.213890
1337.600000	-347.541779	88.168365
1337.666667	-347.590271	88.200920
1337.733333	-347.409058	88.084641
1337.800000	-347.548706	88.147621
1337.866667	-346.114288	87.930611
1337.933333	-346.140015	88.363945
1338.000000	-347.618347	88.212234
1338.066667	-347.460754	88.077415
1338.133333	-347.460083	88.113190
1338.200000	-347.629333	88.160789
1338.266667	-347.501678	88.147621
1338.333333	-347.466919	88.155075
1338.400000	-347.541626	88.116096
1338.466667	-347.532410	88.198036
1338.533333	-345.879639	87.841713
1338.600000	-347.466248	88.048103
1338.666667	-347.352112	88.044777
1338.733333	-347.470306	88.138756
1338.800000	-347.468262	88.017242
1338.866667	-344.361542	87.536392
1338.933333	-347.595093	88.146538
1339.000000	-347.345154	88.070709
1339.066667	-345.898315	87.861092
1339.133333	-347.368073	88.104408
1339.200000	-347.421844	88.038628
1339.266667	-347.399261	88.128387
1339.333333	-347.461975	88.162437
1339.400000	-347.429443	88.105194
1339.466667	-347.390137	88.189926
1339.533333	-347.406219	88.236565
1339.600000	-347.368225	88.172386
1339.666667	-347.374542	88.198822
1339.733333	-347.376434	88.237244
1339.800000	-347.358734	88.122887
1339.866667	-347.297852	88.157967
1339.933333	-347.379517	88.232697
1340.000000	-347.397552	88.225883
1340.066667	-347.286163	88.156723
1340.133333	-347.367493	88.217857
1340.200000	-347.338806	88.150436
1340.266667	-347.232758	88.048218
1340.333333	-347.230042	88.152916
1340.400000	-347.263214	88.140068
1340.466667	-347.253693	88.122986
1340.533333	-347.286499	88.136330
1340.600000	-347.144531	88.112518
1340.666667	-347.255615	88.128922
1340.733333	-347.260620	88.063736
1340.800000	-347.208801	88.105003
1340.866667	-347.256714	88.050468
1340.933333	-347.212585	88.050690
1341.000000	-347.301117	88.141228
1341.066667	-347.128723	88.102112
1341.133333	-347.166321	88.136284
1341.200000	-347.243988	88.132927
1341.266667	-347.112122	88.092804
1341.333333	-346.996582	88.116234
1341.400000	-347.314758	88.205315
1341.466667	-347.049622	88.075928
1341.533333	-347.131012	88.132263
1341.600000	-347.166840	88.183464
1341.666667	-345.792969	87.929726
1341.733333	-347.207428	88.228821
1341.800000	-347.133026	88.180832
1341.866667	-347.145996	88.179871
1341.933333	-347.131042	88.219475
1342.000000	-347.168793	88.228241
1342.066667	-345.490204	87.980934
1342.133333	-347.092896	88.195129
1342.200000	-347.021729	88.150124
1342.266667	-347.278534	88.253403
1342.333333	-347.084747	88.135536
1342.400000	-347.103882	88.220413
1342.466667	-347.163788	88.098076
1342.533333	-347.004883	88.082207
1342.600000	-347.085968	88.241356
1342.666667	-347.273224	88.249847
1342.733333	-347.049622	88.080315
1342.800000	-345.451935	87.872108
1342.866667	-346.966034	88.116707
1342.933333	-347.072357	88.244568
1343.000000	-346.952942	88.143265
1343.066667	-346.946503	88.135406
1343.133333	-346.962585	88.092667
1343.200000	-346.893311	88.082611
1343.266667	-346.991364	88.089241
1343.333333	-346.904602	88.105270
1343.400000	-346.964813	88.154411
1343.466667	-346.877838	88.183586
1343.533333	-347.038605	88.187431
1343.600000	-346.917755	88.214325
1343.666667	-346.829681	88.208565
1343.733333	-346.998718	88.255707
1343.800000	-346.926361	88.252663
1343.866667	-346.985809	88.280884
1343.933333	-346.873322	88.263153
1344.000000	-346.935211	88.282646
1344.066667	-346.840393	88.188744
1344.133333	-346.962494	88.293251
1344.200000	-346.876770	88.258957
1344.266667	-346.834900	88.166580
1344.333333	-347.045319	88.318596
1344.400000	-346.839203	88.238441
1344.466667	-346.861725	88.181015
1344.533333	-346.799255	88.160851
1344.600000	-346.776154	88.143951
1344.666667	-346.872406	88.209641
1344.733333	-346.768402	88.144112
1344.800000	-346.867188	88.144958
1344.866667	-346.811279	88.138992
1344.933333	-346.679871	88.097183
1345.000000	-346.707642	88.029945
1345.066667	-346.768585	88.133102
1345.133333	-346.834839	88.140465
1345.200000	-346.767639	88.006798
1345.266667	-346.537018	88.099930
1345.333333	-346.691742	88.182281
1345.400000	-346.655670	88.082001
1345.466667	-346.683929	88.145615
1345.533333	-346.484711	88.100632
1345.600000	-346.769745	88.215645
1345.666667	-346.674164	88.234970
1345.733333	-346.577545	88.109543
1345.800000	-346.693024	88.210388
1345.866667	-346.560669	88.197487
1345.933333	-346.652985	88.239883
1346.000000	-346.652313	88.317230
1346.066667	-346.670929	88.258789
1346.133333	-346.761719	88.289139
1346.200000	-346.715240	88.331795
1346.266667	-346.651062	88.299438
1346.333333	-346.637573	88.272758
1346.400000	-346.559296	88.254189
1346.466667	-346.640350	88.210739
1346.533333	-346.490662	88.246048
1346.600000	-346.545563	88.174828
1346.666667	-346.431305	88.204498
1346.733333	-343.482300	87.712784
1346.800000	-346.640717	88.275177
1346.866667	-344.843750	87.952652
1346.933333	-346.535919	88.247101
1347.000000	-346.564667	88.146675
1347.066667	-346.404846	88.099228
1347.133333	-346.468231	88.175331
1347.200000	-346.493958	88.201050
1347.266667	-346.304016	88.136482
1347.333333	-346.393768	88.143822
1347.400000	-346.478180	88.208923
1347.466667	-346.465637	88.221680
1347.533333	-346.385986	88.159248
1347.600000	-346.362671	88.165604
1347.666667	-346.532623	88.261696
1347.733333	-346.460358	88.248375
1347.800000	-346.358246	88.288734
1347.866667	-346.453094	88.338478
1347.933333	-346.425659	88.254601
1348.000000	-346.377380	88.326096
1348.066667	-346.381378	88.327759
1348.133333	-346.414398	88.333939
1348.200000	-346.400482	88.274841
1348.266667	-346.345367	88.250343
1348.333333	-346.313232	88.222786
1348.400000	-346.346252	88.256882
1348.466667	-346.451294	88.311317
1348.533333	-346.260773	88.266541
1348.600000	-346.374451	88.340233
1348.666667	-346.380127	88.299294
1348.733333	-346.361816	88.267662
1348.800000	-346.143738	88.177826
1348.866667	-346.283661	88.241898
1348.933333	-346.278320	88.296532
1349.000000	-346.295868	88.244576
1349.066667	-346.285736	88.210793
1349.133333	-346.153290	88.188309
1349.200000	-346.310394	88.249878
1349.266667	-346.231232	88.207825
1349.333333	-346.146027	88.251106
1349.400000	-346.087952	88.134392
1349.466667	-346.239716	88.273186
1349.533333	-346.260406	88.287849
1349.600000	-346.124695	88.178314
1349.666667	-346.131836	88.191437
1349.733333	-345.994843	88.225594
1349.800000	-346.068542	88.300941
1349.866667	-344.736877	88.139786
1349.933333	-346.143433	88.311340
1350.000000	-346.194305	88.278198
1350.066667	-346.120972	88.355560
1350.133333	-345.994629	88.316689
1350.200000	-346.297272	88.332664
1350.266667	-346.028687	88.274132
1350.333333	-346.082092	88.290771
1350.400000	-346.022400	88.264755
1350.466667	-346.086487	88.343384
1350.533333	-346.097534	88.326294
1350.600000	-346.020111	88.346146
1350.666667	-346.071228	88.364075
1350.733333	-345.945190	88.329933
1350.800000	-346.121094	88.358200
1350.866667	-345.969604	88.315933
1350.933333	-345.967896	88.252007
1351.000000	-345.993713	88.219917
1351.066667	-345.897491	88.214325
1351.133333	-345.894318	88.187737
1351.200000	-345.928528	88.260727
1351.266667	-345.987091	88.266350
1351.333333	-345.946289	88.220413
1351.400000	-345.837311	88.210968
1351.466667	-345.870544	88.273903
1351.533333	-345.854095	88.265778
1351.600000	-345.882935	88.240570
1351.666667	-346.029663	88.179329
1351.733333	-345.796875	88.262848
1351.800000	-345.896179	88.295532
1351.866667	-345.949860	88.231392
1351.933333	-345.792480	88.273117
1352.000000	-345.858490	88.255325
1352.066667	-345.700684	88.204948
1352.133333	-345.911285	88.385300
1352.200000	-345.784973	88.326439
1352.266667	-345.941162	88.311172
1352.333333	-345.731415	88.413086
1352.400000	-345.832092	88.364075
1352.466667	-345.734802	88.404060
1352.533333	-345.805176	88.357292
1352.600000	-345.740692	88.332298
1352.666667	-345.855591	88.348389
1352.733333	-345.906860	88.443466
1352.800000	-345.514374	88.387428
1352.866667	-345.679901	88.329445
1352.933333	-345.660431	88.380791
1353.000000	-345.736542	88.318268
1353.066667	-345.695770	88.316879
1353.133333	-345.722198	88.247978
1353.200000	-345.610962	88.199089
1353.266667	-345.420624	88.219727
1353.333333	-345.588104	88.346306
1353.400000	-345.704163	88.226753
1353.466667	-345.746582	88.224831
1353.533333	-345.622803	88.257996
1353.600000	-342.506683	87.797127
1353.666667	-345.497620	88.234970
1353.733333	-345.547485	88.214432
1353.800000	-345.499207	88.093437
1353.866667	-345.390259	88.269241
1353.933333	-345.572418	88.264313
1354.000000	-345.524841	88.277817
1354.066667	-345.475586	88.255692
1354.133333	-345.443909	88.269493
1354.200000	-345.487610	88.294983
1354.266667	-345.510498	88.296646
1354.333333	-345.425903	88.422302
1354.400000	-345.521576	88.283768
1354.466667	-345.379547	88.324615
1354.533333	-345.392578	88.315575
1354.600000	-345.574341	88.397217
1354.666667	-345.486755	88.424507
1354.733333	-345.480865	88.430702
1354.800000	-345.256653	88.285210
1354.866667	-345.375366	88.363075
1354.933333	-345.315674	88.312401
1355.000000	-345.315674	88.312401
1355.066667	-345.416321	88.400375
1355.133333	-345.325043	88.363846
1355.200000	-345.242249	88.288086
1355.266667	-345.339203	88.319527
1355.333333	-345.280304	88.285683
1355.400000	-345.280304	88.285683
1355.466667	-345.225922	88.263519
1355.533333	-345.366547	88.294029
1355.600000	-345.224731	88.306854
1355.666667	-345.208160	88.295250
1355.733333	-345.350800	88.334381
1355.800000	-345.350800	88.334381
1355.866667	-342.239868	87.845169
1355.933333	-345.173889	88.329651
1356.000000	-343.650879	87.989784
1356.066667	-345.162415	88.278664
1356.133333	-345.070465	88.272522
1356.200000	-345.070465	88.272522
1356.266667	-345.199615	88.359657
1356.333333	-345.218781	88.383705
1356.400000	-345.118469	88.366974
1356.466667	-345.117645	88.337662
1356.533333	-345.230621	88.422752
1356.600000	-345.173828	88.453331
1356.666667	-345.173828	88.453331
1356.733333	-345.039734	88.352516
1356.800000	-345.187256	88.471367
1356.866667	-345.070557	88.384056
1356.933333	-345.083893	88.447525
1357.000000	-344.972961	88.386032
1357.066667	-344.972961	88.386032
1357.133333	-345.167206	88.489532
1357.200000	-344.978455	88.419960
1357.266667	-344.927826	88.412003
1357.333333	-344.979950	88.371735
1357.400000	-344.946503	88.363846
1357.466667	-344.946503	88.363846
1357.533333	-344.899048	88.327393
1357.600000	-344.965637	88.380768
1357.666667	-344.985962	88.371590
1357.733333	-344.802032	88.353897
1357.800000	-344.919373	88.325760
1357.866667	-344.863403	88.337288
1357.933333	-344.863403	88.337288
1358.000000	-344.814301	88.330734
1358.066667	-344.777710	88.251236
1358.133333	-344.935699	88.316025
1358.200000	-344.701019	88.315659
1358.266667	-344.790527	88.433983
1358.333333	-344.790527	88.433983
1358.400000	-344.809387	88.324699
1358.466667	-344.888794	88.406082
1358.533333	-341.727783	87.894783
1358.600000	-344.853363	88.430511
1358.666667	-344.693726	88.389359
1358.733333	-344.693726	88.389359
1358.800000	-343.211456	88.178703
1358.866667	-344.761108	88.527695
1358.933333	-344.727661	88.578873
1359.000000	-344.807281	88.462433
1359.066667	-344.754272	88.481308
1359.133333	-344.652100	88.449684
1359.200000	-344.652100	88.449684
1359.266667	-344.566498	88.425568
1359.333333	-344.650757	88.455887
1359.400000	-344.529572	88.311119
1359.466667	-344.598663	88.403229
1359.533333	-344.474640	88.351982
1359.600000	-344.474640	88.351982
1359.666667	-342.980957	88.025681
1359.733333	-344.439728	88.328911
1359.800000	-344.477631	88.327782
1359.866667	-344.545013	88.412003
1359.933333	-344.532959	88.337479
1360.000000	-344.532959	88.337479
1360.066667	-344.568817	88.355286
1360.133333	-344.531708	88.356110
1360.200000	-344.541901	88.333183
1360.266667	-344.480774	88.432549
1360.333333	-344.455719	88.379974
1360.400000	-344.455719	88.379974
1360.466667	-344.490265	88.369873
1360.533333	-344.519470	88.391068
1360.600000	-344.399567	88.531059
1360.666667	-344.474396	88.534134
1360.733333	-344.402588	88.498962
1360.800000	-344.398254	88.397034
1360.866667	-344.398254	88.397034
1360.933333	-344.383606	88.470909
1361.000000	-344.372162	88.485428
1361.066667	-344.373779	88.494766
1361.133333	-344.465881	88.534592
1361.200000	-344.401093	88.549210
1361.266667	-344.401093	88.549210
1361.333333	-344.317535	88.534920
1361.400000	-344.266296	88.409790
1361.466667	-344.237030	88.423302
1361.533333	-344.245148	88.387512
1361.600000	-344.372864	88.483124
1361.666667	-344.372864	88.483124
1361.733333	-344.235748	88.397217
1361.800000	-344.194824	88.403381
1361.866667	-344.115662	88.367485
1361.933333	-344.120636	88.375381
1362.000000	-344.280090	88.369164
1362.066667	-344.184021	88.354317
1362.133333	-342.788116	88.145355
1362.200000	-344.130280	88.344467
1362.266667	-344.221619	88.492783
1362.333333	-344.213898	88.464333
1362.400000	-344.188232	88.449158
1362.466667	-344.132660	88.477730
1362.533333	-343.985352	88.454132
1362.600000	-344.087982	88.391281
1362.666667	-344.082153	88.480103
1362.733333	-342.780945	88.283028
1362.800000	-344.096069	88.460587
1362.866667	-344.024597	88.527924
1362.933333	-343.983887	88.505493
1363.000000	-344.060211	88.573158
1363.066667	-344.170563	88.561157
1363.133333	-343.951416	88.501785
1363.200000	-344.045959	88.542366
1363.266667	-343.956818	88.525856
1363.333333	-344.100616	88.522583
1363.400000	-342.464478	88.315750
1363.466667	-343.920532	88.510674
1363.533333	-343.946747	88.456802
1363.600000	-343.819580	88.420113
1363.666667	-343.923309	88.496880
1363.733333	-343.892273	88.460823
1363.800000	-343.818542	88.445885
1363.866667	-343.707733	88.444374
1363.933333	-343.829742	88.421677
1364.000000	-343.855286	88.328041
1364.066667	-343.920532	88.420547
1364.133333	-343.796509	88.458290
1364.200000	-343.736725	88.438637
1364.266667	-343.676392	88.385315
1364.333333	-343.769043	88.365379
1364.400000	-343.795166	88.420952
1364.466667	-343.810486	88.429688
1364.533333	-343.665131	88.413589
1364.600000	-343.750824	88.463486
1364.666667	-343.724121	88.490608
1364.733333	-343.842224	88.528763
1364.800000	-343.682526	88.517990
1364.866667	-343.729004	88.485687
1364.933333	-342.112671	88.268196
1365.000000	-343.675079	88.584854
1365.066667	-343.566803	88.555595
1365.133333	-343.591400	88.542259
1365.200000	-343.686462	88.601845
1365.266667	-343.794769	88.682648
1365.333333	-343.687866	88.694061
1365.400000	-343.721863	88.521332
1365.466667	-343.645599	88.692696
1365.533333	-343.664246	88.497574
1365.600000	-343.575317	88.427223
1365.666667	-343.610718	88.506180
1365.733333	-343.525665	88.545982
1365.800000	-343.596375	88.493271
1365.866667	-343.544861	88.520058
1365.933333	-343.556122	88.492569
1366.000000	-343.452850	88.517303
1366.066667	-343.494202	88.449532
1366.133333	-343.449341	88.503860
1366.200000	-343.555847	88.500397
1366.266667	-343.440521	88.486359
1366.333333	-343.378326	88.417244
1366.400000	-343.363892	88.498306
1366.466667	-343.470917	88.513153
1366.533333	-343.316315	88.538338
1366.600000	-341.777313	88.251511
1366.666667	-343.363464	88.520027
1366.733333	-343.270233	88.588615
1366.800000	-343.334473	88.562607
1366.866667	-343.357483	88.582481
1366.933333	-341.624329	88.257507
1367.000000	-340.459412	88.257553
1367.066667	-343.318237	88.518929
1367.133333	-343.205078	88.608437
1367.200000	-343.321472	88.575180
1367.266667	-343.307922	88.703003
1367.333333	-343.271210	88.617790
1367.400000	-343.302338	88.626915
1367.466667	-343.209198	88.620239
1367.533333	-343.160736	88.556702
1367.600000	-343.213226	88.658325
1367.666667	-343.167450	88.668266
1367.733333	-343.130280	88.647079
1367.800000	-343.264526	88.580139
1367.866667	-343.138885	88.638924
1367.933333	-343.174927	88.679024
1368.000000	-343.075531	88.456024
1368.066667	-341.342499	88.627655
1368.133333	-342.973328	88.495399
1368.200000	-343.144348	88.598015
1368.266667	-343.001617	88.502571
1368.333333	-341.484161	88.321938
1368.400000	-340.146820	88.534622
1368.466667	-343.085266	88.553932
1368.533333	-342.995331	88.454536
1368.600000	-343.015381	88.572388
1368.666667	-342.898315	88.547241
1368.733333	-343.084229	88.561607
1368.800000	-342.978546	88.482674
1368.866667	-342.903503	88.571487
1368.933333	-343.086700	88.613182
1369.000000	-342.954407	88.513771
1369.066667	-343.048767	88.659309
1369.133333	-342.865814	88.605492
1369.200000	-342.917297	88.618332
1369.266667	-342.922180	88.711304
1369.333333	-342.902618	88.679703
1369.400000	-342.947876	88.732613
1369.466667	-342.952301	88.738930
1369.533333	-342.811920	88.673943
1369.600000	-342.809235	88.681107
1369.666667	-342.936157	88.695625
1369.733333	-342.821075	88.654335
1369.800000	-342.904999	88.632095
1369.866667	-342.796783	88.629608
1369.933333	-342.739441	88.646873
1370.000000	-342.819336	88.634857
1370.066667	-342.837830	88.563080
1370.133333	-342.838684	88.622620
1370.200000	-342.885284	88.713310
1370.266667	-342.726868	88.535149
1370.333333	-342.746857	88.607285
1370.400000	-342.731842	88.546730
1370.466667	-342.681488	88.544472
1370.533333	-342.582733	88.592178
1370.600000	-342.743652	88.667206
1370.666667	-342.610901	88.569290
1370.733333	-342.631500	88.559685
1370.800000	-342.674744	88.582161
1370.866667	-341.057831	88.336952
1370.933333	-342.768616	88.671288
1371.000000	-342.605743	88.562599
1371.066667	-342.558258	88.646362
1371.133333	-341.003571	88.385986
1371.200000	-342.577820	88.680672
1371.266667	-342.655945	88.786575
1371.333333	-342.572174	88.742859
1371.400000	-342.593933	88.695671
1371.466667	-342.467072	88.728035
1371.533333	-342.573029	88.711685
1371.600000	-342.581421	88.698364
1371.666667	-342.586182	88.704376
1371.733333	-342.524811	88.705833
1371.800000	-342.547119	88.685265
1371.866667	-342.371338	88.613480
1371.933333	-342.599182	88.718277
1372.000000	-342.548615	88.688240
1372.066667	-340.893372	88.470123
1372.133333	-342.400269	88.613182
1372.200000	-342.475677	88.635483
1372.266667	-342.362366	88.619446
1372.333333	-342.388489	88.644058
1372.400000	-342.424713	88.636330
1372.466667	-342.234314	88.579369
1372.600000	-342.454437	88.621475
1372.666667	-342.421326	88.525681
1372.733333	-342.286224	88.668526
1372.800000	-342.392853	88.590813
1372.866667	-342.256927	88.526917
1372.933333	-342.275970	88.636307
1373.066667	-342.291901	88.613197
1373.133333	-342.413879	88.631989
1373.200000	-342.397949	88.674957
1373.266667	-342.216431	88.641533
1373.333333	-342.240814	88.683968
1373.400000	-342.353333	88.752769
1373.466667	-342.335175	88.849457
1373.533333	-342.168976	88.694130
1373.600000	-342.228668	88.717430
1373.666667	-342.161682	88.682487
1373.733333	-342.319122	88.695572
1373.800000	-342.242249	88.719597
1373.866667	-342.236084	88.698341
1373.933333	-342.265076	88.766937
1374.000000	-342.191376	88.702736
1374.066667	-342.192261	88.742180
1374.133333	-342.114594	88.707001
1374.200000	-340.773193	88.455101
1374.266667	-342.108582	88.590981
1374.333333	-342.201050	88.717316
1374.400000	-342.166992	88.655495
1374.466667	-340.577179	88.318596
1374.533333	-342.081604	88.626671
1374.600000	-342.156525	88.659065
1374.666667	-342.053802	88.683800
1374.733333	-342.003906	88.614616
1374.800000	-342.065430	88.642998
1374.866667	-342.062103	88.634857
1374.933333	-342.010895	88.630440
1375.000000	-341.836578	88.677818
1375.066667	-341.974915	88.666824
1375.133333	-342.001526	88.676659
1375.200000	-341.996307	88.633049
1375.266667	-342.030304	88.672432
1375.333333	-342.010651	88.657219
1375.400000	-342.081238	88.748650
1375.466667	-341.972168	88.682320
1375.533333	-342.028687	88.753128
1375.600000	-342.052734	88.770142
1375.666667	-342.188202	88.799301
1375.733333	-342.066284	88.801880
1375.800000	-341.942352	88.767189
1375.866667	-341.912811	88.701607
1375.933333	-341.860962	88.697227
1376.000000	-341.841827	88.715424
1376.066667	-341.970795	88.810501
1376.133333	-341.885040	88.771301
1376.200000	-341.911438	88.768379
1376.266667	-341.883820	88.688187
1376.333333	-341.865601	88.644135
1376.400000	-341.764221	88.655334
1376.466667	-341.988495	88.768089
1376.533333	-341.797302	88.619270
1376.600000	-341.911896	88.814919
1376.666667	-341.796356	88.701645
1376.733333	-341.757751	88.590981
1376.800000	-340.241211	88.825172
1376.866667	-341.852417	88.631516
1376.933333	-341.752563	88.646706
1377.000000	-341.750153	88.759567
1377.066667	-341.788116	88.648361
1377.133333	-341.774078	88.657005
1377.200000	-341.808411	88.746765
1377.266667	-341.735077	88.700439
1377.333333	-341.794861	88.716545
1377.400000	-341.654633	88.657089
1377.466667	-341.768890	88.738861
1377.533333	-341.783783	88.776634
1377.600000	-341.754425	88.761642
1377.666667	-341.678925	88.773376
1377.733333	-340.211182	88.595146
1377.800000	-341.756500	88.700264
1377.866667	-341.671509	88.792908
1377.933333	-341.580566	88.778107
1378.000000	-341.669830	88.714607
1378.066667	-341.552277	88.760071
1378.133333	-341.593842	88.807701
1378.200000	-341.729706	88.841515
1378.266667	-341.675140	88.841835
1378.333333	-341.553711	88.833229
1378.400000	-341.580292	88.765991
1378.466667	-341.577240	88.770782
1378.533333	-341.648499	88.728180
1378.600000	-341.550934	88.768089
1378.666667	-341.491516	88.689758
1378.733333	-341.636414	88.723244
1378.800000	-341.532440	88.700195
1378.866667	-341.556427	88.701302
1378.933333	-341.579407	88.653648
1379.000000	-341.463806	88.662315
1379.066667	-341.428436	88.671860
1379.133333	-341.479065	88.697182
1379.200000	-341.563721	88.713737
1379.266667	-341.465149	88.677765
1379.333333	-341.540192	88.686867
1379.400000	-341.486938	88.760963
1379.466667	-341.383331	88.647400
1379.533333	-341.558899	88.753830
1379.600000	-341.530029	88.714432
1379.666667	-341.448120	88.718376
1379.733333	-340.010895	88.937683
1379.800000	-341.398682	88.754784
1379.866667	-341.558014	88.804314
1379.933333	-341.493469	88.775856
1380.000000	-341.413452	88.847916
1380.066667	-341.459473	88.871864
