360.066667	544.489441	503.362366
360.133333	544.804871	503.143097
360.200000	543.683838	503.050385
360.266667	543.355591	503.031097
360.333333	543.819946	503.179718
360.400000	542.900146	501.314362
360.466667	542.594971	501.375336
360.533333	542.767212	500.101166
360.600000	541.627869	499.068970
360.666667	541.588928	497.919403
360.733333	540.556091	496.756134
360.800000	539.963806	495.067596
360.866667	539.650085	494.118256
360.933333	539.212585	492.700104
361.000000	539.264832	493.053406
361.066667	538.933167	492.720551
361.133333	538.022644	492.563660
361.200000	537.845947	492.519531
361.266667	538.036865	493.130585
361.333333	538.649414	493.620148
361.400000	538.398804	494.065979
361.466667	538.452026	495.059631
361.533333	539.754578	495.418182
361.600000	539.563721	495.938477
361.666667	540.883118	497.390106
361.733333	540.524597	498.035858
361.800000	540.392395	499.189636
361.866667	540.249023	500.014282
361.933333	540.459595	500.629456
362.000000	541.394958	501.178589
362.066667	541.150879	502.334991
362.133333	541.395142	502.533203
362.200000	541.436768	503.478180
362.266667	540.819153	503.247284
362.333333	540.987976	502.929810
362.400000	541.464172	501.855835
362.466667	541.120422	500.675262
362.533333	541.035278	500.455719
362.600000	539.975952	499.919861
362.666667	539.537109	498.685791
362.733333	538.773804	497.118103
362.800000	538.205750	496.818695
362.866667	537.747925	495.956696
362.933333	537.229980	494.585480
363.000000	536.939880	494.077332
363.066667	536.799072	493.082977
363.133333	535.384583	492.360687
363.200000	535.775330	492.242737
363.266667	535.651245	492.182434
363.333333	535.406799	492.379730
363.400000	535.352112	493.015289
363.466667	535.734741	493.125153
363.533333	536.648621	494.036346
363.600000	536.922546	494.758453
363.666667	536.747620	495.635925
363.733333	537.070190	496.755920
363.800000	537.735657	498.241455
363.866667	537.626953	498.833618
363.933333	538.321289	500.024536
364.000000	538.310669	501.227997
364.066667	537.976440	501.882294
364.133333	538.115906	502.399109
364.200000	538.289001	502.908264
364.266667	538.274658	502.941803
364.333333	538.663391	502.829102
364.400000	538.747986	502.908295
364.466667	538.076599	501.946045
364.533333	538.093933	501.750000
364.600000	537.979736	501.260345
364.666667	537.464417	500.056641
364.733333	536.715637	499.106445
364.800000	535.749878	497.650726
364.866667	535.409790	496.818909
364.933333	535.077637	495.651581
365.000000	535.134155	494.325745
365.066667	534.677429	493.870361
365.133333	534.189087	493.221741
365.200000	533.789856	492.823578
365.266667	533.961731	492.521362
365.333333	533.536743	492.569427
365.400000	533.607788	492.210297
365.466667	533.488037	492.301819
365.533333	533.905518	493.124878
365.600000	533.823669	493.861389
365.666667	534.284546	494.771973
365.733333	534.383911	495.363617
365.800000	534.733582	496.571045
365.866667	535.026550	497.138123
365.933333	535.340210	498.522217
366.000000	535.829224	499.111755
366.066667	536.649353	499.629669
366.133333	536.601074	501.274292
366.200000	536.772217	501.848175
366.266667	536.863831	502.405273
366.333333	537.732971	502.812622
366.400000	536.912292	503.094940
366.466667	536.643005	502.802795
366.533333	535.887878	501.941254
366.600000	535.843628	501.359070
366.666667	535.570618	500.289459
366.733333	535.625488	499.408447
366.800000	534.971924	499.225006
366.866667	534.389160	497.712067
366.933333	534.560974	496.843719
367.000000	533.207764	495.653870
367.066667	533.331665	494.782654
367.133333	531.563232	493.572937
367.200000	532.300476	493.581848
367.266667	531.963074	493.342865
367.333333	530.943298	491.864044
367.400000	531.149597	491.993530
367.466667	531.036438	491.772949
367.533333	531.457031	491.985443
367.600000	531.891541	491.961487
367.666667	532.271606	493.123871
367.733333	531.841309	493.922485
367.800000	532.751831	494.498138
367.866667	532.307800	494.821472
367.933333	532.987549	496.434113
368.000000	533.046570	497.694458
368.066667	533.616455	498.665344
368.133333	534.260193	500.298523
368.200000	534.426025	501.492004
368.266667	534.793640	502.114075
368.333333	534.550476	501.720306
368.400000	534.805420	502.042145
368.466667	534.848450	501.586853
368.533333	534.248291	501.540588
368.600000	534.556335	502.236755
368.666667	534.003357	501.532684
368.733333	533.144104	500.766022
368.800000	533.499084	500.323029
368.866667	532.419861	499.275543
368.933333	533.159180	497.927521
369.000000	532.213501	496.882935
369.066667	531.621704	496.500153
369.133333	531.293762	494.727478
369.200000	530.141846	493.712524
369.266667	530.131958	493.304260
369.333333	530.849915	492.230194
369.400000	528.867920	491.710297
369.466667	529.048584	492.152588
369.533333	528.046631	490.886780
369.600000	528.924011	491.909058
369.666667	529.066895	491.864441
369.733333	529.138306	492.339233
369.800000	529.226990	493.718597
369.866667	529.375610	493.657806
369.933333	530.071106	494.637238
370.000000	530.455505	495.728882
370.066667	530.830933	496.666199
370.133333	531.097961	498.197449
370.200000	531.862732	499.654114
370.266667	532.424011	500.181000
370.333333	532.702576	501.468658
370.400000	532.875610	501.753357
370.466667	533.033630	502.467987
370.533333	533.253967	502.680145
370.600000	532.986755	502.386475
370.666667	533.122742	502.450562
370.733333	532.125671	501.963989
370.800000	531.796021	501.179810
370.866667	532.181641	500.997894
370.933333	530.880676	499.804230
371.000000	531.191284	498.368683
371.066667	529.873596	496.612823
371.133333	529.644348	496.270996
371.200000	529.349792	495.706604
371.266667	529.463684	495.037140
371.333333	528.539001	493.983490
371.400000	528.133423	492.695923
371.466667	527.576477	492.123444
371.533333	527.470520	491.788422
371.600000	527.054443	491.979462
371.666667	527.033447	492.118683
371.733333	526.649536	491.917542
371.800000	527.223022	492.237244
371.866667	528.160950	492.625305
371.933333	527.927002	493.207947
372.000000	528.305908	494.941193
372.066667	527.923035	495.479095
372.133333	529.774109	496.261780
372.200000	529.119385	497.526917
372.266667	529.171997	498.175171
372.333333	531.427002	499.942932
372.400000	530.627502	500.599335
372.466667	531.419189	501.598175
372.533333	532.031616	502.453796
372.600000	532.229248	503.614502
372.666667	532.424744	503.954590
372.733333	531.458679	502.620911
372.800000	530.887146	502.178650
372.866667	530.006531	501.025726
372.933333	529.981812	500.739166
373.000000	529.866089	499.678101
373.066667	530.170898	499.552765
373.133333	528.852600	497.671448
373.200000	529.025269	496.168457
373.266667	527.226624	495.492157
373.333333	527.107666	494.997620
373.400000	526.800293	492.912415
373.466667	526.231689	491.967499
373.533333	525.710632	492.343109
373.600000	524.949341	491.425995
373.666667	525.503418	490.391632
373.733333	524.326721	490.815796
373.800000	524.900452	490.912231
373.866667	524.525513	491.365112
373.933333	524.949036	492.324036
374.000000	525.740601	492.986328
374.066667	525.757996	493.619659
374.133333	526.606812	494.751129
374.200000	526.322083	495.357178
374.266667	526.789429	496.696564
374.333333	527.915955	497.969116
374.400000	527.297791	498.518188
374.466667	528.480530	500.309174
374.533333	529.153992	501.278168
374.600000	529.050110	502.430847
374.666667	529.274902	502.264313
374.733333	529.964294	503.107819
374.800000	530.777649	503.508118
374.866667	529.039429	502.822449
374.933333	530.261047	503.040222
375.000000	529.210938	501.820221
375.066667	527.977417	500.406677
375.133333	527.639160	499.833374
375.200000	527.230347	498.789825
375.266667	526.187317	497.092529
375.333333	525.820190	495.899384
375.400000	524.683716	494.474762
375.466667	524.273438	493.526123
375.533333	524.027344	492.655151
375.600000	523.340454	491.374084
375.666667	524.144531	491.104675
375.733333	523.222961	491.335785
375.800000	522.547424	491.426636
375.866667	522.269958	491.032928
375.933333	522.500366	490.457886
376.000000	523.041809	491.168701
376.066667	523.126038	491.941559
376.133333	523.978333	492.850800
376.200000	523.551941	493.586090
376.266667	524.694702	494.872253
376.333333	524.741943	495.997437
376.400000	525.431580	496.518738
376.466667	525.980164	497.824829
376.533333	525.851196	499.068726
376.600000	526.595947	499.311554
376.666667	526.767761	501.247284
376.733333	526.950867	502.019318
376.800000	527.700012	503.107819
376.866667	527.545105	503.123962
376.933333	528.045471	503.009247
377.000000	527.393982	502.374237
377.066667	527.586487	502.389587
377.133333	526.618774	501.142609
377.200000	525.659729	499.489960
377.266667	524.997742	498.188171
377.333333	524.165405	496.835754
377.400000	524.218262	496.856598
377.466667	523.435425	495.439453
377.533333	523.434692	493.621002
377.600000	522.206421	493.245209
377.666667	521.237915	492.532379
377.733333	521.580444	492.321655
377.800000	521.570496	490.791199
377.866667	521.424988	490.386108
377.933333	521.239868	489.839447
378.000000	521.275879	490.338928
378.066667	520.926880	491.010681
378.133333	522.048035	491.730194
378.200000	522.286560	493.126984
378.266667	522.064148	493.482483
378.333333	522.102905	493.838623
378.400000	523.294617	496.492371
378.466667	523.294617	496.492371
378.533333	523.661194	497.095642
378.600000	523.753662	498.116791
378.666667	523.990967	499.073486
378.733333	524.554626	500.580658
378.800000	523.880859	501.024750
378.866667	523.880859	501.024750
378.933333	525.003418	501.701141
379.000000	524.207886	502.037964
379.066667	524.430725	502.110413
379.133333	524.630310	501.437561
379.200000	523.710388	498.939178
379.266667	523.710388	498.939178
379.333333	523.424194	498.529968
379.400000	523.863464	497.757355
379.466667	522.884827	496.107513
379.533333	521.899414	495.235504
379.600000	521.487549	493.709991
379.666667	519.500610	491.727631
379.733333	519.500610	491.727631
379.800000	520.011047	491.355438
379.866667	519.605225	491.122894
379.933333	519.432556	490.709686
380.000000	519.580322	491.207672
380.066667	519.315735	491.285034
380.133333	519.315735	491.285034
380.200000	519.047363	491.135620
380.266667	520.076904	491.399078
380.333333	520.112122	492.820831
380.400000	520.577454	495.133148
380.466667	520.830322	496.530762
380.533333	520.830322	496.530762
380.600000	521.028198	496.946320
380.666667	521.258667	497.826416
380.733333	522.528137	498.572266
380.800000	522.643555	500.598572
380.866667	523.970276	500.944519
380.933333	523.970276	500.944519
381.000000	523.617981	502.101013
381.066667	523.205688	501.987732
381.133333	523.135254	501.058563
381.200000	522.254822	500.763672
381.266667	522.480713	500.187134
381.333333	522.010925	499.030365
381.400000	522.010925	499.030365
381.466667	522.107971	497.741364
381.533333	520.908752	497.044678
381.600000	519.451660	494.782532
381.666667	518.838928	493.929413
381.733333	518.828308	492.237152
381.800000	518.828308	492.237152
381.866667	518.986450	490.671753
381.933333	518.035461	491.002716
382.000000	517.973450	490.875031
382.066667	517.174316	491.149658
382.133333	517.672241	491.250580
382.200000	517.672241	491.250580
382.266667	517.812561	491.114075
382.333333	517.916077	491.340210
382.400000	518.303284	493.344482
382.466667	518.954468	494.640747
382.533333	518.899353	495.663116
382.600000	519.146057	495.642914
382.666667	519.146057	495.642914
382.733333	519.393616	497.236938
382.800000	520.560852	499.458160
382.866667	520.271606	499.466675
382.933333	520.692139	499.584808
383.000000	520.458130	500.760925
383.066667	520.458130	500.760925
383.133333	521.509460	500.290741
383.200000	521.955688	500.780518
383.266667	521.175964	500.889496
383.333333	520.169373	500.077667
383.400000	520.921204	499.587433
383.466667	520.921204	499.587433
383.533333	519.950439	498.615448
383.600000	518.497070	495.711151
383.666667	518.134583	495.058990
383.733333	517.532593	493.993073
383.800000	517.179260	493.153381
383.866667	517.619019	491.798615
383.933333	517.619019	491.798615
384.000000	516.351746	490.407135
384.066667	515.544434	490.353119
384.133333	515.715210	490.057037
384.200000	515.940125	490.576355
384.266667	515.585999	490.694244
384.333333	515.585999	490.694244
384.400000	516.647888	491.449005
384.466667	516.856689	493.090210
384.533333	516.581604	493.243774
384.600000	517.210693	494.191864
384.666667	517.980408	496.461273
384.733333	517.962524	496.135620
384.800000	518.191589	497.943878
384.866667	518.516052	498.728027
384.933333	519.681274	499.473938
385.000000	519.841492	499.951904
385.066667	519.537659	500.986816
385.133333	519.537659	500.986816
385.200000	519.879700	500.901031
385.266667	519.274536	501.053131
385.333333	518.893921	500.594757
385.400000	518.956848	500.084869
385.466667	519.696045	498.779877
385.533333	517.981018	498.583771
385.600000	518.169250	497.001740
385.666667	516.139099	495.597260
385.733333	516.107483	494.830597
385.800000	515.984192	493.398804
385.866667	516.027710	493.338623
385.933333	515.585815	491.756409
386.000000	514.816101	490.633911
386.066667	515.111084	490.830231
386.133333	514.186768	490.616638
386.200000	513.948730	490.413147
386.266667	514.435974	490.032593
386.333333	513.912476	490.182739
386.400000	514.917419	491.292786
386.466667	515.270081	491.464661
386.533333	514.939209	491.892700
386.600000	515.619629	493.413116
386.666667	516.230347	494.146332
386.733333	516.367798	495.257965
386.800000	516.700378	496.815491
386.866667	517.196167	497.937592
386.933333	516.873962	498.493866
387.000000	518.178772	499.648315
387.066667	518.640686	500.573669
387.133333	518.970337	500.864380
387.200000	518.394836	500.712097
387.266667	518.767456	500.793793
387.333333	517.877075	500.527405
387.400000	517.934631	499.439240
387.466667	517.104126	499.067566
387.533333	517.201538	498.157501
387.600000	516.788025	498.132904
387.666667	516.984436	497.287811
387.733333	515.940369	496.782593
387.800000	515.722717	495.129669
387.866667	515.554810	494.365509
387.933333	515.685669	492.930878
388.000000	514.127747	491.906281
388.066667	514.003906	490.717743
388.133333	513.399536	490.538208
388.200000	513.058777	490.795227
388.266667	513.115662	490.404053
388.333333	513.178589	490.454132
388.400000	513.147766	490.881653
388.466667	513.444763	490.979187
388.533333	513.471680	490.968536
388.600000	513.981140	491.540863
388.666667	513.783875	492.737152
388.733333	514.053467	493.349335
388.800000	514.665649	495.337616
388.866667	515.943481	495.795502
388.933333	515.691223	497.328705
389.000000	516.213196	498.663055
389.066667	516.406189	498.903381
389.133333	517.156433	499.235901
389.200000	516.378296	500.014771
389.266667	516.722717	500.805237
389.333333	516.056152	500.014709
389.400000	517.177246	500.678436
389.466667	517.169250	500.085419
389.533333	516.425415	500.533203
389.600000	515.398560	498.659088
389.666667	514.956238	498.510223
389.733333	515.326660	498.095734
389.800000	515.078186	496.957947
389.866667	514.433777	495.019775
389.933333	513.472046	494.673004
390.000000	513.343079	493.346985
390.066667	513.576904	492.819336
390.133333	513.158875	492.237427
390.200000	512.062683	491.233521
390.266667	512.604553	490.195526
390.333333	512.033142	490.272247
390.400000	511.768066	489.815704
390.466667	511.512024	490.194794
390.533333	511.787994	490.064301
390.600000	511.971375	491.443512
390.666667	512.383484	490.890045
390.733333	512.504333	492.278687
390.800000	513.986633	492.745667
390.866667	513.537231	494.121521
390.933333	513.699646	495.697266
391.000000	514.267151	496.843567
391.066667	515.981995	497.587891
391.133333	516.836609	500.279297
391.200000	516.698242	499.755341
391.266667	516.320007	499.848114
391.333333	515.967285	500.475433
391.400000	516.824829	500.338043
391.466667	515.534180	500.757111
391.533333	515.426636	500.553986
391.600000	514.925293	500.464844
391.666667	515.651794	499.779755
391.733333	514.878540	499.656281
391.800000	514.048950	497.439911
391.866667	513.580383	497.175629
391.933333	513.146606	496.301300
392.000000	512.825195	495.166412
392.066667	512.627686	494.365204
392.133333	512.458130	492.500977
392.200000	511.202667	491.409821
392.266667	511.711121	490.680939
392.333333	511.264526	489.199829
392.400000	511.208038	489.495667
392.466667	509.523254	488.747101
392.533333	510.518707	489.181824
392.600000	510.226959	489.902100
392.666667	510.358002	490.046234
392.733333	510.663910	490.452850
392.800000	510.706970	491.590240
392.866667	510.934082	492.172607
392.933333	511.939545	493.385101
393.000000	512.002380	494.975159
393.066667	513.011658	495.907471
393.133333	514.341553	496.870026
393.200000	514.485046	498.816132
393.266667	515.277588	500.541656
393.333333	515.802734	500.733307
393.400000	516.592773	502.303253
393.466667	516.860474	502.473145
393.533333	516.776672	502.575073
393.600000	516.475281	502.345459
393.666667	515.704834	501.521698
393.733333	514.573120	500.319000
393.800000	514.433960	500.009888
393.866667	512.951599	498.213898
393.933333	513.072754	497.253296
394.000000	512.520630	496.017395
394.066667	512.395081	495.635925
394.133333	511.866577	493.295197
394.200000	510.601624	492.982117
394.266667	511.204895	492.394501
394.333333	510.989532	491.317444
394.400000	509.563995	490.308533
394.466667	510.041870	490.045013
394.533333	509.983032	490.660248
394.600000	509.618256	490.468719
394.733333	509.721436	490.601440
394.800000	508.951477	490.292633
394.933333	510.519409	491.611023
395.000000	511.087524	493.982666
395.133333	511.688507	495.184998
395.200000	511.813446	495.734192
395.266667	512.755859	497.591278
395.333333	513.858398	499.156677
395.400000	514.377075	500.857727
395.466667	514.444275	501.393799
395.533333	515.710205	502.937195
395.600000	515.716492	503.132812
395.666667	516.256653	503.116913
395.733333	515.629089	503.008972
395.800000	514.625732	501.750885
395.866667	513.713867	499.344269
395.933333	513.044556	499.322296
396.000000	512.199524	498.844208
396.066667	512.461548	496.453339
396.133333	510.592926	495.394165
396.200000	511.209839	493.918945
396.266667	510.376343	493.687012
396.333333	509.746368	492.209167
396.400000	509.322968	491.784363
396.466667	509.149384	491.176147
396.533333	509.403534	490.915497
396.600000	509.679901	490.343323
396.666667	508.624237	490.555389
396.733333	509.112701	490.554901
396.800000	509.661438	490.735443
396.866667	509.985687	490.425110
396.933333	509.066010	491.270477
397.000000	509.287811	491.319946
397.066667	509.232117	492.482635
397.133333	510.826233	493.105164
397.200000	510.708008	494.936371
397.266667	510.451202	494.917389
397.333333	510.699585	497.468597
397.400000	511.702942	498.455170
397.466667	512.391296	499.005676
397.533333	512.643066	499.638275
397.600000	513.593872	500.290649
397.666667	513.967163	502.196716
397.733333	514.392334	502.492981
397.800000	514.754517	503.215790
397.866667	514.429565	501.851349
397.933333	513.741394	501.786926
398.000000	514.436768	501.460907
398.066667	514.224609	500.778778
398.133333	512.629944	498.780365
398.200000	510.665497	496.680359
398.266667	509.995270	495.216309
398.333333	508.504669	493.816040
398.400000	508.204651	492.107269
398.466667	508.698364	491.763611
398.533333	508.395782	490.688721
398.600000	508.170593	490.416412
398.666667	508.164307	490.136932
398.733333	507.858246	489.480652
398.800000	506.706665	489.157990
398.866667	508.230591	489.404388
398.933333	507.998230	489.735382
399.000000	507.925781	490.355865
399.066667	508.451660	490.664612
399.133333	508.243561	491.624847
399.200000	508.496033	492.701874
399.266667	508.418549	494.296997
399.333333	509.679352	494.938782
399.400000	510.690826	496.135284
399.466667	510.466217	496.993927
399.533333	510.306305	498.770782
399.600000	511.370605	499.558990
399.666667	511.731140	500.015167
399.733333	512.196777	501.323547
399.800000	512.488647	501.377533
399.866667	512.745239	501.808563
399.933333	512.996460	501.658783
400.000000	512.300781	500.958771
400.066667	511.260406	499.710083
400.133333	511.118896	498.625488
400.200000	511.118896	498.625488
400.266667	509.969086	496.668762
400.333333	508.650818	495.587067
400.400000	508.838287	494.652466
400.466667	508.121521	493.795227
400.533333	508.238586	492.149750
400.600000	507.144562	490.926025
400.666667	506.643524	490.143646
400.733333	506.686554	490.305511
400.800000	506.671783	489.052185
400.866667	505.277008	488.942474
400.933333	506.239014	489.009888
401.000000	506.570831	490.068939
401.066667	506.856232	489.664276
401.133333	506.403625	490.353943
401.200000	507.471588	491.445770
401.266667	507.643494	492.650482
401.333333	507.560394	493.245880
401.400000	508.450653	495.292969
401.466667	508.781952	495.495026
401.533333	508.125854	496.118744
401.600000	510.152863	497.852112
401.666667	510.064667	498.707825
401.733333	510.306885	498.467377
401.800000	510.177643	499.604675
401.866667	510.616089	500.242035
401.933333	510.242157	500.316406
402.000000	510.600891	500.497009
402.133333	509.823212	499.427338
402.200000	510.057587	499.571259
402.266667	510.706055	499.367676
402.333333	509.945251	497.512878
402.400000	510.076599	496.528931
402.466667	508.108887	495.480774
402.533333	507.623474	493.984924
402.600000	506.767639	492.497986
402.733333	506.308716	490.369385
402.866667	505.351776	489.379303
403.000000	505.145386	489.703552
403.133333	505.127747	489.400604
403.266667	505.835907	490.715057
403.333333	506.308289	492.713715
403.400000	507.499481	494.157318
403.533333	508.194000	496.197937
403.600000	507.989777	497.298889
403.666667	508.360840	497.691620
403.800000	509.403839	500.154480
403.933333	509.246979	500.543884
404.066667	508.883636	500.321136
404.200000	508.926971	499.977936
404.333333	509.014496	497.838287
404.400000	507.533020	496.346954
404.533333	506.212097	493.441956
404.600000	506.426117	492.546417
404.666667	506.426117	492.546417
404.733333	506.753357	491.691284
404.800000	505.731720	490.974335
404.866667	504.826019	490.421387
404.933333	504.931732	490.052185
405.000000	505.000671	489.333252
405.066667	504.524963	489.633606
405.133333	504.394775	489.880676
405.200000	504.403198	489.789368
405.266667	505.344849	491.028748
405.333333	505.246979	491.165955
405.400000	504.710876	491.306274
405.466667	505.815735	492.488037
405.533333	505.827332	493.304932
405.600000	506.270599	494.731689
405.666667	505.968353	495.051910
405.733333	507.278748	496.558411
405.800000	507.266083	497.325623
405.933333	508.149841	499.296661
406.000000	507.809143	500.054962
406.133333	508.375580	500.051056
406.266667	507.998688	499.686768
406.333333	507.336853	497.761383
406.400000	507.173462	497.190063
406.466667	506.731567	495.432343
406.533333	506.878876	495.622894
406.600000	505.839569	494.366669
406.666667	505.041656	493.496155
406.733333	505.053406	492.166809
406.800000	505.053406	492.166809
406.866667	503.933685	490.470306
406.933333	504.221710	490.389587
407.000000	503.748291	490.445831
407.133333	503.223724	489.620728
407.200000	503.500214	490.016846
407.266667	504.341644	489.953644
407.333333	504.341644	489.953644
407.400000	503.949707	490.437805
407.466667	504.625336	491.357513
407.533333	504.646271	491.952454
407.600000	505.517944	493.750763
407.666667	505.995880	495.623840
407.733333	506.373932	496.223724
407.800000	506.373932	496.223724
407.866667	506.825165	497.501068
407.933333	507.613342	498.874481
408.000000	507.405243	499.533600
408.066667	508.121216	500.564514
408.133333	509.348267	500.110413
408.200000	508.318787	500.979736
408.266667	508.142059	501.263031
408.333333	507.257538	499.673645
408.400000	506.458954	499.266327
408.466667	506.763489	498.571533
408.533333	506.504913	497.378418
408.600000	507.345612	495.968903
408.666667	505.622559	495.046234
408.733333	505.354218	494.312531
408.800000	505.388214	493.563263
408.866667	505.034149	492.268494
408.933333	504.121704	491.380371
409.000000	503.687866	490.837982
409.066667	503.895721	490.772919
409.133333	503.632050	490.587463
409.200000	503.686798	490.192688
409.266667	504.121857	489.726471
409.333333	503.542328	490.213989
409.400000	503.798248	490.631226
409.466667	504.375793	490.122772
409.533333	504.141449	491.119629
409.600000	504.759857	490.922485
409.666667	505.071869	492.017700
409.733333	505.137238	493.667603
409.800000	505.917297	494.232391
409.866667	505.530029	496.309052
409.933333	506.143707	497.683838
410.000000	506.386261	498.272461
410.066667	506.517792	498.268433
410.133333	506.790009	499.487122
410.200000	507.180695	500.058624
410.266667	507.006409	500.564697
410.333333	507.764008	500.080841
410.400000	506.769867	499.884827
410.466667	507.017059	499.287323
410.533333	506.520203	498.385254
410.600000	506.076233	498.467377
410.666667	505.603516	497.528625
410.733333	505.256714	496.179108
410.800000	504.693665	494.463501
410.866667	504.207886	493.110382
410.933333	503.800110	492.332428
411.000000	503.951721	491.438080
411.066667	503.186035	490.401245
411.133333	503.251740	490.309601
411.200000	503.983063	490.370239
411.266667	501.918488	489.418030
411.333333	502.912537	489.390472
411.400000	503.365997	489.520813
411.466667	503.737732	490.140320
411.533333	503.320404	490.723114
411.600000	503.418579	490.558899
411.666667	503.236267	491.132751
411.733333	503.983643	491.597534
411.800000	504.154724	493.030670
411.866667	504.395081	494.309113
411.933333	505.775757	495.900330
412.000000	505.759186	497.009033
412.066667	506.323151	499.041321
412.200000	507.845306	499.706879
412.266667	506.837158	499.820496
412.333333	507.303162	499.814362
412.400000	506.916656	499.756409
412.533333	506.140839	498.227966
412.600000	506.038147	498.408356
412.666667	505.707245	498.110565
412.733333	505.584106	496.071503
412.800000	504.821259	495.592499
412.933333	504.622528	492.264893
413.000000	503.628845	491.839081
413.133333	503.212921	490.707733
413.200000	502.863129	490.742981
413.266667	502.733124	490.326294
413.333333	502.653931	489.509155
413.400000	502.702667	489.671204
413.533333	503.235168	490.280060
413.600000	503.053101	490.380066
413.666667	503.326538	490.744385
413.733333	502.935669	491.343231
413.800000	503.655273	492.388580
413.933333	504.776855	495.327545
414.000000	506.911255	498.126923
414.133333	508.237122	500.152588
414.200000	508.831482	500.647430
414.266667	507.862793	500.434692
414.400000	507.195129	500.732544
414.466667	507.015350	500.286102
414.533333	506.848389	499.691681
414.600000	506.743164	499.401733
414.666667	506.724365	499.086212
414.733333	506.168518	498.756500
414.800000	505.536072	497.654907
414.866667	504.583069	495.700317
414.933333	504.583069	495.700317
415.000000	503.722290	494.597534
415.066667	504.069031	493.727051
415.133333	503.784943	492.530579
415.200000	502.478027	491.319183
415.266667	502.326965	489.660645
415.333333	502.326965	489.660645
415.400000	501.817169	489.595551
415.466667	502.381836	489.370880
415.533333	501.850586	488.908844
415.600000	501.565430	488.816071
415.666667	502.471924	490.127655
415.733333	502.471924	490.127655
415.800000	502.798157	491.118896
415.866667	502.648621	491.161438
415.933333	502.951691	492.094788
416.000000	503.088379	493.506927
416.066667	504.300690	495.578979
416.133333	505.937134	496.716644
416.200000	507.373077	499.117706
416.333333	508.173767	501.006805
416.400000	508.698456	500.696075
416.533333	508.274414	502.301483
416.600000	508.334869	501.673553
416.666667	508.044952	501.325378
416.800000	506.087372	498.993378
416.866667	505.549377	497.194946
416.933333	504.699707	496.332855
417.000000	503.961487	494.681549
417.133333	503.775177	492.477844
417.200000	503.103210	491.594147
417.266667	502.413635	491.306274
417.400000	502.810760	489.866211
417.466667	501.836029	489.043793
417.533333	502.020325	489.010254
417.600000	501.624268	488.622498
417.733333	502.184387	489.879272
417.800000	502.508270	490.175690
417.866667	502.422882	491.685211
417.933333	502.569305	491.451630
418.000000	503.081238	493.440979
418.133333	503.986328	494.561157
418.200000	504.853333	496.377655
418.266667	504.810150	497.491577
418.333333	506.886261	499.754303
418.400000	507.139923	500.425873
418.533333	508.013397	501.379639
418.600000	507.321350	501.539246
418.666667	507.599670	501.736298
418.733333	508.375275	502.139526
418.800000	508.595276	501.248749
418.866667	506.534760	499.321198
418.933333	505.511658	497.760956
419.000000	505.484375	496.729462
419.066667	503.967529	495.961334
419.133333	503.156860	494.921570
419.200000	503.638580	494.111298
419.266667	502.496368	492.609589
419.333333	502.255951	491.529388
419.400000	501.817627	490.559967
419.466667	502.134766	490.295837
419.533333	501.876251	489.460419
419.600000	501.502594	488.959320
419.666667	502.732697	488.664734
419.733333	501.875214	489.005615
419.800000	501.712219	489.712769
419.866667	501.939819	489.642212
419.933333	501.939819	489.642212
420.000000	501.819366	490.409912
