1440.066667	485.825165	492.472565
1440.133333	486.153870	494.736115
1440.200000	486.153870	494.736115
1440.266667	486.918732	495.496490
1440.333333	486.918884	496.850861
1440.400000	486.918884	496.850861
1440.466667	487.031403	497.421417
1440.533333	487.113892	498.706726
1440.600000	486.605957	499.944641
1440.666667	487.202057	499.896149
1440.733333	487.622711	500.981476
1440.800000	487.429077	500.345520
1440.866667	486.911377	499.919922
1440.933333	487.285767	500.201202
1441.000000	486.085205	500.184448
1441.066667	485.447235	499.667480
1441.133333	486.081970	499.677734
1441.200000	484.275421	497.904846
1441.266667	483.281921	496.326324
1441.333333	483.091461	495.368652
1441.400000	481.656189	494.568359
1441.466667	481.290009	492.997498
1441.533333	480.343231	492.959595
1441.600000	479.008759	491.692719
1441.666667	478.912598	491.183563
1441.733333	478.488647	491.141113
1441.800000	478.287628	489.916840
1441.866667	477.944641	490.381866
1441.933333	478.302124	490.256500
1442.000000	477.910126	490.911224
1442.066667	477.130463	491.002930
1442.133333	476.962372	491.740051
1442.200000	476.770477	492.138275
1442.266667	477.242859	493.601532
1442.333333	477.657959	494.630768
1442.400000	477.793274	494.712677
1442.466667	478.064148	496.450531
1442.533333	477.722107	497.071320
1442.600000	477.663788	497.936737
1442.666667	478.319183	498.912964
1442.733333	477.680511	499.440186
1442.800000	477.357819	499.669342
1442.866667	478.130157	500.358276
1442.933333	478.235077	501.330475
1443.000000	477.821564	499.941376
1443.066667	477.251160	499.574280
1443.133333	476.317322	499.311188
1443.200000	475.753448	498.556610
1443.266667	475.256348	497.278290
1443.333333	475.678619	497.248535
1443.400000	474.268677	495.254364
1443.466667	472.765839	495.026611
1443.533333	471.787140	493.219116
1443.600000	471.202087	492.255341
1443.666667	470.480133	491.860443
1443.733333	470.258820	491.476837
1443.800000	469.645264	490.649231
1443.866667	469.355988	490.278687
1443.933333	468.837616	490.044342
1444.000000	468.984528	489.552979
1444.066667	467.630951	489.211670
1444.133333	467.916382	490.064636
1444.200000	467.991913	489.967712
1444.266667	468.067902	491.613892
1444.333333	468.204224	491.780975
1444.400000	467.880859	493.067444
1444.466667	468.483521	493.778290
1444.533333	468.402405	494.834167
1444.600000	468.801575	496.136810
1444.666667	468.348846	496.893066
1444.733333	468.063049	497.520721
1444.800000	468.467407	497.768097
1444.866667	467.753296	498.251404
1444.933333	468.028015	498.623291
1445.000000	468.140747	499.308838
1445.066667	466.747833	498.171875
1445.133333	467.038330	498.609131
1445.200000	466.895508	498.270020
1445.266667	466.078308	496.723541
1445.333333	466.380646	497.621582
1445.400000	466.095215	497.128876
1445.466667	465.193604	494.860596
1445.533333	465.193604	494.860596
1445.600000	463.469025	493.318970
1445.666667	462.722015	492.496857
1445.733333	461.509674	491.030182
1445.800000	461.093323	490.503448
1445.866667	460.406372	489.515320
1445.933333	460.406372	489.515320
1446.000000	460.466675	489.589233
1446.066667	459.882355	489.354004
1446.133333	460.390106	489.307556
1446.200000	459.226501	489.426758
1446.266667	459.341064	491.073334
1446.333333	459.341064	491.073334
1446.400000	459.577454	490.822723
1446.466667	459.138458	492.124908
1446.533333	458.956390	492.817505
1446.600000	459.163818	494.528198
1446.666667	459.267944	496.009277
1446.733333	459.267944	496.009277
1446.800000	459.522125	497.275543
1446.866667	459.119812	496.975647
1446.933333	459.263458	497.313049
1447.000000	459.291260	497.668976
1447.066667	459.265991	497.432678
1447.133333	458.169159	498.070892
1447.200000	458.169159	498.070892
1447.266667	458.490295	497.167542
1447.333333	458.014130	496.744598
1447.400000	457.276489	496.014435
1447.466667	455.923798	495.503662
1447.533333	454.233582	493.596558
1447.600000	454.233582	493.596558
1447.666667	454.809265	492.714203
1447.733333	452.919067	491.252167
1447.800000	452.710114	491.257782
1447.866667	452.151703	489.214142
1447.933333	452.108429	488.420380
1448.000000	452.108429	488.420380
1448.066667	451.460236	487.559692
1448.133333	450.493103	487.986633
1448.200000	450.052399	488.903503
1448.266667	450.118408	489.751190
1448.333333	449.809723	490.933289
1448.400000	449.766846	491.618866
1448.466667	449.766846	491.618866
1448.533333	449.970764	491.657654
1448.600000	450.045654	492.335785
1448.666667	449.816742	494.049744
1448.733333	450.226318	495.507690
1448.800000	450.322693	496.010071
1448.866667	450.322693	496.010071
1448.933333	450.513092	496.147705
1449.000000	449.690125	496.862793
1449.066667	450.102478	497.610168
1449.133333	449.600739	498.003174
1449.200000	449.496613	497.128235
1449.266667	449.496613	497.128235
1449.333333	448.755737	496.885986
1449.400000	448.292236	496.673920
1449.466667	448.157501	494.632874
1449.533333	447.122284	494.429810
1449.600000	446.698456	493.803589
1449.666667	446.460663	491.548737
1449.733333	446.460663	491.548737
1449.800000	444.910797	491.797516
1449.866667	444.521545	490.681427
1449.933333	443.694702	489.397278
1450.000000	443.412109	489.111511
1450.066667	442.575500	488.090393
1450.133333	442.575500	488.090393
1450.200000	442.729645	488.315155
1450.266667	441.760925	488.655914
1450.333333	441.839844	488.445618
1450.400000	441.571899	489.405487
1450.466667	442.038879	490.037720
1450.533333	442.038879	490.037720
1450.600000	442.216949	490.681885
1450.666667	441.481140	492.566040
1450.733333	442.391327	494.382568
1450.800000	443.327606	494.630310
1450.866667	442.371521	495.006561
1450.933333	442.371521	495.006561
1451.000000	441.515686	495.899292
1451.066667	441.465973	496.891144
1451.133333	440.453705	496.673065
1451.200000	440.580078	497.289734
1451.266667	440.917816	496.605042
1451.333333	439.139679	495.866028
1451.400000	439.139679	495.866028
1451.466667	439.873779	496.368530
1451.533333	439.340576	495.566345
1451.600000	438.636322	493.483398
1451.666667	437.635895	493.240845
1451.733333	437.404968	493.543976
1451.800000	437.404968	493.543976
1451.866667	435.804565	490.556854
1451.933333	435.463226	490.274841
1452.000000	434.997803	490.325653
1452.066667	434.333527	489.570923
1452.133333	433.565613	488.378387
1452.200000	433.565613	488.378387
1452.266667	432.813385	488.036652
1452.333333	432.811462	488.255890
1452.400000	432.313293	487.437408
1452.466667	432.918823	488.966309
1452.533333	432.513062	489.945343
1452.600000	432.859253	490.273712
1452.666667	432.469421	491.273102
1452.733333	432.203613	492.223389
1452.800000	432.422302	493.130981
1452.866667	432.891663	493.087738
1452.933333	432.532501	494.640808
1453.000000	432.505096	494.927185
1453.066667	432.547485	495.984619
1453.133333	431.633759	495.780731
1453.200000	431.874481	496.255615
1453.266667	432.088654	496.818878
1453.333333	431.991730	497.555573
1453.400000	432.023865	496.667175
1453.466667	432.023865	496.667175
1453.533333	431.554871	495.432098
1453.600000	430.454987	495.338440
1453.666667	429.666565	495.032471
1453.733333	429.038788	493.245605
1453.800000	428.608917	492.347534
1453.866667	428.160675	491.879028
1453.933333	427.478912	491.430420
1454.000000	427.222748	490.248901
1454.066667	426.170441	488.935089
1454.133333	426.114563	488.615723
1454.200000	425.546600	488.426514
1454.266667	425.075439	488.064819
1454.333333	424.895233	487.802246
1454.400000	423.779724	488.036743
1454.466667	423.709595	487.718323
1454.533333	424.099670	488.722107
1454.600000	424.268311	489.912476
1454.666667	424.145477	490.426422
1454.733333	424.017944	490.537750
1454.800000	423.752106	490.072510
1454.866667	423.380615	491.705902
1454.933333	423.757202	492.698883
1455.000000	424.173035	494.372711
1455.066667	424.381470	494.899689
1455.133333	424.382935	495.076599
1455.200000	423.728668	495.752930
1455.266667	423.496338	495.718231
1455.333333	423.427216	495.655334
1455.400000	423.180420	496.007690
1455.466667	422.411774	495.837585
1455.533333	422.103058	495.868317
1455.600000	422.932800	495.850281
1455.666667	421.531860	495.486206
1455.733333	421.489594	494.565674
1455.800000	420.779694	493.067841
1455.866667	419.635559	492.412048
1455.933333	419.218018	491.696808
1456.000000	418.633087	490.292969
1456.066667	418.469696	488.856384
1456.133333	418.143127	488.560425
1456.200000	417.202179	488.802826
1456.266667	417.387482	486.963593
1456.333333	416.477722	487.286194
1456.400000	415.555756	487.057739
1456.466667	416.115936	487.482513
1456.533333	415.390869	487.158325
1456.600000	415.141113	487.027740
1456.666667	414.656250	487.542572
1456.733333	414.404419	488.530823
1456.800000	415.526855	488.273468
1456.866667	415.125885	490.073761
1456.933333	415.354309	491.325043
1457.000000	415.326324	492.157562
1457.066667	415.218475	492.462646
1457.133333	415.039948	493.698639
1457.200000	415.271881	494.409149
1457.266667	415.281891	495.393127
1457.333333	415.521698	496.274750
1457.400000	415.158081	495.488708
1457.466667	415.102753	496.038483
1457.533333	413.623199	495.344513
1457.600000	413.575317	495.424591
1457.666667	413.373779	495.541931
1457.733333	413.082489	495.449768
1457.800000	412.542786	494.615417
1457.866667	411.343628	492.692993
1457.933333	411.123199	492.280365
1458.000000	410.520264	491.615540
1458.066667	410.324127	490.433746
1458.133333	410.162964	489.354584
1458.200000	409.659943	489.015350
1458.266667	409.634949	488.701538
1458.333333	407.958557	487.078186
1458.400000	407.999847	486.644867
1458.466667	407.207092	486.217957
1458.533333	406.525177	486.134735
1458.600000	406.507812	486.819916
1458.666667	406.791809	487.124939
1458.733333	408.385529	486.810699
1458.800000	406.242828	488.232941
1458.866667	406.102661	488.590302
1458.933333	406.317291	489.572388
1459.000000	406.145508	489.950165
1459.066667	407.079102	491.891937
1459.133333	406.317902	492.826477
1459.200000	406.050537	493.297974
1459.266667	406.668945	493.658905
1459.333333	406.807129	493.978271
1459.400000	406.744568	495.105835
1459.466667	405.956146	495.259949
1459.533333	406.524139	495.701172
1459.600000	406.838623	495.505249
1459.666667	405.550323	495.398865
1459.733333	405.134521	495.023712
1459.800000	404.204712	494.073090
1459.866667	404.059418	494.368408
1459.933333	403.649414	493.703796
1460.000000	402.014862	491.646729
1460.066667	402.074524	490.112091
1460.133333	401.518097	490.721191
1460.200000	400.827057	489.813232
1460.266667	400.720612	489.084167
1460.333333	400.218201	488.438049
1460.400000	400.062927	486.899628
1460.466667	399.414673	486.879578
1460.533333	399.160126	486.620758
1460.600000	398.484711	486.965179
1460.666667	397.263550	485.438202
1460.733333	398.235077	486.696808
1460.800000	397.331329	487.094116
1460.866667	397.537689	488.237549
1460.933333	398.213379	488.908295
1461.000000	398.095612	489.045685
1461.066667	398.001648	489.604034
1461.133333	397.086060	490.007690
1461.200000	397.321411	489.882782
1461.266667	397.574066	491.593140
1461.333333	397.589813	493.102264
1461.400000	397.959259	494.412750
1461.466667	397.343933	494.511383
1461.533333	398.349915	494.586609
1461.600000	397.313812	495.071564
1461.666667	396.718567	494.306488
1461.733333	396.603180	495.135559
1461.800000	397.221832	494.446991
1461.866667	396.014648	494.630463
1461.933333	395.914825	493.086884
1462.000000	395.177185	492.596741
1462.066667	395.097931	492.396820
1462.133333	393.605774	491.237579
1462.200000	393.686066	490.468750
1462.266667	393.271790	489.000092
1462.333333	392.515228	488.346497
1462.400000	392.538361	488.030884
1462.466667	391.520325	487.123871
1462.533333	390.938721	486.383667
1462.600000	390.765533	486.286743
1462.666667	390.951477	486.381042
1462.733333	391.036652	486.039886
1462.800000	389.667358	486.076019
1462.866667	389.659485	486.299255
1462.933333	390.102264	486.489136
1463.000000	389.276520	487.485718
1463.066667	389.143982	487.471100
1463.133333	388.669830	488.158691
1463.200000	389.465057	489.332214
1463.266667	389.518616	491.072205
1463.333333	389.339233	491.063110
1463.400000	388.868896	492.578156
1463.466667	389.177032	492.793945
1463.533333	389.051666	494.124115
1463.600000	389.044098	493.792297
1463.666667	390.028961	493.478912
1463.733333	388.544189	494.677399
1463.800000	388.727814	494.526215
1463.866667	388.194977	494.419098
1463.933333	387.111420	494.076569
1464.000000	387.100952	492.853485
1464.066667	387.041565	493.300385
1464.133333	386.689148	492.195862
1464.200000	385.904633	491.756866
1464.266667	385.505615	490.662354
1464.333333	384.889221	489.965057
1464.400000	384.238922	488.868256
1464.466667	383.456757	488.121338
1464.533333	383.717102	487.805481
1464.600000	382.761932	487.408020
1464.666667	382.875580	486.904175
1464.733333	382.130829	486.314697
1464.800000	381.825562	486.217346
1464.866667	381.915253	486.463379
1464.933333	381.062439	486.164612
1465.000000	380.947083	486.146637
1465.066667	380.742401	486.647797
1465.133333	381.170868	487.818420
1465.200000	380.743713	488.594604
1465.266667	381.015411	489.683258
1465.333333	380.506653	490.223846
1465.400000	380.758240	490.946075
1465.466667	380.264374	491.690826
1465.533333	380.117523	492.501068
1465.600000	380.512970	493.563019
1465.666667	380.609375	494.220856
1465.733333	379.822601	494.283691
1465.800000	380.307770	494.638092
1465.866667	379.799957	494.379944
1465.933333	379.522858	493.984711
1466.000000	379.548004	494.499817
1466.066667	379.194427	494.313141
1466.133333	379.097778	493.415375
1466.200000	377.859192	493.533325
1466.266667	377.743011	492.269470
1466.333333	377.772247	491.219299
1466.400000	376.529602	489.395020
1466.466667	376.369965	489.614197
1466.533333	375.881683	487.941223
1466.600000	375.174805	488.103851
1466.666667	374.816467	486.971832
1466.733333	373.853821	486.938232
1466.800000	373.860931	486.664673
1466.866667	373.513489	486.235596
1466.933333	373.391846	486.352081
1467.000000	373.796082	486.082886
1467.066667	373.628082	486.595856
1467.133333	372.849152	487.410156
1467.200000	373.415680	487.992432
1467.266667	373.184174	488.635956
1467.333333	372.459412	488.776825
1467.400000	372.315918	489.195190
1467.466667	373.014099	490.193604
1467.533333	372.330444	491.201294
1467.600000	372.847168	493.088226
1467.666667	372.992737	493.814941
1467.733333	373.800140	493.450378
1467.800000	372.020691	494.191620
1467.866667	372.474579	494.134430
1467.933333	372.086945	494.166901
1468.000000	371.463165	494.092102
1468.066667	371.272156	494.299622
1468.133333	370.528748	493.697723
1468.200000	370.293823	493.638062
1468.266667	370.970703	492.982391
1468.333333	371.027344	491.446716
1468.400000	368.829010	490.285370
1468.466667	368.338837	489.952881
1468.533333	369.084869	489.686066
1468.600000	367.805756	489.231537
1468.666667	367.260773	488.528107
1468.733333	366.968964	487.312775
1468.800000	366.596100	487.427368
1468.866667	366.090057	486.333954
1468.933333	365.964294	486.393677
1469.000000	365.923889	486.073181
1469.066667	364.859161	486.315674
1469.133333	365.235016	486.117798
1469.200000	365.187897	485.766174
1469.266667	365.215118	487.301208
1469.333333	364.939606	488.485107
1469.400000	364.807709	489.029053
1469.466667	365.207428	490.090973
1469.533333	364.904022	490.949615
1469.600000	365.498779	490.355072
1469.666667	363.807892	491.296783
1469.733333	364.665680	492.273285
1469.800000	364.538605	493.345367
1469.866667	363.720795	493.927521
1469.933333	364.066895	494.502838
1470.000000	363.865997	494.912567
1470.066667	364.048157	494.896271
1470.133333	363.799622	494.688446
1470.200000	362.844940	494.365692
1470.266667	363.099854	493.386505
1470.333333	362.681244	493.778839
1470.400000	362.667389	493.391571
1470.466667	361.544708	491.865143
1470.533333	360.909821	490.910919
1470.600000	360.438141	490.304810
1470.666667	360.721405	490.305878
1470.733333	360.930542	488.386078
1470.800000	359.214478	487.469666
1470.866667	358.840454	487.135864
1470.933333	359.284698	486.458740
1471.000000	357.986908	486.783051
1471.066667	358.260620	486.211761
1471.133333	357.810730	486.523560
1471.200000	357.682648	486.671631
1471.266667	357.561951	486.778137
1471.333333	358.345734	487.311340
1471.400000	357.266876	488.160095
1471.466667	357.622192	488.014801
1471.533333	356.827911	489.236816
1471.600000	357.068634	490.025665
1471.666667	357.129669	491.112244
1471.733333	357.046509	492.297699
1471.800000	357.065948	493.321777
1471.866667	356.971832	493.533752
1471.933333	356.872009	492.728180
1472.000000	356.473480	494.081512
1472.066667	356.895233	494.305206
1472.133333	355.477936	494.697937
1472.200000	356.102264	494.887878
1472.266667	356.149139	494.290894
1472.333333	354.841156	493.856323
1472.400000	354.761169	493.768494
1472.466667	354.216309	493.004883
1472.533333	354.232574	492.187561
1472.600000	354.161530	491.749664
1472.666667	353.132874	490.670502
1472.733333	352.289124	489.410736
1472.800000	352.152466	488.539581
1472.866667	351.885864	487.711304
1472.933333	351.663483	487.279205
1473.000000	351.190704	487.105011
1473.066667	351.276825	486.622345
1473.133333	351.231628	485.828491
1473.200000	350.449158	486.475952
1473.266667	350.193970	485.710571
1473.333333	349.706329	485.927887
1473.400000	349.693695	487.255951
1473.466667	349.521912	487.658722
1473.533333	349.730347	488.508362
1473.600000	349.541992	489.522034
1473.666667	350.212311	490.234406
1473.733333	350.265625	490.620392
1473.800000	349.750549	490.906555
1473.866667	349.345154	491.844879
1473.933333	349.503510	493.084167
1474.000000	348.976807	493.093933
1474.066667	349.356689	493.901215
1474.133333	348.974579	494.092682
1474.200000	348.520844	494.120667
1474.266667	348.240021	494.840210
1474.333333	348.648224	494.205536
1474.400000	347.683167	493.609070
1474.466667	347.105255	492.936218
1474.533333	347.843506	492.787048
1474.600000	346.671814	492.354065
1474.666667	346.412811	491.607452
1474.733333	346.028381	490.525848
1474.800000	345.356873	489.961792
1474.866667	345.271240	489.285004
1474.933333	344.654358	488.969147
1475.000000	344.015076	487.395599
1475.066667	343.828186	486.906738
1475.133333	343.537689	486.664398
1475.200000	343.964600	486.700073
1475.266667	344.021240	486.142181
1475.333333	342.967590	486.872620
1475.400000	342.851166	486.307434
1475.466667	342.356293	486.573364
1475.533333	342.073059	486.783630
1475.600000	342.055328	487.218475
1475.666667	342.194214	488.879944
1475.733333	342.506226	488.142883
1475.800000	341.727692	490.165253
1475.866667	342.190704	491.651611
1475.933333	342.418091	492.880768
1476.000000	341.830261	493.044312
1476.066667	342.622406	493.100281
1476.133333	341.312622	493.049835
1476.200000	340.918365	493.723083
1476.266667	341.628876	494.420227
1476.333333	340.963043	493.301239
1476.400000	341.476196	493.937256
1476.466667	340.712036	494.674805
1476.533333	340.662750	494.360687
1476.600000	340.239319	494.112030
1476.666667	339.319305	492.577698
1476.733333	338.654724	492.266418
1476.800000	338.525909	491.151794
1476.866667	338.137543	490.338013
1476.933333	337.657349	489.421692
1477.000000	337.243134	488.164764
1477.066667	336.962128	486.749481
1477.133333	337.006714	486.099915
1477.200000	336.272186	485.755615
1477.266667	336.130280	485.403809
1477.333333	335.549866	485.618103
1477.400000	335.615479	485.516754
1477.466667	335.193939	486.020691
1477.533333	334.701813	486.406250
1477.600000	335.120880	486.154053
1477.666667	334.610535	487.916718
1477.733333	335.376221	488.990082
1477.800000	334.566162	489.320007
1477.866667	334.486877	489.102844
1477.933333	333.711060	490.788055
1478.000000	334.528046	491.566772
1478.066667	334.312775	492.602753
1478.133333	334.587830	492.482483
1478.200000	334.478210	493.801727
1478.266667	334.311768	494.267792
1478.333333	333.879700	493.826141
1478.400000	333.734894	494.843048
1478.466667	333.722260	494.840240
1478.533333	333.170929	494.833893
1478.600000	332.730560	494.100342
1478.666667	332.569031	493.820404
1478.733333	332.054047	492.306580
1478.800000	331.512512	491.994568
1478.866667	331.610992	492.060669
1478.933333	331.021423	490.726013
1479.000000	330.818756	489.808868
1479.066667	330.017578	488.795685
1479.133333	329.972260	488.324829
1479.200000	329.501953	487.670349
1479.266667	329.003662	487.152588
1479.333333	328.310547	486.179901
1479.400000	327.989105	485.942047
1479.466667	327.926575	486.269958
1479.533333	327.759338	486.122253
1479.600000	327.885071	486.142120
1479.666667	327.993011	486.619965
1479.733333	327.725586	487.360168
1479.800000	327.534607	488.071686
1479.866667	327.527588	488.829193
1479.933333	327.522797	490.124268
1480.000000	326.854736	490.276184
1480.066667	327.412292	491.608398
1480.133333	328.695892	491.110291
1480.200000	326.931702	493.266541
1480.266667	328.834503	492.873596
1480.333333	327.830536	493.348572
1480.400000	327.856720	493.512360
1480.466667	326.143036	494.227936
1480.533333	326.421082	495.263275
1480.600000	327.217621	494.046814
1480.666667	325.817169	493.797333
1480.733333	325.817169	493.797333
1480.800000	325.794861	493.395996
1480.866667	325.195892	493.203186
1480.933333	324.469025	491.114349
1481.000000	324.416718	490.535675
1481.066667	324.020447	489.060242
1481.133333	324.020447	489.060242
1481.200000	322.870575	488.721344
1481.266667	322.628815	488.415314
1481.333333	321.834991	487.263214
1481.400000	322.736237	486.253845
1481.466667	322.498352	486.638306
1481.533333	321.336273	486.750427
1481.600000	321.068573	486.371826
1481.666667	320.889404	486.721497
1481.733333	320.980957	486.798737
1481.800000	321.873260	486.928894
1481.866667	320.921021	488.846710
1481.933333	320.921021	488.846710
1482.000000	320.919586	489.262268
1482.066667	320.685944	490.441833
1482.133333	320.985657	490.964813
1482.200000	320.182465	491.666321
1482.266667	320.206604	492.834595
1482.333333	320.588074	493.571411
1482.400000	320.588074	493.571411
1482.466667	320.173492	494.469238
1482.533333	320.020905	495.613831
1482.600000	320.850861	495.155243
1482.666667	319.175812	494.628204
1482.733333	319.126892	494.706207
1482.800000	319.126892	494.706207
1482.866667	319.341461	494.393433
1482.933333	318.855011	493.881378
1483.000000	317.995270	492.859039
1483.066667	317.766815	492.137787
1483.133333	317.311249	489.812592
1483.200000	317.311249	489.812592
1483.266667	316.907043	488.406281
1483.333333	316.049500	488.639893
1483.400000	316.009094	487.722687
1483.466667	315.251862	487.917999
1483.533333	314.897247	486.819275
1483.600000	314.489410	487.134460
1483.666667	314.489410	487.134460
1483.733333	315.143524	487.038940
1483.800000	314.885254	487.264618
1483.866667	314.272491	486.547394
1483.933333	314.340668	487.923828
1484.000000	314.101349	489.459961
1484.066667	314.101349	489.459961
1484.133333	314.201447	490.302704
1484.200000	313.796539	490.762207
1484.266667	314.486755	493.369415
1484.333333	314.368134	493.630280
1484.400000	315.027374	493.621979
1484.466667	315.027374	493.621979
1484.533333	314.373169	495.018890
1484.600000	313.447601	494.564880
1484.666667	313.102783	495.650208
1484.733333	313.033875	495.160980
1484.800000	313.014893	494.688385
1484.866667	313.237762	493.893646
1484.933333	313.237762	493.893646
1485.000000	312.306061	493.284027
1485.066667	311.343994	492.701630
1485.133333	311.559662	491.448822
1485.200000	311.157654	491.374176
1485.266667	310.622650	490.197449
1485.333333	310.622650	490.197449
1485.400000	310.041382	489.781891
1485.466667	309.424255	488.603058
1485.533333	309.345825	487.149170
1485.600000	309.024353	486.773682
1485.666667	309.553894	486.152405
1485.733333	309.553894	486.152405
1485.800000	308.626892	486.333984
1485.866667	309.804169	485.884644
1485.933333	307.989044	487.664520
1486.000000	308.581055	488.186066
1486.066667	308.735901	488.850067
1486.133333	308.320862	490.628326
1486.200000	308.530823	490.821167
1486.266667	307.369598	490.792206
1486.333333	307.965149	493.100037
1486.400000	307.732452	493.928009
1486.466667	308.095245	494.664215
1486.533333	307.747589	495.491211
1486.600000	307.747589	495.491211
1486.666667	307.477875	495.542023
1486.733333	307.076965	495.854828
1486.800000	307.081268	495.141235
1486.866667	307.242889	495.427063
1486.933333	307.081207	494.636353
1487.000000	307.081207	494.636353
1487.066667	305.323944	492.838318
1487.133333	305.758118	493.495422
1487.200000	305.031311	492.426605
1487.266667	303.907623	490.803619
1487.333333	304.574585	491.060211
1487.400000	304.574585	491.060211
1487.466667	303.902130	489.661896
1487.533333	303.816895	488.104523
1487.600000	303.319763	487.824677
1487.666667	302.834747	487.280640
1487.733333	302.853851	487.259277
1487.800000	302.551178	487.397705
1487.866667	302.551178	487.397705
1487.933333	302.408600	487.724304
1488.000000	302.191589	488.447052
1488.066667	302.669983	488.325348
1488.133333	303.105225	488.959137
1488.200000	302.063110	490.777893
1488.266667	302.063110	490.777893
1488.333333	301.900360	492.075226
1488.400000	302.124390	492.926666
1488.466667	303.709381	491.773529
1488.533333	301.867035	493.832703
1488.600000	301.939453	495.355255
1488.666667	301.939453	495.355255
1488.733333	301.747131	495.785278
1488.800000	301.267548	495.728546
1488.866667	300.972473	495.849213
1488.933333	301.846985	495.704010
1489.000000	301.702728	495.297363
1489.066667	300.750519	494.833740
1489.133333	300.050720	494.224762
1489.200000	298.923950	492.662994
1489.266667	300.295013	492.379120
1489.333333	299.890717	491.844391
1489.400000	298.002075	490.680969
1489.466667	298.160645	490.808167
1489.533333	298.625610	489.476990
1489.600000	297.610901	489.525635
1489.666667	297.612518	488.616272
1489.733333	296.792908	487.832855
1489.800000	297.060577	487.432709
1489.866667	296.519501	487.360840
1489.933333	296.732758	487.160431
1490.000000	296.296478	487.655823
1490.066667	295.869141	488.014862
1490.133333	296.002991	488.340607
1490.200000	296.265167	489.176300
1490.266667	295.574005	488.839508
1490.333333	296.597565	490.662292
1490.400000	296.109009	491.096649
1490.466667	296.235748	491.521149
1490.533333	296.246277	492.996582
1490.600000	295.707428	493.623627
1490.666667	295.744446	495.063995
1490.733333	297.363007	495.174377
1490.800000	296.575165	494.010468
1490.866667	295.727844	496.045868
1490.933333	295.735748	496.600342
1491.000000	296.354065	495.854370
1491.066667	295.326599	496.083557
1491.133333	294.368164	495.054596
1491.200000	294.027313	494.907501
1491.266667	293.749298	493.451630
1491.333333	293.696198	492.789154
1491.400000	293.038788	491.356323
1491.466667	293.683136	491.159241
1491.533333	292.790192	490.293549
1491.600000	291.999146	489.897736
1491.666667	293.869080	488.556915
1491.733333	291.294037	488.946991
1491.800000	291.167297	488.119446
1491.866667	291.219849	488.284515
1491.933333	290.999023	487.917786
1492.000000	290.530487	487.460480
1492.066667	290.597656	487.561768
1492.133333	290.271484	488.312592
1492.200000	291.882721	487.761871
1492.266667	290.566101	488.415802
1492.333333	290.979553	489.648621
1492.400000	290.316620	489.783295
1492.466667	290.960083	491.536194
1492.533333	289.983124	492.006866
1492.600000	290.857819	492.512970
1492.666667	290.593872	493.899017
1492.733333	290.672974	494.591980
1492.800000	290.596771	495.602051
1492.866667	290.998505	495.193573
1492.933333	290.080597	495.760773
1493.000000	290.142456	496.904022
1493.066667	289.983185	496.788330
1493.133333	290.098663	496.625458
1493.200000	289.203430	496.135071
1493.266667	289.488708	494.975525
1493.333333	288.811768	495.152069
1493.400000	289.367004	493.019531
1493.466667	288.757629	492.495117
1493.533333	288.143951	492.110626
1493.600000	287.295288	491.431946
1493.666667	287.116272	490.634888
1493.733333	287.548431	489.267303
1493.800000	286.443909	488.507294
1493.866667	285.886536	487.886475
1493.933333	285.932556	487.773804
1494.000000	285.871155	487.083496
1494.066667	284.979980	487.065735
1494.133333	286.964630	485.701630
1494.200000	285.073273	488.226471
1494.266667	284.939758	488.980194
1494.333333	287.096344	488.142487
1494.400000	285.550049	490.020905
1494.466667	285.052979	491.404907
1494.533333	284.486206	490.202759
1494.600000	284.793091	492.652130
1494.666667	285.738800	492.852356
1494.733333	284.831146	493.889160
1494.800000	284.658295	494.525482
1494.866667	285.390198	494.897003
1494.933333	285.090942	496.247101
1495.000000	284.484528	496.738281
1495.066667	285.892700	495.595734
1495.133333	285.818542	495.621582
1495.200000	284.353851	497.275452
1495.266667	283.690979	496.261139
1495.333333	283.846008	495.799530
1495.400000	283.207153	495.015625
1495.466667	282.236481	494.119110
1495.533333	282.626648	492.413116
1495.600000	283.176331	493.189484
1495.666667	283.416412	491.500977
1495.733333	282.158295	490.612946
1495.800000	282.468506	489.927124
1495.866667	283.560608	488.911591
1495.933333	281.161072	489.028015
1496.000000	281.699768	487.910095
1496.066667	282.177460	487.325958
1496.133333	280.252533	488.502655
1496.200000	280.447021	488.304321
1496.266667	281.055664	488.407379
1496.333333	279.617828	488.110077
1496.400000	280.392273	489.244659
1496.466667	280.932281	489.151978
1496.533333	279.904724	491.173492
1496.600000	280.512054	491.604065
1496.666667	279.481293	492.073700
1496.733333	279.672211	491.980042
1496.800000	280.526215	493.547180
1496.866667	280.114136	494.243225
1496.933333	279.786896	496.153595
1497.000000	279.560333	496.294403
1497.066667	281.152985	496.237701
1497.133333	280.806641	496.752106
1497.200000	279.423035	497.646759
1497.266667	279.190277	497.437897
1497.333333	279.297302	497.487610
1497.400000	279.422821	496.234985
1497.466667	280.157349	495.322937
1497.533333	278.058136	494.684845
1497.600000	278.686890	493.882355
1497.666667	278.469452	493.521515
1497.733333	277.538849	493.042969
1497.800000	278.487000	490.934021
1497.866667	277.396393	490.626556
1497.933333	276.376373	490.405487
1498.000000	276.179047	489.323425
1498.066667	276.672485	488.985474
1498.133333	277.796356	488.240509
1498.200000	276.069946	488.024719
1498.266667	276.255585	487.135834
1498.333333	275.849304	488.026184
1498.400000	275.074280	488.569641
1498.466667	274.921387	489.243225
1498.533333	275.087433	490.319946
1498.600000	275.931152	489.733002
1498.666667	275.004242	490.691956
1498.733333	275.214203	492.473602
1498.800000	275.700470	492.516205
1498.866667	276.652130	493.786255
1498.933333	276.232361	494.492157
1499.000000	276.983704	494.750885
1499.066667	274.829742	495.418365
1499.133333	274.913788	496.829132
1499.200000	274.686615	496.852020
1499.266667	275.196045	496.713562
1499.333333	274.294403	497.074554
1499.400000	275.408783	496.490784
1499.466667	274.220825	497.111938
1499.533333	276.840546	494.873993
1499.600000	274.229950	495.843353
1499.666667	273.335052	495.067139
1499.733333	273.700928	494.218384
1499.800000	273.380493	492.875183
1499.866667	273.724365	491.436646
1499.933333	272.738220	491.767731
1500.000000	272.681854	490.545197
