180.066667	191.575302	-3.396974
180.133333	191.212524	-3.453725
180.200000	190.831528	-3.343388
180.266667	190.478760	-3.389616
180.333333	190.149933	-3.256192
180.400000	189.758911	-3.289669
180.466667	189.383072	-3.440060
180.533333	189.191772	-3.506807
180.600000	188.916534	-3.733228
180.666667	188.551880	-3.768572
180.733333	188.251617	-3.946042
180.800000	187.980347	-4.009630
180.866667	187.689270	-4.167446
180.933333	187.395966	-4.175944
181.000000	187.062820	-4.254910
181.066667	186.817261	-4.272773
181.133333	186.355881	-4.190470
181.200000	186.173935	-4.269263
181.266667	185.917480	-4.147618
181.333333	185.546143	-4.204487
181.400000	185.216461	-3.966341
181.466667	184.918243	-4.017885
181.533333	184.650787	-3.849938
181.600000	184.379013	-3.751450
181.666667	184.082565	-3.630793
181.733333	183.641937	-3.521389
181.800000	183.226273	-3.358854
181.866667	182.838303	-3.154756
181.933333	182.509995	-3.157573
182.000000	182.162750	-2.841257
182.066667	181.745056	-2.880067
182.133333	181.352341	-2.733843
182.200000	180.949173	-2.816868
182.266667	180.522247	-2.720268
182.333333	180.099472	-2.671293
182.400000	179.728851	-2.700974
182.466667	179.283188	-2.529500
182.533333	178.908096	-2.726135
182.600000	178.513992	-2.762640
182.666667	178.163788	-2.989260
182.733333	177.887787	-2.858974
182.800000	177.519012	-3.031525
182.866667	177.305115	-3.070476
182.933333	176.854355	-3.166077
183.000000	176.586334	-3.270635
183.066667	176.211487	-3.315487
183.133333	176.035919	-3.475592
183.200000	175.702560	-3.451504
183.266667	175.441803	-3.564830
183.333333	175.194214	-3.489157
183.400000	174.663528	-3.395591
183.466667	174.663528	-3.395591
183.533333	174.424072	-3.464256
183.600000	174.120010	-3.291916
183.666667	173.876617	-3.170164
183.733333	173.497635	-3.008341
183.800000	172.881760	-2.776777
183.866667	172.881760	-2.776777
183.933333	172.416702	-2.378295
184.000000	171.956589	-2.341715
184.066667	171.660370	-2.060411
184.133333	171.309937	-2.205246
184.200000	170.551086	-1.909319
184.266667	170.551086	-1.909319
184.333333	170.184784	-1.887961
184.400000	169.723038	-1.782863
184.466667	169.445526	-2.087436
184.533333	169.102585	-2.018173
184.600000	168.343201	-2.059895
184.666667	168.343201	-2.059895
184.733333	167.868240	-2.108012
184.800000	167.503143	-2.135025
184.866667	167.180222	-2.384852
184.933333	166.819153	-2.389049
185.000000	166.228302	-2.600549
185.066667	165.875168	-2.557195
185.133333	165.875168	-2.557195
185.200000	165.600266	-2.749248
185.266667	165.252197	-2.658907
185.333333	164.911148	-2.848678
185.400000	164.262726	-2.645481
185.466667	164.046127	-2.559925
185.533333	164.046127	-2.559925
185.600000	163.775040	-2.516241
185.666667	163.453781	-2.387610
185.733333	163.108002	-2.173756
185.800000	162.561203	-2.005655
185.866667	162.384155	-2.013030
185.933333	162.384155	-2.013030
186.000000	162.088333	-1.699236
186.066667	161.849838	-1.777386
186.133333	161.425125	-1.428654
186.200000	160.831329	-1.325898
186.266667	160.394470	-1.300058
186.333333	160.145142	-1.234770
186.400000	160.145142	-1.234770
186.466667	159.820572	-1.142395
186.533333	159.368378	-1.325413
186.600000	158.675079	-1.242912
186.666667	158.321106	-1.309077
186.733333	157.936081	-1.395086
186.800000	157.936081	-1.395086
186.866667	157.639389	-1.489494
186.933333	157.133224	-1.574988
187.000000	156.339417	-1.701997
187.066667	156.013199	-1.868400
187.133333	155.641068	-1.808846
187.200000	155.641068	-1.808846
187.266667	155.300308	-1.829223
187.333333	154.968323	-1.882690
187.400000	154.367462	-1.961449
187.466667	154.015549	-1.980991
187.533333	153.702423	-1.911955
187.600000	153.429688	-1.804411
187.666667	153.429688	-1.804411
187.733333	153.144257	-1.845148
187.800000	152.650864	-1.800664
187.866667	152.316025	-1.500766
187.933333	152.096588	-1.391132
188.000000	151.707199	-1.148825
188.066667	151.707199	-1.148825
188.133333	151.490326	-1.122452
188.200000	150.911209	-0.925495
188.266667	150.625534	-0.829090
188.333333	150.200546	-0.736882
188.400000	149.977814	-0.746475
188.466667	149.977814	-0.746475
188.533333	149.594528	-0.594872
188.600000	149.002045	-0.673212
188.666667	148.679382	-0.718456
188.733333	148.351425	-0.808281
188.800000	148.027069	-0.846674
188.866667	148.027069	-0.846674
188.933333	147.689102	-1.056227
189.000000	146.926285	-1.248775
189.066667	146.576950	-1.154818
189.133333	146.269867	-1.413373
189.200000	145.900085	-1.340245
189.266667	145.569656	-1.415490
189.333333	145.569656	-1.415490
189.400000	144.786469	-1.402944
189.466667	144.398849	-1.489057
189.533333	144.116592	-1.374099
189.600000	143.674957	-1.474882
189.666667	143.444839	-1.329560
189.733333	143.444839	-1.329560
189.800000	142.679428	-1.123693
189.866667	142.398315	-1.138047
189.933333	141.979706	-0.874184
190.000000	141.729965	-0.902495
190.066667	141.489273	-0.847803
190.133333	141.489273	-0.847803
190.200000	140.987518	-0.531017
190.266667	140.764755	-0.280104
190.333333	140.548401	-0.298408
190.400000	140.287476	-0.096740
190.466667	139.956894	-0.130691
190.533333	139.774353	-0.067746
190.600000	139.463882	-0.234959
190.666667	139.210754	-0.173748
190.733333	138.964798	-0.124215
190.800000	138.649353	-0.289842
190.866667	138.382431	-0.345009
190.933333	138.016556	-0.430425
191.000000	137.717743	-0.435568
191.066667	137.352570	-0.510595
191.133333	137.030304	-0.671854
191.200000	136.585846	-0.710540
191.266667	136.230057	-0.771936
191.333333	135.956955	-0.867944
191.400000	135.586273	-0.997007
191.466667	135.121017	-0.979392
191.533333	134.860794	-1.054694
191.600000	134.454529	-1.001689
191.666667	134.115219	-1.047701
191.733333	133.928436	-0.967780
191.800000	133.556793	-0.867077
191.866667	133.211868	-0.790707
191.933333	132.873474	-0.601298
192.000000	132.586716	-0.496052
192.066667	132.182220	-0.399331
192.133333	131.974457	-0.286969
192.200000	131.623230	-0.080052
192.266667	131.281311	0.055934
192.333333	131.030121	0.184415
192.400000	130.725372	0.170536
192.466667	130.514969	0.248830
192.533333	130.290298	0.318267
192.600000	129.972198	0.352877
192.666667	129.739136	0.470834
192.733333	129.445511	0.453027
192.800000	129.173386	0.549682
192.866667	128.908966	0.273611
192.933333	128.688187	0.340468
193.000000	128.382538	0.100112
193.066667	128.234741	0.026451
193.133333	127.934258	-0.177335
193.200000	127.676025	-0.283987
193.266667	127.434746	-0.389939
193.333333	127.128036	-0.495140
193.400000	126.868401	-0.534611
193.466667	126.485558	-0.643724
193.533333	126.179581	-0.497334
193.600000	125.703705	-0.493624
193.666667	125.433578	-0.437132
193.733333	125.103790	-0.533247
193.800000	124.724983	-0.572654
193.866667	124.286324	-0.545907
193.933333	123.924149	-0.257011
194.000000	123.567390	-0.183967
194.066667	123.288429	-0.098545
194.133333	122.964378	-0.005034
194.200000	122.622437	0.076454
194.266667	122.255501	0.261320
194.333333	121.856331	0.361686
194.400000	121.675117	0.506646
194.466667	121.371063	0.711091
194.533333	121.164322	0.797343
194.600000	120.945992	0.866950
194.666667	120.592224	0.786747
194.733333	120.362831	0.953374
194.800000	120.204590	0.874231
194.866667	120.006851	0.791931
194.933333	119.754639	0.825279
195.000000	119.493904	0.642096
195.066667	119.209831	0.520331
195.133333	119.024590	0.441491
195.200000	118.890663	0.334047
195.266667	118.654587	0.235779
195.333333	118.339317	0.315649
195.400000	118.066849	0.059840
195.466667	117.739548	0.049257
195.533333	117.435951	-0.056338
195.600000	117.073265	-0.147287
195.666667	116.809891	-0.018679
195.733333	116.495682	-0.040027
195.800000	116.126480	-0.044041
195.866667	115.862328	-0.070025
195.933333	115.543381	0.098421
196.000000	115.232956	-0.003609
196.066667	114.819237	0.197993
196.133333	114.525703	0.265110
196.200000	114.118423	0.425031
196.266667	113.812866	0.592370
196.333333	113.444199	0.657742
196.400000	113.128151	0.853093
196.466667	112.732117	0.873866
196.533333	112.466354	1.057102
196.600000	112.266792	1.050646
196.666667	112.012878	1.264494
196.733333	111.682510	1.165522
196.800000	111.417656	1.294420
196.866667	111.170029	1.302677
196.933333	110.946617	1.194471
197.000000	110.733688	1.231034
197.066667	110.372414	1.160324
197.133333	110.236282	1.028906
197.200000	109.986389	0.877622
197.266667	109.703346	0.855894
197.333333	109.540031	0.759864
197.400000	109.355820	0.658660
197.466667	109.173622	0.488175
197.533333	108.922729	0.380635
197.600000	108.783997	0.230859
197.666667	108.473869	0.123086
197.733333	108.284325	0.133361
197.800000	108.084251	-0.017556
197.866667	107.812790	0.107368
197.933333	107.477356	0.084024
198.000000	107.137154	0.184617
198.066667	106.788490	0.222264
198.133333	106.466522	0.304846
198.200000	106.071815	0.475189
198.266667	105.801735	0.501826
198.333333	105.364471	0.709662
198.400000	105.049042	0.870672
198.466667	104.791252	1.053785
198.533333	104.410530	1.263926
198.600000	104.073921	1.376291
198.666667	103.763023	1.542528
198.733333	103.459862	1.565893
198.800000	103.136765	1.553450
198.866667	102.893394	1.575723
198.933333	102.692810	1.634290
199.000000	102.400108	1.522744
199.066667	102.161507	1.530210
199.133333	101.910522	1.421435
199.200000	101.676720	1.463716
199.266667	101.508537	1.261250
199.333333	101.308060	1.210611
199.400000	101.092972	0.980678
199.466667	100.868988	0.968344
199.533333	100.693710	0.799238
199.600000	100.465874	0.730578
199.666667	100.278099	0.672267
199.733333	100.117065	0.537561
199.800000	99.863457	0.509561
199.866667	99.609451	0.349943
199.933333	99.386032	0.401644
200.000000	99.238174	0.345618
200.066667	98.880974	0.457095
200.133333	98.669014	0.506022
200.200000	98.389656	0.608996
200.266667	98.097626	0.738084
200.333333	97.744469	0.885599
200.400000	97.537407	1.083361
200.466667	97.285065	1.053254
200.533333	96.932350	1.246342
200.600000	96.540558	1.445451
200.666667	96.240219	1.609905
200.733333	95.920746	1.720507
200.800000	95.645027	1.733928
200.866667	95.316856	1.827159
200.933333	95.011574	1.837697
201.000000	94.815666	2.033383
201.066667	94.462151	1.937345
201.133333	94.160530	1.943443
201.200000	93.917160	1.905256
201.266667	93.680229	1.911398
201.333333	93.413567	1.727953
201.400000	93.117622	1.672552
201.466667	92.897041	1.527441
201.533333	92.664619	1.391838
201.600000	92.472763	1.266574
201.666667	92.350662	1.063069
201.733333	92.174278	0.934054
201.800000	91.952583	0.872376
201.866667	91.833679	0.765504
201.933333	91.636978	0.610210
202.000000	91.469940	0.627940
202.066667	91.227608	0.647690
202.133333	90.950203	0.716095
202.200000	90.842247	0.844860
202.266667	90.671127	0.849662
202.333333	90.459587	0.955764
202.400000	90.123444	0.940215
202.466667	89.888855	1.126736
202.533333	89.602890	1.170724
202.600000	89.337471	1.383418
202.666667	89.027443	1.614695
202.733333	88.725952	1.753019
202.800000	88.492638	1.924757
202.866667	88.108337	1.915451
202.933333	87.844131	1.949301
203.000000	87.561707	2.092051
203.066667	87.215958	2.261296
203.133333	86.972420	2.249037
203.200000	86.649216	2.297138
203.266667	86.430443	2.181641
203.333333	86.134872	2.129018
203.400000	85.906494	2.114654
203.466667	85.727058	1.929771
203.533333	85.412422	1.923448
203.600000	85.184036	1.831943
203.666667	84.985123	1.714538
203.733333	84.735725	1.488954
203.800000	84.499672	1.422670
203.866667	84.360260	1.369668
203.933333	84.205666	1.266513
204.000000	83.970863	1.137719
204.066667	83.760330	1.107386
204.133333	83.495422	1.133853
204.200000	83.299355	1.006713
204.266667	83.167603	1.099216
204.333333	82.955536	1.058693
204.400000	82.844093	1.150173
204.466667	82.689842	1.195374
204.533333	82.402489	1.280277
204.600000	82.277847	1.421057
204.666667	81.998199	1.640590
204.733333	81.789421	1.841408
204.800000	81.506752	1.945928
204.866667	81.332184	2.006284
204.933333	81.129684	2.054332
205.000000	80.827637	2.213122
205.066667	80.540718	2.297214
205.133333	80.192291	2.468123
205.200000	79.908684	2.476822
205.266667	79.647331	2.482527
205.333333	79.361626	2.458560
205.400000	79.122993	2.428595
205.466667	78.809731	2.345044
205.533333	78.522461	2.188336
205.600000	78.256866	2.117826
205.666667	77.955139	1.935562
205.733333	77.703720	1.806997
205.800000	77.476761	1.866731
205.866667	77.232094	1.678684
205.933333	77.010918	1.561803
206.000000	76.861732	1.538984
206.066667	76.578621	1.379194
206.133333	76.384682	1.302323
206.200000	76.214172	1.292771
206.266667	76.093971	1.297936
206.333333	75.963570	1.269126
206.400000	75.785301	1.362283
206.466667	75.650017	1.342560
206.533333	75.476074	1.353586
206.600000	75.330017	1.468489
206.666667	75.083183	1.657693
206.733333	74.938683	1.819741
206.800000	74.695770	1.978447
206.866667	74.478378	2.046701
206.933333	74.248917	2.119042
207.000000	74.037354	2.260434
207.066667	73.796349	2.275036
207.133333	73.494629	2.380167
207.200000	73.286980	2.479687
207.266667	73.072464	2.511298
207.333333	72.726654	2.494027
207.400000	72.470680	2.556565
207.466667	72.245544	2.460899
207.533333	72.133934	2.399183
207.600000	71.784363	2.339056
207.666667	71.422211	2.183725
207.733333	71.233925	2.121153
207.800000	71.025627	1.930255
207.866667	70.744972	1.864846
207.933333	70.505852	1.697414
208.000000	70.261726	1.550612
208.066667	69.939590	1.426327
208.133333	69.737900	1.430690
208.200000	69.517220	1.440284
208.266667	69.286812	1.370250
208.333333	69.083817	1.319705
208.400000	68.902054	1.290029
208.466667	68.684418	1.381791
208.533333	68.397049	1.389539
208.600000	68.222282	1.431142
208.666667	68.079094	1.454991
208.733333	67.999725	1.573082
208.800000	67.829292	1.626214
208.866667	67.684700	1.709612
208.933333	67.502151	1.770381
209.000000	67.360130	1.890185
209.066667	67.195854	2.082715
209.133333	67.022453	2.211949
209.200000	66.855270	2.301517
209.266667	66.695358	2.322570
209.333333	66.469978	2.417435
209.400000	66.180748	2.360857
209.466667	66.027611	2.384814
209.533333	65.795929	2.385730
209.600000	65.564751	2.256456
209.666667	65.352165	2.239171
209.733333	64.943275	2.105778
209.800000	64.702011	2.021785
209.866667	64.434319	1.921872
209.933333	64.142601	1.888596
210.000000	63.875034	1.847012
210.066667	63.606651	1.720124
210.133333	63.392551	1.664279
210.200000	63.148808	1.498600
210.266667	62.854286	1.413502
210.333333	62.743813	1.423340
210.400000	62.618919	1.419035
210.466667	62.398399	1.370286
210.533333	62.139168	1.447711
210.600000	61.934917	1.445930
210.666667	61.778107	1.577442
210.733333	61.631397	1.650216
210.800000	61.460304	1.711355
210.866667	61.328217	1.851379
210.933333	61.193596	1.951774
211.000000	61.052052	2.133814
211.066667	60.845657	2.197845
211.133333	60.704060	2.352501
211.200000	60.513474	2.420762
211.266667	60.401344	2.388986
211.333333	60.149403	2.614647
211.400000	60.046139	2.704054
211.466667	59.853554	2.797460
211.533333	59.720688	2.758526
211.600000	59.542461	2.770391
211.666667	59.395210	2.648804
211.733333	59.166851	2.534237
211.800000	59.052155	2.480891
211.866667	58.866665	2.420740
211.933333	58.583420	2.240945
212.000000	58.375790	2.058584
212.066667	58.190598	1.944017
212.133333	57.915051	1.873916
212.200000	57.604416	1.680554
212.266667	57.385464	1.705625
212.333333	57.154209	1.735684
212.400000	56.875950	1.581698
212.466667	56.625763	1.673188
212.533333	56.307629	1.563622
212.600000	56.117661	1.698679
212.666667	56.023029	1.757298
212.733333	55.739857	1.792621
212.800000	55.574577	1.878577
212.866667	55.352184	1.939803
212.933333	55.125385	2.070535
213.000000	54.931526	2.243056
213.066667	54.808937	2.458489
213.133333	54.698257	2.474492
213.200000	54.580547	2.487453
213.266667	54.431248	2.635122
213.333333	54.242413	2.746279
213.400000	54.141380	2.900370
213.466667	54.067707	2.971838
213.533333	53.937809	3.013169
213.600000	53.811539	2.986739
213.666667	53.655514	3.065565
213.733333	53.467793	3.014690
213.800000	53.358501	3.016199
213.866667	53.163898	2.859032
213.933333	53.017960	2.780468
214.000000	52.833981	2.694683
214.066667	52.605583	2.544284
214.133333	52.419827	2.420765
214.200000	52.198792	2.256725
214.266667	51.869148	2.187788
214.333333	51.748928	2.129909
214.400000	51.531673	2.057250
214.466667	51.300285	2.002542
214.533333	51.091076	1.835799
214.600000	50.872459	1.758900
214.666667	50.637245	1.819285
214.733333	50.468616	1.863688
214.800000	50.162731	1.802175
214.866667	49.982643	1.967339
214.933333	49.786850	2.153929
215.000000	49.615768	2.292317
215.066667	49.424141	2.388507
215.133333	49.159275	2.579444
215.200000	48.987030	2.649952
215.266667	48.879704	2.699244
215.333333	48.593742	2.799460
215.400000	48.330788	2.880041
215.466667	48.210354	3.023736
215.533333	48.093403	3.010686
215.600000	48.023148	3.186039
215.666667	47.807163	3.044753
215.733333	47.745750	3.092875
215.800000	47.627090	3.047941
215.866667	47.508869	3.003307
215.933333	47.410908	2.915961
216.000000	47.337418	2.857570
216.066667	47.235821	2.806140
216.133333	47.084160	2.708887
216.200000	46.978561	2.671067
216.266667	46.784348	2.443643
216.333333	46.612919	2.388139
216.400000	46.445194	2.158490
216.466667	46.215130	2.068293
216.533333	46.076675	2.005999
216.600000	45.847755	1.957779
216.666667	45.650166	2.143174
216.733333	45.424854	2.021122
216.800000	45.255203	2.087089
216.866667	44.990631	2.077967
216.933333	44.646507	2.224721
217.000000	44.516659	2.288226
217.066667	44.288166	2.292530
217.133333	44.032078	2.471311
217.200000	43.839622	2.620430
217.266667	43.600624	2.867495
217.333333	43.315090	3.030981
217.400000	43.145260	3.192492
217.466667	42.992908	3.258248
217.533333	42.865089	3.327584
217.600000	42.723774	3.383745
217.666667	42.602924	3.435169
217.733333	42.510029	3.419922
217.800000	42.424980	3.437937
217.866667	42.305611	3.418562
217.933333	42.247593	3.341419
218.000000	42.154045	3.222526
218.066667	42.049904	3.080288
218.133333	41.916161	2.983272
218.200000	41.754406	2.689598
218.266667	41.654251	2.819744
218.333333	41.529251	2.627757
218.400000	41.440132	2.486303
218.466667	41.325947	2.396144
218.533333	41.127193	2.156027
218.600000	40.860592	2.110742
218.666667	40.860592	2.110742
218.733333	40.687244	1.995751
218.800000	40.422375	2.002316
218.866667	40.200661	2.135059
218.933333	39.995552	2.095558
219.000000	39.646606	2.259413
219.066667	39.646606	2.259413
219.133333	39.523296	2.322390
219.200000	39.283791	2.450651
219.266667	38.990116	2.630430
219.333333	38.827255	2.711768
219.400000	38.465446	3.066721
219.466667	38.465446	3.066721
219.533333	38.197594	3.064307
219.600000	38.005566	3.203500
219.666667	37.876369	3.286566
219.733333	37.728012	3.388573
219.800000	37.436813	3.424432
219.866667	37.289783	3.425550
219.933333	37.289783	3.425550
220.000000	37.052464	3.298541
220.066667	36.943153	3.319399
220.133333	36.761620	3.224212
220.200000	36.618938	3.091128
220.266667	36.588089	2.940963
220.333333	36.588089	2.940963
220.400000	36.560715	2.849105
220.466667	36.470406	2.560998
220.533333	36.411968	2.628050
220.600000	36.210464	2.365591
220.666667	36.077858	2.163605
220.733333	36.077858	2.163605
220.800000	35.972916	2.232847
220.866667	35.897602	2.114616
220.933333	35.717358	2.207099
221.000000	35.221191	2.206395
221.066667	35.038456	2.314487
221.133333	35.038456	2.314487
221.200000	34.804630	2.310244
221.266667	34.636772	2.597010
221.333333	34.492039	2.645906
221.400000	34.048157	2.912738
221.466667	33.768795	3.104827
221.533333	33.568794	3.209287
221.600000	33.568794	3.209287
221.666667	33.351032	3.256690
221.733333	33.192310	3.320976
221.800000	32.957077	3.380955
221.866667	32.814167	3.376074
221.933333	32.595917	3.468576
222.000000	32.595917	3.468576
222.066667	32.435982	3.388851
222.133333	32.330154	3.391435
222.200000	32.153366	3.184087
222.266667	32.039387	3.269452
222.333333	31.918026	3.125997
222.400000	31.918026	3.125997
222.466667	31.797176	3.007984
222.533333	31.724110	2.876504
222.600000	31.556353	2.508577
222.666667	31.498177	2.444846
222.733333	31.304958	2.314286
222.800000	31.217590	2.335177
222.866667	31.217590	2.335177
222.933333	31.084949	2.169106
223.000000	30.897072	2.233130
223.066667	30.815535	2.214334
223.133333	30.719660	2.344474
223.200000	30.519688	2.428626
223.266667	30.519688	2.428626
223.333333	30.309336	2.502881
223.400000	30.131468	2.808683
223.466667	30.000519	2.892895
223.533333	29.794058	3.098309
223.600000	29.618542	3.130263
223.666667	29.618542	3.130263
223.733333	29.316671	3.243112
223.800000	28.858717	3.546321
223.866667	28.644415	3.516469
223.933333	28.433668	3.370403
224.000000	28.352488	3.655735
224.066667	28.352488	3.655735
224.133333	28.103710	3.471803
224.200000	27.818556	3.463440
224.266667	27.711809	3.643780
224.333333	27.689140	3.107139
224.400000	27.626324	3.570439
224.466667	27.569700	3.125219
224.533333	27.569700	3.125219
224.600000	27.448547	2.971726
224.666667	27.257698	2.585175
224.733333	27.231993	2.729566
224.800000	27.150328	2.472570
224.866667	27.118454	2.485166
224.933333	27.118454	2.485166
225.000000	26.991167	2.440899
225.066667	26.807995	2.082298
225.133333	26.685028	2.224344
225.200000	26.554392	2.312936
225.266667	26.329714	2.136667
225.333333	26.329714	2.136667
225.400000	26.055622	2.372040
225.466667	25.904215	2.691445
225.533333	25.720896	2.424421
225.600000	25.665016	3.077702
225.666667	25.479059	2.804405
225.733333	25.453405	3.067960
225.800000	25.103848	3.113197
225.866667	24.969255	3.152901
225.933333	24.874474	3.420197
226.000000	24.739021	3.409280
226.066667	24.661818	3.627060
226.133333	24.501505	3.379918
226.200000	24.481226	3.815577
226.266667	24.223186	3.300745
226.333333	24.145176	3.554101
226.400000	23.963964	3.416500
226.466667	23.811037	3.305873
226.533333	23.606730	3.308598
226.600000	23.606730	3.308598
226.666667	23.344801	3.114263
226.733333	23.131084	2.795855
226.800000	23.134865	2.995240
226.866667	22.983940	2.550858
226.933333	22.901054	2.712330
227.000000	22.735138	2.472775
227.066667	22.661533	2.369364
227.133333	22.527430	2.387062
227.200000	22.485649	2.257421
227.266667	22.425949	2.347611
227.333333	22.410074	2.199656
227.400000	22.447926	2.475435
227.466667	22.310099	2.208928
227.533333	22.334190	2.505293
227.600000	22.240561	2.435100
227.666667	22.144728	2.583964
227.733333	22.075771	2.701349
227.800000	21.937475	2.737928
227.866667	21.812841	2.989807
227.933333	21.700172	2.901155
228.000000	21.488300	3.511784
228.066667	21.311626	3.119508
228.133333	21.114189	3.689916
228.200000	20.877441	3.383446
228.266667	20.687454	3.558096
228.333333	20.496122	3.529211
228.400000	20.326048	3.511237
228.466667	20.205454	3.512170
228.533333	20.067909	3.275825
228.600000	19.908150	3.490816
228.666667	19.749491	3.010643
228.733333	19.709230	3.262031
228.800000	19.610180	2.843613
228.866667	19.591568	2.891203
228.933333	19.511267	2.632728
229.000000	19.459530	2.572906
229.066667	19.353474	2.448862
229.133333	19.260990	2.347163
229.200000	19.229376	2.470599
229.266667	19.062614	2.147341
229.333333	19.063179	2.462876
229.400000	18.894770	2.120852
229.466667	18.923584	2.409042
229.533333	18.798195	2.302495
229.600000	18.685074	2.484937
229.666667	18.537987	2.567427
229.733333	18.306147	2.650421
229.800000	18.281338	2.939999
229.866667	18.128496	2.778885
229.933333	18.146273	3.279029
230.000000	18.045160	3.064508
230.066667	17.970871	3.414548
230.133333	17.918543	3.339287
230.200000	17.818291	3.464459
230.266667	17.687334	3.428531
230.333333	17.612789	3.449371
230.400000	17.542906	3.567425
230.466667	17.503637	3.335910
230.533333	17.404581	3.589074
230.600000	17.258770	3.269491
230.666667	17.097025	3.458127
230.733333	16.951649	3.172428
230.800000	16.788027	3.189680
230.866667	16.661488	2.919603
230.933333	16.551788	2.820335
231.000000	16.366224	2.796810
231.066667	16.147732	2.463355
231.133333	16.016373	2.802491
231.200000	15.883351	2.271824
231.266667	15.805021	2.604886
231.333333	15.642652	2.255562
231.400000	15.577833	2.440119
231.466667	15.470707	2.317856
231.533333	15.467649	2.429878
231.600000	15.434199	2.477957
231.666667	15.381063	2.360158
231.733333	15.381068	2.679743
231.800000	15.354478	2.470261
231.866667	15.373886	2.815058
231.933333	15.328263	2.716837
232.000000	15.316925	2.950740
232.066667	15.250116	2.891332
232.133333	15.190416	3.110805
232.200000	15.122180	3.169963
232.266667	15.000972	3.237240
232.333333	14.806477	3.427079
232.400000	14.664351	3.220575
232.466667	14.574731	3.484112
232.533333	14.377592	3.257915
232.600000	14.315821	3.447484
232.666667	14.090285	3.208403
232.733333	13.997264	3.299165
232.800000	13.824933	3.155608
232.866667	13.694642	3.008893
232.933333	13.621084	3.051759
233.000000	13.441735	2.733464
233.066667	13.409109	2.846992
233.133333	13.240354	2.500446
233.200000	13.207010	2.700089
233.266667	13.128026	2.300849
233.333333	13.103247	2.376587
233.400000	13.067930	2.187324
233.466667	13.057570	2.218923
233.533333	12.988764	2.302355
233.600000	12.924356	2.196212
233.666667	12.771030	2.458085
233.733333	12.615501	2.259310
233.800000	12.553552	2.541802
233.866667	12.437391	2.408755
233.933333	12.321531	2.726180
234.000000	12.228467	2.649977
234.066667	12.169103	2.805746
234.133333	12.063603	2.954883
234.200000	11.946018	2.885798
234.266667	11.953446	3.220352
234.333333	11.815321	3.013583
234.400000	11.867209	3.401414
234.466667	11.862539	3.114870
234.533333	11.872882	3.424614
234.600000	11.806880	3.200571
234.666667	11.749490	3.326220
234.733333	11.670022	3.215071
234.800000	11.682589	3.133712
234.866667	11.675343	3.211223
234.933333	11.605042	2.878696
235.000000	11.535277	2.945158
235.066667	11.392511	2.605710
235.133333	11.341247	2.709355
235.200000	11.148648	2.401894
235.266667	10.983937	2.432319
235.333333	10.769829	2.287436
235.400000	10.632545	2.183449
235.466667	10.452208	2.339375
235.533333	10.286663	2.140939
235.600000	10.192342	2.301315
235.666667	10.102312	2.074059
235.733333	10.059145	2.444510
235.800000	10.003069	2.171690
235.866667	9.927558	2.485564
235.933333	9.917603	2.432565
236.000000	9.853560	2.566361
236.066667	9.783157	2.747655
236.133333	9.783014	2.688760
236.200000	9.753369	2.993306
236.266667	9.678260	2.850050
236.333333	9.665211	3.217525
236.400000	9.522780	3.008628
236.466667	9.627377	3.327660
236.533333	9.498453	3.120134
236.600000	9.472240	3.263005
236.666667	9.377128	3.300250
236.733333	9.321633	3.218311
236.800000	9.224146	3.300394
236.866667	9.097385	3.023724
236.933333	9.016766	3.183334
237.000000	8.999632	2.884604
237.066667	8.891629	3.050612
237.133333	8.894696	2.697166
237.200000	8.857422	2.784002
237.266667	8.706062	2.631413
237.333333	8.661607	2.393834
237.400000	8.615420	2.525969
237.466667	8.487982	2.132879
237.533333	8.456882	2.332303
237.600000	8.412181	1.876433
237.666667	8.368764	2.190037
237.733333	8.222635	1.947195
237.800000	8.187784	2.119502
237.866667	8.088818	2.013133
237.933333	8.037079	1.999715
238.000000	7.974979	2.278653
238.066667	7.907469	2.209488
238.133333	7.807882	2.581450
238.200000	7.682791	2.369256
238.266667	7.536570	2.888113
238.333333	7.315034	2.772933
238.400000	7.217041	3.114360
238.466667	7.112130	3.120751
238.533333	7.048041	3.187621
238.600000	6.972593	3.386620
238.666667	6.962821	3.248852
238.733333	6.958443	3.519794
238.800000	6.993969	3.145376
238.866667	6.955768	3.487949
238.933333	7.005606	3.089462
239.000000	6.966600	3.188300
239.066667	7.062951	2.937272
239.133333	7.068540	2.872304
239.200000	7.070945	2.809954
239.266667	7.034659	2.575824
239.333333	7.047486	2.661882
239.400000	7.012906	2.284446
239.466667	6.947340	2.467539
239.533333	6.882854	2.000853
239.600000	6.745847	2.234890
239.666667	6.619414	1.921575
239.733333	6.496075	2.057338
239.800000	6.421805	2.033144
239.866667	6.299541	1.999281
239.933333	6.208503	2.201909
240.000000	6.025572	2.056279
