420.066667	-202.455261	135.666214
420.133333	-202.453094	135.709778
420.200000	-202.438583	135.697754
420.266667	-202.627335	135.637192
420.333333	-202.650482	135.804077
420.400000	-202.774429	135.819839
420.466667	-202.830368	135.759949
420.533333	-203.032578	135.790482
420.600000	-203.138855	135.652603
420.666667	-203.206284	135.636780
420.733333	-203.271072	135.709595
420.800000	-203.330017	135.689850
420.866667	-203.371017	135.471420
420.933333	-203.506958	135.606384
421.000000	-203.612854	135.635132
421.066667	-203.720306	135.542816
421.133333	-203.844391	135.367584
421.200000	-203.795609	135.435989
421.266667	-203.880692	135.521957
421.333333	-203.960022	135.508850
421.400000	-204.080658	135.298019
421.466667	-204.215408	135.297897
421.533333	-204.392838	135.245346
421.600000	-204.393005	135.398590
421.666667	-204.454208	135.334839
421.733333	-204.543732	135.348999
421.800000	-204.644958	135.438889
421.866667	-204.687439	135.404251
421.933333	-204.885086	135.455399
422.000000	-204.912964	135.424545
422.066667	-205.082672	135.375519
422.133333	-205.157166	135.404266
422.200000	-205.282242	135.509674
422.266667	-205.331131	135.432343
422.333333	-205.460922	135.488678
422.400000	-205.473785	135.508728
422.466667	-205.687515	135.564560
422.533333	-205.808502	135.525131
422.600000	-205.893616	135.619461
422.666667	-205.928818	135.510361
422.733333	-205.992111	135.452332
422.800000	-206.161301	135.418488
422.866667	-205.556763	135.283478
422.933333	-206.342270	135.447327
423.000000	-206.367645	135.443634
423.066667	-206.444443	135.371582
423.133333	-206.498016	135.449707
423.200000	-206.570374	135.294281
423.266667	-206.612427	135.352798
423.333333	-206.733475	135.293915
423.400000	-206.927185	135.183105
423.466667	-207.031158	135.204498
423.533333	-207.086578	135.194244
423.600000	-207.099594	135.212448
423.666667	-207.167007	135.128586
423.733333	-207.262802	135.199936
423.800000	-207.389175	135.189377
423.866667	-207.448395	135.164215
423.933333	-207.642654	135.188736
424.000000	-207.704514	135.229507
424.066667	-207.806290	135.231613
424.133333	-207.816025	135.334290
424.200000	-208.061279	135.238892
424.266667	-208.092316	135.241257
424.333333	-208.245758	135.305435
424.400000	-208.332169	135.275650
424.466667	-208.348251	135.375031
424.533333	-208.535767	135.382660
424.600000	-208.537170	135.444748
424.666667	-208.697464	135.309784
424.733333	-208.712357	135.373383
424.800000	-208.841080	135.362808
424.866667	-209.061050	135.245453
424.933333	-209.077805	135.370789
425.000000	-209.106323	135.320648
425.066667	-209.231857	135.253571
425.133333	-209.269882	135.268921
425.200000	-209.295944	135.324554
425.266667	-209.444138	135.219604
425.333333	-209.617920	135.131012
425.400000	-209.694580	135.024307
425.466667	-209.652435	135.167786
425.533333	-209.848373	135.080765
425.600000	-209.866852	135.094421
425.666667	-209.977112	135.068375
425.733333	-210.008911	135.016312
425.800000	-210.063202	135.103165
425.866667	-210.307205	135.002258
425.933333	-210.346848	134.921753
426.000000	-210.409531	135.018616
426.066667	-210.520798	134.995605
426.133333	-210.579529	135.130859
426.200000	-210.687256	135.100174
426.266667	-210.945679	135.022156
426.333333	-210.947510	135.111465
426.400000	-211.026566	135.047882
426.466667	-211.064697	135.181183
426.533333	-211.160934	135.150116
426.600000	-211.355789	135.061218
426.666667	-211.396332	135.201523
426.733333	-211.554779	135.159988
426.800000	-211.690063	135.100189
426.866667	-211.715836	135.084671
426.933333	-211.788544	135.185196
427.000000	-211.954132	135.058472
427.066667	-211.949020	135.153183
427.133333	-212.031387	135.095184
427.200000	-212.092911	135.095459
427.266667	-212.170059	135.049454
427.333333	-212.287857	135.103760
427.400000	-212.347382	135.006531
427.466667	-212.421631	134.936127
427.533333	-212.539719	134.761124
427.600000	-212.490738	134.912231
427.666667	-212.706039	134.915451
427.733333	-212.877045	134.688843
427.800000	-212.883011	134.739639
427.866667	-212.954330	134.670654
427.933333	-213.073929	134.806519
428.000000	-213.096237	134.786530
428.066667	-213.224548	134.792984
428.133333	-213.420273	134.720184
428.200000	-213.433258	134.815781
428.266667	-213.563797	134.758347
428.333333	-213.665375	134.918076
428.400000	-213.698105	134.899155
428.466667	-213.893097	134.822571
428.533333	-213.897293	134.868820
428.600000	-214.001862	134.930527
428.666667	-214.194107	134.920502
428.733333	-214.223038	134.936493
428.800000	-214.358475	134.934845
428.866667	-214.426437	135.078186
428.933333	-214.590408	134.924316
429.000000	-214.662796	135.043106
429.066667	-214.881607	134.807373
429.133333	-214.848007	134.839050
429.200000	-214.859787	134.927597
429.266667	-215.011719	134.843765
429.333333	-215.045593	134.909607
429.400000	-215.129913	134.803162
429.466667	-215.267227	134.827606
429.533333	-215.348587	134.777267
429.600000	-215.456924	134.648849
429.666667	-215.444244	134.715240
429.733333	-215.555283	134.636795
429.800000	-215.620224	134.596832
429.866667	-215.675476	134.662750
429.933333	-215.778732	134.645004
430.000000	-215.838760	134.647018
430.066667	-216.066238	134.587814
430.133333	-216.108322	134.632477
430.200000	-216.196060	134.607300
430.266667	-216.233459	134.636459
430.333333	-216.388977	134.465668
430.400000	-216.472641	134.603775
430.466667	-216.584930	134.728455
430.533333	-216.657974	134.640244
430.600000	-216.834503	134.674469
430.666667	-216.866486	134.794479
430.733333	-216.986298	134.804260
430.800000	-217.094345	134.732635
430.866667	-217.264221	134.636139
430.933333	-217.348709	134.792038
431.000000	-217.472717	134.724136
431.066667	-217.510757	134.855240
431.133333	-217.573334	134.739746
431.200000	-217.641632	134.776031
431.266667	-217.676331	134.785767
431.333333	-217.779083	134.826767
431.400000	-217.965256	134.767319
431.466667	-218.035980	134.629791
431.533333	-218.137024	134.581329
431.600000	-218.153763	134.525330
431.666667	-218.263977	134.459915
431.733333	-218.265747	134.595596
431.800000	-218.371216	134.484329
431.866667	-218.447510	134.457916
431.933333	-218.518631	134.420700
432.000000	-218.755661	134.365265
432.066667	-218.750763	134.325195
432.133333	-218.834274	134.424210
432.200000	-219.009521	134.389099
432.266667	-218.988205	134.364670
432.333333	-219.168533	134.384201
432.400000	-219.246201	134.389938
432.466667	-219.370773	134.346878
432.533333	-219.431046	134.445099
432.600000	-219.461884	134.425049
432.666667	-219.619919	134.526062
432.733333	-219.650635	134.506851
432.800000	-219.734863	134.541595
432.866667	-219.818649	134.598923
432.933333	-220.029938	134.543152
433.000000	-220.136078	134.530136
433.066667	-220.227310	134.603806
433.133333	-220.358322	134.625839
433.200000	-220.468201	134.550110
433.266667	-220.557037	134.501236
433.333333	-220.656067	134.485443
433.400000	-220.724091	134.522995
433.466667	-220.807709	134.536652
433.533333	-220.871170	134.458206
433.600000	-220.924133	134.449829
433.666667	-221.009705	134.390656
433.733333	-221.190826	134.320740
433.800000	-221.190826	134.320740
433.866667	-221.306427	134.398148
433.933333	-221.384109	134.241470
434.000000	-221.454300	134.244141
434.066667	-221.535553	134.202133
434.133333	-221.690231	134.232773
434.200000	-221.690231	134.232773
434.266667	-221.792877	134.122543
434.333333	-221.892090	134.219788
434.400000	-221.964859	134.137711
434.466667	-222.153442	134.096802
434.533333	-222.172638	134.273880
434.600000	-222.317139	134.218628
434.666667	-222.371506	134.242584
434.733333	-222.461258	134.250290
434.800000	-222.591476	134.278168
434.866667	-222.624695	134.273743
434.933333	-222.780716	134.305908
435.000000	-223.000626	134.372543
435.066667	-223.000626	134.372543
435.133333	-223.162476	134.347626
435.200000	-223.194824	134.337845
435.266667	-223.316879	134.345444
435.333333	-223.350388	134.378479
435.400000	-223.537857	134.360123
435.466667	-223.537857	134.360123
435.533333	-223.608444	134.357788
435.600000	-223.748215	134.258453
435.666667	-223.888519	134.237366
435.733333	-223.934631	134.302765
435.800000	-224.083771	134.223953
435.866667	-224.083771	134.223953
435.933333	-224.155075	134.156540
436.000000	-224.368362	134.007538
436.066667	-224.339752	134.085739
436.133333	-224.502228	133.985611
436.200000	-224.623062	133.994080
436.266667	-224.665558	134.045013
436.333333	-224.665558	134.045013
436.400000	-224.742279	133.998489
436.466667	-224.767807	134.018860
436.533333	-224.993195	133.977478
436.600000	-225.116486	134.012695
436.666667	-225.275589	133.949844
436.733333	-225.275589	133.949844
436.800000	-225.259521	134.104553
436.866667	-225.425217	133.994247
436.933333	-225.548401	133.987717
437.000000	-225.640076	134.114395
437.066667	-225.910217	134.033081
437.133333	-225.910217	134.033081
437.200000	-225.941757	134.103287
437.266667	-226.059006	134.119919
437.333333	-226.139023	134.192535
437.400000	-226.265457	134.270020
437.466667	-226.384262	134.198898
437.533333	-226.583038	134.124435
437.600000	-226.583038	134.124435
437.666667	-226.659775	134.104294
437.733333	-226.702484	134.040451
437.800000	-226.874207	134.000488
437.866667	-226.916168	134.013290
437.933333	-227.016983	133.942413
438.000000	-227.016983	133.942413
438.066667	-227.068222	133.904678
438.133333	-227.337860	133.861359
438.200000	-227.389328	133.884659
438.266667	-227.379791	133.909225
438.333333	-227.552628	133.762268
438.400000	-227.552628	133.762268
438.466667	-227.572525	133.870209
438.533333	-227.619522	133.785599
438.600000	-227.817856	133.781891
438.666667	-227.993942	133.915787
438.733333	-228.063400	133.809265
438.800000	-228.063400	133.809265
438.866667	-228.238922	133.821686
438.933333	-228.248260	133.804932
439.000000	-228.526398	133.872543
439.066667	-228.658112	133.870819
439.133333	-228.711533	133.990097
439.200000	-228.761108	133.987061
439.266667	-228.761108	133.987061
439.333333	-228.855499	134.008179
439.400000	-229.066833	133.930496
439.466667	-229.252594	133.915878
439.533333	-229.251572	133.987900
439.600000	-229.394516	133.929169
439.666667	-229.394516	133.929169
439.733333	-229.389954	133.857971
439.800000	-229.666245	133.934448
439.866667	-229.722794	133.969635
439.933333	-229.904587	133.783401
440.000000	-229.872955	133.806519
440.066667	-229.872955	133.806519
440.133333	-229.945786	133.786758
440.200000	-230.098572	133.671448
440.266667	-230.112610	133.681366
440.333333	-230.231537	133.662994
440.400000	-230.431931	133.463150
440.466667	-230.419235	133.610336
440.533333	-230.419235	133.610336
440.600000	-230.608231	133.545929
440.666667	-230.661346	133.609009
440.733333	-230.841431	133.539291
440.800000	-230.990997	133.514938
440.866667	-230.998901	133.686050
440.933333	-231.166687	133.533112
441.000000	-231.303345	133.533112
441.066667	-231.365738	133.541153
441.133333	-231.404343	133.705338
441.200000	-231.598404	133.671906
441.266667	-231.638947	133.719131
441.333333	-231.683777	133.664291
441.400000	-231.859619	133.728516
441.466667	-231.954453	133.781158
441.533333	-232.029861	133.701767
441.600000	-232.082291	133.800537
441.666667	-232.113876	133.735168
441.733333	-232.340210	133.787704
441.800000	-232.384399	133.775620
441.866667	-232.405273	133.774887
441.933333	-232.602875	133.677109
442.000000	-232.582321	133.669296
442.066667	-232.667068	133.631775
442.133333	-232.730453	133.654022
442.200000	-232.866104	133.532471
442.266667	-233.002045	133.565186
442.333333	-233.042191	133.518021
442.400000	-233.131104	133.369171
442.466667	-233.267838	133.368622
442.533333	-233.211456	133.403946
442.600000	-233.458008	133.370087
442.666667	-233.457199	133.375488
442.733333	-233.558807	133.369232
442.800000	-233.745346	133.438354
442.866667	-233.763596	133.283478
442.933333	-233.905334	133.316010
443.000000	-234.009811	133.314819
443.066667	-234.059265	133.409103
443.133333	-234.107666	133.417603
443.200000	-234.258713	133.378845
443.266667	-234.402634	133.520386
443.333333	-234.448212	133.506531
443.400000	-234.576324	133.465500
443.466667	-234.615677	133.527283
443.533333	-234.733429	133.546646
443.600000	-234.794388	133.578781
443.666667	-234.922501	133.513580
443.733333	-235.001373	133.561798
443.800000	-235.069382	133.609085
443.866667	-235.178635	133.497025
443.933333	-235.349670	133.495148
444.000000	-235.464340	133.476700
444.066667	-235.473434	133.465881
444.133333	-235.492645	133.581711
444.200000	-235.582916	133.409912
444.266667	-235.786926	133.279312
444.333333	-235.836853	133.308838
444.400000	-235.885300	133.292023
444.466667	-235.992722	133.334702
444.533333	-236.033554	133.190720
444.600000	-236.057785	133.191223
444.666667	-236.180984	133.184128
444.733333	-236.295776	133.149475
444.800000	-236.401688	133.221329
444.866667	-236.441437	133.177216
444.933333	-236.522324	133.124466
445.000000	-236.622452	133.076965
445.066667	-236.758759	133.178207
445.133333	-236.888596	133.173828
445.200000	-236.952530	133.271332
445.266667	-236.987350	133.239655
445.333333	-237.146484	133.233109
445.400000	-237.321533	133.249634
445.466667	-237.377640	133.254639
445.533333	-237.426407	133.369431
445.600000	-237.549438	133.260544
445.666667	-237.600250	133.427002
445.733333	-237.680313	133.434113
445.800000	-237.727142	133.380585
445.866667	-237.851303	133.355515
445.933333	-237.987610	133.420624
446.000000	-238.036545	133.367004
446.066667	-238.184113	133.434174
446.133333	-238.320068	133.373306
446.200000	-238.265228	133.348648
446.266667	-238.398148	133.349060
446.333333	-238.484726	133.242188
446.400000	-238.524628	133.214417
446.466667	-238.643677	133.201630
446.533333	-238.726639	133.120728
446.600000	-238.842194	133.128967
446.666667	-238.905518	133.089935
446.733333	-239.040329	133.013458
446.800000	-239.020004	133.053131
446.866667	-239.178482	132.973602
446.933333	-239.256744	133.012482
447.000000	-239.380096	132.960632
447.066667	-239.414566	133.055878
447.133333	-239.478775	133.024612
447.200000	-239.606461	133.045349
447.266667	-239.750168	132.992676
447.333333	-239.820404	133.057388
447.400000	-239.894440	132.995499
447.466667	-240.076187	133.012634
447.533333	-240.159195	133.146500
447.600000	-240.169693	133.029434
447.666667	-240.373062	133.078705
447.733333	-240.379791	133.156128
447.800000	-240.532272	133.130417
447.866667	-240.720963	133.106140
447.933333	-240.774658	133.138107
448.000000	-240.844849	133.098022
448.066667	-240.858368	133.109970
448.133333	-241.023361	133.144760
448.200000	-241.104782	133.110672
448.266667	-241.151123	133.002747
448.333333	-241.268066	133.108414
448.400000	-241.330521	133.034439
448.466667	-241.403656	132.969650
448.533333	-241.439453	132.983109
448.600000	-241.587784	132.931213
448.666667	-241.642532	132.967743
448.733333	-241.717957	132.935562
448.800000	-241.825775	132.731537
448.866667	-241.819427	132.817947
448.933333	-241.961945	132.781906
449.000000	-242.049469	132.816925
449.066667	-242.280151	132.687866
449.133333	-242.197342	132.797897
449.200000	-242.349442	132.744995
449.266667	-242.406723	132.746796
449.333333	-242.452835	132.784332
449.400000	-242.633133	132.857819
449.466667	-242.747009	132.790512
449.533333	-242.833008	132.792892
449.600000	-243.027969	132.780914
449.666667	-243.052719	132.916458
449.733333	-243.187485	132.930756
449.800000	-243.297943	132.930527
449.866667	-243.367126	132.959442
449.933333	-243.468506	132.958496
450.000000	-243.515701	132.899734
450.066667	-243.544937	133.019760
450.133333	-243.760330	132.846466
450.200000	-243.784027	132.976196
450.266667	-243.937698	132.919525
450.333333	-244.062881	132.838516
450.400000	-244.123489	132.864792
450.466667	-244.101868	132.844711
450.533333	-244.224243	132.836441
450.600000	-244.359787	132.652710
450.666667	-244.387863	132.828339
450.733333	-244.435547	132.647827
450.800000	-244.519073	132.637817
450.866667	-244.647995	132.661484
450.933333	-244.748840	132.624466
451.000000	-244.728546	132.618713
451.066667	-244.899475	132.647049
451.133333	-244.903000	132.504745
451.200000	-245.130875	132.573730
451.266667	-245.199112	132.514221
451.333333	-245.245132	132.566437
451.400000	-245.424698	132.476990
451.466667	-245.440796	132.541656
451.533333	-245.488678	132.557053
451.600000	-245.756058	132.586136
451.666667	-245.775558	132.562592
451.733333	-245.886505	132.621765
451.800000	-245.992538	132.642075
451.866667	-246.102188	132.621429
451.933333	-246.189957	132.674393
452.000000	-246.300674	132.674591
452.066667	-246.425446	132.605499
452.133333	-246.466965	132.748337
452.200000	-246.646881	132.706207
452.266667	-246.663620	132.722198
452.333333	-246.770966	132.689377
452.400000	-246.881546	132.591553
452.466667	-246.938751	132.659515
452.533333	-246.975296	132.660110
452.600000	-247.049728	132.665085
452.666667	-247.223038	132.595581
452.733333	-247.216843	132.529114
452.800000	-247.367523	132.530106
452.866667	-247.411545	132.431534
452.933333	-247.453232	132.511856
453.000000	-247.569321	132.398193
453.066667	-247.666260	132.458694
453.133333	-247.697067	132.402039
453.200000	-247.841553	132.358307
453.266667	-247.948502	132.375076
453.333333	-247.976608	132.469742
453.400000	-248.093597	132.250534
453.466667	-248.206238	132.298569
453.533333	-248.344620	132.290161
453.600000	-248.407166	132.429047
453.666667	-248.534103	132.337769
453.733333	-248.606750	132.414459
453.800000	-248.625153	132.487869
453.866667	-248.731033	132.494278
453.933333	-248.902512	132.402283
454.000000	-248.996124	132.452271
454.066667	-249.129944	132.482483
454.133333	-249.278458	132.421280
454.200000	-249.219284	132.563522
454.266667	-249.430069	132.516266
454.333333	-249.449524	132.550140
454.400000	-249.608093	132.485031
454.466667	-249.611832	132.491150
454.533333	-249.736847	132.434555
454.600000	-249.777710	132.571945
454.666667	-249.917755	132.489914
454.733333	-250.045197	132.442551
454.800000	-249.977905	132.531219
454.866667	-250.132965	132.410294
454.933333	-250.237747	132.357986
455.000000	-250.277573	132.292511
455.066667	-250.388275	132.187027
455.133333	-250.448776	132.204742
455.200000	-250.621170	132.194016
455.266667	-250.593262	132.160553
455.333333	-250.750290	132.121124
455.400000	-250.855713	132.106995
455.466667	-250.841980	132.173141
455.533333	-251.019211	132.138855
455.600000	-251.101913	132.142151
455.666667	-251.193527	132.121399
455.733333	-251.270035	132.223907
455.800000	-251.374802	132.100296
455.866667	-251.514755	132.125778
455.933333	-251.580627	132.221008
456.000000	-251.735275	132.196777
456.066667	-251.788132	132.329361
456.133333	-251.825592	132.327057
456.200000	-251.870972	132.318039
456.266667	-252.026779	132.340683
456.333333	-252.183502	132.192139
456.400000	-252.277740	132.306763
456.466667	-252.346207	132.325363
456.533333	-252.405762	132.355453
456.600000	-252.530502	132.307526
456.666667	-252.565048	132.365250
456.733333	-252.591232	132.379837
456.800000	-252.797348	132.235748
456.866667	-252.873215	132.268402
456.933333	-252.929153	132.183716
457.000000	-253.085876	132.078430
457.066667	-253.194397	132.021774
457.133333	-253.216309	132.083191
457.200000	-253.283707	132.052261
457.266667	-253.372284	131.933807
457.333333	-253.371918	132.069672
457.400000	-253.543289	131.861359
457.466667	-253.683777	131.889267
457.533333	-253.606598	131.991043
457.600000	-253.791214	131.752533
457.666667	-253.896561	131.917633
457.733333	-253.917343	131.955872
457.800000	-254.014969	131.906921
457.866667	-254.266953	131.875900
457.933333	-254.229095	131.983948
458.000000	-254.332291	131.970505
458.066667	-254.432495	132.089859
458.133333	-254.547424	132.081863
458.200000	-254.742905	132.070572
458.266667	-254.789230	132.010727
458.333333	-254.886475	132.033722
458.400000	-255.013458	132.124420
458.466667	-255.038330	132.156769
458.533333	-255.124680	132.170212
458.600000	-255.233475	132.151337
458.666667	-255.233841	132.145935
458.733333	-255.423477	132.161316
458.800000	-255.507172	132.148911
458.866667	-255.627243	132.112823
458.933333	-255.736679	132.034637
459.000000	-255.746521	132.023422
459.066667	-255.848511	132.000259
459.133333	-255.940414	131.858261
459.200000	-255.911789	131.920486
459.266667	-256.101562	131.899536
459.333333	-256.271759	131.788284
459.400000	-256.197540	131.914978
459.466667	-256.319061	131.751709
459.533333	-256.467560	131.839310
459.600000	-256.545959	131.693497
459.666667	-256.532318	131.692764
459.733333	-256.582214	131.809097
459.800000	-256.723846	131.693726
459.866667	-256.871063	131.872177
459.933333	-256.916748	131.703888
460.000000	-257.085052	131.671677
460.066667	-257.183502	131.843018
460.133333	-257.199921	131.781952
460.200000	-257.305023	131.810150
460.266667	-257.366150	131.996536
460.333333	-257.505188	131.943481
460.400000	-257.649078	131.802597
460.466667	-257.753326	131.891632
460.533333	-257.842133	131.935120
460.600000	-257.867126	131.893585
460.666667	-258.076752	132.018341
460.733333	-258.091675	131.875244
460.800000	-258.286957	131.912643
460.866667	-258.308990	131.943069
460.933333	-258.412445	131.853149
461.000000	-258.463318	131.809769
461.066667	-258.537720	131.842072
461.133333	-258.641205	131.842072
461.200000	-258.783234	131.649780
461.266667	-258.817047	131.741745
461.333333	-258.893494	131.581970
461.400000	-259.012787	131.644852
461.466667	-259.087769	131.519363
461.533333	-259.122498	131.650650
461.600000	-259.285645	131.501740
461.666667	-259.312103	131.532974
461.733333	-259.424042	131.412216
461.800000	-259.503937	131.442932
461.866667	-259.649811	131.478500
461.933333	-259.703278	131.493652
462.000000	-259.814636	131.460693
462.066667	-259.902039	131.439423
462.133333	-259.954315	131.549591
462.200000	-260.067566	131.552246
462.266667	-260.115997	131.591873
462.333333	-260.266510	131.606827
462.400000	-260.386322	131.571716
462.466667	-260.416107	131.725540
462.533333	-260.533813	131.628571
462.600000	-260.640808	131.681519
462.666667	-260.756042	131.687241
462.733333	-260.820740	131.688156
462.800000	-260.983673	131.613327
462.866667	-261.105804	131.601151
462.933333	-261.080688	131.724411
463.000000	-261.185547	131.598984
463.066667	-261.226257	131.711868
463.133333	-261.389496	131.661484
463.200000	-261.464050	131.541275
463.266667	-261.486786	131.502747
463.333333	-261.654053	131.576126
463.400000	-261.727783	131.485855
463.466667	-261.734863	131.401932
463.533333	-261.773895	131.384888
463.600000	-261.853302	131.403137
463.666667	-262.107483	131.381149
463.733333	-262.086029	131.253265
463.800000	-262.163422	131.349319
463.866667	-262.310150	131.248795
463.933333	-262.394867	131.241943
464.000000	-262.481262	131.245972
464.066667	-262.551300	131.270157
464.133333	-262.644073	131.295944
464.200000	-262.725372	131.316772
464.266667	-262.995605	131.249191
464.333333	-262.957703	131.315811
464.400000	-262.986786	131.342743
464.466667	-263.080963	131.404755
464.533333	-263.142944	131.449951
464.600000	-263.348816	131.447266
464.666667	-263.482941	131.459518
464.733333	-263.573151	131.487717
464.800000	-263.668549	131.459763
464.866667	-263.716003	131.537186
464.933333	-263.787842	131.487152
465.000000	-263.914337	131.446381
465.066667	-263.985199	131.517883
465.133333	-264.118164	131.380585
465.200000	-264.189453	131.457550
465.266667	-264.380798	131.470886
465.333333	-264.274475	131.496750
465.400000	-264.422546	131.405685
465.466667	-264.422546	131.303253
465.533333	-264.622101	131.316132
465.600000	-264.725067	131.168106
465.666667	-264.764526	131.195816
465.733333	-264.958710	131.101059
465.800000	-264.855499	131.190521
465.866667	-265.056885	131.078156
465.933333	-265.135864	131.095245
466.000000	-265.141602	131.073318
466.066667	-265.277466	131.108887
466.133333	-265.356415	131.162857
466.200000	-265.490051	131.025513
466.266667	-265.643250	130.995270
466.333333	-265.688232	131.050537
466.400000	-265.769928	131.165421
466.466667	-265.832947	131.121994
466.533333	-265.944885	131.164886
466.600000	-266.091797	131.208786
466.666667	-266.094910	131.216125
466.733333	-266.253876	131.141602
466.800000	-266.403198	131.115906
466.866667	-266.399445	131.299713
466.933333	-266.523346	131.407349
467.000000	-266.624237	131.324982
467.066667	-266.783844	131.285019
467.133333	-266.864929	131.237915
467.200000	-266.962860	131.299225
467.266667	-267.008484	131.295380
467.333333	-267.077301	131.221588
467.400000	-267.118713	131.219849
467.466667	-267.171722	131.201401
467.533333	-267.332001	131.204025
467.600000	-267.429779	131.090851
467.666667	-267.607971	131.029449
467.733333	-267.635254	131.054901
467.800000	-267.661224	131.065811
467.866667	-267.703308	130.961288
467.933333	-267.766785	130.994949
468.000000	-267.915924	130.851242
468.066667	-267.983856	130.918686
468.133333	-268.164886	130.851349
468.200000	-268.179901	130.859222
468.266667	-268.299683	130.839523
468.333333	-268.351501	130.863632
468.400000	-268.455963	130.852707
468.466667	-268.571045	130.848938
468.533333	-268.682465	130.818604
468.600000	-268.819550	130.927383
468.666667	-268.869049	130.911392
468.733333	-268.956726	130.917465
468.800000	-269.120605	130.909058
468.866667	-269.118500	131.069412
468.933333	-269.275177	131.033157
469.000000	-269.351746	130.991852
469.066667	-269.521637	131.046982
469.133333	-269.560150	131.073608
469.200000	-269.608368	131.024872
469.266667	-269.692841	131.022766
469.333333	-269.820862	131.018799
469.400000	-269.925323	131.008392
469.466667	-269.931824	131.020187
469.533333	-270.106445	131.017975
469.600000	-270.215790	130.868622
469.666667	-270.313446	130.853226
469.733333	-270.341217	130.876831
469.800000	-270.379242	130.849121
469.866667	-270.523407	130.792450
469.933333	-270.498260	130.711487
470.000000	-270.644531	130.747162
470.066667	-270.682678	130.696915
470.133333	-270.825592	130.668182
470.200000	-271.013611	130.642914
470.266667	-271.013611	130.642914
470.333333	-271.125031	130.612732
470.400000	-271.227631	130.593994
470.466667	-271.222992	130.601089
470.533333	-271.490356	130.586121
470.600000	-271.540131	130.725647
470.666667	-271.540131	130.725647
470.733333	-271.600525	130.788071
470.800000	-271.868988	130.630692
470.866667	-271.796844	130.858673
470.933333	-271.926056	130.755966
471.000000	-272.167267	130.802872
471.066667	-272.167267	130.802872
471.133333	-272.285034	130.847260
471.200000	-272.380463	130.988647
471.266667	-272.457977	130.746262
471.333333	-272.580566	130.862030
471.400000	-272.840698	130.822571
471.466667	-272.859009	130.724075
471.533333	-272.859009	130.724075
471.600000	-272.894623	130.793365
471.666667	-272.907867	130.744492
471.733333	-273.057861	130.781357
471.800000	-273.311249	130.532562
471.866667	-273.354279	130.630234
471.933333	-273.354279	130.630234
472.000000	-273.448975	130.619751
472.066667	-273.420898	130.570114
472.133333	-273.542847	130.492310
472.200000	-273.761078	130.414810
472.266667	-273.815155	130.390259
472.333333	-273.815155	130.390259
472.400000	-273.896057	130.476761
472.466667	-274.035126	130.391739
472.533333	-274.173828	130.418472
472.600000	-274.208405	130.514648
472.666667	-274.339478	130.496155
472.733333	-274.508759	130.406174
472.800000	-274.508759	130.406174
472.866667	-274.578094	130.586853
472.933333	-274.640625	130.600891
473.000000	-274.858948	130.564743
473.066667	-275.000092	130.581696
473.133333	-275.071930	130.538071
473.200000	-275.071930	130.538071
473.266667	-275.195831	130.507324
473.333333	-275.217896	130.571045
473.400000	-275.462402	130.662491
473.466667	-275.519867	130.573883
473.533333	-275.535614	130.689285
473.600000	-275.535614	130.689285
473.666667	-275.689178	130.484314
473.733333	-275.806641	130.577103
473.800000	-275.889587	130.544189
473.866667	-276.049011	130.408493
473.933333	-276.121490	130.418747
474.000000	-276.166687	130.404755
474.066667	-276.166687	130.404755
474.133333	-276.190704	130.352112
474.200000	-276.444672	130.316971
474.266667	-276.413269	130.225388
474.333333	-276.618835	130.253265
474.400000	-276.705963	130.227142
474.466667	-276.705963	130.227142
474.533333	-276.759003	130.120316
474.600000	-276.914276	130.199310
474.666667	-276.979950	130.280655
474.733333	-277.118774	130.205215
474.800000	-277.241241	130.270203
474.866667	-277.241241	130.270203
474.933333	-277.272095	130.365295
475.000000	-277.580872	130.240005
475.066667	-277.657623	130.241272
475.133333	-277.782837	130.252792
475.200000	-277.854980	130.299820
475.266667	-277.854980	130.299820
475.333333	-277.970245	130.441574
475.400000	-278.182770	130.434448
475.466667	-278.197845	130.521378
475.533333	-278.333893	130.446030
475.600000	-278.402893	130.434753
475.666667	-278.498169	130.381973
475.733333	-278.498169	130.381973
475.800000	-278.539917	130.346207
475.866667	-278.793274	130.260651
475.933333	-278.766022	130.220993
476.000000	-278.891541	130.270798
476.066667	-278.982208	130.188965
476.133333	-278.982208	130.188965
476.200000	-279.204193	130.181442
476.266667	-279.212524	130.024902
476.333333	-279.238129	130.109848
476.400000	-279.264954	130.021042
476.466667	-279.360748	130.076691
476.533333	-279.360748	130.076691
476.600000	-279.575439	129.984436
476.666667	-279.694061	129.929428
476.733333	-279.751129	129.924500
476.800000	-279.900482	129.945587
476.866667	-279.987213	129.914230
476.933333	-280.051636	130.020157
477.000000	-280.070984	130.077667
477.066667	-280.329987	130.035751
477.133333	-280.323639	129.973251
477.200000	-280.436768	130.115570
477.266667	-280.540222	130.113510
477.333333	-280.689087	130.111206
477.400000	-280.745850	130.141937
477.466667	-280.909058	130.116150
477.533333	-280.966095	130.183701
477.600000	-281.058350	130.117798
477.666667	-281.130707	130.183212
477.733333	-281.184296	130.121887
477.800000	-281.373749	130.105927
477.866667	-281.449341	130.059967
477.933333	-281.485107	130.094894
478.000000	-281.607910	130.067139
478.066667	-281.626312	129.981949
478.133333	-281.681915	129.988342
478.200000	-281.780914	129.899399
478.266667	-281.890747	129.959564
478.333333	-281.914154	129.978943
478.400000	-282.051636	129.941559
478.466667	-282.163147	129.816544
478.533333	-282.228485	129.805603
478.600000	-282.267395	129.728226
478.666667	-282.356720	129.829300
478.733333	-282.339813	129.739517
478.800000	-282.443176	129.780716
478.866667	-282.621887	129.727402
478.933333	-282.662933	129.802139
479.000000	-282.731140	129.794830
479.066667	-282.877533	129.783005
479.133333	-282.973816	129.822479
479.200000	-283.084290	129.794754
479.266667	-283.105896	129.903946
479.333333	-283.224640	129.865570
479.400000	-283.411255	129.839798
479.466667	-283.394928	129.888580
479.533333	-283.590485	130.000366
479.600000	-283.639954	130.001862
479.666667	-283.736359	129.922348
479.733333	-283.806366	129.982269
479.800000	-283.952484	129.918762
479.866667	-284.149384	129.837845
479.933333	-284.091278	129.990417
480.000000	-284.155884	129.954453
