3420.066667	-260.712311	132.880676
3420.133333	-260.535828	132.885635
3420.200000	-260.455658	132.861862
3420.266667	-260.398102	132.782532
3420.333333	-260.172058	132.893387
3420.400000	-260.052612	132.735199
3420.466667	-259.887817	132.841049
3420.533333	-259.813995	132.843124
3420.600000	-259.809692	132.877716
3420.666667	-259.628693	132.933899
3420.733333	-259.562469	132.939148
3420.800000	-259.527222	132.907700
3420.866667	-259.334259	133.027405
3420.933333	-259.235229	133.025970
3421.000000	-259.154877	133.056595
3421.066667	-259.077911	133.180008
3421.133333	-258.897888	133.259705
3421.200000	-258.793427	133.288223
3421.266667	-258.645172	133.307205
3421.333333	-258.579926	133.233246
3421.400000	-258.535645	133.340729
3421.466667	-258.486084	133.228241
3421.533333	-258.347443	133.347153
3421.600000	-258.204895	133.363815
3421.666667	-257.992188	133.351852
3421.733333	-257.868927	133.318344
3421.800000	-257.781464	133.242081
3421.866667	-257.710449	133.267044
3421.933333	-257.578003	133.181198
3422.000000	-257.345642	133.294403
3422.066667	-257.260284	133.120041
3422.133333	-257.132812	133.095551
3422.200000	-257.027130	133.164795
3422.266667	-256.997986	133.136902
3422.333333	-256.812439	133.082367
3422.400000	-256.629608	133.193970
3422.466667	-256.520691	133.184494
3422.533333	-256.478516	132.980423
3422.600000	-256.367401	133.151993
3422.666667	-256.170898	133.058105
3422.733333	-256.034424	133.219254
3422.800000	-255.926224	133.218170
3422.866667	-255.915375	133.249146
3422.933333	-255.792374	133.210510
3423.000000	-255.693924	133.292786
3423.066667	-255.440765	133.371017
3423.133333	-255.415405	133.394867
3423.200000	-255.304749	133.430664
3423.266667	-255.282532	133.400757
3423.333333	-255.140717	133.524368
3423.400000	-255.030151	133.549988
3423.466667	-254.881226	133.531982
3423.533333	-254.717712	133.596848
3423.600000	-254.657852	133.605164
3423.666667	-254.539459	133.731644
3423.733333	-254.423233	133.624802
3423.800000	-254.422165	133.570984
3423.866667	-254.159393	133.714905
3423.933333	-254.047928	133.496613
3424.000000	-253.950958	133.539825
3424.066667	-253.873672	133.539581
3424.133333	-253.740555	133.418762
3424.200000	-253.475861	133.546234
3424.266667	-253.343216	133.433838
3424.333333	-253.268646	133.457779
3424.400000	-253.127975	133.441757
3424.466667	-253.017197	133.336319
3424.533333	-252.892242	133.423004
3424.600000	-252.736725	133.377747
3424.666667	-252.606384	133.429276
3424.733333	-252.664703	133.278732
3424.800000	-252.519882	133.233353
3424.866667	-252.453049	133.376617
3424.933333	-252.201965	133.427673
3425.000000	-252.030472	133.538986
3425.066667	-251.967545	133.521362
3425.133333	-251.936050	133.630783
3425.200000	-251.811172	133.550461
3425.266667	-251.724258	133.618317
3425.333333	-251.625610	133.678680
3425.400000	-251.421143	133.799652
3425.466667	-251.385406	133.775192
3425.533333	-251.309418	133.838089
3425.600000	-251.135193	133.917358
3425.666667	-251.120926	133.953339
3425.733333	-250.903244	133.990067
3425.800000	-250.731537	133.887360
3425.866667	-250.664688	133.861847
3425.933333	-250.584503	133.888702
3426.000000	-250.513565	133.842484
3426.066667	-250.321655	133.875092
3426.133333	-250.099182	133.888428
3426.200000	-250.072754	133.866180
3426.266667	-249.902863	133.890961
3426.333333	-249.823746	133.720871
3426.400000	-249.652191	133.673538
3426.466667	-249.466995	133.867340
3426.533333	-249.391037	133.681320
3426.600000	-249.276199	133.583588
3426.666667	-249.176605	133.563538
3426.733333	-248.934677	133.669464
3426.800000	-248.789474	133.732559
3426.866667	-248.754196	133.742645
3426.933333	-248.684830	133.706879
3427.000000	-248.438980	133.869492
3427.066667	-248.438980	133.869492
3427.133333	-248.307755	133.861389
3427.200000	-248.144577	133.871017
3427.266667	-248.088821	133.911087
3427.333333	-248.010910	133.990540
3427.400000	-247.847397	133.925995
3427.466667	-247.847397	133.925995
3427.533333	-247.678864	134.054901
3427.600000	-247.587357	134.090622
3427.666667	-247.423950	134.170074
3427.733333	-247.402161	134.084686
3427.800000	-247.023895	134.282516
3427.866667	-247.023895	134.282516
3427.933333	-246.971924	134.256851
3428.000000	-246.806137	134.187729
3428.066667	-246.782593	134.192017
3428.133333	-246.610733	134.130737
3428.200000	-246.361603	134.098663
3428.266667	-246.361603	134.098663
3428.333333	-246.165314	134.163284
3428.400000	-246.106720	133.965134
3428.466667	-246.041199	133.945602
3428.533333	-245.880005	133.927628
3428.600000	-245.551270	133.949326
3428.666667	-245.464355	133.866348
3428.733333	-245.464355	133.866348
3428.800000	-245.359161	133.921112
3428.866667	-245.176453	133.964691
3428.933333	-245.036758	133.923584
3429.000000	-244.766006	134.002884
3429.066667	-244.763702	133.989059
3429.133333	-244.763702	133.989059
3429.200000	-244.625595	134.018280
3429.266667	-244.458862	133.972961
3429.333333	-244.305344	134.196625
3429.400000	-244.128555	134.144012
3429.466667	-244.074860	134.196930
3429.533333	-244.074860	134.196930
3429.600000	-243.996582	134.214615
3429.666667	-243.836472	134.321304
3429.733333	-243.714386	134.385590
3429.800000	-243.482666	134.438766
3429.866667	-243.429565	134.478882
3429.933333	-243.296814	134.425278
3430.000000	-243.296814	134.425278
3430.066667	-243.060959	134.544983
3430.133333	-242.994171	134.508896
3430.200000	-242.791870	134.464767
3430.266667	-242.646790	134.349442
3430.333333	-242.481384	134.379822
3430.400000	-242.481384	134.379822
3430.466667	-242.264175	134.538132
3430.533333	-242.210419	134.431427
3430.600000	-242.021576	134.216599
3430.666667	-241.891129	134.251282
3430.733333	-241.644821	134.300064
3430.800000	-241.644821	134.300064
3430.866667	-241.510620	134.322983
3430.933333	-241.467880	134.199966
3431.000000	-241.244202	134.329453
3431.066667	-241.162430	134.228348
3431.133333	-240.949692	134.246292
3431.200000	-240.869781	134.207748
3431.266667	-240.869781	134.207748
3431.333333	-240.803070	134.285141
3431.400000	-240.559479	134.311493
3431.466667	-240.404739	134.433899
3431.533333	-240.283157	134.388351
3431.600000	-240.227371	134.509583
3431.666667	-240.227371	134.509583
3431.733333	-240.037979	134.610672
3431.800000	-239.866791	134.580276
3431.866667	-239.667480	134.676544
3431.933333	-239.626190	134.725433
3432.000000	-239.537720	134.654282
3432.066667	-239.537720	134.654282
3432.133333	-239.484985	134.805191
3432.200000	-239.177139	134.803238
3432.266667	-238.979019	134.761780
3432.333333	-238.889389	134.743134
3432.400000	-238.864029	134.729446
3432.466667	-238.864029	134.729446
3432.533333	-238.617355	134.692932
3432.600000	-238.351105	134.662109
3432.666667	-238.212967	134.568588
3432.733333	-238.158310	134.567230
3432.800000	-238.024368	134.505005
3432.866667	-237.832367	134.553741
3432.933333	-237.832367	134.553741
3433.000000	-237.582611	134.470352
3433.066667	-237.503357	134.396393
3433.133333	-237.476700	134.429565
3433.200000	-237.269714	134.446060
3433.266667	-237.002701	134.581940
3433.333333	-237.002701	134.581940
3433.400000	-236.917740	134.598953
3433.466667	-236.774826	134.551865
3433.533333	-236.764221	134.670334
3433.600000	-236.565903	134.708191
3433.666667	-236.348587	134.755875
3433.733333	-236.348587	134.755875
3433.800000	-236.305908	134.724518
3433.866667	-236.157776	134.888687
3433.933333	-236.036118	134.885941
3434.000000	-235.873795	135.035690
3434.066667	-235.747437	134.976181
3434.133333	-235.689163	134.992538
3434.200000	-235.497726	134.980545
3434.266667	-235.464584	135.008331
3434.333333	-235.208435	135.058502
3434.400000	-235.107483	134.997482
3434.466667	-234.988815	135.031296
3434.533333	-234.923660	134.917175
3434.600000	-234.923660	134.917175
3434.666667	-234.655533	134.863129
3434.733333	-234.451538	134.883896
3434.800000	-234.307968	134.794281
3434.866667	-234.289490	134.896896
3434.933333	-234.212799	134.723526
3435.000000	-233.920242	134.715317
3435.066667	-233.785599	134.704254
3435.133333	-233.607117	134.782730
3435.266667	-233.498657	134.741440
3435.333333	-233.336838	134.702515
3435.400000	-233.170334	134.799469
3435.466667	-233.099716	134.770126
3435.533333	-232.961426	134.835785
3435.600000	-232.900726	134.904694
3435.666667	-232.827316	134.919449
3435.733333	-232.550797	135.028610
3435.800000	-232.484100	135.101501
3435.866667	-232.423355	135.113235
3435.933333	-232.390045	135.206711
3436.000000	-232.228226	135.166580
3436.066667	-232.190231	135.097427
3436.133333	-231.974579	135.174484
3436.200000	-231.876251	135.316788
3436.266667	-231.729858	135.334946
3436.333333	-231.702606	135.210007
3436.400000	-231.545593	135.331528
3436.466667	-231.347198	135.316345
3436.533333	-231.222931	135.243805
3436.600000	-231.123947	135.324524
3436.666667	-231.051315	135.213150
3436.733333	-230.955780	135.215729
3436.800000	-230.775314	135.185516
3436.866667	-230.561295	135.193985
3436.933333	-230.467026	135.148239
3437.000000	-230.323486	135.067230
3437.066667	-230.177017	135.102585
3437.133333	-229.946625	135.096954
3437.200000	-229.901077	135.030731
3437.266667	-229.751038	135.005371
3437.333333	-229.728027	135.047775
3437.400000	-229.611267	135.127106
3437.466667	-229.470276	135.035934
3437.533333	-229.222000	135.188400
3437.600000	-229.198730	135.134415
3437.666667	-229.069397	135.214386
3437.733333	-228.991470	135.229965
3437.800000	-228.952072	135.312958
3437.866667	-228.784714	135.271179
3437.933333	-228.565750	135.244064
3438.000000	-228.534454	135.401810
3438.066667	-228.410797	135.476440
3438.133333	-228.299042	135.453354
3438.200000	-228.236084	135.538177
3438.266667	-228.164932	135.517502
3438.333333	-227.868744	135.550232
3438.400000	-227.851013	135.605423
3438.466667	-227.761612	135.587875
3438.533333	-227.558884	135.698029
3438.600000	-227.526947	135.538086
3438.666667	-227.332977	135.527084
3438.733333	-227.239853	135.489639
3438.800000	-227.122940	135.548615
3438.866667	-226.950607	135.481552
3438.933333	-226.818359	135.477371
3439.000000	-226.672180	135.426132
3439.066667	-226.488571	135.456818
3439.133333	-226.419586	135.386536
3439.200000	-226.334579	135.305344
3439.266667	-226.057892	135.353302
3439.333333	-226.057587	135.226089
3439.400000	-225.828934	135.349396
3439.466667	-225.694122	135.422424
3439.533333	-225.628006	135.292480
3439.600000	-225.521561	135.353882
3439.666667	-225.360321	135.329483
3439.733333	-225.181076	135.455688
3439.800000	-225.187698	135.398422
3439.866667	-225.065414	135.534546
3439.933333	-224.980835	135.505142
3440.000000	-224.872208	135.666687
3440.066667	-224.712540	135.614044
3440.133333	-224.574738	135.606094
3440.200000	-224.447083	135.804047
3440.266667	-224.429688	135.706345
3440.333333	-224.398605	135.717834
3440.400000	-224.150818	135.811996
3440.466667	-224.018951	135.764465
3440.533333	-223.983383	135.833389
3440.600000	-223.795471	135.815125
3440.666667	-223.742615	135.732300
3440.733333	-223.613678	135.782898
3440.800000	-223.491241	135.812256
3440.866667	-223.325119	135.757050
3440.933333	-223.176575	135.783203
3441.000000	-223.094086	135.776398
3441.066667	-222.899048	135.737686
3441.133333	-222.652145	135.760559
3441.200000	-222.605225	135.740234
3441.266667	-222.508575	135.720505
3441.333333	-222.427933	135.597351
3441.400000	-222.253113	135.610641
3441.466667	-222.104279	135.666031
3441.533333	-221.949051	135.588501
3441.600000	-221.895065	135.617355
3441.666667	-221.777786	135.583679
3441.733333	-221.690231	135.580322
3441.800000	-221.482407	135.599487
3441.866667	-221.345535	135.636871
3441.933333	-221.233566	135.742844
3442.000000	-221.208847	135.748032
3442.066667	-221.084656	135.835098
3442.133333	-220.935898	135.842590
3442.200000	-220.829865	135.953827
3442.266667	-220.662460	136.025131
3442.333333	-220.527542	135.997665
3442.400000	-220.543564	136.037643
3442.466667	-220.413940	136.040390
3442.533333	-220.251175	136.001663
3442.600000	-220.102707	136.074234
3442.666667	-219.950500	136.142273
3442.733333	-219.910217	136.120865
3442.800000	-219.755081	136.189957
3442.866667	-219.681152	136.072220
3442.933333	-219.457825	136.082352
3443.000000	-219.356766	136.128891
3443.066667	-219.193481	136.103180
3443.133333	-219.174530	136.003036
3443.200000	-218.982697	135.882187
3443.266667	-218.795822	136.111008
3443.333333	-218.616837	136.076370
3443.400000	-218.578278	136.015350
3443.466667	-218.469788	135.973007
3443.533333	-218.239120	135.896423
3443.600000	-218.048172	135.925476
3443.666667	-217.975235	136.039352
3443.733333	-217.940247	135.859283
3443.800000	-217.808594	135.851379
3443.866667	-217.603455	135.833115
3443.933333	-217.429626	135.961075
3444.000000	-217.355270	136.041565
3444.066667	-217.301331	135.974457
3444.133333	-217.216476	136.058151
3444.200000	-217.158478	136.077438
3444.266667	-217.012619	136.117004
3444.333333	-216.854462	136.210617
3444.400000	-216.792892	136.136490
3444.466667	-216.632309	136.172806
3444.533333	-216.529251	136.383713
3444.600000	-216.442032	136.350220
3444.666667	-216.250443	136.393082
3444.733333	-216.144409	136.435150
3444.800000	-216.037933	136.453293
3444.866667	-215.916733	136.501205
3444.933333	-215.901672	136.403198
3445.000000	-215.616928	136.370453
3445.066667	-215.462891	136.328064
3445.133333	-215.403320	136.343033
3445.200000	-215.283081	136.244461
3445.266667	-215.228073	136.286667
3445.333333	-215.129608	136.131317
3445.400000	-214.832016	136.211136
3445.466667	-213.948242	136.026749
3445.533333	-214.644958	136.235214
3445.600000	-214.479340	136.206421
3445.666667	-214.294037	136.198593
3445.733333	-214.196106	136.155838
3445.800000	-214.061371	136.175873
3445.866667	-213.987015	136.076965
3445.933333	-213.829742	136.116241
3446.000000	-213.763519	136.111496
3446.066667	-213.545868	136.201752
3446.133333	-213.433609	136.280807
3446.200000	-213.389481	136.202530
3446.266667	-213.237350	136.299896
3446.333333	-213.166122	136.333862
3446.400000	-213.078949	136.397049
3446.466667	-212.902298	136.409073
3446.533333	-212.783463	136.561340
3446.600000	-212.688644	136.566055
3446.666667	-212.614410	136.490692
3446.733333	-212.495438	136.507965
3446.800000	-212.272430	136.567291
3446.866667	-212.219070	136.680573
3446.933333	-212.041260	136.778961
3447.000000	-212.037582	136.544220
3447.066667	-211.849289	136.706161
3447.133333	-211.662949	136.727768
3447.200000	-211.507767	136.653641
3447.266667	-211.420349	136.627060
3447.333333	-211.262924	136.589493
3447.400000	-211.135178	136.573990
3447.466667	-211.044144	136.521576
3447.533333	-210.836807	136.475693
3447.600000	-210.743118	136.406586
3447.666667	-210.680511	136.350204
3447.733333	-210.433868	136.445770
3447.800000	-210.283539	136.332733
3447.866667	-210.141525	136.444000
3447.933333	-210.097504	136.427200
3448.000000	-209.903503	136.364014
3448.066667	-209.942886	136.424408
3448.133333	-209.719299	136.446045
3448.200000	-209.628906	136.421188
3448.266667	-209.470016	136.461777
3448.333333	-209.375916	136.601517
3448.400000	-209.275604	136.602844
3448.466667	-209.114075	136.645386
3448.533333	-208.977066	136.710007
3448.600000	-208.891037	136.731537
3448.666667	-208.785370	136.780807
3448.733333	-208.732849	136.763596
3448.800000	-208.655792	136.894867
3448.866667	-208.382996	136.917023
3448.933333	-208.311432	136.829224
3449.000000	-208.196869	136.943558
3449.066667	-208.126984	136.859528
3449.133333	-207.918747	136.965668
3449.200000	-207.871796	136.853546
3449.266667	-207.602615	136.899017
3449.333333	-207.522720	136.940170
3449.400000	-207.464035	136.910217
3449.466667	-207.338318	136.809525
3449.533333	-207.076950	136.834869
3449.600000	-207.059372	136.868668
3449.666667	-206.826050	136.806183
3449.733333	-206.784790	136.747635
3449.800000	-206.655426	136.694641
3449.866667	-206.436630	136.728561
3449.933333	-206.301834	136.801895
3450.000000	-206.221527	136.580551
3450.066667	-206.085510	136.637115
3450.133333	-205.877243	136.741501
3450.200000	-205.837677	136.759598
3450.266667	-205.671051	136.766266
3450.333333	-205.606049	136.841568
3450.400000	-205.429398	136.772049
3450.466667	-205.399048	136.784363
3450.533333	-205.235657	136.934845
3450.600000	-205.080872	136.920853
3450.666667	-204.932220	136.989700
3450.733333	-204.929321	137.039978
3450.800000	-204.844055	136.943726
3450.866667	-204.656509	137.119904
3450.933333	-204.544388	137.138641
3451.000000	-204.380951	137.078094
3451.066667	-204.297760	137.145691
3451.133333	-204.180588	137.160980
3451.200000	-204.049606	137.305145
3451.266667	-203.975189	137.111633
3451.333333	-203.792236	137.185303
3451.400000	-203.565109	137.202087
3451.466667	-203.505432	137.137024
3451.533333	-203.316254	137.114883
3451.600000	-203.229523	137.117340
3451.666667	-203.039154	137.007721
3451.733333	-202.957184	137.198532
3451.800000	-202.746765	136.976151
3451.866667	-202.616867	137.075150
3451.933333	-202.525909	137.059937
3452.000000	-202.462570	136.954391
3452.066667	-202.251785	136.954620
3452.133333	-202.086121	137.025894
3452.200000	-201.968552	137.015701
3452.266667	-201.790207	137.059540
3452.333333	-201.726776	136.929993
3452.400000	-201.615997	137.064011
3452.466667	-201.597076	137.011215
3452.533333	-201.409821	137.106140
3452.600000	-201.232452	137.104996
3452.666667	-201.145935	137.114624
3452.733333	-200.973923	137.284393
3452.800000	-200.866882	137.213074
3452.866667	-200.796768	137.358826
3452.933333	-200.743332	137.360367
3453.000000	-200.595840	137.297714
3453.066667	-200.373596	137.461716
3453.133333	-200.342682	137.511185
3453.200000	-200.137527	137.523636
3453.266667	-200.129929	137.401245
3453.333333	-199.870758	137.565689
3453.400000	-199.852921	137.530975
3453.466667	-199.687424	137.459656
3453.533333	-199.544754	137.559555
3453.600000	-199.414093	137.504791
3453.666667	-199.254593	137.347580
3453.733333	-199.158554	137.347717
3453.800000	-199.040939	137.324081
3453.866667	-198.821442	137.360031
3453.933333	-198.766418	137.376312
3454.000000	-198.633652	137.364563
3454.066667	-198.467758	137.210846
3454.133333	-198.352051	137.193253
3454.200000	-198.178452	137.272736
3454.266667	-198.009369	137.226120
3454.333333	-197.861359	137.335617
3454.400000	-197.715424	137.307556
3454.466667	-197.688934	137.310394
3454.533333	-197.613098	137.355316
3454.600000	-197.459259	137.205338
3454.666667	-197.254105	137.345764
3454.733333	-197.156677	137.378296
3454.800000	-197.081345	137.390778
3454.866667	-196.947266	137.499771
3454.933333	-196.784378	137.545975
3455.000000	-196.667191	137.538620
3455.066667	-196.445709	137.627487
3455.200000	-196.394608	137.607727
3455.266667	-196.114227	137.714661
3455.333333	-196.015778	137.729218
3455.400000	-195.871277	137.690338
3455.466667	-195.760361	137.682770
3455.533333	-195.760361	137.682770
3455.600000	-195.637192	137.626663
3455.666667	-195.551331	137.600388
3455.733333	-195.269836	137.741501
3455.800000	-195.176422	137.598068
3455.866667	-195.048309	137.615341
3455.933333	-194.907074	137.609879
3456.000000	-194.725204	137.542938
3456.066667	-194.566223	137.554413
3456.133333	-194.478409	137.495911
3456.200000	-194.328094	137.481628
3456.266667	-194.190216	137.568039
3456.333333	-194.015030	137.508667
3456.400000	-193.832352	137.569244
3456.466667	-193.788818	137.487900
3456.533333	-193.600586	137.465530
3456.600000	-193.552444	137.608917
3456.666667	-193.402344	137.622925
3456.733333	-193.244141	137.595901
3456.800000	-193.163864	137.585495
3456.866667	-193.076157	137.709595
3456.933333	-192.943680	137.781815
3457.000000	-192.808197	137.767105
3457.066667	-192.645523	137.728134
3457.133333	-192.511795	137.792633
3457.200000	-192.469849	137.794968
3457.266667	-192.361465	137.935486
3457.333333	-192.219193	138.022141
3457.400000	-192.104141	137.966507
3457.466667	-191.992569	137.983276
3457.533333	-191.791199	138.021988
3457.600000	-191.699005	138.002823
3457.666667	-191.567505	138.038101
3457.733333	-191.403366	138.036957
3457.800000	-191.275986	137.991394
3457.866667	-191.145798	137.976456
3457.933333	-191.027939	137.956512
3458.000000	-190.874435	137.996490
3458.066667	-190.694763	137.888885
3458.133333	-190.654327	137.852356
3458.200000	-190.456848	137.893555
3458.266667	-190.432861	137.704300
3458.333333	-190.158722	137.813736
3458.400000	-190.099899	137.792038
3458.466667	-189.855225	137.772873
3458.533333	-189.826614	137.710541
3458.600000	-189.637970	137.722946
3458.666667	-189.556396	137.797104
3458.733333	-189.453522	137.734741
3458.800000	-189.215149	137.852188
3458.866667	-189.176590	137.863586
3458.933333	-189.079407	137.899033
3459.000000	-188.909973	137.910873
3459.066667	-188.818741	137.965256
3459.133333	-188.560852	138.151077
3459.200000	-188.499939	138.066147
3459.266667	-188.479355	138.110336
3459.333333	-188.302658	138.118576
3459.400000	-188.169708	138.106491
3459.466667	-187.999954	138.158524
3459.533333	-187.891800	138.304321
3459.600000	-187.950699	138.234787
3459.666667	-187.694916	138.234985
3459.733333	-187.578278	138.300705
3459.800000	-187.575073	138.093765
3459.866667	-187.366974	138.303558
3459.933333	-187.137985	138.222610
3460.000000	-187.070175	138.275116
3460.066667	-186.967850	138.161682
3460.133333	-186.661758	138.228973
3460.200000	-186.571701	138.087357
3460.266667	-186.389389	138.220993
3460.333333	-186.247803	138.167053
3460.400000	-186.186798	138.018005
3460.466667	-186.090637	137.968857
3460.533333	-185.894348	138.014755
3460.600000	-185.682999	138.086258
3460.666667	-185.631866	138.030060
3460.733333	-185.594879	138.097702
3460.800000	-185.409805	137.991180
3460.866667	-185.223587	138.160782
3460.933333	-185.151642	137.990158
3461.000000	-185.008408	138.159683
3461.066667	-184.766602	138.192749
3461.133333	-184.656555	138.208099
3461.200000	-184.590744	138.342087
3461.266667	-184.547226	138.258392
3461.333333	-184.463577	138.269424
3461.400000	-184.318619	138.329422
3461.466667	-184.108170	138.424850
3461.533333	-184.066406	138.382828
3461.600000	-183.906830	138.515411
3461.666667	-183.815857	138.488815
3461.733333	-183.789749	138.410004
3461.800000	-183.569397	138.424179
3461.866667	-183.429794	138.573242
3461.933333	-183.307129	138.456970
3462.000000	-183.120743	138.506485
3462.066667	-183.147186	138.391602
3462.133333	-182.937088	138.382019
3462.200000	-182.687668	138.404343
3462.266667	-182.627472	138.383041
3462.333333	-182.447861	138.360214
3462.400000	-182.342087	138.249435
3462.466667	-182.133148	138.325378
3462.533333	-181.976151	138.250671
3462.600000	-181.841568	138.284271
3462.666667	-181.751404	138.280228
3462.733333	-181.588089	138.185074
3462.800000	-181.524551	138.223740
3462.866667	-181.335556	138.243332
3462.933333	-181.224197	138.224976
3463.000000	-181.151154	138.269745
3463.066667	-180.996796	138.315369
3463.133333	-180.785355	138.353439
3463.200000	-180.706207	138.415161
3463.266667	-180.681015	138.404327
3463.333333	-180.519989	138.484940
3463.400000	-180.448517	138.488449
3463.466667	-180.188629	138.571564
3463.533333	-180.188629	138.571564
3463.600000	-180.095016	138.577057
3463.666667	-179.986237	138.838013
3463.733333	-179.831055	138.684723
3463.800000	-179.596512	138.748566
3463.866667	-179.385620	138.709717
3463.933333	-179.385620	138.709717
3464.000000	-179.314911	138.703537
3464.066667	-179.131210	138.789047
3464.133333	-179.002380	138.680756
3464.200000	-178.848740	138.716949
3464.266667	-178.532623	138.684738
3464.333333	-178.532623	138.684738
3464.400000	-178.460510	138.503098
3464.466667	-178.246201	138.509003
3464.533333	-178.084991	138.608810
3464.600000	-178.027649	138.486694
3464.666667	-177.748611	138.464935
3464.733333	-177.748611	138.464935
3464.800000	-177.686737	138.378693
3464.866667	-177.461639	138.389221
3464.933333	-177.327179	138.495636
3465.000000	-177.191986	138.469467
3465.066667	-176.882431	138.518311
3465.133333	-176.788040	138.550949
3465.200000	-176.788040	138.550949
3465.266667	-176.751801	138.528564
3465.333333	-176.531937	138.644745
3465.400000	-176.481766	138.709824
3465.466667	-176.245483	138.729294
3465.533333	-176.110718	138.805954
3465.600000	-176.110718	138.805954
3465.666667	-176.099960	138.786301
3465.733333	-176.005585	138.856964
3465.800000	-175.743912	138.908585
3465.866667	-175.459686	138.896957
3465.933333	-175.357544	138.948212
3466.000000	-175.357544	138.948212
3466.066667	-175.197250	139.028259
3466.133333	-175.093491	139.038345
3466.200000	-174.955307	138.938156
3466.266667	-174.583893	139.131943
3466.333333	-174.531418	138.879150
3466.400000	-174.356659	138.848892
3466.466667	-174.356659	138.848892
3466.533333	-174.149033	138.932068
3466.600000	-174.069504	138.963394
3466.666667	-173.886566	138.669403
3466.733333	-173.751617	138.760757
3466.800000	-173.537277	138.769623
3466.866667	-173.537277	138.769623
3466.933333	-173.316711	138.756653
3467.000000	-173.256165	138.721161
3467.066667	-173.003571	138.659760
3467.133333	-172.830429	138.789337
3467.200000	-172.750320	138.764450
3467.266667	-172.750320	138.764450
3467.333333	-172.557724	138.789703
3467.400000	-172.466888	138.761597
3467.466667	-172.209503	138.975662
3467.533333	-172.106537	138.966843
3467.600000	-171.974152	138.984192
3467.666667	-171.834473	139.077271
3467.733333	-171.834473	139.077271
3467.800000	-171.829666	139.084549
3467.866667	-171.492264	139.197159
3467.933333	-171.408859	139.255569
3468.000000	-171.282166	139.169479
3468.066667	-171.108047	139.110916
3468.133333	-171.108047	139.110916
3468.200000	-171.032257	139.202759
3468.266667	-170.778030	139.160080
3468.333333	-170.484299	139.368011
3468.400000	-170.488998	139.162354
3468.466667	-170.225891	139.374512
3468.533333	-170.225891	139.374512
3468.600000	-170.111786	139.249298
3468.666667	-169.807220	139.181747
3468.733333	-169.703522	139.138123
3468.800000	-169.575760	139.064743
3468.866667	-169.396500	138.960785
3468.933333	-169.396500	138.960785
3469.000000	-169.180161	139.066711
3469.066667	-168.976608	138.970917
3469.133333	-168.809570	139.072083
3469.200000	-168.760773	139.047501
3469.266667	-168.635941	139.002945
3469.333333	-168.445679	139.134125
3469.400000	-168.445679	139.134125
3469.466667	-168.210449	139.148529
3469.533333	-168.072815	139.205688
3469.600000	-167.990067	139.279282
3469.666667	-167.880325	139.404572
3469.733333	-167.697662	139.354202
3469.800000	-167.697662	139.354202
3469.866667	-167.515091	139.313339
3469.933333	-167.455048	139.397293
3470.000000	-167.239517	139.491089
3470.066667	-167.149185	139.437698
3470.133333	-166.985748	139.441574
3470.200000	-166.985748	139.441574
3470.266667	-166.771866	139.560715
3470.333333	-166.626038	139.428268
3470.400000	-166.542160	139.508072
3470.466667	-166.279984	139.554520
3470.533333	-166.200653	139.473938
3470.600000	-166.019348	139.502945
3470.666667	-165.897537	139.442932
3470.733333	-165.834076	139.280380
3470.800000	-165.639633	139.400192
3470.866667	-165.496582	139.336716
3470.933333	-165.451080	139.264694
3471.000000	-165.150787	139.391907
3471.066667	-165.061340	139.258957
3471.133333	-164.888351	139.319626
3471.200000	-164.726517	139.345047
3471.266667	-164.766022	139.130707
3471.333333	-164.471878	139.405670
3471.400000	-164.397232	139.314941
3471.466667	-164.212997	139.335526
3471.533333	-164.240753	139.330612
3471.600000	-164.076096	139.330658
3471.666667	-163.816223	139.421478
3471.733333	-163.799744	139.524536
3471.800000	-163.650131	139.555054
3471.866667	-163.513596	139.521667
3471.933333	-163.414566	139.483475
3472.000000	-163.255173	139.521912
3472.066667	-163.181732	139.648712
3472.133333	-162.905212	139.725250
3472.200000	-162.790817	139.723038
3472.266667	-162.789719	139.677017
3472.333333	-162.651917	139.701019
3472.400000	-162.534042	139.700592
3472.466667	-162.376816	139.675537
3472.533333	-162.226807	139.702118
3472.600000	-162.137329	139.625977
3472.666667	-162.033371	139.619064
3472.733333	-161.806534	139.652115
3472.800000	-161.606339	139.653885
3472.866667	-161.488785	139.577148
3472.933333	-161.359085	139.544556
3473.000000	-161.266754	139.490433
3473.066667	-161.139771	139.531128
3473.133333	-160.951477	139.630341
3473.200000	-160.860123	139.547989
3473.266667	-160.615097	139.590744
3473.333333	-160.501266	139.415863
3473.400000	-160.380325	139.460876
3473.466667	-160.308350	139.397827
3473.533333	-160.153915	139.536011
3473.600000	-160.021042	139.536240
3473.666667	-159.925995	139.507141
3473.733333	-159.796036	139.505615
3473.800000	-159.614410	139.678604
3473.866667	-159.501251	139.614899
3473.933333	-159.375351	139.703400
3474.000000	-159.223877	139.768326
3474.066667	-159.155502	139.691071
3474.133333	-158.980270	139.885178
3474.200000	-158.858978	139.797897
3474.266667	-158.757645	139.875610
3474.333333	-158.626968	139.913177
3474.400000	-158.452759	139.916168
3474.466667	-158.295258	139.959747
3474.533333	-158.214737	139.941101
3474.600000	-158.047958	140.005569
3474.666667	-157.948181	139.999527
3474.733333	-157.817612	139.888245
3474.800000	-157.726898	139.867294
3474.866667	-157.586349	139.812836
3474.933333	-157.411682	139.728653
3475.000000	-157.152435	139.881348
3475.066667	-157.076141	139.776016
3475.133333	-156.937683	139.847351
3475.200000	-156.791153	139.629028
3475.266667	-156.647202	139.822693
3475.333333	-156.524918	139.671951
3475.400000	-156.362122	139.798950
3475.466667	-156.271774	139.658447
3475.533333	-156.135651	139.646317
3475.600000	-155.985306	139.665161
3475.666667	-155.840698	139.769318
3475.733333	-155.665695	139.693344
3475.800000	-155.524338	139.766083
3475.866667	-155.340012	139.751038
3475.933333	-155.369904	139.777313
3476.000000	-155.198151	139.932419
3476.066667	-155.097397	139.938339
3476.133333	-154.890366	140.066605
3476.200000	-154.872620	140.008728
3476.266667	-154.730484	140.086182
3476.333333	-154.598969	140.095154
3476.400000	-154.469406	140.166367
3476.466667	-154.352768	140.052460
3476.533333	-154.127914	140.236115
3476.600000	-154.186356	140.074600
3476.666667	-153.917770	140.211777
3476.733333	-153.868149	140.191498
3476.800000	-153.684158	140.188309
3476.866667	-153.517273	140.164307
3476.933333	-153.289642	140.174149
3477.000000	-153.283157	140.201447
3477.066667	-152.998489	140.181503
3477.133333	-153.026840	139.968475
3477.200000	-152.792984	139.995132
3477.266667	-152.627136	140.071396
3477.333333	-152.430618	140.070892
3477.400000	-152.327560	140.006409
3477.466667	-152.239182	139.992020
3477.533333	-152.130890	139.983200
3477.600000	-151.947861	139.992889
3477.666667	-151.756683	140.031006
3477.733333	-151.606796	140.084717
3477.800000	-151.589905	139.918594
3477.866667	-151.331650	139.999374
3477.933333	-151.333374	140.105087
3478.000000	-151.096817	140.102646
3478.066667	-151.000732	140.117554
3478.133333	-150.885529	140.058197
3478.200000	-150.833160	140.170944
3478.266667	-150.645752	140.255447
3478.333333	-150.624023	140.296188
3478.400000	-150.491272	140.312225
3478.466667	-150.287445	140.422043
3478.533333	-150.175507	140.404160
3478.600000	-149.966156	140.405533
3478.666667	-149.931671	140.433945
3478.733333	-149.806244	140.468002
3478.800000	-149.539444	140.443619
3478.866667	-149.568253	140.394882
3478.933333	-149.372879	140.381439
3479.000000	-149.198029	140.410202
3479.066667	-149.028824	140.386459
3479.133333	-148.907303	140.384048
3479.200000	-148.763550	140.362503
3479.266667	-148.653717	140.282028
3479.333333	-148.547852	140.214935
3479.400000	-148.322006	140.251282
3479.466667	-148.284393	140.256897
3479.533333	-148.128738	140.076843
3479.600000	-147.885178	140.253998
3479.666667	-147.839172	140.167313
3479.733333	-147.670044	140.264679
3479.800000	-147.538879	140.118683
3479.866667	-147.243530	140.279678
3479.933333	-147.179245	140.211349
3480.000000	-147.179840	140.152084
