2280.066667	-506.319611	103.433128
2280.133333	-506.326355	103.402092
2280.200000	-506.379395	103.299500
2280.266667	-506.331116	103.199280
2280.333333	-506.409424	103.377876
2280.400000	-506.332489	103.378647
2280.466667	-506.335114	103.423828
2280.533333	-506.297913	103.284363
2280.600000	-506.388885	103.309792
2280.666667	-506.505951	103.273560
2280.733333	-506.344208	103.364563
2280.800000	-506.420135	103.324654
2280.866667	-506.446106	103.568367
2280.933333	-506.648712	103.425529
2281.000000	-506.501678	103.478333
2281.066667	-506.650452	103.629402
2281.133333	-506.594879	103.339149
2281.200000	-506.615234	103.569885
2281.266667	-506.516266	103.579140
2281.333333	-506.747894	103.509605
2281.400000	-506.590393	103.564880
2281.466667	-506.661652	103.708366
2281.533333	-506.782654	103.432602
2281.600000	-506.758942	103.527443
2281.666667	-506.800018	103.544701
2281.733333	-506.740784	103.458557
2281.800000	-506.885468	103.412231
2281.866667	-506.721191	103.488899
2281.933333	-506.800751	103.601776
2282.000000	-506.766388	103.663521
2282.066667	-506.804657	103.546249
2282.133333	-506.776764	103.473419
2282.200000	-506.842834	103.300316
2282.266667	-506.874237	103.268898
2282.333333	-506.743652	103.239090
2282.400000	-506.830139	103.289299
2282.466667	-506.881805	103.084045
2282.533333	-506.860229	103.219772
2282.600000	-506.894592	103.204414
2282.666667	-506.801727	103.278816
2282.733333	-506.813965	103.283974
2282.800000	-506.879028	103.216217
2282.866667	-506.863312	103.256790
2282.933333	-506.970459	103.264214
2283.000000	-506.870392	103.459091
2283.066667	-506.946472	103.432686
2283.133333	-506.971313	103.381187
2283.200000	-507.046631	103.350502
2283.266667	-507.030365	103.553696
2283.333333	-507.015289	103.671310
2283.400000	-507.047516	103.501831
2283.466667	-507.021881	103.467178
2283.533333	-506.961456	103.501068
2283.600000	-506.992737	103.525993
2283.666667	-507.048431	103.385262
2283.733333	-507.086182	103.615128
2283.800000	-507.337402	103.367172
2283.866667	-507.077362	103.557770
2283.933333	-507.005096	103.539474
2284.000000	-507.183899	103.254036
2284.066667	-506.967621	103.581329
2284.133333	-507.075531	103.366119
2284.200000	-507.106995	103.321564
2284.266667	-507.201660	103.321533
2284.333333	-507.139343	103.255486
2284.400000	-507.167358	103.184280
2284.466667	-507.163696	103.165230
2284.533333	-507.127563	103.296410
2284.600000	-507.066223	103.241661
2284.666667	-507.177094	103.091995
2284.733333	-507.297058	103.106667
2284.800000	-507.208466	103.155792
2284.866667	-507.219818	103.217094
2284.933333	-507.262329	103.277710
2285.000000	-507.187164	103.161163
2285.066667	-507.394714	103.228676
2285.133333	-507.494751	103.141418
2285.200000	-507.194916	103.469627
2285.266667	-507.306152	103.385521
2285.333333	-507.358917	103.295242
2285.400000	-507.434235	103.404793
2285.466667	-507.398834	103.376846
2285.533333	-507.540741	103.415298
2285.600000	-507.404327	103.436668
2285.666667	-507.480804	103.403580
2285.733333	-507.522125	103.425133
2285.800000	-507.522919	103.529015
2285.866667	-507.504761	103.501190
2285.933333	-507.530426	103.311829
2286.000000	-507.594879	103.273857
2286.066667	-507.575348	103.212585
2286.133333	-507.656860	103.214561
2286.200000	-507.568176	103.340637
2286.266667	-507.532623	103.170288
2286.333333	-507.515533	103.156403
2286.400000	-507.503296	103.230263
2286.466667	-507.516174	103.200089
2286.533333	-507.410217	103.172531
2286.600000	-507.556641	103.025604
2286.666667	-507.501740	103.041161
2286.733333	-507.564270	103.078232
2286.800000	-507.464478	103.269867
2286.866667	-507.588837	103.214165
2286.933333	-507.761536	103.083389
2287.000000	-507.514832	103.188171
2287.066667	-507.728271	103.023407
2287.133333	-507.536652	103.368958
2287.200000	-507.619049	103.171959
2287.266667	-507.724152	102.975662
2287.333333	-507.609222	103.114334
2287.400000	-507.745300	103.196030
2287.466667	-507.745300	103.196030
2287.533333	-507.742920	103.436188
2287.600000	-507.729187	103.465454
2287.666667	-507.832794	103.302536
2287.733333	-507.785065	103.368790
2287.800000	-507.793274	103.496155
2287.866667	-507.840729	103.214638
2287.933333	-507.840729	103.214638
2288.000000	-507.936615	103.329483
2288.066667	-507.708923	103.270714
2288.133333	-507.861572	103.389717
2288.200000	-507.773956	103.310158
2288.266667	-507.839752	103.361519
2288.333333	-507.839752	103.361519
2288.400000	-507.834564	103.397667
2288.466667	-507.880127	103.042610
2288.533333	-507.887817	103.191872
2288.600000	-507.819397	103.244545
2288.666667	-507.846863	103.198891
2288.733333	-507.846863	103.198891
2288.800000	-507.850983	103.045761
2288.866667	-507.728546	103.182755
2288.933333	-507.954315	103.205894
2289.000000	-507.871826	103.015305
2289.066667	-507.940369	102.934296
2289.133333	-507.881012	103.080612
2289.200000	-507.881012	103.080612
2289.266667	-507.764191	103.312370
2289.333333	-507.966736	103.087402
2289.400000	-508.079010	103.081802
2289.466667	-508.086639	103.279381
2289.533333	-508.065277	103.244476
2289.600000	-508.065277	103.244476
2289.666667	-508.105743	103.194183
2289.733333	-508.165070	103.127312
2289.800000	-508.205475	103.342567
2289.866667	-508.022980	103.335815
2289.933333	-508.223572	103.249084
2290.000000	-508.223572	103.249084
2290.066667	-508.181610	103.261581
2290.133333	-508.107788	103.232346
2290.200000	-508.196320	103.373215
2290.266667	-508.103271	103.253365
2290.333333	-508.145691	103.213959
2290.400000	-508.257446	103.292747
2290.466667	-508.257446	103.292747
2290.533333	-508.197906	103.198425
2290.600000	-508.219177	103.107170
2290.666667	-507.971069	103.085770
2290.733333	-508.096222	103.143532
2290.800000	-508.252655	103.157364
2290.866667	-508.252655	103.157364
2290.933333	-508.115753	103.100044
2291.000000	-508.164215	103.087463
2291.066667	-508.217163	102.952835
2291.133333	-508.153442	103.169853
2291.200000	-508.252930	103.169998
2291.266667	-508.252930	103.169998
2291.333333	-508.264221	103.024269
2291.400000	-508.257385	103.092690
2291.466667	-508.292114	102.972061
2291.533333	-508.284546	103.141228
2291.600000	-508.313141	103.278877
2291.666667	-508.313141	103.278877
2291.733333	-508.271515	103.336037
2291.800000	-508.321869	103.108986
2291.866667	-508.380585	103.327827
2291.933333	-508.305023	103.461601
2292.000000	-508.318665	103.254814
2292.066667	-508.393219	103.151047
2292.133333	-508.393219	103.151047
2292.200000	-508.411377	103.399582
2292.266667	-508.396790	103.176613
2292.333333	-508.559601	103.140617
2292.400000	-508.444031	103.117889
2292.466667	-508.365143	103.194481
2292.533333	-508.365143	103.194481
2292.600000	-508.381531	103.173988
2292.666667	-508.545471	103.058884
2292.733333	-508.346008	102.962280
2292.800000	-508.392517	102.994545
2292.866667	-508.518188	102.971252
2292.933333	-508.518188	102.971252
2293.000000	-508.435272	103.111183
2293.066667	-508.468079	103.100258
2293.133333	-508.532288	103.028328
2293.200000	-508.414337	103.137337
2293.266667	-508.475555	102.986671
2293.333333	-508.389069	102.961159
2293.400000	-508.389069	102.961159
2293.466667	-508.616486	103.075684
2293.533333	-508.594360	102.986893
2293.600000	-508.447266	103.121269
2293.666667	-508.565247	103.180847
2293.733333	-508.698578	103.166916
2293.800000	-508.698578	103.166916
2293.866667	-508.599335	103.251991
2293.933333	-508.489502	103.476402
2294.000000	-508.641968	103.270439
2294.066667	-508.715332	103.236366
2294.133333	-508.655334	103.224838
2294.200000	-508.655334	103.224838
2294.266667	-508.665649	103.196701
2294.333333	-508.553528	103.355881
2294.400000	-508.562775	103.418777
2294.466667	-508.681000	103.254349
2294.533333	-508.766418	103.161942
2294.600000	-508.850769	103.034363
2294.666667	-508.657379	103.221222
2294.733333	-508.802368	103.178589
2294.800000	-508.661194	103.188133
2294.866667	-508.727539	103.167389
2294.933333	-508.713135	103.046806
2295.000000	-508.585663	103.025040
2295.066667	-508.605713	102.944832
2295.133333	-508.828552	103.000687
2295.200000	-508.827789	102.922218
2295.266667	-508.769379	102.960625
2295.333333	-508.685974	103.100082
2295.400000	-508.696777	103.001266
2295.466667	-508.709137	103.081802
2295.533333	-509.017853	102.980042
2295.600000	-508.732758	102.983322
2295.666667	-508.811768	102.960075
2295.733333	-508.829773	102.953232
2295.800000	-508.823639	103.048569
2295.866667	-509.030121	103.060860
2295.933333	-508.969025	103.071983
2296.000000	-508.823242	103.004448
2296.066667	-508.768066	103.267311
2296.133333	-508.893799	103.231949
2296.200000	-508.819214	103.216171
2296.266667	-508.991058	103.206345
2296.333333	-508.975739	103.243332
2296.400000	-508.893066	103.164467
2296.466667	-508.845428	103.373215
2296.533333	-508.826477	103.039124
2296.600000	-508.926086	103.299881
2296.666667	-508.996857	103.272461
2296.733333	-508.867310	103.448326
2296.800000	-508.972321	103.007584
2296.866667	-508.865723	103.118652
2296.933333	-508.864990	103.179001
2297.000000	-508.895325	102.796837
2297.066667	-508.881012	102.968536
2297.133333	-509.008209	102.885475
2297.200000	-508.948822	103.073860
2297.266667	-508.736969	102.898933
2297.333333	-508.967224	102.893997
2297.400000	-508.956940	103.085831
2297.466667	-508.902618	103.086296
2297.533333	-508.936920	102.956207
2297.600000	-508.936981	102.934135
2297.666667	-508.966949	103.000832
2297.733333	-509.082153	102.942123
2297.800000	-508.942444	103.161163
2297.866667	-508.976898	102.963905
2297.933333	-508.976166	103.247719
2298.000000	-509.147675	103.053772
2298.066667	-509.129639	103.089294
2298.133333	-509.010559	103.225716
2298.200000	-509.188293	103.180664
2298.266667	-509.090027	103.153984
2298.333333	-509.161469	103.155296
2298.400000	-509.001709	103.327812
2298.466667	-509.151581	103.228676
2298.533333	-509.104279	103.084671
2298.600000	-509.162537	103.161995
2298.666667	-509.134064	103.096237
2298.733333	-509.096405	103.152390
2298.800000	-509.221863	103.251793
2298.866667	-509.239868	103.029053
2298.933333	-509.140015	103.156303
2299.000000	-509.029938	103.026810
2299.066667	-509.126404	102.930466
2299.133333	-509.023285	103.056168
2299.200000	-509.111908	103.020485
2299.266667	-509.063110	102.954819
2299.333333	-509.067169	103.005768
2299.400000	-509.113678	102.848198
2299.466667	-508.959747	103.019814
2299.533333	-509.182465	102.861572
2299.600000	-509.132660	102.846878
2299.666667	-509.225189	102.913643
2299.733333	-509.090729	102.859047
2299.800000	-509.188751	103.037590
2299.866667	-509.204956	102.908073
2299.933333	-509.139496	103.061066
2300.000000	-509.099670	103.092651
2300.066667	-509.209625	103.161163
2300.133333	-509.259308	103.027245
2300.200000	-509.369904	102.930130
2300.266667	-509.104431	103.164429
2300.333333	-509.272034	103.219490
2300.400000	-509.262390	103.253365
2300.466667	-509.415131	103.092026
2300.533333	-509.389801	103.192047
2300.600000	-509.451996	103.124657
2300.666667	-509.235931	103.189812
2300.733333	-509.382385	103.176170
2300.800000	-509.268738	103.198135
2300.866667	-509.511902	102.986618
2300.933333	-509.352844	103.201851
2301.000000	-509.267029	103.312599
2301.066667	-509.232178	102.952209
2301.133333	-509.325134	103.032005
2301.200000	-509.306549	102.992935
2301.266667	-509.384735	102.662354
2301.333333	-509.282532	102.934334
2301.400000	-509.267059	103.055092
2301.466667	-509.243622	102.989578
2301.533333	-509.379456	102.925575
2301.600000	-509.351471	102.807320
2301.666667	-509.231506	102.865494
2301.733333	-509.459656	102.811775
2301.800000	-509.396057	102.888123
2301.866667	-509.317261	102.834183
2301.933333	-509.278137	102.692810
2302.000000	-509.391388	102.894821
2302.066667	-509.344940	102.957573
2302.133333	-509.517670	102.969910
2302.200000	-509.386688	103.077423
2302.266667	-509.522247	102.799507
2302.333333	-509.352142	103.071983
2302.400000	-509.426331	103.228783
2302.466667	-509.387115	103.021370
2302.533333	-509.432770	103.225655
2302.600000	-509.415405	103.177910
2302.666667	-509.512329	103.122314
2302.733333	-509.552185	103.007339
2302.800000	-509.508575	103.073128
2302.866667	-509.586792	103.119080
2302.933333	-509.504822	103.166168
2303.000000	-509.473145	102.931038
2303.066667	-509.525391	103.057823
2303.133333	-509.539276	103.080215
2303.200000	-509.448120	103.032707
2303.266667	-509.509491	102.908203
2303.333333	-509.599854	103.012535
2303.400000	-509.480316	102.894859
2303.466667	-509.511902	102.841156
2303.533333	-509.474854	102.801163
2303.600000	-509.484253	102.923943
2303.666667	-509.372437	102.865952
2303.733333	-509.516968	102.866882
2303.800000	-509.620087	102.821983
2303.866667	-509.529633	102.751236
2303.933333	-509.517303	103.054848
2304.000000	-509.452026	102.876129
2304.066667	-509.377899	102.796455
2304.133333	-509.471252	102.951202
2304.200000	-509.523407	102.888153
2304.266667	-509.495483	102.958565
2304.333333	-509.655365	103.074516
2304.400000	-509.538757	103.006760
2304.466667	-509.557434	102.957191
2304.533333	-509.550323	103.141342
2304.600000	-509.454376	103.064476
2304.666667	-509.647736	103.212357
2304.733333	-509.537140	103.144081
2304.800000	-509.664001	103.219330
2304.866667	-509.631714	103.154755
2304.933333	-509.517670	103.235191
2305.000000	-509.661224	102.855232
2305.066667	-509.642670	103.090446
2305.133333	-509.612335	103.017593
2305.200000	-509.616150	103.105576
2305.266667	-509.624176	102.969688
2305.333333	-509.570343	103.107681
2305.400000	-509.651337	102.988739
2305.466667	-509.617096	103.069199
2305.533333	-509.658295	103.004707
2305.600000	-509.623749	102.847481
2305.666667	-509.664917	102.760895
2305.733333	-509.532776	102.829285
2305.800000	-509.591064	102.619377
2305.866667	-509.630127	102.869446
2305.933333	-509.590240	102.804184
2306.000000	-509.545532	102.961693
2306.066667	-509.699036	102.867844
2306.133333	-509.705963	102.705620
2306.200000	-509.536224	102.888176
2306.266667	-509.811798	102.824173
2306.333333	-509.619720	102.807716
2306.400000	-509.532684	102.929626
2306.466667	-509.805878	102.865654
2306.533333	-509.730194	103.050789
2306.600000	-509.732574	103.155525
2306.666667	-509.802551	102.926590
2306.733333	-509.719330	103.075760
2306.800000	-509.567719	103.248016
2306.866667	-509.831421	103.191872
2306.933333	-509.892029	103.055656
2307.000000	-509.690369	103.222672
2307.066667	-509.682007	103.159607
2307.133333	-509.815125	103.201202
2307.200000	-509.701477	103.088242
2307.266667	-509.761627	102.943993
2307.333333	-509.651855	103.124146
2307.400000	-509.694153	103.002365
2307.466667	-509.811249	103.032936
2307.533333	-509.943115	102.588951
2307.600000	-509.938751	102.913918
2307.666667	-509.677032	102.878922
2307.733333	-509.912994	102.781837
2307.800000	-509.790070	102.764343
2307.866667	-509.791077	102.785141
2307.933333	-509.750580	102.957573
2308.000000	-509.855865	102.822014
2308.066667	-509.644531	102.936768
2308.133333	-509.577057	102.934547
2308.200000	-509.736115	102.734184
2308.266667	-509.783722	102.894501
2308.333333	-509.736115	102.761169
2308.400000	-509.750000	102.813957
2308.466667	-509.735352	102.834183
2308.533333	-509.805542	102.932602
2308.600000	-509.785095	103.012688
2308.666667	-509.850403	102.933594
2308.733333	-509.771912	103.051605
2308.800000	-509.767334	103.164192
2308.866667	-509.764648	103.264626
2308.933333	-509.719269	103.030029
2309.000000	-509.793243	102.954521
2309.066667	-509.893250	103.033066
2309.133333	-509.782654	103.067276
2309.200000	-509.936646	103.144737
2309.266667	-509.921021	103.207764
2309.333333	-509.860718	102.927246
2309.400000	-510.020599	102.983109
2309.466667	-509.876068	103.036415
2309.533333	-509.890015	102.892830
2309.600000	-509.844666	102.966827
2309.666667	-509.738770	102.832550
2309.733333	-509.848999	102.890839
2309.800000	-509.818939	102.737686
2309.866667	-509.731842	102.921379
2309.933333	-509.743591	103.004250
2310.000000	-509.788971	102.638481
2310.066667	-509.794342	102.772057
2310.133333	-509.661926	102.839088
2310.200000	-509.753357	102.711357
2310.266667	-509.824982	102.794502
2310.333333	-509.767242	102.794846
2310.400000	-510.030823	102.738014
2310.466667	-509.844055	102.886398
2310.533333	-509.967834	102.780220
2310.600000	-509.773956	102.867821
2310.666667	-509.929230	102.888184
2310.733333	-509.848419	103.051308
2310.800000	-509.995270	102.806541
2310.866667	-509.925232	103.121124
2310.933333	-509.866791	103.176315
2311.000000	-509.953857	103.008369
2311.066667	-509.924896	102.936012
2311.133333	-509.940765	103.084358
2311.200000	-510.023407	103.038940
2311.266667	-509.942902	103.062424
2311.333333	-510.043457	103.137810
2311.400000	-509.983368	102.944260
2311.466667	-509.854828	103.061348
2311.533333	-509.930817	102.923500
2311.600000	-509.995758	102.905296
2311.666667	-509.902069	103.034004
2311.733333	-509.940155	102.873260
2311.800000	-509.931122	102.785919
2311.866667	-509.805359	102.913834
2311.933333	-509.780090	102.885902
2312.000000	-509.997742	102.732101
2312.066667	-509.860077	102.903587
2312.133333	-509.894958	102.911713
2312.200000	-510.007172	102.737686
2312.266667	-509.878754	102.776436
2312.333333	-509.901520	102.716248
2312.400000	-510.051819	102.822220
2312.466667	-509.899689	102.672485
2312.533333	-509.724731	102.942055
2312.600000	-509.915436	102.909515
2312.666667	-509.972626	102.925705
2312.733333	-509.787811	102.920837
2312.800000	-509.914246	103.095169
2312.866667	-510.041290	102.840370
2312.933333	-510.029724	102.894341
2313.000000	-510.008972	102.919823
2313.066667	-509.933441	102.921707
2313.133333	-510.034027	103.020111
2313.200000	-509.985931	103.229767
2313.266667	-509.937805	103.031075
2313.333333	-509.818146	103.027550
2313.400000	-509.979614	103.010689
2313.466667	-509.968597	103.052727
2313.533333	-509.994843	103.053009
2313.600000	-509.992554	103.030685
2313.666667	-510.040131	103.039711
2313.733333	-509.960693	102.903793
2313.800000	-509.883118	102.966080
2313.866667	-509.935089	102.940079
2313.933333	-509.722595	102.947243
2314.000000	-509.981537	102.859734
2314.066667	-510.001984	102.917633
2314.133333	-509.887848	102.777534
2314.200000	-509.927185	102.832443
2314.266667	-509.951294	102.845627
2314.333333	-509.977448	102.848900
2314.400000	-509.776154	102.860085
2314.466667	-509.840759	102.895378
2314.533333	-509.813751	102.715973
2314.600000	-509.760071	102.860878
2314.666667	-509.964813	102.812721
2314.733333	-509.992218	102.882469
2314.800000	-509.835022	102.983856
2314.866667	-509.786011	103.020447
2314.933333	-509.914581	102.952576
2315.000000	-509.799469	103.083115
2315.066667	-509.827057	102.893044
2315.133333	-509.903534	102.894241
2315.200000	-509.886475	102.969238
2315.266667	-509.924042	103.056984
2315.333333	-509.953949	102.997673
2315.400000	-509.882629	103.159531
2315.466667	-509.924500	103.134628
2315.533333	-509.902985	103.004250
2315.600000	-509.939514	102.915512
2315.666667	-510.098969	103.106102
2315.733333	-510.033051	102.894676
2315.800000	-509.960449	103.002808
2315.866667	-509.854248	102.906181
2315.933333	-509.902069	102.944695
2316.000000	-509.945099	102.761108
2316.066667	-509.748840	103.127197
2316.133333	-509.894409	102.866257
2316.200000	-509.861450	102.917137
2316.266667	-509.823151	102.757553
2316.333333	-509.870483	102.843071
2316.400000	-509.772400	102.818535
2316.466667	-509.856171	102.883064
2316.533333	-509.776276	102.735764
2316.600000	-509.830566	102.811333
2316.666667	-509.664917	102.926804
2316.733333	-509.773743	102.833481
2316.800000	-509.915894	102.608414
2316.866667	-509.772919	102.811523
2316.933333	-509.782776	102.891937
2317.000000	-509.786469	102.754921
2317.066667	-509.823547	102.804298
2317.133333	-509.719025	103.175308
2317.200000	-509.742523	102.989143
2317.266667	-509.807922	103.151253
2317.333333	-509.774628	103.244942
2317.400000	-509.914246	103.072998
2317.466667	-509.807831	103.144135
2317.533333	-509.660095	103.092705
2317.600000	-509.721832	103.127831
2317.666667	-509.758331	103.117722
2317.733333	-509.724213	102.952736
2317.800000	-509.694458	103.084175
2317.866667	-509.736786	103.194168
2317.933333	-509.837311	102.931328
2318.000000	-509.730286	103.003899
2318.066667	-509.608704	103.082268
2318.133333	-509.681000	102.992134
2318.200000	-509.790894	102.729263
2318.266667	-509.724030	102.909904
2318.333333	-509.651978	102.807205
2318.400000	-509.605835	102.791740
2318.466667	-509.688080	102.775330
2318.533333	-509.651306	102.704315
2318.600000	-509.598053	102.972031
2318.666667	-509.751953	102.857315
2318.733333	-509.597290	102.892975
2318.800000	-509.677551	102.808525
2318.866667	-509.641052	102.723137
2318.933333	-509.615906	102.853470
2319.000000	-509.557434	102.855988
2319.066667	-506.962433	102.760735
2319.133333	-509.603577	103.020042
2319.200000	-509.693939	102.863983
2319.266667	-509.615723	103.103050
2319.333333	-509.597168	102.906937
2319.400000	-509.666077	102.988754
2319.466667	-509.568298	103.074989
2319.533333	-509.621155	103.063072
2319.600000	-509.691345	103.115707
2319.666667	-509.628876	103.188683
2319.733333	-509.695007	103.142815
2319.800000	-509.731445	103.105545
2319.866667	-509.636536	103.194824
2319.933333	-509.644043	102.988152
2320.000000	-509.518341	102.988007
2320.066667	-509.645508	103.033066
2320.133333	-509.616364	102.971016
2320.200000	-509.599609	103.019897
2320.266667	-509.562592	102.958260
2320.333333	-509.528320	102.906937
2320.400000	-509.479462	102.925545
2320.466667	-509.507202	102.865166
2320.533333	-509.472015	102.883469
2320.600000	-509.571259	102.876633
2320.666667	-509.571259	102.735153
2320.733333	-509.570801	102.702751
2320.800000	-509.533020	102.899109
2320.866667	-509.498688	102.847008
2320.933333	-509.512665	102.914780
2321.000000	-509.476471	102.855873
2321.066667	-509.527008	102.818253
2321.133333	-509.465393	102.822563
2321.200000	-509.345184	103.093651
2321.266667	-509.456757	103.034180
2321.333333	-509.324615	102.948380
2321.400000	-509.456329	103.137093
2321.466667	-509.489929	103.187386
2321.533333	-509.442841	102.971519
2321.600000	-509.482513	103.113701
2321.666667	-509.429779	103.241730
2321.733333	-509.516144	103.051659
2321.800000	-509.478485	103.172165
2321.866667	-509.281433	103.027977
2321.933333	-509.478577	103.113174
2322.000000	-509.363770	103.117668
2322.066667	-509.395081	103.151253
2322.133333	-509.426727	103.043091
2322.200000	-509.444122	102.889214
2322.266667	-509.406982	103.028580
2322.333333	-509.383057	102.984535
2322.400000	-509.277374	102.869102
2322.466667	-509.332611	102.726219
2322.533333	-509.251099	102.965652
2322.600000	-509.259399	102.803207
2322.666667	-509.266266	102.992508
2322.733333	-509.266266	102.992508
2322.800000	-509.093750	102.960007
2322.866667	-509.342255	102.967949
2322.933333	-509.079651	102.971634
2323.000000	-509.122009	102.937012
2323.066667	-509.248291	102.963257
2323.133333	-509.248291	102.963257
2323.200000	-509.050720	103.093651
2323.266667	-509.186127	102.951195
2323.333333	-509.218750	103.066933
2323.400000	-509.144257	103.094971
2323.466667	-509.117493	103.126831
2323.533333	-509.117493	103.126831
2323.600000	-509.171722	103.143532
2323.666667	-509.373169	103.126579
2323.733333	-509.085663	103.164276
2323.800000	-509.135498	103.210205
2323.866667	-508.989716	103.229919
2323.933333	-508.989716	103.229919
2324.000000	-509.023376	103.232788
2324.066667	-509.099670	103.088417
2324.133333	-509.073334	103.225471
2324.200000	-509.036804	103.208817
2324.266667	-509.018738	103.092407
2324.333333	-509.018372	103.151184
2324.400000	-509.018372	103.151184
2324.466667	-509.080078	103.133911
2324.533333	-509.300903	102.833382
2324.600000	-508.894409	103.031334
2324.666667	-508.996399	103.043045
2324.733333	-508.996399	103.043045
2324.800000	-508.996399	103.043045
2324.866667	-508.966034	102.673843
2324.933333	-508.876068	102.843437
2325.000000	-508.937744	102.700279
2325.066667	-508.824860	102.929008
2325.133333	-508.821594	102.925735
2325.200000	-508.821594	102.925735
2325.266667	-508.851166	103.027809
2325.333333	-508.831787	103.084572
2325.400000	-508.908783	103.055557
2325.466667	-508.887390	103.175880
2325.533333	-508.806000	103.135170
2325.600000	-508.831604	103.192932
2325.666667	-508.831604	103.192932
2325.733333	-508.892792	103.050171
2325.800000	-508.912201	103.176773
2325.866667	-508.871185	103.285294
2325.933333	-508.749725	103.272461
2326.000000	-508.881073	103.155579
2326.066667	-508.881073	103.155579
2326.133333	-508.735718	103.224396
2326.200000	-508.899933	103.100609
2326.266667	-508.667328	103.241776
2326.333333	-508.650391	103.169373
2326.400000	-508.657837	102.995987
2326.466667	-508.657837	102.995987
2326.533333	-508.540588	103.292953
2326.600000	-508.556335	103.342567
2326.666667	-508.584412	102.986511
2326.733333	-508.615479	102.912788
2326.800000	-508.685608	102.981567
2326.866667	-508.685608	102.981567
2326.933333	-508.421112	103.080879
2327.000000	-508.517090	102.975449
2327.066667	-508.479279	102.991264
2327.133333	-508.461548	103.011963
2327.200000	-508.448822	103.035873
2327.266667	-508.421722	103.027977
2327.333333	-508.421722	103.027977
2327.400000	-508.458496	103.000893
2327.466667	-508.392914	102.989067
2327.533333	-508.361450	103.100136
2327.600000	-508.372803	103.125420
2327.666667	-508.510529	103.335449
2327.733333	-508.510529	103.335449
2327.800000	-508.360748	103.176842
2327.866667	-508.297180	103.482613
2327.933333	-508.379425	103.201263
2328.000000	-508.322266	103.276436
2328.066667	-508.260498	103.327667
2328.133333	-508.260498	103.327667
2328.200000	-508.385010	103.246796
2328.266667	-508.370239	103.389206
2328.333333	-508.168579	103.302162
2328.400000	-508.335876	103.355865
2328.466667	-508.375854	103.245827
2328.533333	-508.256592	103.245934
2328.600000	-508.256592	103.245934
2328.666667	-508.137726	103.218307
2328.733333	-508.244843	103.009247
2328.800000	-508.260773	103.021393
2328.866667	-508.197815	102.981163
2328.933333	-508.189178	103.023315
2329.000000	-508.189178	103.023315
2329.066667	-508.029663	103.179169
2329.133333	-507.970367	103.041168
2329.200000	-508.086670	103.144302
2329.266667	-508.208313	102.926933
2329.333333	-508.112091	103.025330
2329.400000	-508.112091	103.025330
2329.466667	-508.077728	103.151352
2329.533333	-508.014618	103.031075
2329.600000	-508.088074	103.172676
2329.666667	-507.932648	103.152031
2329.733333	-507.985229	103.152718
2329.800000	-507.895386	103.330650
2329.866667	-507.999634	103.214638
2329.933333	-508.070618	103.173973
2330.000000	-507.920746	103.249428
2330.066667	-507.935913	103.488914
2330.133333	-507.776459	103.484299
2330.200000	-507.969360	103.409828
2330.266667	-508.021118	103.261116
2330.333333	-507.885345	103.342110
2330.400000	-507.758362	103.505569
2330.466667	-507.769226	103.204437
2330.533333	-507.668396	103.461922
2330.600000	-507.775055	103.360985
2330.666667	-507.649902	103.285995
2330.733333	-507.704773	103.272331
2330.800000	-507.731842	103.245476
2330.866667	-507.641357	103.060616
2330.933333	-507.770203	103.016182
2331.000000	-507.621429	103.177284
2331.066667	-507.739380	103.218155
2331.133333	-507.588623	103.132133
2331.200000	-507.529968	103.171761
2331.266667	-507.543243	103.164368
2331.333333	-507.613068	103.022118
2331.400000	-507.584015	103.171860
2331.466667	-507.523163	103.214127
2331.533333	-507.621948	103.016563
2331.600000	-507.546570	103.346245
2331.666667	-507.490814	103.185608
2331.733333	-507.482849	103.155937
2331.800000	-507.467896	103.352722
2331.866667	-507.530945	103.393562
2331.933333	-507.386169	103.391968
2332.000000	-507.479126	103.236496
2332.066667	-507.495026	103.438164
2332.133333	-507.570587	103.191963
2332.200000	-507.321594	103.423195
2332.266667	-507.357819	103.420151
2332.333333	-507.439270	103.442184
2332.400000	-507.542725	103.323021
2332.466667	-507.367310	103.505157
2332.533333	-507.340210	103.543571
2332.600000	-507.384308	103.363472
2332.666667	-507.228027	103.581345
2332.733333	-507.189026	103.463409
2332.800000	-507.220367	103.556892
2332.866667	-507.287292	103.408730
2332.933333	-507.140930	103.396988
2333.000000	-507.102905	103.227318
2333.066667	-507.114777	103.366791
2333.133333	-507.066742	103.320107
2333.200000	-507.022736	103.178818
2333.266667	-507.124573	103.296410
2333.333333	-506.942230	103.186974
2333.400000	-507.078003	103.240219
2333.466667	-506.955383	103.225800
2333.533333	-506.953857	103.258629
2333.600000	-507.023041	103.135201
2333.666667	-507.088684	103.191772
2333.733333	-506.996796	103.206879
2333.800000	-506.973633	103.342903
2333.866667	-506.995422	103.207314
2333.933333	-506.883270	103.496429
2334.000000	-506.820038	103.247086
2334.066667	-506.754639	103.414383
2334.133333	-506.850830	103.428833
2334.200000	-506.982452	103.631638
2334.266667	-506.938446	103.372650
2334.333333	-506.947571	103.429977
2334.400000	-506.842316	103.642670
2334.466667	-506.841949	103.514648
2334.533333	-506.823334	103.673531
2334.600000	-506.860443	103.414406
2334.666667	-506.688293	103.651627
2334.733333	-506.758575	103.433640
2334.800000	-506.792542	103.466011
2334.866667	-506.667938	103.416710
2334.933333	-506.727570	103.361664
2335.000000	-506.679230	103.481827
2335.066667	-506.632782	103.636055
2335.133333	-506.488495	103.432632
2335.200000	-506.506012	103.361160
2335.266667	-506.684662	103.373695
2335.333333	-506.531891	103.393417
2335.400000	-506.302368	103.424774
2335.466667	-506.387207	103.307762
2335.533333	-506.337921	103.371132
2335.600000	-506.375580	103.220482
2335.666667	-506.329437	103.511917
2335.733333	-506.325836	103.283974
2335.800000	-506.374420	103.481293
2335.866667	-506.371490	103.398148
2335.933333	-506.321930	103.358902
2336.000000	-506.365753	103.382072
2336.066667	-506.350494	103.466812
2336.133333	-506.268982	103.400337
2336.200000	-506.322754	103.546577
2336.266667	-506.382996	103.473824
2336.333333	-506.256256	103.615112
2336.400000	-506.315979	103.539139
2336.466667	-506.228912	103.648422
2336.533333	-506.166077	103.578629
2336.600000	-506.252106	103.645485
2336.666667	-506.039703	103.767303
2336.733333	-506.059265	103.828255
2336.800000	-506.198273	103.528809
2336.866667	-506.085693	103.454361
2336.933333	-506.237213	103.686447
2337.000000	-505.895844	103.641960
2337.066667	-506.036987	103.489693
2337.133333	-505.916779	103.551765
2337.200000	-505.932159	103.654587
2337.266667	-505.807739	103.578964
2337.333333	-505.934845	103.483833
2337.400000	-505.899048	103.563034
2337.466667	-505.886963	103.386780
2337.533333	-505.731506	103.366455
2337.600000	-505.756470	103.611755
2337.666667	-505.685089	103.394714
2337.733333	-505.690521	103.197159
2337.800000	-505.610687	103.533913
2337.866667	-505.554474	103.571396
2337.933333	-505.700134	103.244026
2338.000000	-505.649414	103.348808
2338.066667	-505.732422	103.379669
2338.133333	-505.706543	103.518990
2338.200000	-505.651917	103.653305
2338.266667	-505.653198	103.546997
2338.333333	-505.599030	103.457924
2338.400000	-505.469543	103.739838
2338.466667	-505.618988	103.715538
2338.533333	-505.530273	103.772728
2338.600000	-505.477600	103.662682
2338.666667	-505.279175	103.970261
2338.733333	-505.489624	103.750168
2338.800000	-505.364197	103.794960
2338.866667	-505.236847	103.841728
2338.933333	-505.221252	103.811348
2339.000000	-505.215729	103.823181
2339.066667	-505.090179	103.794479
2339.133333	-505.116425	103.954155
2339.200000	-505.175903	103.740517
2339.266667	-505.183563	103.615631
2339.333333	-505.169342	103.769791
2339.400000	-505.138947	103.584747
2339.466667	-505.149750	103.661888
2339.533333	-505.163025	103.486534
2339.600000	-504.998291	103.637482
2339.666667	-505.051666	103.538033
2339.733333	-504.963074	103.548134
2339.800000	-504.949524	103.577316
2339.866667	-504.973907	103.542633
2339.933333	-505.003265	103.464317
2340.000000	-504.931854	103.753708
