10260.066667	-338.953217	127.396729
10260.133333	-339.237732	127.303368
10260.200000	-339.351746	127.375610
10260.266667	-339.444611	127.273186
10260.333333	-339.766846	127.202827
10260.400000	-339.956085	127.288635
10260.466667	-340.092010	127.310272
10260.533333	-340.367523	127.101074
10260.600000	-340.570862	127.227142
10260.666667	-340.730743	127.291428
10260.733333	-341.024872	127.291519
10260.800000	-341.220520	127.221832
10260.866667	-341.519012	127.137146
10260.933333	-341.806671	127.181618
10261.000000	-341.931549	127.221413
10261.066667	-342.058716	127.344864
10261.133333	-342.387238	127.346794
10261.200000	-342.492584	127.401573
10261.266667	-342.676910	127.286247
10261.333333	-343.017212	127.298958
10261.400000	-343.228241	127.242622
10261.466667	-343.317902	127.321678
10261.533333	-343.664612	127.204674
10261.600000	-343.869690	127.162392
10261.666667	-343.914368	127.169823
10261.733333	-344.141083	127.056961
10261.800000	-344.339325	127.087906
10261.866667	-344.531708	126.987846
10261.933333	-344.668945	126.985161
10262.000000	-345.009827	126.964455
10262.066667	-345.135101	126.831055
10262.133333	-345.334351	126.802650
10262.200000	-345.521759	126.700760
10262.266667	-345.753143	126.632889
10262.333333	-345.866974	126.592461
10262.400000	-346.158478	126.656586
10262.466667	-346.343445	126.512009
10262.533333	-346.522278	126.569725
10262.600000	-346.714691	126.568596
10262.666667	-346.872955	126.470604
10262.733333	-347.214233	126.488632
10262.800000	-347.332001	126.507690
10262.866667	-347.636078	126.444580
10262.933333	-347.835297	126.486145
10263.000000	-348.087769	126.537285
10263.066667	-348.302887	126.648994
10263.133333	-348.447327	126.602219
10263.200000	-348.684662	126.599579
10263.266667	-348.987640	126.594925
10263.333333	-349.092743	126.525841
10263.400000	-349.265045	126.652748
10263.466667	-349.565155	126.464333
10263.533333	-349.723206	126.521492
10263.600000	-349.942200	126.558609
10263.666667	-350.168335	126.464546
10263.733333	-350.432831	126.466621
10263.800000	-350.476715	126.581039
10263.866667	-350.681183	126.355728
10263.933333	-350.938721	126.234909
10264.000000	-351.001129	126.415932
10264.066667	-351.219910	126.269035
10264.133333	-351.500000	126.152992
10264.200000	-351.643677	126.099075
10264.266667	-351.873322	126.044899
10264.333333	-351.968811	126.131607
10264.400000	-352.221680	125.998077
10264.466667	-352.363892	126.033630
10264.533333	-352.554443	125.929138
10264.600000	-352.751434	125.891296
10264.666667	-353.094666	125.791328
10264.733333	-353.198975	125.804955
10264.800000	-353.506927	125.819107
10264.866667	-353.697113	125.774399
10264.933333	-353.873901	125.832878
10265.000000	-354.057465	125.697456
10265.066667	-354.308899	125.861588
10265.133333	-354.465118	125.900490
10265.200000	-354.636902	125.849571
10265.266667	-354.911407	125.920464
10265.333333	-355.124542	125.920464
10265.400000	-355.373413	125.965477
10265.466667	-355.496826	125.905983
10265.533333	-355.660675	125.977386
10265.600000	-355.868866	125.899178
10265.666667	-356.213684	125.831116
10265.733333	-356.310150	125.852478
10265.800000	-356.567474	125.882072
10265.866667	-356.743683	125.789558
10265.933333	-356.970032	125.790947
10266.000000	-357.069275	125.627136
10266.066667	-357.360840	125.572807
10266.133333	-357.543152	125.518364
10266.200000	-357.621674	125.526245
10266.266667	-357.847534	125.585503
10266.333333	-358.164825	125.398712
10266.400000	-358.170319	125.420433
10266.466667	-358.380188	125.348381
10266.533333	-358.733154	125.256721
10266.600000	-358.892639	125.172890
10266.666667	-358.981232	125.205933
10266.733333	-359.098206	125.249367
10266.800000	-359.354065	125.099716
10266.866667	-359.612946	125.111763
10266.933333	-359.684113	125.119865
10267.000000	-359.906769	125.176437
10267.066667	-360.164886	125.091240
10267.133333	-360.383087	125.133331
10267.200000	-360.685791	125.152664
10267.266667	-360.833832	125.150345
10267.333333	-361.036011	125.156448
10267.400000	-361.160553	125.189995
10267.466667	-361.410400	125.207146
10267.533333	-361.589935	125.148697
10267.600000	-361.847931	125.318924
10267.666667	-362.077576	125.261337
10267.733333	-362.217712	125.142441
10267.800000	-362.447723	125.094627
10267.866667	-362.656891	125.024139
10267.933333	-362.756195	125.091774
10268.000000	-363.071198	125.119949
10268.066667	-363.186035	125.049690
10268.133333	-363.351593	124.966103
10268.200000	-363.470551	124.994171
10268.266667	-363.696655	124.931107
10268.333333	-363.934357	124.936760
10268.400000	-364.141357	124.785271
10268.466667	-364.379333	124.578140
10268.533333	-364.584442	124.548538
10268.600000	-364.652435	124.583290
10268.666667	-364.991119	124.608711
10268.733333	-365.123108	124.479225
10268.800000	-365.250305	124.372116
10268.866667	-365.396515	124.508072
10268.933333	-365.545258	124.472275
10269.000000	-365.808929	124.444923
10269.066667	-366.074371	124.379112
10269.133333	-366.223450	124.456032
10269.200000	-366.361969	124.338623
10269.266667	-366.645142	124.390549
10269.333333	-366.878845	124.401657
10269.400000	-366.896576	124.437447
10269.466667	-367.262177	124.473183
10269.533333	-367.516418	124.420753
10269.600000	-367.653198	124.450905
10269.666667	-368.084137	124.444061
10269.733333	-368.084137	124.444061
10269.800000	-368.195282	124.514557
10269.866667	-368.560883	124.356552
10269.933333	-368.641083	124.396645
10270.000000	-368.942566	124.423935
10270.066667	-369.057098	124.347992
10270.133333	-369.414398	124.228928
10270.200000	-369.414398	124.228928
10270.266667	-369.547760	124.264786
10270.333333	-369.859344	124.179550
10270.400000	-369.983551	124.054169
10270.466667	-370.076111	124.080620
10270.533333	-370.499359	123.930855
10270.600000	-370.499359	123.930855
10270.666667	-370.685852	123.782677
10270.733333	-370.786407	123.809547
10270.800000	-371.048920	123.843781
10270.866667	-371.238373	123.821922
10270.933333	-371.586487	123.684769
10271.000000	-371.586487	123.684769
10271.066667	-371.762787	123.798424
10271.133333	-372.027435	123.611366
10271.200000	-372.260193	123.656403
10271.266667	-372.624786	123.707512
10271.333333	-372.882690	123.561607
10271.400000	-373.197510	123.650642
10271.466667	-373.197510	123.650642
10271.533333	-373.183868	123.769096
10271.600000	-373.445068	123.873550
10271.666667	-373.554932	123.901924
10271.733333	-374.085785	123.764999
10271.800000	-374.353424	123.718781
10271.866667	-374.353424	123.718781
10271.933333	-374.410736	123.837547
10272.000000	-374.663483	123.762856
10272.066667	-374.810333	123.766800
10272.133333	-375.304443	123.632339
10272.200000	-375.310242	123.747017
10272.266667	-375.310242	123.747017
10272.333333	-375.636841	123.490196
10272.400000	-375.771942	123.601059
10272.466667	-376.012115	123.449722
10272.533333	-376.404724	123.354843
10272.600000	-376.570038	123.481888
10272.666667	-376.656860	123.292030
10272.733333	-376.656860	123.292030
10272.800000	-376.905243	123.205696
10272.866667	-377.209381	123.127266
10272.933333	-377.364990	123.219498
10273.000000	-377.625305	123.148468
10273.066667	-377.906799	122.988594
10273.133333	-377.906799	122.988594
10273.200000	-377.986450	123.054939
10273.266667	-378.246979	122.972351
10273.333333	-378.504120	123.143074
10273.400000	-378.884979	122.928391
10273.466667	-379.048157	123.036880
10273.533333	-379.048157	123.036880
10273.600000	-379.316376	122.992714
10273.666667	-379.452911	122.951897
10273.733333	-379.765472	123.048691
10273.800000	-380.152374	123.008926
10273.866667	-380.368195	123.077477
10273.933333	-380.368195	123.077477
10274.000000	-380.403351	123.092133
10274.066667	-380.647034	123.026802
10274.133333	-381.146820	123.000793
10274.200000	-381.232727	123.084579
10274.266667	-381.395416	123.076630
10274.333333	-381.663239	122.812744
10274.400000	-381.663239	122.812744
10274.466667	-382.087708	122.969803
10274.533333	-382.241425	122.861862
10274.600000	-382.431427	122.644226
10274.666667	-382.601959	122.644905
10274.733333	-382.569824	122.778358
10274.800000	-382.569824	122.778358
10274.866667	-382.892517	122.532471
10274.933333	-383.310577	122.462318
10275.000000	-383.609894	122.323723
10275.066667	-383.730560	122.283966
10275.133333	-383.735046	122.382111
10275.200000	-383.735046	122.382111
10275.266667	-384.014282	122.360382
10275.333333	-384.444244	122.290642
10275.400000	-384.714539	122.203629
10275.466667	-384.898346	122.185661
10275.533333	-385.118317	122.248619
10275.600000	-385.190826	122.389702
10275.666667	-385.190826	122.389702
10275.733333	-385.686127	122.343323
10275.800000	-385.774017	122.482063
10275.866667	-386.197510	122.410049
10275.933333	-386.373810	122.415916
10276.000000	-386.545563	122.220161
10276.066667	-386.545563	122.220161
10276.133333	-386.913971	122.275146
10276.200000	-387.148895	122.241585
10276.266667	-387.252319	122.388252
10276.333333	-387.542694	122.181221
10276.400000	-387.778137	122.142830
10276.466667	-387.889526	122.351723
10276.533333	-388.062500	122.188576
10276.600000	-388.205627	122.097969
10276.666667	-388.526428	121.994728
10276.733333	-388.793793	121.928047
10276.800000	-388.835724	121.823875
10276.866667	-388.835724	121.823875
10276.933333	-389.243500	121.727539
10277.000000	-389.319824	121.698967
10277.066667	-389.553192	121.553246
10277.133333	-389.711823	121.684105
10277.200000	-389.942474	121.497597
10277.266667	-390.070923	121.441010
10277.333333	-390.330627	121.507401
10277.400000	-390.505066	121.595718
10277.466667	-390.710571	121.397141
10277.533333	-390.954742	121.474632
10277.600000	-391.313324	121.348007
10277.666667	-391.395264	121.517693
10277.733333	-391.628571	121.410728
10277.800000	-391.838379	121.516579
10277.866667	-391.926636	121.597855
10277.933333	-392.306396	121.486458
10278.000000	-392.410461	121.550049
10278.066667	-392.538483	121.548538
10278.133333	-392.862549	121.513855
10278.200000	-393.069061	121.553604
10278.266667	-393.330597	121.377296
10278.333333	-393.437622	121.520622
10278.400000	-393.643524	121.611488
10278.466667	-393.916992	121.530357
10278.533333	-394.008423	121.424118
10278.600000	-394.333954	121.344246
10278.666667	-394.472809	121.381531
10278.733333	-394.559143	121.431763
10278.800000	-394.791718	121.336609
10278.866667	-394.978577	121.154228
10278.933333	-395.201477	121.172867
10279.000000	-395.376648	121.044678
10279.066667	-395.670624	121.022270
10279.133333	-395.767395	120.937607
10279.200000	-395.941467	120.947937
10279.266667	-396.176910	120.828308
10279.333333	-396.338806	120.668236
10279.400000	-396.585236	121.014252
10279.466667	-396.739899	120.703087
10279.533333	-396.928802	120.689354
10279.600000	-397.076752	120.769737
10279.666667	-397.267670	120.669556
10279.733333	-397.484161	120.752365
10279.800000	-397.777710	120.679916
10279.866667	-397.921967	120.788116
10279.933333	-398.242676	120.667915
10280.000000	-398.395752	120.711563
10280.066667	-398.532776	120.891792
10280.133333	-398.866425	120.759895
10280.200000	-399.032837	120.715027
10280.266667	-399.283203	120.618752
10280.333333	-399.475983	120.717125
10280.400000	-399.706787	120.600914
10280.466667	-399.837006	120.665527
10280.533333	-400.008820	120.799744
10280.600000	-400.319519	120.562355
10280.666667	-400.369324	120.765556
10280.733333	-400.714722	120.665421
10280.800000	-401.001312	120.419586
10280.866667	-401.074036	120.414635
10280.933333	-401.214691	120.477501
10281.000000	-401.402405	120.367516
10281.066667	-401.670868	120.304306
10281.133333	-401.809265	120.171738
10281.200000	-402.034882	120.077583
10281.266667	-402.366089	119.974731
10281.333333	-402.447754	120.139229
10281.400000	-402.566986	120.111511
10281.466667	-402.912537	120.045876
10281.533333	-403.013275	119.976135
10281.600000	-403.272797	119.863106
10281.666667	-403.526855	119.959785
10281.733333	-403.564117	119.912621
10281.800000	-403.936157	120.036278
10281.866667	-404.128113	119.788536
10281.933333	-404.250671	119.975189
10282.000000	-404.419189	119.895195
10282.066667	-404.713623	119.850906
10282.133333	-404.857086	119.982040
10282.200000	-405.091797	119.906380
10282.266667	-405.186096	119.906815
10282.333333	-405.581635	119.942299
10282.400000	-405.816681	119.783432
10282.466667	-405.923126	120.023598
10282.533333	-406.145996	120.022476
10282.600000	-406.353180	119.792679
10282.666667	-406.616913	119.891472
10282.733333	-406.772949	119.832352
10282.800000	-407.027985	119.786552
10282.866667	-407.185547	119.774582
10282.933333	-407.393982	119.719521
10283.000000	-407.634949	119.599510
10283.066667	-407.679962	119.774582
10283.133333	-408.120087	119.502533
10283.200000	-408.218842	119.555717
10283.266667	-408.378876	119.398491
10283.333333	-408.495483	119.343071
10283.400000	-408.852661	119.217941
10283.466667	-408.931030	119.354408
10283.533333	-409.259674	119.122879
10283.600000	-409.298798	119.131226
10283.666667	-409.568359	119.219017
10283.733333	-409.722076	119.191452
10283.800000	-410.048706	119.079147
10283.866667	-410.117126	119.140518
10283.933333	-410.354126	119.075439
10284.000000	-410.799225	119.021126
10284.066667	-410.747864	119.183022
10284.133333	-411.043579	119.096848
10284.200000	-411.331848	119.117630
10284.266667	-411.550049	119.254646
10284.333333	-411.685425	119.162102
10284.400000	-412.027954	119.136436
10284.466667	-412.178192	119.123360
10284.533333	-412.277832	119.193810
10284.600000	-412.492950	119.199875
10284.666667	-412.713562	119.074028
10284.733333	-412.846497	119.136314
10284.800000	-413.041321	119.142822
10284.866667	-413.442596	119.064529
10284.933333	-413.474792	118.936996
10285.000000	-413.832336	118.873680
10285.066667	-414.019928	118.925880
10285.133333	-414.167175	119.032951
10285.200000	-414.284637	118.825394
10285.266667	-414.577515	118.708664
10285.333333	-414.691162	118.677620
10285.400000	-414.840302	118.578827
10285.466667	-414.980865	118.521957
10285.533333	-415.306763	118.540268
10285.600000	-415.505707	118.422302
10285.666667	-415.598511	118.514061
10285.733333	-416.006439	118.308075
10285.800000	-416.065857	118.413765
10285.866667	-416.164246	118.342102
10285.933333	-416.459900	118.332085
10286.000000	-416.707550	118.355522
10286.066667	-416.847107	118.308403
10286.133333	-417.205017	118.165939
10286.200000	-417.301941	118.348640
10286.266667	-417.508423	118.177216
10286.333333	-417.639618	118.296936
10286.400000	-418.054779	118.185410
10286.466667	-418.174011	118.245117
10286.533333	-418.254791	118.196762
10286.600000	-418.696289	118.226913
10286.666667	-418.799011	118.249168
10286.733333	-418.942566	118.278603
10286.800000	-419.170258	118.200356
10286.866667	-419.455200	118.241432
10286.933333	-419.700745	118.189919
10287.000000	-419.843292	118.033440
10287.066667	-419.932739	118.153130
10287.133333	-420.063232	118.000816
10287.200000	-420.283691	118.106873
10287.266667	-420.619141	117.947121
10287.333333	-420.742340	117.840080
10287.400000	-420.847046	117.884735
10287.466667	-421.082611	117.750671
10287.533333	-421.341919	117.679253
10287.600000	-421.487549	117.746140
10287.666667	-421.649231	117.653496
10287.733333	-422.006165	117.479683
10287.800000	-421.996185	117.505630
10287.866667	-422.334564	117.495377
10287.933333	-422.453949	117.499092
10288.000000	-422.620087	117.427071
10288.066667	-422.822021	117.384651
10288.133333	-423.084412	117.404526
10288.200000	-423.311859	117.506004
10288.266667	-423.394653	117.515442
10288.333333	-423.793854	117.382874
10288.400000	-423.967468	117.315544
10288.466667	-424.077423	117.462593
10288.533333	-424.348328	117.401955
10288.600000	-424.420898	117.571007
10288.666667	-424.788300	117.521172
10288.733333	-424.973480	117.544502
10288.800000	-425.187408	117.540352
10288.866667	-425.232391	117.485657
10288.933333	-425.631348	117.449310
10289.000000	-425.736572	117.401184
10289.066667	-425.892487	117.379379
10289.133333	-426.163269	117.288162
10289.200000	-426.413818	117.214279
10289.266667	-426.512512	117.212738
10289.333333	-426.622467	117.167236
10289.400000	-426.890686	117.294449
10289.466667	-427.153290	116.943611
10289.533333	-427.279510	117.026031
10289.600000	-427.503174	116.790932
10289.666667	-427.642700	116.857559
10289.733333	-427.801086	116.881744
10289.800000	-427.993530	116.896782
10289.866667	-428.176941	116.615082
10289.933333	-428.344849	116.550415
10290.000000	-428.589111	116.755852
10290.066667	-428.761383	116.716568
10290.133333	-428.844849	116.472458
10290.200000	-429.087158	116.513939
10290.266667	-429.396210	116.394485
10290.333333	-429.529816	116.601105
10290.400000	-429.813568	116.545113
10290.466667	-430.101471	116.435486
10290.533333	-430.128296	116.664444
10290.600000	-430.446533	116.622292
10290.666667	-430.575989	116.618690
10290.733333	-430.855011	116.542122
10290.800000	-430.918182	116.656387
10290.866667	-431.235321	116.515320
10290.933333	-431.470825	116.709541
10291.000000	-431.609314	116.686562
10291.066667	-431.838196	116.595818
10291.133333	-431.946136	116.571152
10291.200000	-432.115204	116.574409
10291.266667	-432.342346	116.570724
10291.333333	-432.561890	116.445305
10291.400000	-432.802032	116.314545
10291.466667	-432.946777	116.429581
10291.533333	-433.150757	116.187683
10291.600000	-433.445404	116.028374
10291.666667	-433.503204	116.311874
10291.733333	-433.645294	116.088150
10291.800000	-433.877380	115.934883
10291.866667	-434.064514	115.916161
10291.933333	-434.199951	115.867790
10292.000000	-434.409149	116.014091
10292.066667	-434.485199	115.864952
10292.133333	-434.752136	115.897865
10292.200000	-435.016235	115.759163
10292.266667	-435.100189	115.900970
10292.333333	-435.174225	115.785118
10292.400000	-435.678741	115.779976
10292.466667	-435.696503	115.669762
10292.533333	-435.916870	115.735550
10292.600000	-436.138672	115.846375
10292.666667	-436.345612	115.769112
10292.733333	-436.591919	115.767090
10292.800000	-436.661377	115.902863
10292.866667	-436.946289	115.789734
10292.933333	-437.057129	115.833748
10293.000000	-437.397156	115.648293
10293.066667	-437.514709	115.920189
10293.133333	-437.681976	115.768997
10293.200000	-437.883728	115.654770
10293.266667	-438.210754	115.546616
10293.333333	-438.279633	115.642059
10293.400000	-438.437653	115.818794
10293.466667	-438.730133	115.520309
10293.533333	-438.932007	115.495232
10293.600000	-438.972961	115.459122
10293.666667	-439.288879	115.372086
10293.733333	-439.397644	115.460213
10293.800000	-439.644135	115.258347
10293.866667	-439.824097	115.198753
10293.933333	-439.954315	115.252197
10294.000000	-440.202911	115.097908
10294.066667	-440.222168	115.038223
10294.133333	-440.400604	115.180824
10294.200000	-440.690155	114.824715
10294.266667	-440.912567	114.807762
10294.333333	-440.974701	115.238731
10294.400000	-441.152557	114.890694
10294.466667	-441.467651	114.903717
10294.533333	-441.531860	115.004478
10294.600000	-441.920593	115.049652
10294.666667	-441.983765	114.818642
10294.733333	-442.241425	114.934120
10294.800000	-442.466492	114.961868
10294.866667	-442.645752	114.812172
10294.933333	-442.674683	114.856560
10295.000000	-443.021545	114.988701
10295.066667	-443.287933	114.812019
10295.133333	-443.347778	114.895538
10295.200000	-443.721832	115.034119
10295.266667	-443.840271	114.824013
10295.333333	-443.984253	114.861115
10295.400000	-444.277740	114.753632
10295.466667	-444.259338	115.025879
10295.533333	-444.555145	114.776909
10295.600000	-444.620087	114.857826
10295.666667	-444.832489	114.738724
10295.733333	-445.210724	114.533569
10295.800000	-445.413086	114.457161
10295.866667	-445.381256	114.574211
10295.933333	-445.701141	114.565010
10296.000000	-445.768158	114.565430
10296.066667	-445.936829	114.410278
10296.133333	-446.257874	114.202759
10296.200000	-446.410889	114.236694
10296.266667	-446.546448	114.165787
10296.333333	-446.580933	114.199333
10296.400000	-446.966675	113.872284
10296.466667	-447.039581	114.125641
10296.533333	-447.149963	114.036736
10296.600000	-447.441559	113.844017
10296.666667	-447.728821	113.908928
10296.733333	-447.841217	114.112717
10296.800000	-447.970490	113.989441
10296.866667	-448.318817	114.041565
10296.933333	-448.447571	113.890732
10297.000000	-448.659698	114.052795
10297.066667	-448.744476	113.886200
10297.133333	-449.050018	114.005890
10297.200000	-449.329407	114.027008
10297.266667	-449.532623	114.196106
10297.333333	-449.645752	113.996750
10297.400000	-449.693329	113.972458
10297.466667	-450.008209	113.934189
10297.533333	-450.027557	113.802963
10297.600000	-450.261658	113.993317
10297.666667	-447.323181	113.568512
10297.733333	-450.660736	113.860565
10297.800000	-450.877747	113.878349
10297.866667	-451.017029	113.894531
10297.933333	-451.209503	113.924828
10298.000000	-451.424103	113.636017
10298.066667	-451.614136	113.550850
10298.133333	-451.700409	113.547874
10298.200000	-451.868042	113.394150
10298.266667	-452.077637	113.460930
10298.333333	-452.208832	113.511833
10298.400000	-452.406250	113.485611
10298.466667	-452.539764	113.155617
10298.533333	-452.699310	113.334999
10298.600000	-453.083008	113.038307
10298.666667	-453.296783	113.147827
10298.733333	-453.411713	113.173584
10298.800000	-453.489502	113.231590
10298.866667	-453.640411	113.006096
10298.933333	-454.011230	113.115791
10299.000000	-454.211578	113.110291
10299.066667	-454.212402	113.329262
10299.133333	-454.550476	113.158325
10299.200000	-454.649414	113.234398
10299.266667	-454.876709	113.192268
10299.333333	-455.028748	113.199791
10299.400000	-455.143036	113.306046
10299.466667	-455.540161	113.091492
10299.533333	-455.567200	113.178253
10299.600000	-455.857544	113.151276
10299.666667	-456.228302	112.895729
10299.733333	-456.278351	112.971504
10299.800000	-456.357910	113.058838
10299.866667	-456.715332	112.996048
10299.933333	-456.843475	112.859711
10300.000000	-456.870972	113.097137
10300.066667	-457.200043	112.876221
10300.133333	-457.381531	112.727135
10300.200000	-457.545868	112.656395
10300.266667	-457.631927	112.544533
10300.333333	-457.885406	112.631073
10300.400000	-457.834869	112.592400
10300.466667	-458.260040	112.469383
10300.533333	-458.288879	112.488548
10300.600000	-458.499359	112.540634
10300.666667	-458.591248	112.301651
10300.733333	-458.744171	112.463234
10300.800000	-458.944550	112.236458
10300.866667	-459.206970	112.397743
10300.933333	-459.431122	112.251732
10301.000000	-459.628235	112.436401
10301.066667	-459.653656	112.418999
10301.133333	-460.013641	112.423134
10301.200000	-460.171936	112.130783
10301.266667	-460.234039	112.319801
10301.333333	-460.527222	112.421440
10301.400000	-460.876953	112.324089
10301.466667	-460.981995	112.284660
10301.533333	-461.083923	112.487785
10301.600000	-461.371185	112.218422
10301.666667	-461.513947	112.425156
10301.733333	-461.508942	112.280319
10301.800000	-461.943329	112.268425
10301.866667	-462.167419	112.081940
10301.933333	-462.174133	112.095322
10302.000000	-462.529846	112.467262
10302.066667	-462.625061	112.061203
10302.133333	-462.764252	112.093773
10302.200000	-462.868713	111.978485
10302.266667	-463.012787	112.066132
10302.333333	-463.419128	111.823662
10302.400000	-463.517395	111.581421
10302.466667	-463.554077	111.978775
10302.533333	-463.808167	111.701935
10302.600000	-464.065582	111.718513
10302.666667	-464.148163	111.725616
10302.733333	-464.253693	111.632278
10302.800000	-464.642975	111.395340
10302.866667	-464.643372	111.499069
10302.933333	-464.799744	111.471436
10303.000000	-464.863037	111.565712
10303.066667	-465.168396	111.510345
10303.133333	-465.356995	111.365517
10303.200000	-465.493317	111.599678
10303.266667	-465.719269	111.564072
10303.333333	-466.019073	111.326500
10303.400000	-466.074097	111.722664
10303.466667	-466.294312	111.560646
10303.533333	-466.542999	111.707832
10303.600000	-466.526062	111.736671
10303.666667	-466.766296	111.711601
10303.733333	-466.925018	111.597610
10303.800000	-467.163849	111.601700
10303.866667	-467.341309	111.542664
10303.933333	-467.466309	111.566200
10304.000000	-467.770355	111.215118
10304.066667	-467.940979	111.273499
10304.133333	-468.176971	111.286537
10304.200000	-468.269684	111.561867
10304.266667	-468.545837	111.063103
10304.333333	-468.662292	111.054382
10304.400000	-468.817078	111.145935
10304.466667	-468.826660	110.870628
10304.533333	-469.099365	111.255058
10304.600000	-469.250092	110.638351
10304.666667	-469.387177	110.777084
10304.733333	-469.535889	110.815140
10304.800000	-469.842957	110.870270
10304.866667	-470.022339	110.773453
10304.933333	-470.087555	110.904785
10305.000000	-470.353668	110.717171
10305.066667	-470.492493	110.572227
10305.133333	-470.608704	110.679153
10305.200000	-470.846497	110.527824
10305.266667	-471.006653	110.700531
10305.333333	-471.529541	110.455162
10305.400000	-471.529541	110.455162
10305.466667	-471.599854	110.834656
10305.533333	-471.845032	110.608688
10305.600000	-472.053802	110.445480
10305.666667	-472.111267	110.815598
10305.733333	-472.436127	110.787270
10305.800000	-472.436127	110.787270
10305.866667	-472.818054	110.745811
10305.933333	-472.859711	110.591103
10306.000000	-473.190948	110.693863
10306.066667	-473.333374	110.559586
10306.133333	-473.473846	110.449059
10306.200000	-473.473846	110.449059
10306.266667	-473.763245	110.428101
10306.333333	-473.946808	110.300949
10306.400000	-474.066528	110.347542
10306.466667	-474.389099	110.430664
10306.533333	-474.563995	110.211281
10306.600000	-474.857910	110.259872
10306.666667	-474.857910	110.259872
10306.733333	-474.752747	110.218620
10306.800000	-475.109131	110.024094
10306.866667	-475.394226	109.993980
10306.933333	-475.585083	109.778549
10307.000000	-475.704773	109.940712
10307.066667	-475.704773	109.940712
10307.133333	-475.975250	109.678978
10307.200000	-475.945099	109.920563
10307.266667	-476.298706	109.822662
10307.333333	-476.535400	109.787971
10307.400000	-476.724609	109.944061
10307.466667	-476.724609	109.944061
10307.533333	-477.045349	109.864189
10307.600000	-477.284027	109.688927
10307.666667	-477.401337	110.065872
10307.733333	-477.858032	109.849968
10307.800000	-477.824371	110.027672
10307.866667	-478.094940	109.955742
10307.933333	-478.094940	109.955742
10308.000000	-478.302124	109.883102
10308.066667	-478.369781	109.660172
10308.133333	-478.796936	109.817841
10308.200000	-478.751495	109.974052
10308.266667	-479.228546	109.690315
10308.333333	-479.228546	109.690315
10308.400000	-479.310760	109.547119
10308.466667	-479.519989	109.554420
10308.533333	-479.899017	109.273521
10308.600000	-479.916229	109.329605
10308.666667	-479.895935	109.366814
10308.733333	-479.895935	109.366814
10308.800000	-480.194366	109.497658
10308.866667	-480.394714	109.134590
10308.933333	-480.835388	108.733170
10309.000000	-481.044708	108.969955
10309.066667	-481.147430	108.917557
10309.133333	-481.147430	108.917557
10309.200000	-481.027374	109.031883
10309.266667	-481.564850	108.758034
10309.333333	-481.826782	108.589813
10309.400000	-481.977936	109.014046
10309.466667	-482.331238	108.883255
10309.533333	-482.410065	108.906609
10309.600000	-482.410065	108.906609
10309.666667	-482.646118	109.090813
10309.733333	-483.003418	109.090172
10309.800000	-482.846283	109.220863
10309.866667	-483.418121	108.998352
10309.933333	-483.578949	109.205315
10310.000000	-483.578949	109.205315
10310.066667	-483.704315	108.912758
10310.133333	-483.753967	109.054863
10310.200000	-484.063690	108.987549
10310.266667	-484.114319	108.963005
10310.333333	-484.390900	108.752464
10310.400000	-484.390900	108.752464
10310.466667	-484.584412	108.700249
10310.533333	-485.100281	108.622887
10310.600000	-485.173828	108.649361
10310.666667	-485.241791	108.556282
10310.733333	-485.516357	108.538116
10310.800000	-485.718994	108.640503
10310.866667	-485.718994	108.640503
10310.933333	-485.937958	108.372856
10311.000000	-486.083618	108.141159
10311.066667	-486.285614	108.129097
10311.133333	-486.453033	108.064339
10311.200000	-486.602356	108.043648
10311.266667	-486.602356	108.043648
10311.333333	-486.960999	107.984070
10311.400000	-487.268646	108.079910
10311.466667	-487.262909	108.040138
10311.533333	-487.500702	107.967178
10311.600000	-487.795685	108.269501
10311.666667	-487.795685	108.269501
10311.733333	-487.928986	108.100159
10311.800000	-488.284454	108.089172
10311.866667	-488.407776	108.052689
10311.933333	-488.475739	108.131516
10312.000000	-488.760773	108.067261
10312.066667	-488.903931	108.111870
10312.133333	-489.039124	108.183891
10312.200000	-489.285156	108.180969
10312.266667	-489.367004	108.005867
10312.333333	-489.413666	108.242126
10312.400000	-489.888611	107.867905
10312.466667	-489.937622	108.105911
10312.533333	-490.073975	107.960388
10312.600000	-490.341919	107.916542
10312.666667	-490.443481	107.626694
10312.733333	-490.469849	107.769638
10312.800000	-490.729431	107.621674
10312.866667	-490.864410	107.943199
10312.933333	-491.198242	107.403252
10313.000000	-491.147400	107.359077
10313.066667	-491.433228	107.812569
10313.133333	-491.402802	107.683441
10313.200000	-491.828979	107.280777
10313.266667	-492.052155	107.030388
10313.333333	-492.001343	107.189178
10313.400000	-492.259216	107.245529
10313.466667	-492.295624	107.217628
10313.533333	-492.586487	107.126091
10313.600000	-492.748505	107.084885
10313.666667	-493.056793	107.178688
10313.733333	-493.017120	107.064949
10313.800000	-493.351776	107.070244
10313.866667	-493.378662	107.139381
10313.933333	-493.657776	107.253685
10314.000000	-493.806091	107.338028
10314.066667	-493.843079	107.022369
10314.133333	-494.038513	107.381828
10314.200000	-494.284790	107.331604
10314.266667	-494.467773	107.290649
10314.333333	-494.583344	107.538704
10314.400000	-494.809631	107.498581
10314.466667	-494.973114	107.023239
10314.533333	-495.021698	107.116524
10314.600000	-495.175903	107.042923
10314.666667	-495.593140	106.927872
10314.733333	-495.725189	107.080620
10314.800000	-495.671112	107.100914
10314.866667	-495.873199	106.968109
10314.933333	-496.171783	107.001595
10315.000000	-496.347534	106.511879
10315.066667	-496.487488	106.781265
10315.133333	-496.796021	106.606873
10315.200000	-496.686829	106.783882
10315.266667	-496.884949	106.372543
10315.333333	-496.979675	106.644341
10315.400000	-497.258209	106.414246
10315.466667	-497.282593	106.632568
10315.533333	-497.570465	106.318619
10315.600000	-497.833557	106.255966
10315.666667	-497.921478	106.514275
10315.733333	-498.145660	106.516083
10315.800000	-498.109100	106.608948
10315.866667	-498.260773	106.604134
10315.933333	-498.724182	106.314156
10316.000000	-498.941589	106.479195
10316.066667	-499.074615	106.409836
10316.133333	-499.011719	106.427452
10316.200000	-499.299072	106.309364
10316.266667	-499.612152	106.464180
10316.333333	-499.565979	106.532135
10316.400000	-499.824463	106.456429
10316.466667	-499.987061	106.396248
10316.533333	-500.216034	106.177910
10316.600000	-500.564240	106.055649
10316.666667	-500.613861	106.429375
10316.733333	-500.621124	106.402740
10316.800000	-500.990387	106.050400
10316.866667	-501.064606	106.361298
10316.933333	-501.131958	105.943550
10317.000000	-501.376709	105.873047
10317.066667	-501.470764	105.848145
10317.133333	-501.612366	106.097282
10317.200000	-501.784729	105.828362
10317.266667	-501.912262	105.601601
10317.333333	-502.134430	105.876144
10317.400000	-502.259644	105.373260
10317.466667	-502.587341	105.764931
10317.533333	-502.572174	105.470810
10317.600000	-502.840607	105.779892
10317.666667	-503.007446	105.342033
10317.733333	-503.158722	105.395500
10317.800000	-503.252350	105.472969
10317.866667	-503.359375	105.645477
10317.933333	-503.680664	105.656136
10318.000000	-503.779205	105.449997
10318.066667	-504.127838	105.677658
10318.133333	-504.253174	105.564926
10318.200000	-504.355682	105.548096
10318.266667	-504.685272	105.630173
10318.333333	-504.880127	105.532524
10318.400000	-504.933228	105.461060
10318.466667	-505.066437	105.682518
10318.533333	-505.350342	105.473358
10318.600000	-505.448517	105.737617
10318.666667	-505.599030	105.454498
10318.733333	-505.578705	105.557343
10318.800000	-505.759277	105.385887
10318.866667	-505.907349	105.227058
10318.933333	-506.194855	105.391037
10319.000000	-506.311584	105.417305
10319.066667	-506.810883	105.185669
10319.133333	-506.796448	105.263153
10319.200000	-506.915955	105.247513
10319.266667	-506.964630	104.889008
10319.333333	-507.369446	105.043915
10319.400000	-507.298370	105.035225
10319.466667	-507.453522	105.171532
10319.533333	-507.652985	104.910179
10319.600000	-507.898438	104.578064
10319.666667	-508.118713	104.679718
10319.733333	-508.215271	104.504883
10319.800000	-508.221130	104.793129
10319.866667	-508.716064	104.660851
10319.933333	-508.782043	104.716637
10320.000000	-508.829742	105.010101
