4440.066667	-83.284111	142.983795
4440.133333	-83.237343	142.972855
4440.200000	-83.190842	142.941223
4440.266667	-83.113708	142.979279
4440.333333	-83.127548	142.976868
4440.400000	-82.900322	143.132294
4440.466667	-82.768715	143.096909
4440.533333	-82.711121	143.118820
4440.600000	-82.666725	142.944305
4440.666667	-82.489250	143.103439
4440.733333	-82.534538	142.849167
4440.800000	-82.381889	143.000534
4440.866667	-82.448219	142.880005
4440.933333	-82.175201	142.774887
4441.000000	-82.015022	142.778534
4441.066667	-81.933281	142.840576
4441.133333	-81.828720	142.613876
4441.200000	-81.774811	142.629028
4441.266667	-81.766930	142.549545
4441.333333	-81.559891	142.656982
4441.400000	-81.500206	142.527863
4441.466667	-81.311035	142.672729
4441.533333	-81.344658	142.732117
4441.600000	-81.296036	142.640717
4441.666667	-81.245445	142.578415
4441.733333	-81.047157	142.713608
4441.800000	-81.117218	142.776733
4441.866667	-81.042236	142.792847
4441.933333	-80.776375	142.890854
4442.000000	-80.808151	142.877121
4442.066667	-80.772041	142.981567
4442.133333	-80.712799	142.945114
4442.200000	-80.726143	143.111496
4442.266667	-80.696419	142.927902
4442.333333	-80.573013	143.163300
4442.400000	-80.462952	143.090363
4442.466667	-80.433044	143.156464
4442.533333	-80.338081	143.040314
4442.600000	-80.215881	143.237549
4442.666667	-80.079575	143.123764
4442.733333	-80.100624	142.979507
4442.800000	-80.040062	143.015778
4442.866667	-79.941940	142.909149
4442.933333	-79.857559	142.934174
4443.000000	-79.772415	142.874969
4443.066667	-79.502197	142.830276
4443.133333	-79.392693	142.830093
4443.200000	-79.372643	142.689758
4443.266667	-79.204460	142.867249
4443.333333	-79.152367	142.759842
4443.400000	-79.203140	142.567841
4443.466667	-78.933983	142.642609
4443.533333	-78.896851	142.740585
4443.600000	-78.885414	142.509216
4443.666667	-78.769592	142.613541
4443.733333	-78.671219	142.609009
4443.800000	-78.617775	142.630600
4443.866667	-78.605209	142.696671
4443.933333	-78.493958	142.738708
4444.000000	-78.452820	142.883926
4444.066667	-78.299477	142.947144
4444.133333	-78.353951	142.830124
4444.200000	-78.139511	143.074127
4444.266667	-78.143356	143.103409
4444.333333	-78.117714	143.106140
4444.400000	-78.074669	143.103165
4444.466667	-78.024948	143.185196
4444.533333	-77.952667	143.122971
4444.600000	-77.902725	143.128418
4444.666667	-77.616104	143.141678
4444.733333	-77.566589	143.281998
4444.800000	-77.474663	143.231674
4444.866667	-77.509155	143.129105
4444.933333	-77.419968	143.045547
4445.000000	-77.320381	143.138870
4445.066667	-77.209587	143.011215
4445.133333	-77.179047	142.908691
4445.200000	-76.983994	142.958130
4445.266667	-76.812881	142.920609
4445.333333	-76.832336	142.839478
4445.400000	-76.690636	142.745972
4445.466667	-76.620567	142.692459
4445.533333	-76.425766	142.594147
4445.600000	-76.458580	142.606491
4445.666667	-76.261673	142.715073
4445.733333	-76.302429	142.685883
4445.800000	-76.205582	142.781845
4445.866667	-76.156212	142.650940
4445.933333	-76.030754	142.806335
4446.000000	-75.982491	142.793381
4446.066667	-75.903992	142.906372
4446.133333	-75.865715	142.850250
4446.200000	-75.729973	142.960510
4446.266667	-75.657158	143.095352
4446.333333	-75.653107	143.007278
4446.400000	-75.629074	143.114044
4446.466667	-75.469879	143.252258
4446.533333	-75.507706	143.220795
4446.600000	-75.432610	143.298325
4446.666667	-75.358109	143.195755
4446.733333	-75.255516	143.242798
4446.800000	-75.122910	143.228226
4446.866667	-75.069130	143.207214
4446.933333	-74.908913	143.382431
4447.000000	-74.941399	143.190735
4447.066667	-74.836548	142.946411
4447.133333	-74.721291	143.078720
4447.200000	-74.708549	143.067184
4447.266667	-74.460777	143.047211
4447.333333	-74.371849	142.983200
4447.400000	-74.222725	142.829208
4447.466667	-74.200859	142.787460
4447.533333	-74.131470	142.855011
4447.600000	-74.062263	142.819778
4447.666667	-73.896744	142.790222
4447.733333	-73.795738	142.773254
4447.800000	-73.667648	142.701401
4447.866667	-73.715324	142.729568
4447.933333	-73.604019	142.664627
4448.000000	-73.521324	142.696075
4448.066667	-73.467148	142.755020
4448.133333	-73.393158	142.869659
4448.200000	-73.323265	142.821609
4448.266667	-73.254829	142.891846
4448.333333	-73.361229	142.959702
4448.400000	-73.138565	143.052322
4448.466667	-73.059685	143.129288
4448.533333	-73.005531	143.130081
4448.600000	-73.002602	143.158295
4448.666667	-72.927773	143.179932
4448.733333	-72.843483	143.202927
4448.800000	-72.671616	143.329636
4448.866667	-72.719223	143.278000
4448.933333	-72.690094	143.150421
4449.000000	-72.568840	143.229813
4449.066667	-72.442924	143.105042
4449.133333	-72.363266	143.107162
4449.200000	-72.157547	143.184723
4449.266667	-72.099350	143.147278
4449.333333	-72.042511	142.985184
4449.400000	-71.954117	143.022461
4449.466667	-71.815132	142.988800
4449.533333	-71.617813	143.010712
4449.600000	-71.661530	142.794220
4449.666667	-71.518997	142.826599
4449.733333	-71.412331	142.782898
4449.800000	-71.342567	142.839737
4449.866667	-71.208038	142.805527
4449.933333	-71.173691	142.766876
4450.000000	-71.078659	142.737625
4450.066667	-70.990868	142.726410
4450.133333	-70.915001	142.860138
4450.200000	-70.843620	142.866776
4450.266667	-70.780052	142.925278
4450.333333	-70.748810	142.930496
4450.400000	-70.760834	142.944016
4450.466667	-70.724648	143.120270
4450.533333	-70.670425	143.078934
4450.600000	-70.625961	143.054352
4450.666667	-70.440865	143.084198
4450.733333	-70.419472	143.130920
4450.800000	-70.443626	143.205627
4450.866667	-70.278908	143.304413
4450.933333	-70.207024	143.396545
4451.000000	-70.130905	143.242294
4451.066667	-70.095894	143.279785
4451.133333	-70.053146	143.202820
4451.200000	-69.877167	143.233917
4451.266667	-69.790123	143.188217
4451.333333	-69.636932	143.103439
4451.400000	-69.614754	143.098190
4451.466667	-69.413506	143.053345
4451.533333	-69.369141	143.035980
4451.600000	-69.127899	143.067474
4451.666667	-69.195763	142.861313
4451.733333	-69.079010	142.978851
4451.800000	-69.033485	142.822617
4451.866667	-68.883797	142.854477
4451.933333	-68.791451	142.925995
4452.000000	-68.695412	142.842865
4452.066667	-68.589417	142.747955
4452.133333	-68.399574	142.736801
4452.200000	-68.301353	142.834686
4452.266667	-68.399513	142.742950
4452.333333	-68.282974	142.924942
4452.400000	-68.214394	142.867706
4452.466667	-68.134384	142.897568
4452.533333	-68.221214	142.885727
4452.600000	-68.165657	143.075073
4452.666667	-67.957977	143.056259
4452.733333	-68.052681	143.130692
4452.800000	-67.918175	143.256683
4452.866667	-67.835426	143.244568
4452.933333	-67.756615	143.265488
4453.000000	-67.777611	143.292984
4453.066667	-67.671646	143.250290
4453.133333	-67.539429	143.233017
4453.200000	-67.434959	143.280777
4453.266667	-67.256104	143.497620
4453.333333	-67.243614	143.300735
4453.400000	-67.190086	143.277054
4453.466667	-67.080452	143.196579
4453.533333	-66.953873	143.178619
4453.600000	-66.891243	143.125824
4453.666667	-66.800743	142.955856
4453.733333	-66.657867	143.186935
4453.800000	-66.635490	143.073837
4453.866667	-66.478592	142.990097
4453.933333	-66.339264	142.972122
4454.000000	-66.325256	142.944031
4454.066667	-66.167549	142.829193
4454.133333	-66.187027	142.844254
4454.200000	-66.069473	142.858047
4454.266667	-65.910339	142.810165
4454.333333	-65.952065	142.926239
4454.400000	-65.892601	142.716461
4454.466667	-65.749405	142.963058
4454.533333	-65.658524	143.017441
4454.600000	-65.687141	143.052322
4454.666667	-65.596176	143.080582
4454.733333	-65.569809	143.043442
4454.800000	-65.501991	143.196701
4454.866667	-65.394356	143.149429
4454.933333	-65.404541	143.255661
4455.000000	-65.233459	143.277588
4455.066667	-65.155899	143.269135
4455.133333	-65.170219	143.459167
4455.200000	-65.152420	143.308060
4455.266667	-65.065178	143.299957
4455.333333	-65.001938	143.455597
4455.400000	-64.777283	143.284592
4455.466667	-64.876030	143.267441
4455.533333	-64.659142	143.344772
4455.600000	-64.596069	143.162384
4455.666667	-64.473213	143.232315
4455.733333	-64.443779	143.126724
4455.800000	-64.348816	143.060654
4455.866667	-64.286430	143.059830
4455.933333	-64.097122	143.086746
4456.000000	-63.964958	142.948486
4456.066667	-63.817863	142.947266
4456.133333	-63.800262	142.923248
4456.200000	-63.759407	142.990417
4456.266667	-63.677422	142.964615
4456.333333	-63.630318	142.765152
4456.400000	-63.551712	142.926117
4456.466667	-63.475994	142.898651
4456.533333	-63.297600	143.028976
4456.600000	-63.218708	143.063004
4456.666667	-63.269455	142.960526
4456.733333	-63.099403	143.105133
4456.800000	-63.048988	143.193619
4456.866667	-63.031216	143.225098
4456.933333	-63.007984	143.305679
4457.000000	-62.981800	143.187515
4457.066667	-62.867962	143.178802
4457.133333	-62.800835	143.386230
4457.200000	-62.843510	143.338684
4457.266667	-62.702785	143.413467
4457.333333	-62.661034	143.424286
4457.400000	-62.618782	143.398438
4457.466667	-62.522919	143.390686
4457.533333	-62.342888	143.416870
4457.600000	-62.341248	143.282394
4457.666667	-62.305908	143.380936
4457.733333	-62.137451	143.217972
4457.800000	-61.971390	143.343765
4457.866667	-61.914837	143.320099
4457.933333	-61.878483	143.048599
4458.000000	-61.838814	143.044388
4458.066667	-61.594879	143.004959
4458.133333	-61.677380	142.928879
4458.200000	-61.440487	143.167023
4458.266667	-61.358654	142.862762
4458.333333	-61.289253	142.965454
4458.400000	-61.223759	142.877228
4458.466667	-61.114063	142.970047
4458.533333	-61.045410	142.968231
4458.600000	-61.082764	142.961044
4458.666667	-60.942387	142.973724
4458.733333	-60.753723	143.009521
4458.800000	-60.820869	143.029419
4458.866667	-60.793377	142.979950
4458.933333	-60.668564	143.095459
4459.000000	-60.614685	143.281647
4459.066667	-60.562290	143.148499
4459.133333	-60.580372	143.251907
4459.200000	-60.482231	143.344910
4459.266667	-60.396072	143.396652
4459.333333	-60.348667	143.417114
4459.400000	-60.332920	143.313385
4459.466667	-60.197258	143.428558
4459.533333	-60.099380	143.407776
4459.600000	-60.131977	143.458130
4459.666667	-59.886639	143.315598
4459.733333	-59.864948	143.372513
4459.800000	-59.768623	143.399216
4459.866667	-59.654861	143.361938
4459.933333	-59.593636	143.328339
4460.000000	-59.469841	143.165100
4460.066667	-59.418697	143.182892
4460.133333	-59.346279	143.061752
4460.200000	-59.171337	143.011719
4460.266667	-59.211643	142.923035
4460.333333	-59.124477	142.965897
4460.400000	-58.933979	143.045166
4460.466667	-58.963085	142.887802
4460.533333	-58.781300	142.922195
4460.600000	-58.774597	143.004868
4460.666667	-58.708942	142.737671
4460.733333	-58.560612	142.932907
4460.800000	-58.501419	142.859390
4460.866667	-58.501419	142.955856
4460.933333	-58.313881	143.153244
4461.000000	-58.313881	143.153244
4461.066667	-58.380116	143.130371
4461.133333	-58.207348	143.234467
4461.200000	-58.140621	143.283615
4461.266667	-58.116890	143.300781
4461.333333	-57.992989	143.301117
4461.400000	-57.992989	143.301117
4461.466667	-57.860069	143.394638
4461.533333	-57.854256	143.470581
4461.600000	-57.860397	143.454834
4461.666667	-57.725563	143.497009
4461.733333	-57.521194	143.371826
4461.800000	-57.521194	143.371826
4461.866667	-57.572739	143.440353
4461.933333	-57.455280	143.351959
4462.000000	-57.359711	143.330414
4462.066667	-57.247643	143.275650
4462.133333	-57.075130	143.145065
4462.200000	-57.075130	143.145065
4462.266667	-56.825287	143.199463
4462.333333	-56.854927	143.113495
4462.400000	-56.726273	143.047089
4462.466667	-56.728825	142.946793
4462.533333	-56.508289	142.891983
4462.600000	-56.424122	142.890945
4462.666667	-56.424122	142.890945
4462.733333	-56.347599	142.981812
4462.800000	-56.273453	142.980560
4462.866667	-56.144936	143.027771
4462.933333	-56.073219	143.008438
4463.000000	-55.983833	143.151245
4463.066667	-55.983833	143.151245
4463.133333	-56.083183	143.093475
4463.200000	-55.973576	143.133240
4463.266667	-55.901344	143.271011
4463.333333	-55.823753	143.288467
4463.400000	-55.691490	143.294632
4463.466667	-55.691490	143.294632
4463.533333	-55.666992	143.340424
4463.600000	-55.591354	143.537476
4463.666667	-55.625153	143.451538
4463.733333	-55.504578	143.416183
4463.800000	-55.183693	143.558075
4463.866667	-55.279572	143.324799
4463.933333	-55.279572	143.324799
4464.000000	-55.158150	143.340958
4464.066667	-55.072227	143.304153
4464.133333	-54.912605	143.272110
4464.200000	-54.857632	143.050705
4464.266667	-54.775711	143.117386
4464.333333	-54.775711	143.117386
4464.400000	-54.537464	143.294739
4464.466667	-54.442123	143.155182
4464.533333	-54.325603	142.972168
4464.600000	-54.249619	142.976440
4464.666667	-54.101990	143.001129
4464.733333	-54.101990	143.001129
4464.800000	-54.110607	143.022858
4464.866667	-54.007938	143.036026
4464.933333	-53.775585	143.021317
4465.000000	-53.793018	143.044846
4465.066667	-53.724033	143.130234
4465.133333	-53.708603	143.188034
4465.200000	-53.708603	143.188034
4465.266667	-53.612469	143.145523
4465.333333	-53.520988	143.266876
4465.400000	-53.480930	143.377655
4465.466667	-53.463947	143.410706
4465.533333	-53.461246	143.314896
4465.600000	-53.461246	143.314896
4465.666667	-53.343449	143.449203
4465.733333	-53.120663	143.643082
4465.800000	-53.148193	143.487045
4465.866667	-52.902912	143.568436
4465.933333	-52.900009	143.652512
4466.000000	-52.900009	143.652512
4466.066667	-52.899502	143.425674
4466.133333	-52.745567	143.410950
4466.200000	-52.635967	143.395966
4466.266667	-52.492027	143.392578
4466.333333	-52.373001	143.460495
4466.400000	-52.373001	143.460495
4466.466667	-52.290379	143.090637
4466.533333	-52.197475	143.189529
4466.600000	-51.989304	143.173248
4466.666667	-51.885654	143.058731
4466.733333	-51.877224	143.056442
4466.800000	-51.809410	142.963974
4466.866667	-51.809410	142.963974
4466.933333	-51.604687	143.039749
4467.000000	-51.583183	142.970062
4467.066667	-51.513508	143.167603
4467.133333	-51.376854	143.079147
4467.200000	-51.339489	143.154770
4467.266667	-51.339489	143.154770
4467.333333	-51.298649	143.097931
4467.400000	-51.146832	143.220078
4467.466667	-51.222412	143.230865
4467.533333	-51.234505	143.396103
4467.600000	-51.134132	143.400269
4467.666667	-51.134132	143.400269
4467.733333	-50.923641	143.535187
4467.800000	-51.018955	143.439087
4467.866667	-50.942093	143.486450
4467.933333	-50.813953	143.533951
4468.000000	-50.729012	143.550201
4468.066667	-50.695332	143.497757
4468.133333	-50.703121	143.500427
4468.200000	-50.457619	143.397690
4468.266667	-50.332691	143.371155
4468.333333	-50.241322	143.319946
4468.400000	-50.289856	143.267883
4468.466667	-50.137878	143.226639
4468.533333	-50.001881	143.282913
4468.600000	-50.081398	142.992432
4468.666667	-49.905483	143.141159
4468.733333	-49.801239	143.042145
4468.800000	-49.573185	143.025986
4468.866667	-49.499821	143.121323
4468.933333	-49.450237	143.009750
4469.000000	-49.544182	142.943146
4469.066667	-49.392658	142.951675
4469.133333	-49.253811	142.996765
4469.200000	-49.260590	142.960190
4469.266667	-49.143665	143.106125
4469.333333	-49.170124	143.164978
4469.400000	-49.043327	143.225372
4469.466667	-49.078053	143.225281
4469.533333	-48.935692	143.191681
4469.600000	-48.867867	143.443176
4469.666667	-48.871841	143.324448
4469.733333	-48.756096	143.365204
4469.800000	-48.789524	143.438904
4469.866667	-48.840797	143.445343
4469.933333	-48.753788	143.482590
4470.000000	-48.738583	143.379837
4470.066667	-48.522293	143.625061
4470.133333	-48.328918	143.708466
4470.200000	-48.331848	143.553436
4470.266667	-48.338238	143.436279
4470.333333	-48.134258	143.445419
4470.400000	-48.110023	143.410522
4470.466667	-48.058998	143.400146
4470.533333	-47.847248	143.374603
4470.600000	-47.751469	143.237259
4470.666667	-47.695957	143.295639
4470.733333	-47.494686	143.115936
4470.800000	-47.529469	143.105408
4470.866667	-47.373512	143.116516
4470.933333	-47.451225	143.030258
4471.000000	-47.339466	143.103058
4471.066667	-47.116501	143.028976
4471.133333	-46.973900	143.088181
4471.200000	-46.963139	143.047913
4471.266667	-46.918938	143.175781
4471.333333	-46.923935	143.127136
4471.400000	-46.882538	143.070847
4471.466667	-46.756626	143.225250
4471.533333	-46.778522	143.331024
4471.600000	-46.705273	143.202194
4471.666667	-46.768833	143.280533
4471.733333	-46.661022	143.347427
4471.800000	-46.544247	143.398758
4471.866667	-46.556458	143.464050
4471.933333	-46.493420	143.411179
4472.000000	-46.497578	143.515182
4472.066667	-46.260193	143.582718
4472.133333	-46.230942	143.492569
4472.200000	-46.206638	143.761490
4472.266667	-46.262287	143.587631
4472.333333	-46.136631	143.633026
4472.400000	-45.961514	143.497116
4472.466667	-45.776745	143.585434
4472.533333	-45.786552	143.336792
4472.600000	-45.688374	143.413544
4472.666667	-45.679417	143.320801
4472.733333	-45.574970	143.227188
4472.800000	-45.551739	143.164825
4472.866667	-45.364754	143.264862
4472.933333	-45.282551	143.303146
4473.000000	-45.213558	143.022247
4473.066667	-44.990120	143.175079
4473.133333	-45.084515	143.155670
4473.200000	-45.003193	143.065491
4473.266667	-44.909256	143.038986
4473.333333	-44.813194	143.063736
4473.400000	-44.745670	143.075836
4473.466667	-44.661499	143.162964
4473.533333	-44.714069	143.047089
4473.600000	-44.685421	143.115936
4473.666667	-44.604984	143.243713
4473.733333	-44.527695	143.346603
4473.800000	-44.416519	143.381485
4473.866667	-44.351379	143.361847
4473.933333	-44.381008	143.456024
4474.000000	-44.353500	143.427460
4474.066667	-44.241829	143.684418
4474.133333	-44.281540	143.556549
4474.200000	-44.271580	143.419510
4474.266667	-44.073917	143.693542
4474.333333	-44.120491	143.410294
4474.400000	-43.998203	143.520279
4474.466667	-43.900520	143.558365
4474.533333	-43.673519	143.684158
4474.600000	-43.595406	143.521515
4474.666667	-43.555447	143.510635
4474.733333	-43.455208	143.341492
4474.800000	-43.535389	143.288116
4474.866667	-43.255341	143.419601
4474.933333	-43.316891	143.324448
4475.000000	-43.085556	143.206253
4475.066667	-43.051220	143.042648
4475.133333	-43.174351	143.132843
4475.200000	-42.962372	142.974091
4475.266667	-42.886360	143.054031
4475.333333	-42.818626	143.146332
4475.400000	-42.695236	143.052872
4475.466667	-42.729321	143.044601
4475.533333	-42.651936	142.966217
4475.600000	-42.495106	143.219055
4475.666667	-42.350502	143.115448
4475.733333	-42.458370	143.211395
4475.800000	-42.439625	143.183228
4475.866667	-42.352722	143.312500
4475.933333	-42.283676	143.451645
4476.000000	-42.236412	143.278488
4476.066667	-42.232143	143.446106
4476.133333	-42.191948	143.539536
4476.200000	-42.266350	143.411545
4476.266667	-42.108196	143.511856
4476.333333	-42.120159	143.526764
4476.400000	-41.951435	143.476120
4476.466667	-41.790142	143.638824
4476.533333	-41.763439	143.588699
4476.600000	-41.758514	143.568863
4476.666667	-41.641514	143.566528
4476.733333	-41.641579	143.394562
4476.800000	-41.518391	143.373291
4476.866667	-41.306656	143.456299
4476.933333	-41.322079	143.281006
4477.000000	-41.114376	143.355179
4477.066667	-41.068279	143.255524
4477.133333	-40.971275	143.269226
4477.200000	-40.985317	143.199936
4477.266667	-40.864361	143.106445
4477.333333	-40.751461	143.096237
4477.400000	-40.653030	143.011856
4477.466667	-40.589451	142.997467
4477.533333	-40.507221	143.209320
4477.600000	-40.423603	143.144012
4477.666667	-40.475212	143.023010
4477.733333	-40.410416	143.050690
4477.800000	-40.342010	143.244827
4477.866667	-40.397007	143.205566
4477.933333	-40.179935	143.349533
4478.000000	-40.164154	143.383881
4478.066667	-40.162754	143.351074
4478.133333	-40.123657	143.434509
4478.200000	-40.016277	143.453430
4478.266667	-40.025475	143.506454
4478.333333	-39.933453	143.585083
4478.400000	-39.910027	143.510300
4478.466667	-39.773586	143.684998
4478.533333	-39.625820	143.707840
4478.600000	-39.678795	143.693359
4478.666667	-39.647808	143.658569
4478.733333	-39.660160	143.468018
4478.800000	-39.576939	143.499893
4478.866667	-39.428585	143.626999
4478.933333	-39.331093	143.431641
4479.000000	-39.155182	143.499496
4479.066667	-39.070385	143.313690
4479.133333	-39.041023	143.416504
4479.200000	-39.017685	143.163818
4479.266667	-38.930210	143.176910
4479.333333	-38.927498	143.216888
4479.400000	-38.633392	143.178757
4479.466667	-38.450668	143.171997
4479.533333	-38.484505	143.176315
4479.600000	-38.380001	143.074417
4479.666667	-38.383438	143.146561
4479.733333	-38.407280	143.077301
4479.800000	-38.224564	143.183014
4479.866667	-38.137379	143.097931
4479.933333	-38.122272	143.273697
4480.000000	-38.082176	143.164856
4480.066667	-37.997246	143.365494
4480.133333	-37.937908	143.277115
4480.200000	-37.939415	143.267502
4480.266667	-37.861691	143.389832
4480.333333	-37.909420	143.335114
4480.400000	-37.772625	143.558685
4480.466667	-37.713223	143.484482
4480.533333	-37.755760	143.499405
4480.600000	-37.563423	143.583786
4480.666667	-37.632542	143.547104
4480.733333	-37.648563	143.480042
4480.800000	-37.530300	143.606812
4480.866667	-37.506599	143.497620
4480.933333	-37.334400	143.530762
4481.000000	-37.209038	143.651398
4481.066667	-37.123295	143.515350
4481.133333	-37.140049	143.353363
4481.200000	-37.041149	143.438705
4481.266667	-36.956131	143.324432
4481.333333	-36.926277	143.224655
4481.400000	-36.718197	143.160965
4481.466667	-36.508041	143.088287
4481.533333	-36.514675	143.235107
4481.600000	-36.552616	143.035416
4481.666667	-36.436775	143.127945
4481.733333	-36.309628	143.174530
4481.800000	-36.331108	142.997833
4481.866667	-36.379112	143.018555
4481.933333	-36.225124	143.118362
4482.000000	-36.090332	143.314560
4482.066667	-35.965225	143.215820
4482.133333	-35.991859	143.181839
4482.200000	-35.878468	143.380417
4482.266667	-35.976074	143.334518
4482.333333	-35.830360	143.437164
4482.400000	-35.861088	143.476044
4482.466667	-35.811901	143.513275
4482.533333	-35.885979	143.556366
4482.600000	-35.840767	143.417191
4482.666667	-35.692150	143.624817
4482.733333	-35.541317	143.660919
4482.800000	-35.508331	143.631256
4482.866667	-35.418709	143.691010
4482.933333	-35.281590	143.633926
4483.000000	-35.280682	143.574509
4483.066667	-35.328899	143.495453
4483.133333	-35.078846	143.555832
4483.200000	-34.949474	143.595703
4483.266667	-34.970833	143.381546
4483.333333	-35.108234	143.337540
4483.400000	-34.848217	143.201874
4483.466667	-34.797829	143.303726
4483.533333	-34.579731	143.164825
4483.600000	-34.565002	143.117935
4483.666667	-34.521576	143.042007
4483.733333	-34.416016	143.204376
4483.800000	-34.263432	143.088531
4483.866667	-34.334843	142.963150
4483.933333	-34.122757	143.133240
4484.000000	-34.068974	143.103485
4484.066667	-33.880592	143.110916
4484.133333	-33.896587	143.177994
4484.200000	-34.058941	143.173813
4484.266667	-33.911831	143.192947
4484.333333	-33.925312	143.386978
4484.400000	-33.867790	143.481552
4484.466667	-33.751389	143.337479
4484.533333	-33.804989	143.352631
4484.600000	-33.615112	143.402054
4484.666667	-33.650124	143.598618
4484.733333	-33.590744	143.676254
4484.800000	-33.625866	143.588150
4484.866667	-33.500675	143.694153
4484.933333	-33.331944	143.542786
4485.000000	-33.282372	143.654053
4485.066667	-33.299763	143.448074
4485.133333	-33.042324	143.646622
4485.200000	-33.003418	143.559769
4485.266667	-33.049389	143.507294
4485.333333	-32.954193	143.431595
4485.400000	-32.839790	143.274582
4485.466667	-32.778854	143.318420
4485.533333	-32.641655	143.232956
4485.600000	-32.554691	143.389832
4485.666667	-32.465878	143.148621
4485.733333	-32.421684	143.103867
4485.800000	-32.368221	143.082047
4485.866667	-32.123550	143.055054
4485.933333	-32.112499	143.088409
4486.000000	-32.034447	143.223923
4486.066667	-31.943907	143.141235
4486.133333	-31.933226	143.168457
4486.200000	-31.912703	143.189606
4486.266667	-31.868826	143.252747
4486.333333	-31.838667	143.235764
4486.400000	-31.807207	143.203827
4486.466667	-31.672558	143.285400
4486.533333	-31.664213	143.487045
4486.600000	-31.606337	143.448303
4486.666667	-31.680286	143.321762
4486.733333	-31.442259	143.513260
4486.800000	-31.336716	143.696533
4486.866667	-31.326666	143.673584
4486.933333	-31.305986	143.767365
4487.000000	-31.213703	143.699173
4487.066667	-31.200054	143.598587
4487.133333	-31.117849	143.641663
4487.200000	-31.007332	143.725342
4487.266667	-30.895082	143.617676
4487.333333	-30.927298	143.682770
4487.400000	-30.774282	143.648010
4487.466667	-30.615171	143.492050
4487.533333	-30.568943	143.402985
4487.600000	-30.537172	143.331879
4487.666667	-30.427427	143.248627
4487.733333	-30.364298	143.217987
4487.800000	-30.285923	143.245651
4487.866667	-30.100479	143.256546
4487.933333	-30.129215	143.076004
4488.000000	-29.940369	143.121887
4488.066667	-29.831434	143.015686
4488.133333	-29.900835	143.093628
4488.200000	-29.746193	143.066986
4488.266667	-29.815056	143.219223
4488.333333	-29.599012	143.109161
4488.400000	-29.496685	143.284592
4488.466667	-29.506336	143.277679
4488.533333	-29.445614	143.290176
4488.600000	-29.449852	143.441849
4488.666667	-29.332293	143.474319
4488.733333	-29.318153	143.463898
4488.800000	-29.359833	143.575150
4488.866667	-29.256271	143.361374
4488.933333	-29.254734	143.635071
4489.000000	-29.196156	143.698822
4489.066667	-29.035534	143.635437
4489.133333	-29.005749	143.641327
4489.200000	-28.998959	143.738983
4489.266667	-28.786798	143.712112
4489.333333	-28.687845	143.738281
4489.400000	-28.614344	143.712372
4489.466667	-28.648539	143.665970
4489.533333	-28.592300	143.615448
4489.600000	-28.431246	143.476501
4489.666667	-28.419634	143.349106
4489.733333	-28.252766	143.475861
4489.800000	-28.093704	143.295837
4489.866667	-28.044544	143.390732
4489.933333	-28.007088	143.233459
4490.000000	-27.855812	143.167236
4490.066667	-27.894150	143.095581
4490.133333	-27.734392	143.184250
4490.200000	-27.706470	143.117508
4490.266667	-27.624796	143.094971
4490.333333	-27.619246	143.032883
4490.400000	-27.442608	142.987274
4490.466667	-27.460310	143.168777
4490.533333	-27.356678	143.276703
4490.600000	-27.212831	143.161865
4490.666667	-27.183107	143.338013
4490.733333	-27.315996	143.307632
4490.800000	-27.237045	143.422394
4490.866667	-27.109444	143.539505
4490.933333	-27.207611	143.556274
4491.000000	-26.957766	143.499817
4491.066667	-26.940187	143.661896
4491.133333	-26.882618	143.598358
4491.200000	-26.743551	143.630432
4491.266667	-26.814463	143.638748
4491.333333	-26.732557	143.525116
4491.400000	-26.522583	143.635895
4491.466667	-26.601498	143.553879
4491.533333	-26.457685	143.438553
4491.600000	-26.423103	143.512344
4491.666667	-26.363819	143.386688
4491.733333	-26.254898	143.362625
4491.800000	-26.046923	143.348160
4491.866667	-25.948919	143.492493
4491.933333	-25.928583	143.080322
4492.000000	-25.810032	143.113495
4492.066667	-25.772354	143.228745
4492.133333	-25.557547	143.107956
4492.200000	-25.601307	143.149994
4492.266667	-25.456501	143.195374
4492.333333	-25.416153	143.171799
4492.400000	-25.356749	143.171814
4492.466667	-25.288088	143.074387
4492.533333	-25.223120	143.266205
4492.600000	-25.274965	143.039398
4492.666667	-25.111814	143.097473
4492.733333	-25.141539	143.356110
4492.800000	-24.863400	143.370529
4492.866667	-24.981239	143.236389
4492.933333	-24.943489	143.378143
4493.000000	-24.785286	143.365860
4493.066667	-24.890545	143.269562
4493.133333	-24.766535	143.502609
4493.200000	-24.791307	143.562439
4493.266667	-24.710737	143.624252
4493.333333	-24.473038	143.648804
4493.400000	-24.534689	143.570236
4493.466667	-24.445251	143.508591
4493.533333	-24.380756	143.476517
4493.600000	-24.254383	143.666977
4493.666667	-24.224178	143.498154
4493.733333	-24.074394	143.596695
4493.800000	-24.004683	143.540497
4493.866667	-23.938799	143.369614
4493.933333	-23.750914	143.315033
4494.000000	-23.586451	143.259933
4494.066667	-23.541092	143.331802
4494.133333	-23.450430	143.260696
4494.200000	-23.447582	142.999756
4494.266667	-23.355803	143.055130
4494.333333	-23.228428	143.050140
4494.400000	-23.263832	143.230469
4494.466667	-23.196312	142.921310
4494.533333	-23.161783	143.023865
4494.600000	-22.847641	143.159241
4494.666667	-22.916954	143.112915
4494.733333	-22.878119	143.067703
4494.800000	-22.844849	143.135468
4494.866667	-22.817913	143.164062
4494.933333	-22.916462	143.186600
4495.000000	-22.783920	143.238525
4495.066667	-22.689688	143.230576
4495.133333	-22.634581	143.407043
4495.200000	-22.620113	143.332092
4495.266667	-22.607622	143.352249
4495.333333	-22.469751	143.597092
4495.400000	-22.339476	143.673813
4495.466667	-22.349302	143.497498
4495.533333	-22.161505	143.456207
4495.600000	-22.188366	143.472565
4495.666667	-22.294287	143.466797
4495.733333	-22.063257	143.350388
4495.800000	-21.922401	143.616516
4495.866667	-21.852179	143.449539
4495.933333	-21.623518	143.463669
4496.000000	-21.686611	143.248749
4496.066667	-21.493347	143.459061
4496.133333	-21.471834	143.267960
4496.200000	-21.425463	143.276917
4496.266667	-21.365959	143.116104
4496.333333	-21.343071	143.165421
4496.400000	-21.207117	143.178955
4496.466667	-20.942297	143.061340
4496.533333	-20.783043	143.080124
4496.600000	-20.783043	143.080124
4496.666667	-20.901707	142.870804
4496.733333	-20.812239	143.093628
4496.800000	-20.673189	143.089706
4496.866667	-20.548138	143.113022
4496.933333	-20.490543	143.227798
4497.000000	-20.490543	143.227798
4497.066667	-20.583639	143.097733
4497.133333	-20.336582	143.214676
4497.200000	-20.514431	143.342346
4497.266667	-20.283951	143.280746
4497.333333	-20.197886	143.478302
4497.400000	-20.197886	143.478302
4497.466667	-20.211250	143.368484
4497.533333	-20.226187	143.477402
4497.600000	-20.161661	143.639969
4497.666667	-20.058371	143.506332
4497.733333	-20.011456	143.399063
4497.800000	-19.797606	143.452103
4497.866667	-19.797606	143.452103
4497.933333	-19.726496	143.541687
4498.000000	-19.557642	143.484039
4498.066667	-19.558186	143.357971
4498.133333	-19.457926	143.424805
4498.200000	-19.275169	143.219101
4498.266667	-19.275169	143.219101
4498.333333	-19.218966	143.181747
4498.400000	-19.058073	143.037659
4498.466667	-19.101088	142.901779
4498.533333	-18.830215	142.997070
4498.600000	-18.772182	143.011322
4498.666667	-18.772182	143.011322
4498.733333	-18.714863	143.003540
4498.800000	-18.769653	142.999420
4498.866667	-18.711662	143.009369
4498.933333	-18.520184	142.974182
4499.000000	-18.453751	143.236252
4499.066667	-18.346516	143.059830
4499.133333	-18.346516	143.059830
4499.200000	-18.217110	143.253937
4499.266667	-18.391239	143.101608
4499.333333	-18.247339	143.353851
4499.400000	-18.148329	143.394974
4499.466667	-18.200102	143.571640
4499.533333	-18.200102	143.571640
4499.600000	-17.999344	143.557297
4499.666667	-17.893444	143.495453
4499.733333	-17.915600	143.518951
4499.800000	-17.738205	143.565414
4499.866667	-17.636587	143.589828
4499.933333	-17.636587	143.589828
4500.000000	-17.573555	143.491959
