1800.066667	-276.874573	131.181198
1800.133333	-276.807251	131.160553
1800.200000	-276.674530	131.143326
1800.266667	-276.481812	131.121277
1800.333333	-276.338348	131.091690
1800.400000	-276.122192	131.169540
1800.466667	-276.028320	131.192154
1800.533333	-275.831970	131.208908
1800.600000	-275.735199	131.178421
1800.666667	-275.586731	131.257538
1800.733333	-275.508240	131.172012
1800.800000	-275.356415	131.235596
1800.866667	-275.234283	131.226364
1800.933333	-274.980286	131.301315
1801.000000	-274.899261	131.223297
1801.066667	-274.878448	131.395187
1801.133333	-274.664825	131.371216
1801.200000	-274.672424	131.308334
1801.266667	-274.394745	131.438339
1801.333333	-274.244568	131.430756
1801.400000	-274.238647	131.386841
1801.466667	-274.111328	131.372086
1801.533333	-273.932678	131.391907
1801.600000	-273.725372	131.506348
1801.666667	-273.639008	131.487015
1801.733333	-273.515594	131.352264
1801.800000	-273.378326	131.415329
1801.866667	-273.239014	131.460999
1801.933333	-273.015503	131.403442
1802.000000	-272.918671	131.404221
1802.066667	-272.863495	131.455017
1802.133333	-272.668549	131.434937
1802.200000	-272.454712	131.497360
1802.266667	-272.337128	131.405594
1802.333333	-272.219666	131.457550
1802.400000	-272.169159	131.394485
1802.466667	-272.059357	131.407913
1802.533333	-271.846313	131.425003
1802.600000	-271.645111	131.499756
1802.666667	-271.565857	131.528198
1802.733333	-271.518250	131.463516
1802.800000	-271.348206	131.542557
1802.866667	-271.155273	131.607208
1802.933333	-271.066498	131.515976
1803.000000	-270.873444	131.640305
1803.066667	-270.811462	131.594070
1803.133333	-270.561035	131.576889
1803.200000	-270.574158	131.515228
1803.266667	-270.342224	131.701370
1803.333333	-270.238098	131.562729
1803.400000	-270.035187	131.664108
1803.466667	-269.929901	131.645248
1803.533333	-269.784210	131.698349
1803.600000	-269.733673	131.729095
1803.666667	-269.538422	131.689667
1803.733333	-269.488129	131.740128
1803.800000	-269.257599	131.728607
1803.866667	-269.209015	131.716675
1803.933333	-268.990784	131.875580
1804.000000	-268.968781	131.634140
1804.066667	-268.635010	131.673630
1804.133333	-268.625671	131.772552
1804.200000	-268.426849	131.716675
1804.266667	-268.324860	131.649445
1804.333333	-268.179962	131.794327
1804.400000	-267.983307	131.861038
1804.466667	-267.866516	131.648010
1804.533333	-267.753540	131.834503
1804.600000	-267.606842	131.897873
1804.666667	-267.490082	131.716537
1804.733333	-267.477753	131.868637
1804.800000	-267.177643	131.867142
1804.866667	-267.081299	131.889938
1804.933333	-266.940369	131.858337
1805.000000	-266.923828	131.768906
1805.066667	-266.759735	131.970337
1805.133333	-266.609802	131.832596
1805.200000	-266.373444	131.895035
1805.266667	-266.347717	131.902771
1805.333333	-266.206696	132.009766
1805.400000	-266.119904	132.070374
1805.466667	-265.833008	132.073944
1805.533333	-265.750580	132.015244
1805.600000	-265.650238	132.023422
1805.666667	-265.474152	132.131393
1805.733333	-265.405762	132.057953
1805.800000	-265.369293	131.961060
1805.866667	-265.108124	132.100449
1805.933333	-264.991028	132.112854
1806.000000	-264.819427	132.017517
1806.066667	-264.692078	132.083588
1806.133333	-264.518005	132.029678
1806.200000	-264.375641	132.191895
1806.266667	-264.296631	132.132645
1806.333333	-264.077820	132.222443
1806.400000	-264.016510	131.979858
1806.466667	-263.784271	132.060501
1806.533333	-263.709534	132.133896
1806.600000	-263.574097	132.085388
1806.666667	-263.502930	132.054703
1806.733333	-263.346710	132.091644
1806.800000	-263.162537	132.031418
1806.866667	-263.112091	132.060883
1806.933333	-263.023407	132.172089
1807.000000	-262.813385	132.118454
1807.066667	-262.658691	132.104904
1807.133333	-262.456665	132.155075
1807.200000	-262.415680	132.319931
1807.266667	-262.258942	132.249847
1807.333333	-262.136810	132.194519
1807.400000	-262.021210	132.326065
1807.466667	-261.828186	132.300842
1807.533333	-261.714844	132.270935
1807.600000	-261.670013	132.301529
1807.666667	-261.468231	132.345398
1807.733333	-261.371918	132.277115
1807.800000	-261.161011	132.384369
1807.866667	-261.077942	132.361984
1807.933333	-260.904022	132.255585
1808.000000	-260.802887	132.315720
1808.066667	-260.628601	132.240997
1808.133333	-260.528290	132.319565
1808.200000	-260.454254	132.310379
1808.266667	-260.220001	132.342300
1808.333333	-260.189148	132.298233
1808.400000	-259.941956	132.362564
1808.466667	-259.821320	132.291367
1808.533333	-259.739777	132.280258
1808.600000	-259.581726	132.297256
1808.666667	-259.487305	132.262985
1808.733333	-259.369904	132.292862
1808.800000	-259.207672	132.375549
1808.866667	-259.060699	132.374863
1808.933333	-258.952362	132.335678
1809.000000	-258.755829	132.352432
1809.066667	-258.728973	132.395447
1809.133333	-258.465912	132.443985
1809.200000	-258.455963	132.489731
1809.266667	-258.301666	132.507095
1809.333333	-258.155334	132.479477
1809.400000	-257.927429	132.679901
1809.466667	-257.860657	132.544983
1809.533333	-257.745514	132.579498
1809.600000	-257.616150	132.535156
1809.666667	-257.421967	132.624954
1809.733333	-257.289368	132.652847
1809.800000	-257.219940	132.703339
1809.866667	-257.041199	132.654907
1809.933333	-256.898193	132.608963
1810.000000	-256.831085	132.674957
1810.066667	-256.629791	132.708252
1810.133333	-256.562439	132.675461
1810.200000	-256.403564	132.626205
1810.266667	-256.280609	132.659500
1810.333333	-256.158173	132.676773
1810.400000	-255.935410	132.771469
1810.466667	-255.876282	132.680191
1810.533333	-255.701981	132.586868
1810.600000	-255.556183	132.636337
1810.666667	-255.336578	132.637466
1810.733333	-255.190155	132.634628
1810.800000	-255.134125	132.688950
1810.866667	-254.973740	132.704880
1810.933333	-254.869400	132.655228
1811.000000	-254.700058	132.691528
1811.066667	-254.540436	132.720123
1811.133333	-254.483719	132.789474
1811.200000	-254.432999	132.692719
1811.266667	-254.207123	132.815704
1811.333333	-253.989807	132.814133
1811.400000	-253.977814	132.782700
1811.466667	-253.869125	132.815582
1811.533333	-253.661682	132.877701
1811.600000	-253.434006	132.977524
1811.666667	-253.313431	132.949463
1811.800000	-253.185440	132.939529
1811.866667	-253.051041	132.962021
1811.933333	-252.823761	132.982910
1812.000000	-252.757431	132.882111
1812.066667	-252.610077	133.013428
1812.133333	-252.423477	133.046234
1812.200000	-252.347946	132.967972
1812.266667	-252.204712	133.032578
1812.333333	-251.988281	133.015579
1812.400000	-251.978973	132.957687
1812.466667	-251.822128	132.961334
1812.533333	-251.638718	132.996063
1812.600000	-251.496155	133.041473
1812.666667	-251.412064	132.990204
1812.733333	-251.262283	133.051407
1812.800000	-251.185104	132.929962
1812.866667	-250.917542	133.041534
1812.933333	-250.743835	133.047699
1813.000000	-250.563782	133.030182
1813.066667	-250.500992	133.039307
1813.133333	-250.344177	133.038666
1813.200000	-250.344177	133.038666
1813.266667	-250.138092	133.084824
1813.333333	-249.986832	133.112762
1813.400000	-249.870621	133.112320
1813.466667	-249.751434	133.180206
1813.533333	-249.596878	133.285950
1813.600000	-249.560898	133.107147
1813.666667	-249.342499	133.242142
1813.733333	-249.166611	133.332504
1813.800000	-249.079391	133.186462
1813.866667	-248.919434	133.284561
1813.933333	-248.839127	133.315384
1814.000000	-248.694458	133.314850
1814.066667	-248.600250	133.325211
1814.133333	-248.382782	133.334442
1814.200000	-248.237885	133.427063
1814.266667	-248.039474	133.323227
1814.333333	-248.063110	133.335815
1814.400000	-247.823990	133.324142
1814.466667	-247.768372	133.247375
1814.533333	-247.551041	133.320282
1814.600000	-247.436752	133.321869
1814.666667	-247.295227	133.334625
1814.733333	-247.126404	133.336761
1814.800000	-246.993073	133.318741
1814.866667	-246.762848	133.373993
1814.933333	-246.727570	133.302063
1815.000000	-246.612152	133.310349
1815.066667	-246.532700	133.247772
1815.133333	-246.351990	133.306580
1815.200000	-246.142365	133.267746
1815.266667	-246.095383	133.309570
1815.333333	-245.947815	133.425171
1815.400000	-245.723022	133.438354
1815.466667	-245.706284	133.296661
1815.533333	-245.486374	133.439026
1815.600000	-245.413528	133.435364
1815.666667	-245.329956	133.390854
1815.733333	-245.012558	133.539368
1815.800000	-245.008347	133.528809
1815.866667	-244.802841	133.579834
1815.933333	-244.738602	133.524536
1816.000000	-244.666092	133.619492
1816.066667	-244.528717	133.600739
1816.133333	-244.306412	133.616959
1816.200000	-244.135971	133.555222
1816.266667	-244.040787	133.606628
1816.333333	-243.877686	133.655502
1816.400000	-243.823318	133.599808
1816.466667	-243.630371	133.581192
1816.533333	-243.497940	133.611191
1816.600000	-243.337814	133.674973
1816.666667	-243.212189	133.498581
1816.733333	-243.013611	133.588715
1816.800000	-242.918106	133.597748
1816.866667	-242.762650	133.670197
1816.933333	-242.666458	133.501740
1817.000000	-242.566116	133.596176
1817.066667	-242.255722	133.698547
1817.133333	-242.145828	133.697952
1817.200000	-242.062988	133.615707
1817.266667	-241.896194	133.713852
1817.333333	-241.835999	133.801056
1817.400000	-241.603638	133.736099
1817.466667	-241.449478	133.737885
1817.533333	-241.427902	133.791245
1817.600000	-241.280960	133.790939
1817.666667	-241.126724	133.673889
1817.733333	-240.999649	133.775848
1817.800000	-240.818802	133.823517
1817.866667	-240.649857	133.780441
1817.933333	-240.692673	133.845993
1818.000000	-240.451172	133.868729
1818.066667	-240.251129	133.956940
1818.133333	-240.217529	133.815643
1818.200000	-240.044357	133.965942
1818.266667	-239.902252	133.908264
1818.333333	-239.794022	133.924225
1818.400000	-239.641953	133.941086
1818.466667	-239.495987	133.914856
1818.533333	-239.316086	133.938599
1818.600000	-239.197037	133.935944
1818.666667	-239.048767	133.937515
1818.733333	-238.867752	134.035385
1818.800000	-238.806870	133.972122
1818.866667	-238.553009	134.022583
1818.933333	-238.401505	134.063919
1819.000000	-238.359802	133.990967
1819.066667	-238.209061	134.011902
1819.133333	-238.055969	133.952316
1819.200000	-237.897858	133.952026
1819.266667	-237.725723	134.005112
1819.333333	-237.646698	133.925430
1819.400000	-237.488144	134.038330
1819.466667	-237.352676	134.046799
1819.533333	-237.191483	133.953461
1819.600000	-237.103531	133.992386
1819.666667	-236.866760	134.079346
1819.733333	-236.826202	134.029953
1819.800000	-236.780685	134.047653
1819.866667	-236.543701	134.060471
1819.933333	-236.429733	134.165207
1820.000000	-236.259628	134.089722
1820.066667	-236.116348	134.149170
1820.133333	-235.940201	134.140320
1820.200000	-235.815460	134.171432
1820.266667	-235.691727	134.148239
1820.333333	-235.622253	134.148132
1820.400000	-235.400253	134.259277
1820.466667	-235.311371	134.266022
1820.533333	-235.145981	134.195618
1820.600000	-235.025192	134.295929
1820.666667	-234.942108	134.272232
1820.733333	-234.825058	134.164383
1820.800000	-234.649063	134.159073
1820.866667	-234.469849	134.263992
1820.933333	-234.360367	134.262802
1821.000000	-234.163177	134.252655
1821.066667	-233.982880	134.352234
1821.133333	-233.929581	134.266403
1821.200000	-233.788376	134.194382
1821.266667	-233.729462	134.178284
1821.333333	-233.396332	134.334061
1821.400000	-233.320038	134.252060
1821.466667	-233.145782	134.320129
1821.533333	-232.985245	134.384842
1821.600000	-232.983643	134.280487
1821.666667	-232.799881	134.300858
1821.733333	-232.659195	134.336609
1821.800000	-232.484711	134.313553
1821.866667	-232.398941	134.283997
1821.933333	-232.228226	134.411224
1822.000000	-232.078552	134.362747
1822.066667	-231.906540	134.449402
1822.133333	-231.793015	134.442078
1822.200000	-231.720413	134.470062
1822.266667	-231.547440	134.468140
1822.333333	-231.390823	134.549225
1822.400000	-231.238968	134.467484
1822.466667	-231.104218	134.557846
1822.533333	-230.912872	134.557404
1822.600000	-230.895813	134.605423
1822.666667	-230.737442	134.577957
1822.733333	-230.656586	134.528763
1822.800000	-230.432968	134.646088
1822.866667	-230.256348	134.593384
1822.933333	-230.158157	134.636322
1823.000000	-229.936768	134.647217
1823.066667	-229.914322	134.572037
1823.133333	-229.704941	134.516891
1823.200000	-229.590897	134.602890
1823.266667	-229.429230	134.536743
1823.333333	-229.356750	134.421463
1823.400000	-229.123672	134.559799
1823.466667	-229.046341	134.616669
1823.533333	-228.945999	134.520660
1823.600000	-228.715744	134.623901
1823.666667	-228.643494	134.615997
1823.733333	-228.409393	134.682968
1823.800000	-228.301300	134.609680
1823.866667	-228.071304	134.726990
1823.933333	-227.839676	134.703903
1824.000000	-227.839676	134.703903
1824.066667	-227.721130	134.716110
1824.133333	-227.650360	134.692398
1824.200000	-227.436890	134.738983
1824.266667	-227.260147	134.721375
1824.333333	-227.094452	134.765594
1824.400000	-227.094452	134.765594
1824.466667	-226.922699	134.729401
1824.533333	-226.811752	134.870392
1824.600000	-226.723846	134.855026
1824.666667	-226.450226	134.911285
1824.733333	-226.264618	134.794937
1824.800000	-226.264618	134.794937
1824.866667	-226.049377	134.866577
1824.933333	-225.929138	134.952072
1825.000000	-225.859818	134.903671
1825.066667	-225.656250	134.886856
1825.133333	-225.359634	134.866348
1825.200000	-225.359634	134.866348
1825.266667	-225.247147	134.854675
1825.333333	-225.076721	134.863419
1825.400000	-224.938263	134.824799
1825.466667	-224.803833	134.871399
1825.533333	-224.600662	134.852356
1825.600000	-224.433777	134.908554
1825.666667	-224.433777	134.908554
1825.733333	-224.272842	134.823135
1825.800000	-224.150146	134.875381
1825.866667	-223.966553	134.956314
1825.933333	-223.655350	135.012115
1826.000000	-223.477646	134.978195
1826.066667	-223.477646	134.978195
1826.133333	-223.414062	135.033157
1826.200000	-223.284546	135.047882
1826.266667	-223.124420	134.975327
1826.333333	-222.860641	135.121048
1826.400000	-222.805710	135.040573
1826.466667	-222.805710	135.040573
1826.533333	-222.549622	135.088470
1826.600000	-222.518921	135.196228
1826.666667	-222.369339	135.153748
1826.733333	-222.073669	135.123978
1826.800000	-221.943207	135.210052
1826.866667	-221.724030	135.193481
1826.933333	-221.724030	135.193481
1827.000000	-221.602982	135.213440
1827.066667	-221.522079	135.172180
1827.133333	-221.198898	135.260239
1827.200000	-221.033829	135.238403
1827.266667	-220.906296	135.078537
1827.333333	-220.906296	135.078537
1827.400000	-220.728821	135.279709
1827.466667	-220.590790	135.258255
1827.533333	-220.333481	135.211914
1827.600000	-220.170502	135.204468
1827.666667	-220.053726	135.177231
1827.733333	-220.053726	135.177231
1827.800000	-219.900681	135.204468
1827.866667	-219.762390	135.238907
1827.933333	-219.474426	135.262146
1828.000000	-219.313065	135.302979
1828.066667	-219.205887	135.281570
1828.133333	-219.205887	135.281570
1828.200000	-219.081848	135.294891
1828.266667	-218.902115	135.352341
1828.333333	-218.585648	135.371765
1828.400000	-218.422974	135.445114
1828.466667	-218.381760	135.402969
1828.533333	-218.253326	135.388657
1828.600000	-218.253326	135.388657
1828.666667	-218.097626	135.529785
1828.733333	-217.850098	135.516693
1828.800000	-217.746872	135.411057
1828.866667	-217.541031	135.507309
1828.933333	-217.401169	135.597763
1829.000000	-217.401169	135.597763
1829.066667	-217.265930	135.493088
1829.133333	-217.072723	135.467133
1829.200000	-216.876221	135.463058
1829.266667	-216.734390	135.529388
1829.333333	-216.537018	135.534363
1829.400000	-216.537018	135.534363
1829.466667	-216.374222	135.510361
1829.533333	-216.165390	135.532272
1829.600000	-216.031082	135.501022
1829.666667	-215.847260	135.463440
1829.733333	-215.665665	135.480850
1829.800000	-215.565735	135.511063
1829.866667	-215.565735	135.511063
1829.933333	-215.318665	135.482529
1830.000000	-215.162964	135.535126
1830.066667	-214.970612	135.566711
1830.133333	-214.927612	135.571320
1830.200000	-214.810379	135.475143
1830.266667	-214.810379	135.475143
1830.333333	-214.488724	135.497406
1830.400000	-214.390503	135.631927
1830.466667	-214.200989	135.715881
1830.533333	-213.998245	135.693665
1830.600000	-213.880844	135.708328
1830.666667	-213.880844	135.708328
1830.733333	-213.689590	135.731583
1830.800000	-213.603775	135.697006
1830.866667	-213.428223	135.723709
1830.933333	-213.220612	135.749710
1831.000000	-213.059860	135.772568
1831.066667	-213.002228	135.769180
1831.133333	-212.924744	135.777878
1831.200000	-212.644714	135.780685
1831.266667	-212.522491	135.781219
1831.333333	-212.390366	135.841476
1831.400000	-212.286316	135.887192
1831.466667	-212.050659	135.887543
1831.533333	-211.972610	135.739975
1831.600000	-211.768372	135.828445
1831.666667	-211.726639	135.727325
1831.733333	-211.567169	135.709381
1831.800000	-211.338486	135.859680
1831.866667	-211.203796	135.829651
1831.933333	-211.125336	135.814316
1832.000000	-210.987305	135.807251
1832.066667	-210.900833	135.857162
1832.133333	-210.662720	135.918762
1832.200000	-210.563217	135.848206
1832.266667	-210.407913	135.912521
1832.333333	-210.328583	135.762802
1832.400000	-210.157455	135.859634
1832.466667	-210.029434	135.922668
1832.533333	-209.844467	135.950104
1832.600000	-209.752701	136.005859
1832.666667	-209.631424	135.978897
1832.733333	-209.464005	136.002945
1832.800000	-209.287964	136.006561
1832.866667	-209.213226	136.032211
1832.933333	-209.112427	136.106262
1833.000000	-208.962357	136.024750
1833.066667	-208.798126	136.035278
1833.133333	-208.553360	136.161667
1833.200000	-208.462326	136.075363
1833.266667	-208.382751	136.058395
1833.333333	-208.266068	136.075867
1833.400000	-208.037079	136.104691
1833.466667	-208.022110	136.037109
1833.533333	-207.777618	136.051315
1833.600000	-207.643021	136.220596
1833.666667	-207.485550	136.167831
1833.733333	-207.390442	135.978729
1833.800000	-207.252090	136.077484
1833.866667	-207.101730	136.130539
1833.933333	-207.002792	136.156494
1834.000000	-206.862000	136.113586
1834.066667	-206.745422	136.127487
1834.133333	-206.535751	136.127823
1834.200000	-206.326462	136.138214
1834.266667	-206.273071	136.124863
1834.333333	-206.232925	136.096420
1834.400000	-205.908585	136.201477
1834.466667	-205.814346	136.186646
1834.533333	-205.767639	136.090088
1834.600000	-205.580688	136.162460
1834.666667	-205.318436	136.316849
1834.733333	-205.278519	136.137085
1834.800000	-205.179504	136.311813
1834.866667	-205.043030	136.386902
1834.933333	-204.836594	136.335373
1835.000000	-204.708511	136.338348
1835.066667	-204.619385	136.305313
1835.133333	-204.476776	136.377777
1835.200000	-204.326645	136.317093
1835.266667	-204.123199	136.463318
1835.333333	-203.983673	136.432053
1835.400000	-203.830429	136.400467
1835.466667	-203.752884	136.319717
1835.533333	-203.676788	136.372604
1835.600000	-203.469009	136.376144
1835.666667	-203.228989	136.466660
1835.733333	-203.164185	136.425308
1835.800000	-203.090500	136.408234
1835.866667	-202.964050	136.395187
1835.933333	-202.685883	136.410019
1836.000000	-202.606155	136.341064
1836.066667	-202.437546	136.401230
1836.133333	-202.321426	136.362579
1836.200000	-202.129807	136.482056
1836.266667	-202.024918	136.411316
1836.333333	-201.922272	136.432465
1836.400000	-201.765640	136.474442
1836.466667	-201.607941	136.534775
1836.533333	-201.471329	136.432297
1836.600000	-201.322769	136.381195
1836.666667	-201.181610	136.456161
1836.733333	-201.009949	136.627518
1836.800000	-200.885925	136.599487
1836.866667	-200.775772	136.462585
1836.933333	-200.585220	136.579926
1837.000000	-200.575287	136.526642
1837.066667	-200.363098	136.668182
1837.133333	-200.167755	136.657761
1837.200000	-200.016006	136.673920
1837.266667	-199.949860	136.582397
1837.333333	-199.833099	136.732864
1837.400000	-199.600861	136.759048
1837.466667	-199.459839	136.805130
1837.533333	-199.327393	136.707794
1837.600000	-199.293121	136.706589
1837.666667	-199.050903	136.824905
1837.733333	-198.896088	136.780975
1837.800000	-198.756180	136.735580
1837.866667	-198.736465	136.720139
1837.933333	-198.500549	136.797958
1838.000000	-198.507736	136.633804
1838.066667	-198.191010	136.702301
1838.133333	-198.078079	136.711609
1838.200000	-197.929138	136.715485
1838.266667	-197.835388	136.718857
1838.333333	-197.665375	136.669922
1838.400000	-197.512711	136.728470
1838.466667	-197.367020	136.811249
1838.533333	-197.311493	136.727951
1838.600000	-197.164612	136.818893
1838.666667	-196.897278	136.759018
1838.733333	-196.822281	136.914673
1838.800000	-196.716766	136.832367
1838.866667	-196.609756	136.792206
1838.933333	-196.421310	136.789520
1839.000000	-196.211563	136.848541
1839.066667	-196.089401	136.877625
1839.133333	-196.037933	136.871338
1839.200000	-195.910782	136.873581
1839.266667	-195.791443	136.851303
1839.333333	-195.549301	136.973755
1839.400000	-195.464447	136.919495
1839.466667	-195.276596	137.008179
1839.533333	-195.205917	136.803085
1839.600000	-194.888474	137.023148
1839.666667	-194.875702	136.911575
1839.733333	-194.758667	136.860199
1839.800000	-194.590897	136.950272
1839.866667	-194.461761	137.020981
1839.933333	-194.275681	136.907608
1840.000000	-194.093887	136.986053
1840.066667	-194.023834	136.972809
1840.133333	-193.848740	137.044327
1840.200000	-193.666962	137.012848
1840.266667	-193.497025	137.075653
1840.333333	-193.492188	137.035294
1840.400000	-193.301331	137.032684
1840.466667	-193.155289	137.058853
1840.533333	-192.963455	137.028473
1840.600000	-192.873444	137.083969
1840.666667	-192.724487	137.040192
1840.733333	-192.698563	136.867905
1840.800000	-192.372635	137.117538
1840.866667	-192.220551	137.086807
1840.933333	-192.150146	137.086792
1841.000000	-192.016479	137.060867
1841.066667	-191.908554	137.088348
1841.133333	-191.678955	137.143616
1841.200000	-191.547012	137.175217
1841.266667	-191.417023	137.255142
1841.333333	-191.384323	137.148926
1841.400000	-191.078140	137.229813
1841.466667	-191.094666	137.244476
1841.533333	-190.794067	137.335739
1841.600000	-190.705414	137.249084
1841.666667	-190.742523	137.181030
1841.733333	-190.398239	137.332642
1841.800000	-190.322266	137.202667
1841.866667	-190.129044	137.294525
1841.933333	-190.085892	137.233551
1842.000000	-189.889954	137.276138
1842.066667	-189.641678	137.318146
1842.133333	-189.585403	137.310394
1842.200000	-189.415802	137.335800
1842.266667	-189.293213	137.299927
1842.333333	-189.084869	137.363861
1842.400000	-188.917221	137.272537
1842.466667	-188.847153	137.306931
1842.533333	-188.788589	137.189758
1842.600000	-188.517487	137.361847
1842.666667	-188.393768	137.295853
1842.733333	-188.228577	137.264679
1842.800000	-188.093994	137.271988
1842.866667	-188.041779	137.287369
1842.933333	-187.720093	137.393860
1843.000000	-187.711060	137.254120
1843.066667	-187.584961	137.349365
1843.133333	-187.503342	137.208313
1843.200000	-187.318146	137.391998
1843.266667	-187.062180	137.476364
1843.333333	-186.932129	137.502533
1843.400000	-186.835770	137.456772
1843.466667	-186.682938	137.514908
1843.533333	-186.438156	137.445068
1843.600000	-186.379227	137.562256
1843.666667	-186.241226	137.588669
1843.733333	-186.109802	137.554169
1843.800000	-185.918152	137.606522
1843.866667	-185.729996	137.566650
1843.933333	-185.633682	137.631744
1844.000000	-185.564468	137.514801
1844.066667	-185.476334	137.502670
1844.133333	-185.147598	137.599136
1844.200000	-185.095062	137.530182
1844.266667	-184.922256	137.591171
1844.333333	-184.857269	137.531387
1844.400000	-184.625366	137.543930
1844.466667	-184.462494	137.492920
1844.533333	-184.317261	137.611969
1844.600000	-184.182236	137.519699
1844.666667	-183.952805	137.610046
1844.733333	-183.855042	137.544754
1844.800000	-183.713074	137.557526
1844.866667	-183.621826	137.521301
1844.933333	-183.429001	137.538315
1845.000000	-183.250488	137.517776
1845.066667	-183.117981	137.591965
1845.133333	-182.996094	137.636978
1845.200000	-182.901489	137.533264
1845.266667	-182.668060	137.652374
1845.333333	-182.514633	137.736084
1845.400000	-182.359131	137.696869
1845.466667	-182.302673	137.680206
1845.533333	-182.181747	137.715332
1845.600000	-181.940491	137.783096
1845.666667	-181.833237	137.786530
1845.733333	-181.727982	137.733032
1845.800000	-181.614120	137.843719
1845.866667	-181.444275	137.826599
1845.933333	-181.329758	137.855667
1846.000000	-181.170334	137.875198
1846.066667	-181.007278	137.920868
1846.133333	-180.847351	137.855179
1846.200000	-180.683884	138.026184
1846.266667	-180.548630	137.814224
1846.333333	-180.391891	137.886490
1846.400000	-180.262924	137.898392
1846.466667	-180.207291	137.828018
1846.533333	-179.968323	137.912888
1846.600000	-179.839722	137.913757
1846.666667	-179.705933	137.811325
1846.733333	-179.529037	137.839493
1846.800000	-179.408157	137.830261
1846.866667	-179.137589	137.864319
1846.933333	-179.036438	137.870697
1847.000000	-178.962601	137.921036
1847.066667	-178.675095	137.952164
1847.133333	-178.566345	137.851303
1847.200000	-178.492462	137.833740
1847.266667	-178.358597	137.811081
1847.333333	-178.211548	138.054611
1847.400000	-178.005188	137.871765
1847.466667	-177.874573	137.984955
1847.533333	-177.782043	137.991364
1847.600000	-177.640762	138.018738
1847.666667	-177.480560	138.062500
1847.733333	-177.243469	138.085541
1847.800000	-177.211029	138.079086
1847.866667	-177.021667	138.135590
1847.933333	-176.896866	138.035553
1848.000000	-176.741562	138.172195
1848.066667	-176.604401	138.085419
1848.133333	-176.498352	138.185837
1848.200000	-176.358215	138.152847
1848.266667	-176.250305	137.981720
1848.333333	-175.973373	138.182739
1848.400000	-175.857910	138.128342
1848.466667	-175.746811	138.109390
1848.533333	-175.633224	138.108749
1848.600000	-175.427338	138.151199
1848.666667	-175.307495	138.078522
1848.733333	-175.198868	138.065338
1848.800000	-175.014099	138.073883
1848.866667	-174.806320	138.137878
1848.933333	-174.815536	138.065521
1849.000000	-174.439743	138.146103
1849.066667	-174.395737	138.177765
1849.133333	-174.211411	138.146439
1849.200000	-174.084213	138.208679
1849.266667	-173.967850	138.087234
1849.333333	-173.830643	138.082275
1849.400000	-173.644363	138.183823
1849.466667	-173.596390	138.169876
1849.533333	-173.333359	138.307846
1849.600000	-173.150864	138.177704
1849.666667	-173.147705	138.252975
1849.733333	-172.887512	138.363876
1849.800000	-172.721725	138.299545
1849.866667	-172.635666	138.344986
1849.933333	-172.462860	138.309586
1850.000000	-172.410278	138.308716
1850.066667	-172.187866	138.387543
1850.133333	-172.083786	138.384384
1850.200000	-171.843903	138.473053
1850.266667	-171.784622	138.372467
1850.333333	-171.608948	138.443832
1850.400000	-171.410568	138.397430
1850.466667	-171.258926	138.474655
1850.533333	-171.160370	138.410049
1850.600000	-170.924347	138.373688
1850.666667	-170.839005	138.497879
1850.733333	-170.690918	138.400116
1850.800000	-170.582275	138.360565
1850.866667	-170.471375	138.340088
1850.933333	-170.170044	138.456406
1851.000000	-170.107925	138.430420
1851.066667	-169.879501	138.420425
1851.133333	-169.825806	138.471359
1851.200000	-169.623993	138.515518
1851.266667	-169.413467	138.495575
1851.333333	-169.330948	138.527802
1851.400000	-169.277649	138.468826
1851.466667	-169.097733	138.585724
1851.533333	-168.899124	138.514786
1851.600000	-168.745956	138.561874
1851.666667	-168.546570	138.554611
1851.733333	-168.439957	138.630188
1851.800000	-168.418854	138.559830
1851.866667	-168.210831	138.563309
1851.933333	-168.030609	138.582565
1852.000000	-167.937531	138.621872
1852.066667	-167.779037	138.642136
1852.133333	-167.662140	138.620575
1852.200000	-167.438156	138.724228
1852.266667	-167.338562	138.779724
1852.333333	-167.174957	138.774918
1852.400000	-167.122559	138.744629
1852.466667	-166.877045	138.721054
1852.533333	-166.719727	138.761566
1852.600000	-166.641022	138.712021
1852.666667	-166.506241	138.706757
1852.733333	-166.257858	138.681458
1852.800000	-166.113037	138.757339
1852.866667	-166.014496	138.678909
1852.933333	-165.918152	138.626862
1853.000000	-165.661713	138.708908
1853.066667	-165.616577	138.633240
1853.133333	-165.386002	138.727386
1853.200000	-165.278473	138.659409
1853.266667	-165.189148	138.652145
1853.333333	-164.873215	138.719254
1853.400000	-164.696457	138.803986
1853.466667	-164.650131	138.656311
1853.533333	-164.481323	138.706253
1853.600000	-164.366959	138.716354
1853.666667	-164.174469	138.772217
1853.733333	-164.079147	138.782669
1853.800000	-163.963272	138.796951
1853.866667	-163.778748	138.874023
1853.933333	-163.560760	138.923523
1854.000000	-163.461319	138.815552
1854.066667	-163.319687	138.949921
1854.133333	-163.262070	138.874908
1854.200000	-162.974442	138.860107
1854.266667	-162.845581	138.979477
1854.333333	-162.766052	138.903351
1854.400000	-162.627899	138.854477
1854.466667	-162.517075	138.890396
1854.533333	-162.230957	139.002777
1854.600000	-162.193848	138.995224
1854.666667	-162.067688	138.927795
1854.733333	-161.956360	139.014557
1854.800000	-161.754044	138.966797
1854.866667	-161.505310	138.978165
1854.933333	-161.468033	138.896759
1855.000000	-161.324738	138.948364
1855.066667	-161.127243	138.984009
1855.133333	-160.937958	138.964325
1855.200000	-160.819946	138.933548
1855.266667	-160.728943	138.935089
1855.333333	-160.532501	138.914429
1855.400000	-160.432175	138.921249
1855.466667	-160.184525	138.984589
1855.533333	-160.052673	138.975693
1855.600000	-159.963547	139.011948
1855.666667	-159.801208	138.908600
1855.733333	-159.595718	139.068924
1855.800000	-159.453766	138.980499
1855.866667	-159.409454	138.939392
1855.933333	-159.232895	138.968292
1856.000000	-158.935074	139.158447
1856.066667	-158.868607	139.071945
1856.133333	-158.790100	139.138321
1856.200000	-158.674194	139.003204
1856.266667	-158.374527	139.147964
1856.333333	-158.264053	139.157410
1856.400000	-158.140930	139.091965
1856.466667	-158.041733	139.186615
1856.533333	-157.844070	139.246338
1856.600000	-157.766678	139.186325
1856.666667	-157.572922	139.191986
1856.733333	-157.489059	139.203629
1856.800000	-157.354904	139.106995
1856.866667	-157.075729	139.286392
1856.933333	-156.969330	139.247833
1857.000000	-156.800568	139.243713
1857.066667	-156.665726	139.202774
1857.133333	-156.600967	139.108917
1857.200000	-156.427643	139.096237
1857.266667	-156.225037	139.204788
1857.333333	-156.089523	139.246185
1857.400000	-156.012222	139.141571
1857.466667	-155.810257	139.102753
1857.533333	-155.562805	139.236526
1857.600000	-155.541595	139.201859
1857.666667	-155.384430	139.192108
1857.733333	-155.144287	139.305267
1857.800000	-155.017990	139.235916
1857.866667	-154.874481	139.273483
1857.933333	-154.789368	139.206375
1858.000000	-154.595093	139.209122
1858.066667	-154.433380	139.286240
1858.133333	-154.349655	139.371964
1858.200000	-154.231918	139.274155
1858.266667	-154.073013	139.367737
1858.333333	-153.947769	139.381927
1858.400000	-153.786972	139.393448
1858.466667	-153.594742	139.517242
1858.533333	-153.417816	139.484390
1858.600000	-153.262695	139.525650
1858.666667	-153.059662	139.503387
1858.733333	-152.947571	139.513535
1858.800000	-152.883926	139.495209
1858.866667	-152.649902	139.505447
1858.933333	-152.583618	139.458893
1859.000000	-152.349579	139.511948
1859.066667	-152.237656	139.400818
1859.133333	-152.014694	139.380585
1859.200000	-152.014694	139.380585
1859.266667	-151.746185	139.533813
1859.333333	-151.572983	139.542862
1859.400000	-151.477203	139.420044
1859.466667	-151.379013	139.455582
1859.533333	-151.031311	139.365219
1859.600000	-151.031311	139.365219
1859.666667	-150.895081	139.471222
1859.733333	-150.634354	139.620697
1859.800000	-150.514130	139.498428
1859.866667	-150.415192	139.462723
1859.933333	-150.075470	139.518066
1860.000000	-150.075470	139.518066
