10620.066667	52.316280	49.046513
10620.133333	52.316280	49.046513
10620.200000	52.316280	49.046513
10620.266667	52.316280	49.046513
10620.333333	52.316280	49.046513
10620.400000	52.316280	49.046513
10620.466667	52.316280	49.046513
10620.533333	52.316280	49.046513
10620.600000	52.316280	49.046513
10620.666667	52.316280	49.046513
10620.733333	52.316280	49.046513
10620.800000	52.316280	49.046513
10620.866667	52.316280	49.046513
10620.933333	52.316280	49.046513
10621.000000	52.316280	49.046513
10621.066667	52.316280	49.046513
10621.133333	52.316280	49.046513
10621.200000	52.316280	49.046513
10621.266667	52.316280	49.046513
10621.333333	52.316280	49.046513
10621.400000	52.316280	49.046513
10621.466667	52.316280	49.046513
10621.533333	52.316280	49.046513
10621.600000	52.316280	49.046513
10621.666667	52.316280	49.046513
10621.733333	52.316280	49.046513
10621.800000	52.316280	49.046513
10621.866667	52.316280	49.046513
10621.933333	52.316280	49.046513
10622.000000	52.316280	49.046513
10622.066667	52.316280	49.046513
10622.133333	52.316280	49.046513
10622.200000	52.316280	49.046513
10622.266667	52.316280	49.046513
10622.333333	52.316280	49.046513
10622.400000	52.316280	49.046513
10622.466667	52.316280	49.046513
10622.533333	52.316280	49.046513
10622.600000	52.316280	49.046513
10622.666667	52.316280	49.046513
10622.733333	52.316280	49.046513
10622.800000	52.316280	49.046513
10622.866667	52.316280	49.046513
10622.933333	52.316280	49.046513
10623.000000	52.316280	49.046513
10623.066667	52.316280	49.046513
10623.133333	52.316280	49.046513
10623.200000	52.316280	49.046513
10623.266667	52.316280	49.046513
10623.333333	52.316280	49.046513
10623.400000	52.316280	49.046513
10623.466667	52.316280	49.046513
10623.533333	52.316280	49.046513
10623.600000	52.316280	49.046513
10623.666667	52.316280	49.046513
10623.733333	52.316280	49.046513
10623.800000	52.316280	49.046513
10623.866667	52.316280	49.046513
10623.933333	52.316280	49.046513
10624.000000	52.316280	49.046513
10624.066667	52.316280	49.046513
10624.133333	52.316280	49.046513
10624.200000	52.316280	49.046513
10624.266667	52.316280	49.046513
10624.333333	52.316280	49.046513
10624.400000	52.316280	49.046513
10624.466667	52.316280	49.046513
10624.533333	52.316280	49.046513
10624.600000	52.316280	49.046513
10624.666667	52.316280	49.046513
10624.733333	52.316280	49.046513
10624.800000	52.316280	49.046513
10624.866667	52.316280	49.046513
10624.933333	52.316280	49.046513
10625.000000	52.316280	49.046513
10625.066667	52.316280	49.046513
10625.133333	52.316280	49.046513
10625.200000	52.316280	49.046513
10625.266667	52.316280	49.046513
10625.333333	52.316280	49.046513
10625.400000	52.316280	49.046513
10625.466667	52.316280	49.046513
10625.533333	52.316280	49.046513
10625.600000	52.316280	49.046513
10625.666667	52.316280	49.046513
10625.733333	52.316280	49.046513
10625.800000	52.316280	49.046513
10625.866667	52.316280	49.046513
10625.933333	52.316280	49.046513
10626.000000	52.316280	49.046513
10626.066667	52.316280	49.046513
10626.133333	52.316280	49.046513
10626.200000	52.316280	49.046513
10626.266667	52.316280	49.046513
10626.333333	52.316280	49.046513
10626.400000	52.316280	49.046513
10626.466667	52.316280	49.046513
10626.533333	52.316280	49.046513
10626.600000	52.316280	49.046513
10626.666667	52.316280	49.046513
10626.733333	52.316280	49.046513
10626.800000	52.316280	49.046513
10626.866667	52.316280	49.046513
10626.933333	52.316280	49.046513
10627.000000	52.316280	49.046513
10627.066667	52.316280	49.046513
10627.133333	52.316280	49.046513
10627.200000	52.316280	49.046513
10627.266667	52.316280	49.046513
10627.333333	52.316280	49.046513
10627.400000	52.316280	49.046513
10627.466667	52.316280	49.046513
10627.533333	52.316280	49.046513
10627.600000	52.316280	49.046513
10627.666667	52.316280	49.046513
10627.733333	52.316280	49.046513
10627.800000	52.316280	49.046513
10627.866667	52.316280	49.046513
10627.933333	52.316280	49.046513
10628.000000	52.316280	49.046513
10628.066667	52.316280	49.046513
10628.133333	52.316280	49.046513
10628.200000	52.316280	49.046513
10628.266667	52.316280	49.046513
10628.333333	52.316280	49.046513
10628.400000	52.316280	49.046513
10628.466667	52.316280	49.046513
10628.533333	52.316280	49.046513
10628.600000	52.316280	49.046513
10628.666667	52.316280	49.046513
10628.733333	52.316280	49.046513
10628.800000	52.316280	49.046513
10628.866667	52.316280	49.046513
10628.933333	52.316280	49.046513
10629.000000	52.316280	49.046513
10629.066667	52.316280	49.046513
10629.133333	52.316280	49.046513
10629.200000	52.316280	49.046513
10629.266667	52.316280	49.046513
10629.333333	52.316280	49.046513
10629.400000	52.316280	49.046513
10629.466667	52.316280	49.046513
10629.533333	52.316280	49.046513
10629.600000	52.316280	49.046513
10629.666667	52.316280	49.046513
10629.733333	52.316280	49.046513
10629.800000	52.316280	49.046513
10629.866667	52.316280	49.046513
10629.933333	52.316280	49.046513
10630.000000	52.316280	49.046513
10630.066667	52.316280	49.046513
10630.133333	52.316280	49.046513
10630.200000	52.316280	49.046513
10630.266667	52.316280	49.046513
10630.333333	52.316280	49.046513
10630.400000	52.316280	49.046513
10630.466667	52.316280	49.046513
10630.533333	52.316280	49.046513
10630.600000	52.316280	49.046513
10630.666667	52.316280	49.046513
10630.733333	52.316280	49.046513
10630.800000	52.316280	49.046513
10630.866667	52.316280	49.046513
10630.933333	52.316280	49.046513
10631.000000	52.316280	49.046513
10631.066667	52.316280	49.046513
10631.133333	52.316280	49.046513
10631.200000	52.316280	49.046513
10631.266667	52.316280	49.046513
10631.333333	52.316280	49.046513
10631.400000	52.316280	49.046513
10631.466667	52.316280	49.046513
10631.533333	52.316280	49.046513
10631.600000	52.316280	49.046513
10631.666667	52.316280	49.046513
10631.733333	52.316280	49.046513
10631.800000	52.316280	49.046513
10631.866667	52.316280	49.046513
10631.933333	52.316280	49.046513
10632.000000	52.316280	49.046513
10632.066667	52.316280	49.046513
10632.133333	52.316280	49.046513
10632.200000	52.316280	49.046513
10632.266667	52.316280	49.046513
10632.333333	52.316280	49.046513
10632.400000	52.316280	49.046513
10632.466667	52.316280	49.046513
10632.533333	52.316280	49.046513
10632.600000	52.316280	49.046513
10632.666667	52.316280	49.046513
10632.733333	52.316280	49.046513
10632.800000	52.316280	49.046513
10632.866667	52.316280	49.046513
10632.933333	52.316280	49.046513
10633.000000	52.316280	49.046513
10633.066667	52.316280	49.046513
10633.133333	52.316280	49.046513
10633.200000	52.316280	49.046513
10633.266667	52.316280	49.046513
10633.333333	52.316280	49.046513
10633.400000	52.316280	49.046513
10633.466667	52.316280	49.046513
10633.533333	52.316280	49.046513
10633.600000	52.316280	49.046513
10633.666667	52.316280	49.046513
10633.733333	52.316280	49.046513
10633.800000	52.316280	49.046513
10633.866667	52.316280	49.046513
10633.933333	52.316280	49.046513
10634.000000	52.316280	49.046513
10634.066667	52.316280	49.046513
10634.133333	52.316280	49.046513
10634.200000	52.316280	49.046513
10634.266667	52.316280	49.046513
10634.333333	52.316280	49.046513
10634.400000	52.316280	49.046513
10634.466667	52.316280	49.046513
10634.533333	52.316280	49.046513
10634.600000	52.316280	49.046513
10634.666667	52.316280	49.046513
10634.733333	52.316280	49.046513
10634.800000	52.316280	49.046513
10634.866667	52.316280	49.046513
10634.933333	52.316280	49.046513
10635.000000	52.316280	49.046513
10635.066667	52.316280	49.046513
10635.133333	52.316280	49.046513
10635.200000	52.316280	49.046513
10635.266667	52.316280	49.046513
10635.333333	52.316280	49.046513
10635.400000	52.316280	49.046513
10635.466667	52.316280	49.046513
10635.533333	52.316280	49.046513
10635.600000	52.316280	49.046513
10635.666667	52.316280	49.046513
10635.733333	52.316280	49.046513
10635.800000	52.316280	49.046513
10635.866667	52.316280	49.046513
10635.933333	52.316280	49.046513
10636.000000	52.316280	49.046513
10636.066667	52.316280	49.046513
10636.133333	52.316280	49.046513
10636.200000	52.316280	49.046513
10636.266667	52.316280	49.046513
10636.333333	52.316280	49.046513
10636.400000	52.316280	49.046513
10636.466667	52.316280	49.046513
10636.533333	52.316280	49.046513
10636.600000	52.316280	49.046513
10636.666667	52.316280	49.046513
10636.733333	52.316280	49.046513
10636.800000	52.316280	49.046513
10636.866667	52.316280	49.046513
10636.933333	52.316280	49.046513
10637.000000	52.316280	49.046513
10637.066667	52.316280	49.046513
10637.133333	52.316280	49.046513
10637.200000	52.316280	49.046513
10637.266667	52.316280	49.046513
10637.333333	52.316280	49.046513
10637.400000	52.316280	49.046513
10637.466667	52.316280	49.046513
10637.533333	52.316280	49.046513
10637.600000	52.316280	49.046513
10637.666667	52.316280	49.046513
10637.733333	52.316280	49.046513
10637.800000	52.316280	49.046513
10637.866667	52.316280	49.046513
10637.933333	52.316280	49.046513
10638.000000	52.316280	49.046513
10638.066667	52.316280	49.046513
10638.133333	52.316280	49.046513
10638.200000	52.316280	49.046513
10638.266667	52.316280	49.046513
10638.333333	52.316280	49.046513
10638.400000	52.316280	49.046513
10638.466667	52.316280	49.046513
10638.533333	52.316280	49.046513
10638.600000	52.316280	49.046513
10638.666667	52.316280	49.046513
10638.733333	52.316280	49.046513
10638.800000	52.316280	49.046513
10638.866667	52.316280	49.046513
10638.933333	52.316280	49.046513
10639.000000	52.316280	49.046513
10639.066667	52.316280	49.046513
10639.133333	52.316280	49.046513
10639.200000	52.316280	49.046513
10639.266667	52.316280	49.046513
10639.333333	52.316280	49.046513
10639.400000	52.316280	49.046513
10639.466667	52.316280	49.046513
10639.533333	52.316280	49.046513
10639.600000	52.316280	49.046513
10639.666667	52.316280	49.046513
10639.733333	52.316280	49.046513
10639.800000	52.316280	49.046513
10639.866667	52.316280	49.046513
10639.933333	52.316280	49.046513
10640.000000	52.316280	49.046513
10640.066667	52.316280	49.046513
10640.133333	52.316280	49.046513
10640.200000	52.316280	49.046513
10640.266667	52.316280	49.046513
10640.333333	52.316280	49.046513
10640.400000	52.316280	49.046513
10640.466667	52.316280	49.046513
10640.533333	52.316280	49.046513
10640.600000	52.316280	49.046513
10640.666667	52.316280	49.046513
10640.733333	52.316280	49.046513
10640.800000	52.316280	49.046513
10640.866667	52.316280	49.046513
10640.933333	52.316280	49.046513
10641.000000	52.316280	49.046513
10641.066667	52.316280	49.046513
10641.133333	52.316280	49.046513
10641.200000	52.316280	49.046513
10641.266667	52.316280	49.046513
10641.333333	52.316280	49.046513
10641.400000	52.316280	49.046513
10641.466667	52.316280	49.046513
10641.533333	52.316280	49.046513
10641.600000	52.316280	49.046513
10641.666667	52.316280	49.046513
10641.733333	52.316280	49.046513
10641.800000	52.316280	49.046513
10641.866667	52.316280	49.046513
10641.933333	52.316280	49.046513
10642.000000	52.316280	49.046513
10642.066667	52.316280	49.046513
10642.133333	52.316280	49.046513
10642.200000	52.316280	49.046513
10642.266667	52.316280	49.046513
10642.333333	52.316280	49.046513
10642.400000	52.316280	49.046513
10642.466667	52.316280	49.046513
10642.533333	52.316280	49.046513
10642.600000	52.316280	49.046513
10642.666667	52.316280	49.046513
10642.733333	52.316280	49.046513
10642.800000	52.316280	49.046513
10642.866667	52.316280	49.046513
10642.933333	52.316280	49.046513
10643.000000	52.316280	49.046513
10643.066667	52.316280	49.046513
10643.133333	52.316280	49.046513
10643.200000	52.316280	49.046513
10643.266667	52.316280	49.046513
10643.333333	52.316280	49.046513
10643.400000	52.316280	49.046513
10643.466667	52.316280	49.046513
10643.533333	52.316280	49.046513
10643.600000	52.316280	49.046513
10643.666667	52.316280	49.046513
10643.733333	52.316280	49.046513
10643.800000	52.316280	49.046513
10643.866667	52.316280	49.046513
10643.933333	52.316280	49.046513
10644.000000	52.316280	49.046513
10644.066667	52.316280	49.046513
10644.133333	52.316280	49.046513
10644.200000	52.316280	49.046513
10644.266667	52.316280	49.046513
10644.333333	52.316280	49.046513
10644.400000	52.316280	49.046513
10644.466667	52.316280	49.046513
10644.533333	52.316280	49.046513
10644.600000	52.316280	49.046513
10644.666667	52.316280	49.046513
10644.733333	52.316280	49.046513
10644.800000	52.316280	49.046513
10644.866667	52.316280	49.046513
10644.933333	52.316280	49.046513
10645.000000	52.316280	49.046513
10645.066667	52.316280	49.046513
10645.133333	52.316280	49.046513
10645.200000	52.316280	49.046513
10645.266667	52.316280	49.046513
10645.333333	52.316280	49.046513
10645.400000	52.316280	49.046513
10645.466667	52.316280	49.046513
10645.533333	52.316280	49.046513
10645.600000	52.316280	49.046513
10645.666667	52.316280	49.046513
10645.733333	52.316280	49.046513
10645.800000	52.316280	49.046513
10645.866667	52.316280	49.046513
10645.933333	52.316280	49.046513
10646.000000	52.316280	49.046513
10646.066667	52.316280	49.046513
10646.133333	52.316280	49.046513
10646.200000	52.316280	49.046513
10646.266667	52.316280	49.046513
10646.333333	52.316280	49.046513
10646.400000	52.316280	49.046513
10646.466667	52.316280	49.046513
10646.533333	52.316280	49.046513
10646.600000	52.316280	49.046513
10646.666667	52.316280	49.046513
10646.733333	52.316280	49.046513
10646.800000	52.316280	49.046513
10646.866667	52.316280	49.046513
10646.933333	52.316280	49.046513
10647.000000	52.316280	49.046513
10647.066667	52.316280	49.046513
10647.133333	52.316280	49.046513
10647.200000	52.316280	49.046513
10647.266667	52.316280	49.046513
10647.333333	52.316280	49.046513
10647.400000	52.316280	49.046513
10647.466667	52.316280	49.046513
10647.533333	52.316280	49.046513
10647.600000	52.316280	49.046513
10647.666667	52.316280	49.046513
10647.733333	52.316280	49.046513
10647.800000	52.316280	49.046513
10647.866667	52.316280	49.046513
10647.933333	52.316280	49.046513
10648.000000	52.316280	49.046513
10648.066667	52.316280	49.046513
10648.133333	52.316280	49.046513
10648.200000	52.316280	49.046513
10648.266667	52.316280	49.046513
10648.333333	52.316280	49.046513
10648.400000	52.316280	49.046513
10648.466667	52.316280	49.046513
10648.533333	52.316280	49.046513
10648.600000	52.316280	49.046513
10648.666667	52.316280	49.046513
10648.733333	52.316280	49.046513
10648.800000	52.316280	49.046513
10648.866667	52.316280	49.046513
10648.933333	52.316280	49.046513
10649.000000	52.316280	49.046513
10649.066667	52.316280	49.046513
10649.133333	52.316280	49.046513
10649.200000	52.316280	49.046513
10649.266667	52.316280	49.046513
10649.333333	52.316280	49.046513
10649.400000	52.316280	49.046513
10649.466667	52.316280	49.046513
10649.533333	52.316280	49.046513
10649.600000	52.316280	49.046513
10649.666667	52.316280	49.046513
10649.733333	52.316280	49.046513
10649.800000	52.316280	49.046513
10649.866667	52.316280	49.046513
10649.933333	52.316280	49.046513
10650.000000	52.316280	49.046513
10650.066667	52.316280	49.046513
10650.133333	52.316280	49.046513
10650.200000	52.316280	49.046513
10650.266667	52.316280	49.046513
10650.333333	52.316280	49.046513
10650.400000	52.316280	49.046513
10650.466667	52.316280	49.046513
10650.533333	52.316280	49.046513
10650.600000	52.316280	49.046513
10650.666667	52.316280	49.046513
10650.733333	52.316280	49.046513
10650.800000	52.316280	49.046513
10650.866667	52.316280	49.046513
10650.933333	52.316280	49.046513
10651.000000	52.316280	49.046513
10651.066667	52.316280	49.046513
10651.133333	52.316280	49.046513
10651.200000	52.316280	49.046513
10651.266667	52.316280	49.046513
10651.333333	52.316280	49.046513
10651.400000	52.316280	49.046513
10651.466667	52.316280	49.046513
10651.533333	52.316280	49.046513
10651.600000	52.316280	49.046513
10651.666667	52.316280	49.046513
10651.733333	52.316280	49.046513
10651.800000	52.316280	49.046513
10651.866667	52.316280	49.046513
10651.933333	52.316280	49.046513
10652.000000	52.316280	49.046513
10652.066667	52.316280	49.046513
10652.133333	52.316280	49.046513
10652.200000	52.316280	49.046513
10652.266667	52.316280	49.046513
10652.333333	52.316280	49.046513
10652.400000	52.316280	49.046513
10652.466667	52.316280	49.046513
10652.533333	52.316280	49.046513
10652.600000	52.316280	49.046513
10652.666667	52.316280	49.046513
10652.733333	52.316280	49.046513
10652.800000	52.316280	49.046513
10652.866667	52.316280	49.046513
10652.933333	52.316280	49.046513
10653.000000	52.316280	49.046513
10653.066667	52.316280	49.046513
10653.133333	52.316280	49.046513
10653.200000	52.316280	49.046513
10653.266667	52.316280	49.046513
10653.333333	52.316280	49.046513
10653.400000	52.316280	49.046513
10653.466667	52.316280	49.046513
10653.533333	52.316280	49.046513
10653.600000	52.316280	49.046513
10653.666667	52.316280	49.046513
10653.733333	52.316280	49.046513
10653.800000	52.316280	49.046513
10653.866667	52.316280	49.046513
10653.933333	52.316280	49.046513
10654.000000	52.316280	49.046513
10654.066667	52.316280	49.046513
10654.133333	52.316280	49.046513
10654.200000	52.316280	49.046513
10654.266667	52.316280	49.046513
10654.333333	52.316280	49.046513
10654.400000	52.316280	49.046513
10654.466667	52.316280	49.046513
10654.533333	52.316280	49.046513
10654.600000	52.316280	49.046513
10654.666667	52.316280	49.046513
10654.733333	52.316280	49.046513
10654.800000	52.316280	49.046513
10654.866667	52.316280	49.046513
10654.933333	52.316280	49.046513
10655.000000	52.316280	49.046513
10655.066667	52.316280	49.046513
10655.133333	52.316280	49.046513
10655.200000	52.316280	49.046513
10655.266667	52.316280	49.046513
10655.333333	52.316280	49.046513
10655.400000	52.316280	49.046513
10655.466667	52.316280	49.046513
10655.533333	52.316280	49.046513
10655.600000	52.316280	49.046513
10655.666667	52.316280	49.046513
10655.733333	52.316280	49.046513
10655.800000	52.316280	49.046513
10655.866667	52.316280	49.046513
10655.933333	52.316280	49.046513
10656.000000	52.316280	49.046513
10656.066667	52.316280	49.046513
10656.133333	52.316280	49.046513
10656.200000	52.316280	49.046513
10656.266667	52.316280	49.046513
10656.333333	52.316280	49.046513
10656.400000	52.316280	49.046513
10656.466667	52.316280	49.046513
10656.533333	52.316280	49.046513
10656.600000	52.316280	49.046513
10656.666667	52.316280	49.046513
10656.733333	52.316280	49.046513
10656.800000	52.316280	49.046513
10656.866667	52.316280	49.046513
10656.933333	52.316280	49.046513
10657.000000	52.316280	49.046513
10657.066667	52.316280	49.046513
10657.133333	52.316280	49.046513
10657.200000	52.316280	49.046513
10657.266667	52.316280	49.046513
10657.333333	52.316280	49.046513
10657.400000	52.316280	49.046513
10657.466667	52.316280	49.046513
10657.533333	52.316280	49.046513
10657.600000	52.316280	49.046513
10657.666667	52.316280	49.046513
10657.733333	52.316280	49.046513
10657.800000	52.316280	49.046513
10657.866667	52.316280	49.046513
10657.933333	52.316280	49.046513
10658.000000	52.316280	49.046513
10658.066667	52.316280	49.046513
10658.133333	52.316280	49.046513
10658.200000	52.316280	49.046513
10658.266667	52.316280	49.046513
10658.333333	52.316280	49.046513
10658.400000	52.316280	49.046513
10658.466667	52.316280	49.046513
10658.533333	52.316280	49.046513
10658.600000	52.316280	49.046513
10658.666667	52.316280	49.046513
10658.733333	52.316280	49.046513
10658.800000	52.316280	49.046513
10658.866667	52.316280	49.046513
10658.933333	52.316280	49.046513
10659.000000	52.316280	49.046513
10659.066667	52.316280	49.046513
10659.133333	52.316280	49.046513
10659.200000	52.316280	49.046513
10659.266667	52.316280	49.046513
10659.333333	52.316280	49.046513
10659.400000	52.316280	49.046513
10659.466667	52.316280	49.046513
10659.533333	52.316280	49.046513
10659.600000	52.316280	49.046513
10659.666667	52.316280	49.046513
10659.733333	52.316280	49.046513
10659.800000	52.316280	49.046513
10659.866667	52.316280	49.046513
10659.933333	52.316280	49.046513
10660.000000	52.316280	49.046513
10660.066667	52.316280	49.046513
10660.133333	52.316280	49.046513
10660.200000	52.316280	49.046513
10660.266667	52.316280	49.046513
10660.333333	52.316280	49.046513
10660.400000	52.316280	49.046513
10660.466667	52.316280	49.046513
10660.533333	52.316280	49.046513
10660.600000	52.316280	49.046513
10660.666667	52.316280	49.046513
10660.733333	52.316280	49.046513
10660.800000	52.316280	49.046513
10660.866667	52.316280	49.046513
10660.933333	52.316280	49.046513
10661.000000	52.316280	49.046513
10661.066667	52.316280	49.046513
10661.133333	52.316280	49.046513
10661.200000	52.316280	49.046513
10661.266667	52.316280	49.046513
10661.333333	52.316280	49.046513
10661.400000	52.316280	49.046513
10661.466667	52.316280	49.046513
10661.533333	52.316280	49.046513
10661.600000	52.316280	49.046513
10661.666667	52.316280	49.046513
10661.733333	52.316280	49.046513
10661.800000	52.316280	49.046513
10661.866667	52.316280	49.046513
10661.933333	52.316280	49.046513
10662.000000	52.316280	49.046513
10662.066667	52.316280	49.046513
10662.133333	52.316280	49.046513
10662.200000	52.316280	49.046513
10662.266667	52.316280	49.046513
10662.333333	52.316280	49.046513
10662.400000	52.316280	49.046513
10662.466667	52.316280	49.046513
10662.533333	52.316280	49.046513
10662.600000	52.316280	49.046513
10662.666667	52.316280	49.046513
10662.733333	52.316280	49.046513
10662.800000	52.316280	49.046513
10662.866667	52.316280	49.046513
10662.933333	52.316280	49.046513
10663.000000	52.316280	49.046513
10663.066667	52.316280	49.046513
10663.133333	52.316280	49.046513
10663.200000	52.316280	49.046513
10663.266667	52.316280	49.046513
10663.333333	52.316280	49.046513
10663.400000	52.316280	49.046513
10663.466667	52.316280	49.046513
10663.533333	52.316280	49.046513
10663.600000	52.316280	49.046513
10663.666667	52.316280	49.046513
10663.733333	52.316280	49.046513
10663.800000	52.316280	49.046513
10663.866667	52.316280	49.046513
10663.933333	52.316280	49.046513
10664.000000	52.316280	49.046513
10664.066667	52.316280	49.046513
10664.133333	52.316280	49.046513
10664.200000	52.316280	49.046513
10664.266667	52.316280	49.046513
10664.333333	52.316280	49.046513
10664.400000	52.316280	49.046513
10664.466667	52.316280	49.046513
10664.533333	52.316280	49.046513
10664.600000	52.316280	49.046513
10664.666667	52.316280	49.046513
10664.733333	52.316280	49.046513
10664.800000	52.316280	49.046513
10664.866667	52.316280	49.046513
10664.933333	52.316280	49.046513
10665.000000	52.316280	49.046513
10665.066667	52.316280	49.046513
10665.133333	52.316280	49.046513
10665.200000	52.316280	49.046513
10665.266667	52.316280	49.046513
10665.333333	52.316280	49.046513
10665.400000	52.316280	49.046513
10665.466667	52.316280	49.046513
10665.533333	52.316280	49.046513
10665.600000	52.316280	49.046513
10665.666667	52.316280	49.046513
10665.733333	52.316280	49.046513
10665.800000	52.316280	49.046513
10665.866667	52.316280	49.046513
10665.933333	52.316280	49.046513
10666.000000	52.316280	49.046513
10666.066667	52.316280	49.046513
10666.133333	52.316280	49.046513
10666.200000	52.316280	49.046513
10666.266667	52.316280	49.046513
10666.333333	52.316280	49.046513
10666.400000	52.316280	49.046513
10666.466667	52.316280	49.046513
10666.533333	52.316280	49.046513
10666.600000	52.316280	49.046513
10666.666667	52.316280	49.046513
10666.733333	52.316280	49.046513
10666.800000	52.316280	49.046513
10666.866667	52.316280	49.046513
10666.933333	52.316280	49.046513
10667.000000	52.316280	49.046513
10667.066667	52.316280	49.046513
10667.133333	52.316280	49.046513
10667.200000	52.316280	49.046513
10667.266667	52.316280	49.046513
10667.333333	52.316280	49.046513
10667.400000	52.316280	49.046513
10667.466667	52.316280	49.046513
10667.533333	52.316280	49.046513
10667.600000	52.316280	49.046513
10667.666667	52.316280	49.046513
10667.733333	52.316280	49.046513
10667.800000	52.316280	49.046513
10667.866667	52.316280	49.046513
10667.933333	52.316280	49.046513
10668.000000	52.316280	49.046513
10668.066667	52.316280	49.046513
10668.133333	52.316280	49.046513
10668.200000	52.316280	49.046513
10668.266667	52.316280	49.046513
10668.333333	52.316280	49.046513
10668.400000	52.316280	49.046513
10668.466667	52.316280	49.046513
10668.533333	52.316280	49.046513
10668.600000	52.316280	49.046513
10668.666667	52.316280	49.046513
10668.733333	52.316280	49.046513
10668.800000	52.316280	49.046513
10668.866667	52.316280	49.046513
10668.933333	52.316280	49.046513
10669.000000	52.316280	49.046513
10669.066667	52.316280	49.046513
10669.133333	52.316280	49.046513
10669.200000	52.316280	49.046513
10669.266667	52.316280	49.046513
10669.333333	52.316280	49.046513
10669.400000	52.316280	49.046513
10669.466667	52.316280	49.046513
10669.533333	52.316280	49.046513
10669.600000	52.316280	49.046513
10669.666667	52.316280	49.046513
10669.733333	52.316280	49.046513
10669.800000	52.316280	49.046513
10669.866667	52.316280	49.046513
10669.933333	52.316280	49.046513
10670.000000	52.316280	49.046513
10670.066667	52.316280	49.046513
10670.133333	52.316280	49.046513
10670.200000	52.316280	49.046513
10670.266667	52.316280	49.046513
10670.333333	52.316280	49.046513
10670.400000	52.316280	49.046513
10670.466667	52.316280	49.046513
10670.533333	52.316280	49.046513
10670.600000	52.316280	49.046513
10670.666667	52.316280	49.046513
10670.733333	52.316280	49.046513
10670.800000	52.316280	49.046513
10670.866667	52.316280	49.046513
10670.933333	52.316280	49.046513
10671.000000	52.316280	49.046513
10671.066667	52.316280	49.046513
10671.133333	52.316280	49.046513
10671.200000	52.316280	49.046513
10671.266667	52.316280	49.046513
10671.333333	52.316280	49.046513
10671.400000	52.316280	49.046513
10671.466667	52.316280	49.046513
10671.533333	52.316280	49.046513
10671.600000	52.316280	49.046513
10671.666667	52.316280	49.046513
10671.733333	52.316280	49.046513
10671.800000	52.316280	49.046513
10671.866667	52.316280	49.046513
10671.933333	52.316280	49.046513
10672.000000	52.316280	49.046513
10672.066667	52.316280	49.046513
10672.133333	52.316280	49.046513
10672.200000	52.316280	49.046513
10672.266667	52.316280	49.046513
10672.333333	52.316280	49.046513
10672.400000	52.316280	49.046513
10672.466667	52.316280	49.046513
10672.533333	52.316280	49.046513
10672.600000	52.316280	49.046513
10672.666667	52.316280	49.046513
10672.733333	52.316280	49.046513
10672.800000	52.316280	49.046513
10672.866667	52.316280	49.046513
10672.933333	52.316280	49.046513
10673.000000	52.316280	49.046513
10673.066667	52.316280	49.046513
10673.133333	52.316280	49.046513
10673.200000	52.316280	49.046513
10673.266667	52.316280	49.046513
10673.333333	52.316280	49.046513
10673.400000	52.316280	49.046513
10673.466667	52.316280	49.046513
10673.533333	52.316280	49.046513
10673.600000	52.316280	49.046513
10673.666667	52.316280	49.046513
10673.733333	52.316280	49.046513
10673.800000	52.316280	49.046513
10673.866667	52.316280	49.046513
10673.933333	52.316280	49.046513
10674.000000	52.316280	49.046513
10674.066667	52.316280	49.046513
10674.133333	52.316280	49.046513
10674.200000	52.316280	49.046513
10674.266667	52.316280	49.046513
10674.333333	52.316280	49.046513
10674.400000	52.316280	49.046513
10674.466667	52.316280	49.046513
10674.533333	52.316280	49.046513
10674.600000	52.316280	49.046513
10674.666667	52.316280	49.046513
10674.733333	52.316280	49.046513
10674.800000	52.316280	49.046513
10674.866667	52.316280	49.046513
10674.933333	52.316280	49.046513
10675.000000	52.316280	49.046513
10675.066667	52.316280	49.046513
10675.133333	52.316280	49.046513
10675.200000	52.316280	49.046513
10675.266667	52.316280	49.046513
10675.333333	52.316280	49.046513
10675.400000	52.316280	49.046513
10675.466667	52.316280	49.046513
10675.533333	52.316280	49.046513
10675.600000	52.316280	49.046513
10675.666667	52.316280	49.046513
10675.733333	52.316280	49.046513
10675.800000	52.316280	49.046513
10675.866667	52.316280	49.046513
10675.933333	52.316280	49.046513
10676.000000	52.316280	49.046513
10676.066667	52.316280	49.046513
10676.133333	52.316280	49.046513
10676.200000	52.316280	49.046513
10676.266667	52.316280	49.046513
10676.333333	52.316280	49.046513
10676.400000	52.316280	49.046513
10676.466667	52.316280	49.046513
10676.533333	52.316280	49.046513
10676.600000	52.316280	49.046513
10676.666667	52.316280	49.046513
10676.733333	52.316280	49.046513
10676.800000	52.316280	49.046513
10676.866667	52.316280	49.046513
10676.933333	52.316280	49.046513
10677.000000	52.316280	49.046513
10677.066667	52.316280	49.046513
10677.133333	52.316280	49.046513
10677.200000	52.316280	49.046513
10677.266667	52.316280	49.046513
10677.333333	52.316280	49.046513
10677.400000	52.316280	49.046513
10677.466667	52.316280	49.046513
10677.533333	52.316280	49.046513
10677.600000	52.316280	49.046513
10677.666667	52.316280	49.046513
10677.733333	52.316280	49.046513
10677.800000	52.316280	49.046513
10677.866667	52.316280	49.046513
10677.933333	52.316280	49.046513
10678.000000	52.316280	49.046513
10678.066667	52.316280	49.046513
10678.133333	52.316280	49.046513
10678.200000	52.316280	49.046513
10678.266667	52.316280	49.046513
10678.333333	52.316280	49.046513
10678.400000	52.316280	49.046513
10678.466667	52.316280	49.046513
10678.533333	52.316280	49.046513
10678.600000	52.316280	49.046513
10678.666667	52.316280	49.046513
10678.733333	52.316280	49.046513
10678.800000	52.316280	49.046513
10678.866667	52.316280	49.046513
10678.933333	52.316280	49.046513
10679.000000	52.316280	49.046513
10679.066667	52.316280	49.046513
10679.133333	52.316280	49.046513
10679.200000	52.316280	49.046513
10679.266667	52.316280	49.046513
10679.333333	52.316280	49.046513
10679.400000	52.316280	49.046513
10679.466667	52.316280	49.046513
10679.533333	52.316280	49.046513
10679.600000	52.316280	49.046513
10679.666667	52.316280	49.046513
10679.733333	52.316280	49.046513
10679.800000	52.316280	49.046513
10679.866667	52.316280	49.046513
10679.933333	52.316280	49.046513
10680.000000	52.316280	49.046513
