1260.066667	-260.564911	131.998001
1260.133333	-260.729584	131.965302
1260.200000	-260.772644	132.039825
1260.266667	-260.772644	132.039825
1260.333333	-261.075500	131.999893
1260.400000	-261.139374	132.016434
1260.466667	-261.264893	131.982635
1260.533333	-261.412720	131.916092
1260.600000	-261.561218	131.861572
1260.666667	-261.561218	131.861572
1260.733333	-261.819580	131.993210
1260.800000	-261.833435	131.943634
1260.866667	-262.093414	131.938919
1260.933333	-262.197815	131.932617
1261.000000	-262.303314	131.818100
1261.066667	-262.291992	132.011932
1261.133333	-262.540649	131.859222
1261.200000	-262.600677	131.886719
1261.266667	-262.690125	131.944366
1261.333333	-262.891022	131.885773
1261.400000	-263.014923	131.876755
1261.466667	-263.030945	131.889648
1261.533333	-263.171173	131.905197
1261.600000	-263.371521	131.805450
1261.666667	-263.489349	131.832504
1261.733333	-263.639130	131.745087
1261.800000	-263.658264	131.798233
1261.866667	-263.794312	131.833740
1261.933333	-263.861389	131.857346
1262.000000	-264.153198	131.777664
1262.066667	-264.208282	131.862732
1262.133333	-264.270355	131.800018
1262.200000	-264.427917	131.812393
1262.266667	-264.536804	131.848190
1262.333333	-264.640350	131.779373
1262.400000	-264.896393	131.762054
1262.466667	-264.973328	131.753174
1262.533333	-265.072083	131.662048
1262.600000	-265.134949	131.778671
1262.666667	-265.345093	131.661179
1262.733333	-265.394989	131.711395
1262.800000	-265.534760	131.801270
1262.866667	-265.678223	131.753265
1262.933333	-265.770721	131.717270
1263.000000	-265.772736	131.713150
1263.066667	-266.008148	131.692703
1263.133333	-266.196167	131.603394
1263.200000	-266.255127	131.668518
1263.266667	-266.343719	131.696869
1263.333333	-266.461029	131.602783
1263.400000	-266.607513	131.539505
1263.466667	-266.738373	131.644608
1263.533333	-266.914581	131.449997
1263.600000	-266.960236	131.634674
1263.666667	-267.078583	131.564026
1263.733333	-267.255188	131.581039
1263.800000	-267.305206	131.467880
1263.866667	-267.364044	131.532013
1263.933333	-267.641937	131.557770
1264.000000	-267.670105	131.501678
1264.066667	-267.782501	131.503708
1264.133333	-267.893707	131.592957
1264.200000	-268.033234	131.412292
1264.266667	-268.137909	131.563477
1264.333333	-268.313171	131.511597
1264.400000	-268.364807	131.474457
1264.466667	-268.509277	131.460434
1264.533333	-268.645782	131.398788
1264.600000	-268.794128	131.388702
1264.666667	-268.836029	131.518539
1264.733333	-269.013855	131.471390
1264.800000	-269.156647	131.369858
1264.866667	-269.256042	131.479202
1264.933333	-269.379578	131.286682
1265.000000	-269.521881	131.408127
1265.066667	-269.615692	131.422623
1265.133333	-269.702209	131.316895
1265.200000	-269.881439	131.328491
1265.266667	-270.066498	131.283310
1265.333333	-270.054901	131.442902
1265.400000	-270.200836	131.301117
1265.466667	-270.288940	131.376236
1265.533333	-270.400299	131.305252
1265.600000	-270.600433	131.295395
1265.666667	-270.729126	131.260468
1265.733333	-270.839478	131.314224
1265.800000	-270.962311	131.252304
1265.866667	-271.016266	131.276413
1265.933333	-271.115540	131.299423
1266.000000	-271.374298	131.249680
1266.066667	-271.417053	131.226669
1266.133333	-271.526215	131.206848
1266.200000	-271.648407	131.297379
1266.266667	-271.766663	131.241516
1266.333333	-271.892365	131.151718
1266.400000	-272.044647	131.206116
1266.466667	-272.095367	131.303024
1266.533333	-272.335388	131.162750
1266.600000	-272.406525	131.173019
1266.666667	-272.611450	131.123489
1266.733333	-272.646118	131.132309
1266.800000	-272.746948	131.164261
1266.866667	-272.891083	131.128220
1266.933333	-273.047028	131.164871
1267.000000	-273.133423	131.182724
1267.066667	-273.195160	131.143768
1267.133333	-273.344055	131.109177
1267.200000	-273.510468	131.086777
1267.266667	-273.575806	131.150192
1267.333333	-273.716827	131.116806
1267.400000	-273.986572	130.919052
1267.466667	-273.957764	131.118515
1267.533333	-274.102173	131.084625
1267.600000	-274.236542	131.007507
1267.666667	-274.317230	131.051758
1267.733333	-274.430206	130.976440
1267.800000	-274.668427	130.997162
1267.866667	-274.742645	130.975174
1267.933333	-274.800110	131.024002
1268.000000	-274.898590	131.028809
1268.066667	-274.998749	130.985489
1268.133333	-275.221832	130.969055
1268.200000	-275.306824	130.920807
1268.266667	-275.465790	130.965424
1268.333333	-275.561401	130.969833
1268.400000	-275.617401	130.909760
1268.466667	-275.786346	130.934799
1268.533333	-275.987213	130.942200
1268.600000	-276.141846	130.935104
1268.666667	-276.156555	130.994202
1268.733333	-276.213379	130.925842
1268.800000	-276.477966	130.830704
1268.866667	-276.556244	130.884720
1268.933333	-276.776184	130.802933
1269.000000	-276.793304	130.853271
1269.066667	-276.918213	130.850235
1269.133333	-277.125946	130.884125
1269.200000	-277.166138	130.801025
1269.266667	-277.403870	130.738419
1269.333333	-277.442322	130.777924
1269.400000	-277.574554	130.712433
1269.466667	-277.634918	130.713654
1269.533333	-277.740784	130.741394
1269.600000	-277.937103	130.755417
1269.666667	-278.063324	130.684052
1269.733333	-278.157776	130.726196
1269.800000	-278.228790	130.706284
1269.866667	-278.344330	130.757050
1269.933333	-278.521698	130.717087
1270.000000	-278.780731	130.593262
1270.066667	-278.793945	130.641754
1270.133333	-278.863708	130.590286
1270.200000	-279.005920	130.646423
1270.266667	-279.134155	130.655853
1270.333333	-279.245056	130.603851
1270.400000	-279.347412	130.669281
1270.466667	-279.485992	130.582855
1270.533333	-279.605347	130.617584
1270.600000	-279.770996	130.651428
1270.666667	-279.846893	130.685257
1270.733333	-280.027405	130.584274
1270.800000	-280.108948	130.616531
1270.866667	-280.246521	130.575211
1270.933333	-280.337402	130.631149
1271.000000	-280.554779	130.541321
1271.066667	-280.662445	130.567673
1271.133333	-280.829956	130.544586
1271.200000	-280.851166	130.495193
1271.266667	-281.031250	130.523483
1271.333333	-281.084991	130.522079
1271.400000	-281.299255	130.467270
1271.466667	-281.330963	130.582947
1271.533333	-281.445007	130.450775
1271.600000	-281.589203	130.438293
1271.666667	-281.717651	130.535324
1271.733333	-281.887634	130.436249
1271.800000	-282.006897	130.402191
1271.866667	-282.074554	130.408783
1271.933333	-282.118652	130.449020
1272.000000	-282.356201	130.328568
1272.066667	-282.423126	130.386734
1272.133333	-282.612671	130.330948
1272.200000	-282.805481	130.313156
1272.266667	-282.808380	130.385071
1272.333333	-282.963440	130.323090
1272.400000	-282.982574	130.357864
1272.466667	-283.318695	130.279404
1272.533333	-283.335754	130.269882
1272.600000	-283.374725	130.339630
1272.666667	-283.590668	130.303802
1272.733333	-283.615082	130.364670
1272.800000	-283.817474	130.300232
1272.866667	-283.977570	130.223251
1272.933333	-284.098999	130.260925
1273.000000	-284.206757	130.253143
1273.066667	-284.260315	130.288742
1273.133333	-284.491089	130.270020
1273.200000	-284.515198	130.256134
1273.266667	-284.710510	130.161896
1273.333333	-284.816040	130.155106
1273.400000	-285.004150	130.295258
1273.466667	-285.148132	130.191681
1273.533333	-285.177917	130.206680
1273.600000	-285.316498	130.177277
1273.666667	-285.471069	130.076492
1273.733333	-285.546295	130.165329
1273.800000	-285.735565	130.159134
1273.866667	-285.783661	130.110214
1273.933333	-285.892395	130.183716
1274.000000	-286.039246	130.039536
1274.066667	-286.165863	129.945282
1274.133333	-286.215149	130.126862
1274.200000	-286.459625	130.050034
1274.266667	-286.541504	130.009293
1274.333333	-286.681549	130.077621
1274.400000	-286.768372	129.943039
1274.466667	-286.857849	129.941803
1274.533333	-286.969879	130.006134
1274.600000	-287.129669	130.037552
1274.666667	-287.271545	130.037155
1274.733333	-287.338409	130.008987
1274.800000	-287.507629	129.952820
1274.866667	-287.568634	130.042572
1274.933333	-287.792236	130.086716
1275.000000	-287.892944	130.014023
1275.066667	-288.009644	129.900391
1275.133333	-288.228699	130.023392
1275.200000	-288.175507	130.028671
1275.266667	-288.394409	129.979614
1275.333333	-288.572418	130.044098
1275.400000	-288.636200	129.967300
1275.466667	-288.753082	129.896713
1275.533333	-289.013550	129.898605
1275.600000	-288.965485	129.845398
1275.666667	-289.118225	129.940552
1275.733333	-289.322327	129.824280
1275.800000	-289.419220	129.769455
1275.866667	-289.474701	129.842896
1275.933333	-289.617676	129.817612
1276.000000	-289.817993	129.729126
1276.066667	-289.940521	129.785309
1276.133333	-289.946198	129.774414
1276.200000	-290.037292	129.845398
1276.266667	-290.278351	129.722809
1276.333333	-290.514923	129.522903
1276.400000	-290.521973	129.749741
1276.466667	-290.546814	129.724960
1276.533333	-290.673920	129.769592
1276.600000	-290.785767	129.774704
1276.666667	-290.984619	129.771866
1276.733333	-291.038696	129.728683
1276.800000	-291.238190	129.708878
1276.866667	-291.334412	129.704178
1276.933333	-291.483765	129.611633
1277.000000	-291.631287	129.666367
1277.066667	-291.807953	129.647659
1277.133333	-291.875671	129.679321
1277.200000	-291.971680	129.753204
1277.266667	-292.078430	129.621780
1277.333333	-292.308380	129.579117
1277.400000	-292.394836	129.688293
1277.466667	-292.465271	129.559464
1277.533333	-292.623749	129.582184
1277.600000	-292.758301	129.647644
1277.666667	-292.864929	129.502182
1277.733333	-292.964844	129.530533
1277.800000	-293.133331	129.445297
1277.866667	-293.190063	129.638107
1277.933333	-293.372162	129.510117
1278.000000	-293.495026	129.440018
1278.066667	-293.485962	129.512360
1278.133333	-293.737885	129.360397
1278.200000	-293.795746	129.453308
1278.266667	-293.898804	129.529755
1278.333333	-294.051056	129.503113
1278.400000	-294.215118	129.440460
1278.466667	-294.237549	129.398834
1278.533333	-294.419830	129.436447
1278.600000	-294.527039	129.419205
1278.666667	-294.689117	129.429184
1278.733333	-294.781616	129.381561
1278.800000	-295.028503	129.344971
1278.866667	-295.046783	129.382462
1278.933333	-295.148010	129.294006
1279.000000	-295.242645	129.343048
1279.066667	-295.475098	129.283310
1279.133333	-295.524017	129.373505
1279.200000	-295.728455	129.351624
1279.266667	-295.807648	129.339569
1279.333333	-295.897644	129.277191
1279.400000	-296.036469	129.327866
1279.466667	-296.219238	129.250656
1279.533333	-296.243561	129.328506
1279.600000	-296.457733	129.311691
1279.666667	-296.498230	129.278214
1279.733333	-296.545258	129.258163
1279.800000	-296.779938	129.229767
1279.866667	-296.912079	129.269028
1279.933333	-297.041321	129.270950
1280.000000	-297.156830	129.121918
1280.066667	-297.228302	129.255295
1280.133333	-297.300659	129.267227
1280.200000	-297.483429	129.159302
1280.266667	-297.646240	129.114944
1280.333333	-297.688843	129.138977
1280.400000	-297.812561	129.049789
1280.466667	-297.913849	129.199295
1280.533333	-298.053680	129.182846
1280.600000	-298.314819	129.052887
1280.666667	-298.401154	129.050751
1280.733333	-298.477661	129.077667
1280.800000	-298.633392	129.095062
1280.866667	-298.822876	128.973175
1280.933333	-298.886536	129.021225
1281.000000	-299.031982	129.060074
1281.066667	-299.062927	129.004135
1281.133333	-299.098175	129.009705
1281.200000	-299.348083	128.981827
1281.266667	-299.503540	128.893341
1281.333333	-299.592438	129.053192
1281.400000	-299.699371	129.004684
1281.466667	-299.808044	129.057007
1281.533333	-299.850861	129.023087
1281.600000	-300.137115	128.899918
1281.666667	-300.269379	128.912628
1281.733333	-300.310760	128.993195
1281.800000	-300.420288	128.989090
1281.866667	-300.566528	128.952225
1281.933333	-300.600616	128.879700
1282.000000	-300.817719	128.927200
1282.066667	-300.980743	128.809814
1282.133333	-301.057709	128.895859
1282.200000	-301.188385	128.895325
1282.266667	-301.306274	128.838120
1282.333333	-301.354034	128.761368
1282.400000	-301.629028	128.759399
1282.466667	-301.710022	128.778336
1282.533333	-301.764587	128.812714
1282.600000	-301.942200	128.800476
1282.666667	-302.074402	128.698578
1282.733333	-302.198669	128.754852
1282.800000	-302.303009	128.878067
1282.866667	-302.409027	128.702866
1282.933333	-302.459747	128.840485
1283.000000	-302.798981	128.555618
1283.066667	-302.828674	128.634232
1283.133333	-302.849152	128.700134
1283.200000	-302.980835	128.631195
1283.266667	-303.126740	128.704361
1283.333333	-303.217621	128.711548
1283.400000	-303.525604	128.610550
1283.466667	-303.572083	128.653122
1283.533333	-303.707062	128.638626
1283.600000	-303.729828	128.603546
1283.666667	-303.873291	128.598999
1283.733333	-304.018677	128.602814
1283.800000	-304.209778	128.581207
1283.866667	-304.259949	128.615936
1283.933333	-304.393005	128.637863
1284.000000	-304.459900	128.590958
1284.066667	-304.650604	128.671707
1284.133333	-304.784698	128.572784
1284.200000	-304.909851	128.641479
1284.266667	-304.998718	128.553879
1284.333333	-305.164551	128.466141
1284.400000	-305.252228	128.393158
1284.466667	-305.318085	128.502747
1284.533333	-305.520355	128.451141
1284.600000	-305.645996	128.527908
1284.666667	-305.715942	128.392868
1284.733333	-305.777313	128.376648
1284.800000	-306.083862	128.305679
1284.866667	-306.210144	128.288345
1284.933333	-306.248596	128.316177
1285.000000	-306.318237	128.337479
1285.066667	-306.405151	128.321136
1285.133333	-306.555084	128.501862
1285.200000	-306.810486	128.271362
1285.266667	-306.856537	128.265762
1285.333333	-306.922791	128.326981
1285.400000	-307.093750	128.240097
1285.466667	-307.299164	128.400909
1285.533333	-307.375946	128.312088
1285.600000	-307.443573	128.317886
1285.666667	-307.614777	128.229691
1285.733333	-307.630920	128.222961
1285.800000	-307.817017	128.184036
1285.866667	-307.937317	128.188400
1285.933333	-308.147797	128.210403
1286.000000	-308.201385	128.173065
1286.066667	-308.253448	128.239548
1286.133333	-308.476654	128.179977
1286.200000	-308.567596	128.054459
1286.266667	-308.744110	128.114258
1286.333333	-308.806061	128.211914
1286.400000	-308.925964	128.205200
1286.466667	-309.051514	128.089813
1286.533333	-309.119873	128.091797
1286.600000	-309.266083	128.075745
1286.666667	-309.457489	128.077942
1286.733333	-309.526184	128.067703
1286.800000	-309.607239	127.955391
1286.866667	-309.757202	128.068344
1286.933333	-309.902679	127.982048
1287.000000	-310.049622	127.998337
1287.066667	-310.225067	127.905716
1287.133333	-310.256348	127.974236
1287.200000	-310.396271	127.973526
1287.266667	-310.598694	127.993126
1287.333333	-310.674622	127.906075
1287.400000	-310.851349	127.890594
1287.466667	-310.851532	127.925415
1287.533333	-311.023438	127.936684
1287.600000	-311.055420	127.880257
1287.666667	-311.307709	127.921852
1287.733333	-311.393280	127.964813
1287.800000	-311.468842	127.954491
1287.866667	-311.532959	127.972557
1287.933333	-311.778900	127.930305
1288.000000	-311.943848	127.818428
1288.066667	-312.056641	127.917213
1288.133333	-312.097931	127.845146
1288.200000	-312.254913	127.797943
1288.266667	-312.332275	127.877548
1288.333333	-312.589752	127.890671
1288.400000	-312.514587	127.845284
1288.466667	-312.736176	127.847908
1288.533333	-312.849548	127.775345
1288.600000	-312.894836	127.825989
1288.666667	-313.064545	127.694717
1288.733333	-313.323456	127.813347
1288.800000	-313.323456	127.813347
1288.866667	-313.477539	127.665161
1288.933333	-313.517548	127.702881
1289.000000	-313.655151	127.736191
1289.066667	-313.826752	127.664520
1289.133333	-314.135132	127.608612
1289.200000	-314.135132	127.608612
1289.266667	-314.134583	127.721802
1289.333333	-314.205688	127.706688
1289.400000	-314.480316	127.601807
1289.466667	-314.524078	127.669312
1289.533333	-314.802094	127.654816
1289.600000	-314.802094	127.654816
1289.666667	-314.964294	127.562897
1289.733333	-315.108368	127.583672
1289.800000	-315.273804	127.501434
1289.866667	-315.313965	127.579575
1289.933333	-315.653595	127.534477
1290.000000	-315.653595	127.534477
1290.066667	-315.714417	127.556763
1290.133333	-315.915497	127.450111
1290.200000	-315.944336	127.549782
1290.266667	-316.063232	127.533440
1290.333333	-316.276733	127.553093
1290.400000	-316.463531	127.612663
1290.466667	-316.463531	127.612663
1290.533333	-316.581909	127.381432
1290.600000	-316.703918	127.453560
1290.666667	-316.802460	127.487350
1290.733333	-316.908386	127.441223
1290.800000	-317.258575	127.352081
1290.866667	-317.258575	127.352081
1290.933333	-317.323181	127.328751
1291.000000	-317.336792	127.410133
1291.066667	-317.463715	127.440544
1291.133333	-317.826752	127.317795
1291.200000	-317.961884	127.229515
1291.266667	-317.961884	127.229515
1291.333333	-318.008240	127.378052
1291.400000	-318.082062	127.285690
1291.466667	-318.175476	127.367378
1291.533333	-318.517334	127.270782
1291.600000	-318.684662	127.325104
1291.666667	-318.741577	127.207352
1291.733333	-318.741577	127.207352
1291.800000	-318.779816	127.247101
1291.866667	-318.990509	127.163300
1291.933333	-319.090363	127.272667
1292.000000	-319.390869	127.131172
1292.066667	-319.501984	127.222076
1292.133333	-319.501984	127.222076
1292.200000	-319.645966	127.082855
1292.266667	-319.736786	127.237785
1292.333333	-320.003662	127.224663
1292.400000	-320.002441	127.146851
1292.466667	-320.122070	127.145683
1292.533333	-320.122070	127.145683
1292.600000	-320.311646	127.072754
1292.666667	-320.506195	127.043457
1292.733333	-320.626648	127.092857
1292.800000	-320.890442	126.957802
1292.866667	-320.989685	127.092476
1292.933333	-321.170898	127.009415
1293.000000	-321.170898	127.009415
1293.066667	-321.267303	126.971611
1293.133333	-321.361572	126.960648
1293.200000	-321.593658	126.838577
1293.266667	-321.840851	126.982590
1293.333333	-321.848602	126.946663
1293.400000	-321.848602	126.946663
1293.466667	-321.982361	126.869644
1293.533333	-322.082031	126.913948
1293.600000	-322.339447	126.803864
1293.666667	-322.498413	126.942848
1293.733333	-322.630035	126.871506
1293.800000	-322.630035	126.871506
1293.866667	-322.595062	126.964531
1293.933333	-323.017090	126.879555
1294.000000	-323.137848	126.743256
1294.066667	-323.169861	126.783272
1294.133333	-323.266998	126.759979
1294.200000	-323.266998	126.759979
1294.266667	-323.411102	126.795891
1294.333333	-323.751648	126.819626
1294.400000	-323.831757	126.738770
1294.466667	-323.985840	126.819756
1294.533333	-324.069305	126.685814
1294.600000	-324.269501	126.683167
1294.666667	-324.269501	126.683167
1294.733333	-324.507660	126.701225
1294.800000	-324.542572	126.584305
1294.866667	-324.648499	126.661835
1294.933333	-324.850464	126.630104
1295.000000	-324.955750	126.650444
1295.066667	-324.955750	126.650444
1295.133333	-325.257660	126.678856
1295.200000	-325.303650	126.551552
1295.266667	-325.336487	126.599121
1295.333333	-325.593048	126.528542
1295.400000	-325.568817	126.616524
1295.466667	-325.568817	126.616524
1295.533333	-325.857605	126.661034
1295.600000	-325.992218	126.452866
1295.666667	-326.178467	126.485199
1295.733333	-326.298981	126.451866
1295.800000	-326.450287	126.468048
1295.866667	-326.495850	126.472603
1295.933333	-326.495850	126.472603
1296.000000	-326.782684	126.475311
1296.066667	-326.923584	126.454430
1296.133333	-327.038910	126.511177
1296.200000	-327.150604	126.461632
1296.266667	-327.225555	126.472626
1296.333333	-327.225555	126.472626
1296.400000	-327.531982	126.495934
1296.466667	-327.769806	126.325027
1296.533333	-327.873108	126.388725
1296.600000	-327.902710	126.362312
1296.666667	-327.926544	126.395287
1296.733333	-328.156219	126.372414
1296.800000	-328.267395	126.434639
1296.866667	-328.458191	126.337234
1296.933333	-328.490021	126.333725
1297.000000	-328.570068	126.287994
1297.066667	-328.731445	126.343071
1297.133333	-328.878448	126.322884
1297.200000	-329.052002	126.201599
1297.266667	-329.115875	126.261703
1297.333333	-329.231079	126.249352
1297.400000	-329.290314	126.195618
1297.466667	-329.479340	126.198532
1297.533333	-329.731140	126.136032
1297.600000	-329.759644	126.166054
1297.666667	-329.850372	126.144753
1297.733333	-329.904785	126.166046
1297.800000	-330.099792	126.192192
1297.866667	-330.278046	126.069801
1297.933333	-330.366150	126.148178
1298.000000	-330.451080	126.141556
1298.066667	-330.531738	126.093964
1298.133333	-330.594696	126.260742
1298.200000	-330.758820	126.075760
1298.266667	-330.955414	126.048180
1298.333333	-331.043030	126.110565
1298.400000	-331.166687	126.020050
1298.466667	-331.288910	126.189857
1298.533333	-331.370667	126.073402
1298.600000	-331.536743	126.091949
1298.666667	-331.700134	126.009552
1298.733333	-331.737061	126.103439
1298.800000	-331.840088	126.081871
1298.866667	-332.068359	125.968239
1298.933333	-332.230713	126.003975
1299.000000	-332.354004	125.844055
1299.066667	-332.410797	125.987709
1299.133333	-332.494690	125.984497
1299.200000	-332.631409	125.990929
1299.266667	-332.786255	125.877892
1299.333333	-332.885162	125.844032
1299.400000	-332.997223	125.934288
1299.466667	-333.085907	125.799438
1299.533333	-333.170502	125.886940
1299.600000	-333.415588	125.784477
1299.666667	-333.482361	125.820824
1299.733333	-333.621094	125.780342
1299.800000	-333.762177	125.790131
1299.866667	-333.878601	125.804741
1299.933333	-333.999512	125.788498
1300.000000	-334.068878	125.779404
1300.066667	-334.271057	125.713478
1300.133333	-334.333252	125.749428
1300.200000	-334.455750	125.715652
1300.266667	-334.567139	125.620834
1300.333333	-334.786499	125.807152
1300.400000	-334.866608	125.684555
1300.466667	-334.905701	125.691986
1300.533333	-335.121094	125.566353
1300.600000	-335.167053	125.731392
1300.666667	-335.352722	125.575508
1300.733333	-335.479034	125.614761
1300.800000	-335.599243	125.652489
1300.866667	-335.634644	125.621140
1300.933333	-335.822235	125.507729
1301.000000	-335.893951	125.614021
1301.066667	-336.090454	125.545776
1301.133333	-336.165955	125.510956
1301.200000	-336.305206	125.592957
1301.266667	-336.384308	125.459084
1301.333333	-336.383820	125.637100
1301.400000	-336.711945	125.461411
1301.466667	-336.737793	125.542091
1301.533333	-336.869568	125.531525
1301.600000	-337.001251	125.452850
1301.666667	-337.065796	125.492767
1301.733333	-337.139648	125.497528
1301.800000	-337.321686	125.384743
1301.866667	-337.486115	125.369545
1301.933333	-337.689026	125.465004
1302.000000	-337.719757	125.372871
1302.066667	-337.845795	125.353027
1302.133333	-338.022980	125.421631
1302.200000	-338.100159	125.250702
1302.266667	-338.227112	125.309990
1302.333333	-338.285706	125.437729
1302.400000	-338.436371	125.272057
1302.466667	-338.582642	125.282463
1302.533333	-338.663361	125.359779
1302.600000	-338.878510	125.342323
1302.666667	-338.945831	125.286156
1302.733333	-338.990112	125.237679
1302.800000	-339.204254	125.178925
1302.866667	-339.347198	125.215073
1302.933333	-339.499237	125.241920
1303.000000	-339.564453	125.226669
1303.066667	-339.677643	125.212334
1303.133333	-339.736115	125.256683
1303.200000	-339.828796	125.256386
1303.266667	-340.151917	125.163826
1303.333333	-340.156342	125.216698
1303.400000	-340.259949	125.172981
1303.466667	-340.371887	125.142174
1303.533333	-340.520325	125.039001
1303.600000	-340.512115	125.089851
1303.666667	-340.849640	125.046837
1303.733333	-340.847961	125.044220
1303.800000	-340.990936	125.039757
1303.866667	-341.125519	124.967613
1303.933333	-341.171967	125.035721
1304.000000	-341.369141	125.018333
1304.066667	-341.445007	125.146286
1304.133333	-341.580170	124.927032
1304.200000	-341.661987	125.019974
1304.266667	-341.677979	125.057701
1304.333333	-341.910583	124.978096
1304.400000	-342.040833	124.922935
1304.466667	-342.153748	124.933426
1304.533333	-342.249512	124.963310
1304.600000	-342.422943	124.814850
1304.666667	-342.528748	124.926155
1304.733333	-342.639862	124.852798
1304.800000	-342.832825	125.018051
1304.866667	-342.799408	124.990608
1304.933333	-343.002167	124.848251
1305.000000	-343.205261	124.857162
1305.066667	-343.158447	124.864014
1305.133333	-343.369995	124.745178
1305.200000	-343.422607	124.897926
1305.266667	-343.622162	124.783539
1305.333333	-343.658936	124.800995
1305.400000	-343.752960	124.746956
1305.466667	-343.926270	124.829803
1305.533333	-344.082214	124.715057
1305.600000	-344.146240	124.678535
1305.666667	-344.276855	124.680031
1305.733333	-344.324097	124.730049
1305.800000	-344.452637	124.595490
1305.866667	-344.614929	124.624977
1305.933333	-344.829498	124.550659
1306.000000	-344.812866	124.633255
1306.066667	-344.933075	124.697784
1306.133333	-345.159637	124.592239
1306.200000	-345.302979	124.591843
1306.266667	-345.390594	124.474983
1306.333333	-345.480377	124.542816
1306.400000	-345.578278	124.523041
1306.466667	-345.619843	124.534782
1306.533333	-345.670258	124.633965
1306.600000	-345.933990	124.508865
1306.666667	-345.993347	124.533348
1306.733333	-346.124084	124.528481
1306.800000	-346.226685	124.542015
1306.866667	-346.353394	124.480980
1306.933333	-346.468201	124.473473
1307.000000	-346.589996	124.491714
1307.066667	-346.787567	124.527832
1307.133333	-346.802460	124.497055
1307.200000	-346.887299	124.418243
1307.266667	-347.028534	124.493370
1307.333333	-347.189667	124.401146
1307.400000	-347.342224	124.355690
1307.466667	-347.467896	124.391167
1307.533333	-347.543579	124.351982
1307.600000	-347.653900	124.404602
1307.666667	-347.809845	124.371147
1307.733333	-347.861938	124.375931
1307.800000	-348.005951	124.323227
1307.866667	-348.164093	124.275383
1307.933333	-348.183258	124.305504
1308.000000	-348.377838	124.318100
1308.066667	-348.522797	124.265656
1308.133333	-348.688354	124.216125
1308.200000	-348.751373	124.174225
1308.266667	-348.800842	124.230331
1308.333333	-348.885101	124.242943
1308.400000	-349.047180	124.136276
1308.466667	-349.181854	124.173309
1308.533333	-349.310883	124.116417
1308.600000	-349.371490	124.192612
1308.666667	-349.487030	124.135704
1308.733333	-349.493347	124.127541
1308.800000	-349.626129	124.220596
1308.866667	-349.945709	124.120186
1308.933333	-349.973206	124.232246
1309.000000	-350.011658	124.121101
1309.066667	-350.227753	124.105934
1309.133333	-350.363007	124.005280
1309.200000	-350.389709	124.144264
1309.266667	-350.586060	124.192200
1309.333333	-350.618103	124.102623
1309.400000	-350.767029	123.933266
1309.466667	-350.793488	124.095245
1309.533333	-351.000244	124.105843
1309.600000	-351.133850	123.941216
1309.666667	-351.305420	123.943733
1309.733333	-351.285645	124.092216
1309.800000	-351.415771	123.949547
1309.866667	-351.533844	123.955368
1309.933333	-351.687103	124.001068
1310.000000	-351.742157	123.778183
1310.066667	-351.966339	123.856285
1310.133333	-351.948914	123.888840
1310.200000	-352.088562	123.847893
1310.266667	-352.244171	123.911674
1310.333333	-352.314362	123.742630
1310.400000	-352.533936	123.826271
1310.466667	-352.546509	123.940796
1310.533333	-352.702820	123.777763
1310.600000	-352.754761	123.731422
1310.666667	-352.963989	123.788162
1310.733333	-352.993011	123.729691
1310.800000	-353.096375	123.792496
1310.866667	-353.295654	123.725471
1310.933333	-353.373932	123.799622
1311.000000	-353.426331	123.823090
1311.066667	-353.482452	123.825645
1311.133333	-353.849030	123.748192
1311.200000	-353.925751	123.600815
1311.266667	-353.995026	123.671684
1311.333333	-353.994873	123.782646
1311.400000	-354.226837	123.684807
1311.466667	-354.348999	123.699951
1311.533333	-354.358612	123.641518
1311.600000	-354.593414	123.622009
1311.666667	-354.669983	123.699669
1311.733333	-354.720490	123.590042
1311.800000	-354.823669	123.640511
1311.866667	-355.098541	123.465881
1311.933333	-355.116730	123.557243
1312.000000	-355.227539	123.610977
1312.066667	-355.277802	123.552170
1312.133333	-355.409058	123.510201
1312.200000	-355.544525	123.440987
1312.266667	-355.651520	123.550751
1312.333333	-355.886414	123.332169
1312.400000	-355.873749	123.479530
1312.466667	-355.929626	123.369232
1312.533333	-356.055511	123.439262
1312.600000	-356.275604	123.383583
1312.666667	-356.416138	123.346230
1312.733333	-356.539764	123.347694
1312.800000	-356.506073	123.385635
1312.866667	-356.664856	123.448273
1312.933333	-356.821899	123.334709
1313.000000	-356.913391	123.403282
1313.066667	-356.977081	123.342216
1313.133333	-357.197174	123.319145
1313.200000	-357.179504	123.366402
1313.266667	-357.330627	123.408951
1313.333333	-357.497864	123.322334
1313.400000	-357.676910	123.280670
1313.466667	-357.777954	123.270233
1313.533333	-357.866119	123.195259
1313.600000	-357.927124	123.364052
1313.666667	-357.960327	123.241676
1313.733333	-358.064331	123.231239
1313.800000	-358.283905	123.242699
1313.866667	-358.363861	123.219994
1313.933333	-358.492706	123.242599
1314.000000	-358.567871	123.163086
1314.066667	-358.654358	123.215271
1314.133333	-358.780457	123.139786
1314.200000	-358.864502	123.106300
1314.266667	-359.103790	123.043793
1314.333333	-359.229279	123.105370
1314.400000	-359.260193	123.085617
1314.466667	-359.299713	123.028831
1314.533333	-359.479645	123.018166
1314.600000	-359.618835	123.016434
1314.666667	-359.773407	123.005020
1314.733333	-359.869019	122.958359
1314.800000	-359.867462	123.091042
1314.866667	-360.100708	122.865906
1314.933333	-360.110382	122.974396
1315.000000	-360.274017	122.969490
1315.066667	-360.439240	122.851028
1315.133333	-360.478241	122.866959
1315.200000	-360.574524	122.980911
1315.266667	-360.738678	123.012093
1315.333333	-360.875122	123.008469
1315.400000	-360.997986	122.956299
1315.466667	-361.028503	122.947876
1315.533333	-361.185669	122.870895
1315.600000	-361.264923	122.876228
1315.666667	-361.367676	122.839050
1315.733333	-361.476624	122.804771
1315.800000	-361.664917	122.793625
1315.866667	-361.772369	122.852837
1315.933333	-361.858215	122.728622
1316.000000	-361.888947	122.746323
1316.066667	-362.026825	122.737076
1316.133333	-362.191162	122.803871
1316.200000	-362.383789	122.725273
1316.266667	-362.408264	122.648628
1316.333333	-362.549469	122.660538
1316.400000	-362.628296	122.770531
1316.466667	-362.769684	122.633904
1316.533333	-362.821442	122.635094
1316.600000	-362.931885	122.622429
1316.666667	-363.054077	122.604469
1316.733333	-363.131805	122.603775
1316.800000	-363.321655	122.681854
1316.866667	-363.331482	122.551582
1316.933333	-363.516174	122.495949
1317.000000	-363.662781	122.474037
1317.066667	-363.750671	122.509415
1317.133333	-363.813660	122.541969
1317.200000	-363.876587	122.607117
1317.266667	-364.031067	122.539558
1317.333333	-364.245667	122.539124
1317.400000	-364.269196	122.460449
1317.466667	-364.453156	122.482857
1317.533333	-364.486328	122.443893
1317.600000	-364.522125	122.536369
1317.666667	-364.667633	122.507912
1317.733333	-364.899780	122.435814
1317.800000	-365.061127	122.463066
1317.866667	-365.078552	122.466530
1317.933333	-365.141510	122.521210
1318.000000	-365.175598	122.585709
1318.066667	-365.386414	122.453712
1318.133333	-365.436127	122.467819
1318.200000	-365.539062	122.400040
1318.266667	-365.700531	122.336143
1318.333333	-365.825714	122.419914
1318.400000	-365.852753	122.355957
1318.466667	-366.112946	122.258286
1318.533333	-366.112000	122.270935
1318.600000	-366.257355	122.457405
1318.666667	-366.371094	122.240257
1318.733333	-366.446198	122.239204
1318.800000	-366.486267	122.293854
1318.866667	-366.552094	122.305138
1318.933333	-366.798553	122.205528
1319.000000	-366.953278	122.226631
1319.066667	-366.977509	122.164040
1319.133333	-367.093994	122.165985
1319.200000	-367.183624	122.189056
1319.266667	-367.268738	122.142479
1319.333333	-367.495667	122.174591
1319.400000	-367.646973	122.084717
1319.466667	-367.667480	122.161995
1319.533333	-367.805115	122.141754
1319.600000	-367.860840	122.071320
1319.666667	-367.967255	122.165436
1319.733333	-368.160370	122.131264
1319.800000	-368.180389	122.148643
1319.866667	-368.365448	122.080040
1319.933333	-368.374329	122.062935
1320.000000	-368.558319	122.082184
