2880.066667	-106.234024	141.440933
2880.133333	-106.187477	141.614700
2880.200000	-106.353485	141.547424
2880.266667	-106.477386	141.487122
2880.333333	-106.597931	141.592361
2880.400000	-106.694405	141.607956
2880.466667	-106.751297	141.622345
2880.533333	-106.867500	141.564758
2880.600000	-106.934944	141.629700
2880.666667	-106.899895	141.736801
2880.733333	-107.214363	141.742233
2880.800000	-107.198135	141.844040
2880.866667	-107.352654	141.714371
2880.933333	-107.404633	141.888931
2881.000000	-107.429024	141.714615
2881.066667	-107.487045	141.667480
2881.133333	-107.567307	141.630966
2881.200000	-107.613075	141.664474
2881.266667	-107.696648	141.623993
2881.333333	-107.818863	141.578354
2881.400000	-107.780579	141.589630
2881.466667	-108.008545	141.465469
2881.533333	-107.992958	141.452087
2881.600000	-108.110809	141.418777
2881.666667	-108.044991	141.471939
2881.733333	-108.265144	141.285431
2881.800000	-108.268852	141.364700
2881.866667	-108.197311	141.437881
2881.933333	-108.448708	141.312866
2882.000000	-108.435272	141.337204
2882.066667	-108.597366	141.113190
2882.133333	-108.632317	141.282684
2882.200000	-108.801071	141.332611
2882.266667	-108.825500	141.462753
2882.333333	-108.972115	141.415283
2882.400000	-108.942551	141.479279
2882.466667	-109.182281	141.364929
2882.533333	-109.294617	141.550171
2882.600000	-109.356628	141.452072
2882.666667	-109.461609	141.485291
2882.733333	-109.603119	141.485916
2882.800000	-109.527641	141.594849
2882.866667	-109.766525	141.567856
2882.933333	-109.769173	141.632294
2883.000000	-109.813492	141.667114
2883.066667	-109.946152	141.610901
2883.133333	-109.989746	141.579193
2883.200000	-110.124886	141.490784
2883.266667	-110.106392	141.580933
2883.333333	-110.254311	141.510864
2883.400000	-110.322121	141.525299
2883.466667	-110.380966	141.485168
2883.533333	-110.461617	141.512222
2883.600000	-110.584778	141.332138
2883.666667	-110.603325	141.261703
2883.733333	-110.603172	141.328461
2883.800000	-110.684784	141.342224
2883.866667	-110.840942	141.264801
2883.933333	-110.942444	141.234314
2884.000000	-110.916832	141.183945
2884.066667	-110.981773	141.232147
2884.133333	-111.092850	141.205566
2884.200000	-111.190071	141.280487
2884.266667	-111.308189	141.324646
2884.333333	-111.325912	141.283371
2884.400000	-111.554420	141.269287
2884.466667	-111.532867	141.351120
2884.533333	-111.750931	141.346741
2884.600000	-111.809303	141.460190
2884.666667	-111.918228	141.487885
2884.733333	-112.045486	141.453293
2884.800000	-112.027000	141.481308
2884.866667	-112.223396	141.560333
2884.933333	-112.269798	141.562958
2885.000000	-112.384666	141.568451
2885.066667	-112.487846	141.471939
2885.133333	-112.529907	141.530167
2885.200000	-112.641296	141.497650
2885.266667	-112.729462	141.504303
2885.333333	-112.867325	141.470139
2885.400000	-112.858742	141.451523
2885.466667	-113.018204	141.391678
2885.533333	-113.115639	141.387360
2885.600000	-113.097137	141.320572
2885.666667	-113.154175	141.423340
2885.733333	-113.285004	141.345474
2885.800000	-113.380730	141.267166
2885.866667	-113.407288	141.259064
2885.933333	-113.591194	141.236465
2886.000000	-113.598076	141.143570
2886.066667	-113.724045	141.169647
2886.133333	-113.730667	141.132523
2886.200000	-113.806023	141.137482
2886.266667	-113.966988	141.173767
2886.333333	-114.029694	141.212646
2886.400000	-114.042809	141.195068
2886.466667	-114.254395	141.171997
2886.533333	-114.354500	141.342972
2886.600000	-114.390099	141.236694
2886.666667	-114.544746	141.290573
2886.733333	-114.534790	141.283203
2886.800000	-114.707642	141.356247
2886.866667	-114.864273	141.371796
2886.933333	-115.008385	141.469025
2887.000000	-115.097534	141.535324
2887.066667	-115.140640	141.454361
2887.133333	-115.231636	141.594345
2887.200000	-115.371948	141.518692
2887.266667	-115.320335	141.517670
2887.333333	-115.462814	141.451508
2887.400000	-115.623817	141.444138
2887.466667	-115.569839	141.483185
2887.533333	-115.745506	141.540054
2887.600000	-115.831963	141.532150
2887.666667	-115.934654	141.246246
2887.733333	-115.974236	141.490784
2887.800000	-116.061378	141.224075
2887.866667	-116.158699	141.351273
2887.933333	-116.255096	141.076431
2888.000000	-116.228104	141.220505
2888.066667	-116.411346	141.135361
2888.133333	-116.444595	141.000900
2888.200000	-116.594742	141.081863
2888.266667	-116.545845	141.236511
2888.333333	-116.673103	141.059891
2888.400000	-116.816879	141.045258
2888.466667	-116.940125	141.073502
2888.533333	-117.002312	141.049805
2888.600000	-117.043083	141.238510
2888.666667	-117.156784	141.203125
2888.733333	-117.271927	141.236740
2888.800000	-117.475525	141.179214
2888.866667	-117.485069	141.209976
2888.933333	-117.673409	141.231018
2889.000000	-117.734001	141.389053
2889.066667	-117.773254	141.284775
2889.133333	-117.993240	141.377213
2889.200000	-118.038605	141.389847
2889.266667	-118.161118	141.435242
2889.333333	-118.286743	141.369308
2889.400000	-118.355446	141.293671
2889.466667	-118.382347	141.339478
2889.533333	-118.508156	141.443481
2889.600000	-118.593193	141.320190
2889.666667	-118.593498	141.356522
2889.733333	-118.699348	141.329544
2889.800000	-118.909439	141.200974
2889.866667	-118.901550	141.202545
2889.933333	-118.910820	141.177856
2890.000000	-119.070045	141.135208
2890.066667	-119.083580	141.114899
2890.133333	-119.270988	141.052277
2890.200000	-119.323700	141.070602
2890.266667	-119.420982	141.010010
2890.333333	-119.469772	140.957794
2890.400000	-119.574791	140.983612
2890.466667	-119.661812	141.021225
2890.533333	-119.719337	141.023865
2890.600000	-119.907890	140.958405
2890.666667	-120.005493	140.999924
2890.733333	-120.104240	141.047226
2890.800000	-120.088860	141.077164
2890.866667	-120.276482	141.091736
2890.933333	-120.391991	141.129959
2891.000000	-120.422340	141.096939
2891.066667	-120.628059	141.108994
2891.133333	-120.691322	141.207611
2891.200000	-120.875999	141.197525
2891.266667	-120.834000	141.215836
2891.333333	-120.891541	141.318848
2891.400000	-121.096588	141.175980
2891.466667	-121.168488	141.107193
2891.533333	-121.249001	141.255722
2891.600000	-121.398544	141.222778
2891.666667	-121.446579	141.150299
2891.733333	-121.555901	141.222168
2891.800000	-121.628639	141.188553
2891.866667	-121.739578	141.173264
2891.933333	-121.906685	141.100739
2892.000000	-121.858978	141.087341
2892.066667	-121.996513	140.998856
2892.133333	-122.131775	140.952515
2892.200000	-122.042366	140.886963
2892.266667	-122.245369	140.908386
2892.333333	-122.334312	140.997467
2892.400000	-122.336487	140.878967
2892.466667	-122.460243	140.869125
2892.533333	-122.533081	140.918655
2892.600000	-122.701019	140.853363
2892.666667	-122.790382	140.876022
2892.733333	-122.883652	140.830124
2892.800000	-123.003098	140.857590
2892.866667	-123.090866	140.916672
2892.933333	-123.146118	140.947525
2893.000000	-123.293282	140.902222
2893.066667	-123.533310	141.010788
2893.133333	-123.533310	141.010788
2893.200000	-123.552391	140.988388
2893.266667	-123.755562	141.084473
2893.333333	-123.772873	141.172211
2893.400000	-123.847198	141.159668
2893.466667	-124.029526	141.313782
2893.533333	-124.029526	141.313782
2893.600000	-124.157387	141.080505
2893.666667	-124.267296	141.133347
2893.733333	-124.390083	141.129425
2893.800000	-124.432915	141.067856
2893.866667	-124.687134	141.041885
2893.933333	-124.687134	141.041885
2894.000000	-124.699272	141.143829
2894.066667	-124.725281	141.087021
2894.133333	-124.841698	140.896500
2894.200000	-124.886993	140.977219
2894.266667	-125.197182	140.965286
2894.333333	-125.197182	140.965286
2894.400000	-125.205627	140.886856
2894.466667	-125.344246	140.796707
2894.533333	-125.341927	140.912613
2894.600000	-125.480988	140.857834
2894.666667	-125.565971	140.835526
2894.733333	-125.772705	140.823425
2894.800000	-125.772705	140.823425
2894.866667	-125.937134	140.663864
2894.933333	-125.956764	140.711487
2895.000000	-126.119240	140.935425
2895.066667	-126.262741	140.965744
2895.133333	-126.261055	140.872192
2895.200000	-126.261055	140.872192
2895.266667	-126.505997	140.895584
2895.333333	-126.587891	140.972397
2895.400000	-126.755470	141.012497
2895.466667	-126.970413	141.072495
2895.533333	-127.024445	141.056900
2895.600000	-127.024445	141.056900
2895.666667	-127.087814	141.021988
2895.733333	-127.228203	141.072113
2895.800000	-127.341263	141.031708
2895.866667	-127.549660	141.071457
2895.933333	-127.596138	140.953140
2896.000000	-127.690788	140.876022
2896.066667	-127.690788	140.876022
2896.133333	-127.788696	140.952606
2896.200000	-127.859352	140.953949
2896.266667	-128.036865	140.816895
2896.333333	-128.092514	140.781372
2896.400000	-128.268051	140.694031
2896.466667	-128.268051	140.694031
2896.533333	-128.193878	140.789917
2896.600000	-128.329895	140.725372
2896.666667	-128.587814	140.682587
2896.733333	-128.660446	140.662949
2896.800000	-128.702759	140.596741
2896.866667	-128.702759	140.596741
2896.933333	-128.724197	140.710358
2897.000000	-128.898849	140.635849
2897.066667	-129.108383	140.790527
2897.133333	-129.257370	140.839447
2897.200000	-129.369354	140.812698
2897.266667	-129.469742	140.750031
2897.333333	-129.469742	140.750031
2897.400000	-129.466980	140.925308
2897.466667	-129.719986	140.962387
2897.533333	-129.831680	140.900848
2897.600000	-130.036072	140.854691
2897.666667	-129.973251	141.005417
2897.733333	-129.973251	141.005417
2897.800000	-130.239807	140.952744
2897.866667	-130.339722	140.963501
2897.933333	-130.452820	140.916916
2898.000000	-130.495331	140.843781
2898.066667	-130.634384	140.888962
2898.133333	-130.634384	140.888962
2898.200000	-130.726654	140.883148
2898.266667	-130.907837	140.757584
2898.333333	-130.855591	140.852921
2898.400000	-130.991653	140.800140
2898.466667	-131.103455	140.706207
2898.533333	-131.103455	140.706207
2898.600000	-131.142624	140.657654
2898.666667	-131.332901	140.681946
2898.733333	-131.377136	140.639038
2898.800000	-131.512421	140.569504
2898.866667	-131.546982	140.629959
2898.933333	-131.672668	140.569885
2899.000000	-131.672668	140.569885
2899.066667	-131.880081	140.631561
2899.133333	-131.996872	140.560440
2899.200000	-132.139481	140.611923
2899.266667	-132.197968	140.678986
2899.333333	-132.343216	140.632126
2899.400000	-132.343216	140.632126
2899.466667	-132.611237	140.752197
2899.533333	-132.631668	140.650299
2899.600000	-132.807632	140.809952
2899.666667	-132.842178	140.766312
2899.733333	-132.885254	140.899216
2899.800000	-132.885254	140.899216
2899.866667	-133.186249	140.843307
2899.933333	-133.254318	140.904404
2900.000000	-133.390045	140.786957
2900.066667	-133.434372	140.798309
2900.133333	-133.512909	140.821442
2900.200000	-133.618225	140.774109
2900.266667	-133.742661	140.705093
2900.333333	-133.880707	140.564209
2900.400000	-133.930344	140.763062
2900.466667	-134.007645	140.613419
2900.533333	-134.055542	140.545090
2900.600000	-134.159943	140.498795
2900.666667	-134.236282	140.541672
2900.733333	-134.265137	140.526779
2900.800000	-134.511124	140.422958
2900.866667	-134.539810	140.392441
2900.933333	-134.637573	140.393188
2901.000000	-134.606537	140.487961
2901.066667	-134.721893	140.364304
2901.133333	-134.830063	140.526779
2901.200000	-135.011444	140.574203
2901.266667	-135.155167	140.364044
2901.333333	-135.209869	140.522827
2901.400000	-135.239029	140.493958
2901.466667	-135.341751	140.595001
2901.533333	-135.449905	140.604202
2901.600000	-135.657791	140.616226
2901.666667	-135.706009	140.669662
2901.733333	-135.829361	140.660553
2901.800000	-135.933380	140.655914
2901.866667	-136.070862	140.640869
2901.933333	-136.099457	140.773544
2902.000000	-136.170868	140.705399
2902.066667	-136.358292	140.688278
2902.133333	-136.454758	140.761856
2902.200000	-136.599640	140.702179
2902.266667	-136.598145	140.654358
2902.333333	-136.710602	140.690964
2902.400000	-136.774536	140.628906
2902.466667	-136.867889	140.617584
2902.533333	-136.944778	140.607407
2902.600000	-137.116730	140.542007
2902.666667	-137.235718	140.439911
2902.733333	-137.287552	140.390839
2902.800000	-137.336105	140.396271
2902.866667	-137.344162	140.387756
2902.933333	-137.474899	140.437759
2903.000000	-137.650497	140.392914
2903.066667	-137.649597	140.364273
2903.133333	-137.780151	140.343033
2903.200000	-137.907547	140.372650
2903.266667	-137.909912	140.444992
2903.333333	-138.028809	140.292755
2903.400000	-138.200119	140.338242
2903.466667	-138.247116	140.543533
2903.533333	-138.392502	140.485321
2903.600000	-138.523209	140.404953
2903.666667	-138.629959	140.501083
2903.733333	-138.748535	140.466843
2903.800000	-138.953461	140.457733
2903.866667	-138.965118	140.505997
2903.933333	-139.161133	140.563400
2904.000000	-139.174408	140.611771
2904.066667	-139.322647	140.528992
2904.133333	-139.398254	140.621231
2904.200000	-139.588135	140.559021
2904.266667	-139.627502	140.586517
2904.333333	-139.704147	140.559967
2904.400000	-139.825409	140.508484
2904.466667	-139.889221	140.424576
2904.533333	-139.877655	140.557465
2904.600000	-140.083954	140.397919
2904.666667	-140.187241	140.412308
2904.733333	-140.250565	140.348740
2904.800000	-140.262802	140.318146
2904.866667	-140.393784	140.274658
2904.933333	-140.528915	140.283051
2905.000000	-140.591675	140.244736
2905.066667	-140.700424	140.194290
2905.133333	-140.688873	140.244476
2905.200000	-140.870255	140.215469
2905.266667	-141.042526	140.132889
2905.333333	-141.047623	140.162369
2905.400000	-141.172012	140.178101
2905.466667	-141.277069	140.230087
2905.533333	-141.429245	140.204758
2905.600000	-141.501266	140.274689
2905.666667	-141.654419	140.254028
2905.733333	-141.742371	140.313995
2905.800000	-141.888046	140.346695
2905.866667	-141.911194	140.347778
2905.933333	-142.091568	140.375977
2906.000000	-142.118225	140.561676
2906.066667	-142.270844	140.291428
2906.133333	-142.452301	140.407410
2906.200000	-142.506805	140.447357
2906.266667	-142.513474	140.459030
2906.333333	-142.705322	140.337250
2906.400000	-142.816177	140.461441
2906.466667	-142.931305	140.343521
2906.533333	-142.984512	140.347076
2906.600000	-143.036636	140.398529
2906.666667	-143.191788	140.338242
2906.733333	-143.229568	140.386337
2906.800000	-143.443283	140.262985
2906.866667	-143.441284	140.188156
2906.933333	-143.553162	140.293762
2907.000000	-143.619675	140.128540
2907.066667	-143.706284	140.133118
2907.133333	-143.721512	140.103363
2907.200000	-143.878845	140.034393
2907.266667	-143.964752	140.194855
2907.333333	-144.103928	140.011612
2907.400000	-144.281479	140.093948
2907.466667	-144.281387	140.154343
2907.533333	-144.418274	140.076843
2907.600000	-144.452713	140.098221
2907.666667	-144.557495	140.023468
2907.733333	-144.735443	140.134720
2907.800000	-144.854019	140.230698
2907.866667	-144.965424	140.183701
2907.933333	-145.003555	140.215805
2908.000000	-145.147949	140.214371
2908.066667	-145.259628	140.217834
2908.133333	-145.387985	140.278778
2908.200000	-145.515961	140.218124
2908.266667	-145.679962	140.319504
2908.333333	-145.661240	140.324951
2908.400000	-145.737411	140.324478
2908.466667	-145.928818	140.227722
2908.533333	-145.977783	140.267242
2908.600000	-146.174713	140.332626
2908.666667	-146.104111	140.294983
2908.733333	-146.252609	140.319611
2908.800000	-146.487289	140.138489
2908.866667	-146.477524	140.239197
2908.933333	-146.624496	140.147659
2909.000000	-146.696854	140.062576
2909.066667	-146.793274	140.086639
2909.133333	-146.858810	140.070999
2909.200000	-147.016617	139.990295
2909.266667	-146.930649	139.927567
2909.333333	-147.155762	139.995544
2909.400000	-147.149551	139.896835
2909.466667	-147.250916	140.020828
2909.533333	-147.465683	139.929489
2909.600000	-147.564606	139.916534
2909.666667	-147.646149	139.996536
2909.733333	-147.805908	139.974197
2909.800000	-147.987381	139.985474
2909.866667	-147.975235	139.982559
2909.933333	-148.156036	140.027359
2910.000000	-148.234192	140.096573
2910.066667	-148.385666	140.016052
2910.133333	-148.419373	140.188797
2910.200000	-148.474686	140.279434
2910.266667	-148.766083	140.178772
2910.333333	-148.830399	140.137527
2910.400000	-148.924377	140.238602
2910.466667	-148.978882	140.235779
2910.533333	-149.193512	140.095428
2910.600000	-149.242737	140.205750
2910.666667	-149.289291	140.264893
2910.733333	-149.427551	140.171661
2910.800000	-149.542938	140.087662
2910.866667	-149.589798	140.114883
2910.933333	-149.668106	140.126251
2911.000000	-149.804565	140.099518
2911.066667	-149.876923	139.986282
2911.133333	-149.924362	139.960480
2911.200000	-150.072891	139.784134
2911.266667	-150.175400	139.996292
2911.333333	-150.237762	139.886444
2911.400000	-150.348099	139.888199
2911.466667	-150.456131	139.842346
2911.533333	-150.517181	139.733643
2911.600000	-150.596954	139.830887
2911.666667	-150.869217	139.600082
2911.733333	-150.878967	139.786224
2911.800000	-150.978607	139.779236
2911.866667	-151.087906	139.808853
2911.933333	-151.252731	139.726990
2912.000000	-151.407257	139.776596
2912.066667	-151.537003	139.818848
2912.133333	-151.569016	139.953293
2912.200000	-151.673660	139.830200
2912.266667	-151.884033	139.961899
2912.333333	-151.850540	140.067474
2912.400000	-152.119263	139.928528
2912.466667	-152.209717	139.951752
2912.533333	-152.282059	139.997543
2912.600000	-152.398605	139.900833
2912.666667	-152.433594	139.996155
2912.733333	-152.745544	139.960754
2912.800000	-152.729935	139.929733
2912.866667	-152.845078	140.010635
2912.933333	-152.865677	139.889389
2913.000000	-152.907089	139.958801
2913.066667	-153.083160	139.841415
2913.133333	-153.245621	139.770813
2913.200000	-153.246460	139.760757
2913.266667	-153.382263	139.742188
2913.333333	-153.477859	139.666946
2913.400000	-153.637589	139.669495
2913.466667	-153.674255	139.631897
2913.533333	-153.798859	139.591553
2913.600000	-153.920471	139.597275
2913.666667	-154.035248	139.561462
2913.733333	-154.073563	139.581650
2913.800000	-154.165054	139.603577
2913.866667	-154.295853	139.526978
2913.933333	-154.346954	139.637924
2914.000000	-154.617706	139.431992
2914.066667	-154.714767	139.597488
2914.133333	-154.812256	139.545013
2914.200000	-154.929321	139.603424
2914.266667	-155.073380	139.760529
2914.333333	-155.153427	139.715393
2914.400000	-155.346893	139.678375
2914.466667	-155.351654	139.767395
2914.533333	-155.518112	139.824875
2914.600000	-155.604691	139.812622
2914.666667	-155.697052	139.902939
2914.733333	-155.836075	139.877533
2914.800000	-156.015335	139.768829
2914.866667	-156.137039	139.744705
2914.933333	-156.181046	139.726440
2915.000000	-156.318771	139.725311
2915.066667	-156.339096	139.674118
2915.133333	-156.487823	139.689072
2915.200000	-156.575027	139.660049
2915.266667	-156.644745	139.573288
2915.333333	-156.793701	139.588837
2915.400000	-156.841187	139.454773
2915.466667	-156.890411	139.571198
2915.533333	-157.073959	139.420547
2915.600000	-157.136765	139.410919
2915.666667	-157.200363	139.318924
2915.733333	-157.264313	139.449005
2915.800000	-157.463699	139.314056
2915.866667	-157.537231	139.369797
2915.933333	-157.632370	139.288803
2916.000000	-157.791275	139.360931
2916.066667	-157.917389	139.391998
2916.133333	-158.069305	139.432465
2916.200000	-158.117416	139.449936
2916.266667	-158.200333	139.453949
2916.333333	-158.297516	139.524475
2916.400000	-158.439957	139.548416
2916.466667	-158.615601	139.554489
2916.533333	-158.774857	139.540176
2916.600000	-158.818787	139.539352
2916.666667	-158.966003	139.527161
2916.733333	-159.078827	139.627518
2916.800000	-159.228683	139.657486
2916.866667	-159.346130	139.656296
2916.933333	-159.381042	139.676926
2917.000000	-159.462265	139.585739
2917.066667	-159.494125	139.667160
2917.133333	-159.620804	139.594299
2917.200000	-159.841125	139.484146
2917.266667	-159.941681	139.455170
2917.333333	-160.123596	139.429062
2917.400000	-160.126221	139.397339
2917.466667	-160.221039	139.390518
2917.533333	-160.295776	139.416580
2917.600000	-160.447830	139.324112
2917.666667	-160.556992	139.229309
2917.733333	-160.644882	139.261414
2917.800000	-160.811203	139.198792
2917.866667	-160.839935	139.315735
2917.933333	-160.847717	139.219162
2918.000000	-160.959366	139.264511
2918.066667	-161.190475	139.180908
2918.133333	-161.247787	139.324539
2918.200000	-161.423248	139.186371
2918.266667	-161.451614	139.232498
2918.333333	-161.546036	139.361237
2918.400000	-161.790359	139.262955
2918.466667	-161.804199	139.400543
2918.533333	-161.910950	139.412689
2918.600000	-162.066315	139.411148
2918.666667	-162.227646	139.427017
2918.733333	-162.326416	139.511429
2918.800000	-162.488495	139.490585
2918.866667	-162.639069	139.356644
2918.933333	-162.743225	139.458862
2919.000000	-162.780319	139.470520
2919.066667	-162.918259	139.483246
2919.133333	-162.958710	139.537323
2919.200000	-163.189255	139.369125
2919.266667	-163.281479	139.352951
2919.333333	-163.413589	139.281754
2919.400000	-163.424774	139.356506
2919.466667	-163.491730	139.371948
2919.533333	-163.774689	139.215851
2919.600000	-163.771027	139.072998
2919.666667	-163.911377	139.116608
2919.733333	-163.966980	139.232803
2919.800000	-164.046448	139.145401
2919.866667	-164.119553	139.105011
2919.933333	-164.231720	139.064453
2920.000000	-164.306244	138.929443
2920.066667	-164.408844	139.109879
2920.133333	-164.511597	138.891907
2920.200000	-164.680145	138.967590
2920.266667	-164.828888	139.065414
2920.333333	-164.915558	139.041016
2920.400000	-165.050964	139.077744
2920.466667	-165.148727	139.006729
2920.533333	-165.292099	139.142197
2920.600000	-165.348511	139.184708
2920.666667	-165.491714	139.255493
2920.733333	-165.593872	139.262527
2920.800000	-165.794159	139.208939
2920.866667	-165.841141	139.148026
2920.933333	-166.029541	139.262878
2921.000000	-166.052002	139.297806
2921.066667	-166.295471	139.309265
2921.133333	-166.284103	139.328247
2921.200000	-166.533905	139.233383
2921.266667	-166.627182	139.258728
2921.333333	-166.687592	139.253082
2921.400000	-166.770462	139.149139
2921.466667	-166.854843	139.215057
2921.533333	-167.075455	139.019882
2921.600000	-166.964310	139.180145
2921.666667	-167.198059	139.048050
2921.733333	-167.351669	139.017273
2921.800000	-167.307648	139.007690
2921.866667	-167.345566	139.160660
2921.933333	-167.487244	138.935532
2922.000000	-167.695358	138.868454
2922.066667	-167.769592	138.892014
2922.133333	-167.936844	138.803223
2922.200000	-167.969543	138.851074
2922.266667	-168.132263	138.889786
2922.333333	-168.196671	138.852798
2922.400000	-168.345139	138.818146
2922.466667	-168.510269	138.911438
2922.533333	-168.647064	138.765167
2922.600000	-168.632584	138.927078
2922.666667	-168.747589	139.021912
2922.733333	-168.825424	139.024414
2922.800000	-169.215164	138.976852
2922.866667	-169.281342	139.016663
2922.933333	-169.334610	138.956100
2923.000000	-169.407471	139.068924
2923.066667	-169.664139	138.975739
2923.133333	-169.701752	139.124100
2923.200000	-169.800034	139.015060
2923.266667	-169.945953	139.039536
2923.333333	-170.100189	138.981934
2923.400000	-170.092316	139.089798
2923.466667	-170.287567	139.029236
2923.533333	-170.431915	138.904480
2923.600000	-170.441437	138.983551
2923.666667	-170.539871	138.966736
2923.733333	-170.619461	138.915192
2923.800000	-170.679398	138.889526
2923.866667	-170.971329	138.673203
2923.933333	-170.980225	138.812256
2924.000000	-171.088333	138.689774
2924.066667	-171.164963	138.652847
2924.133333	-171.250229	138.663971
2924.200000	-171.362442	138.577408
2924.266667	-171.490173	138.613235
2924.333333	-171.670242	138.548737
2924.400000	-171.779510	138.642273
2924.466667	-171.871460	138.642242
2924.533333	-171.909225	138.566360
2924.600000	-172.131653	138.541916
2924.666667	-172.310944	138.589294
2924.733333	-172.394791	138.615952
2924.800000	-172.494736	138.685654
2924.866667	-172.569519	138.775940
2924.933333	-172.720764	138.712601
2925.000000	-172.943588	138.759277
2925.066667	-172.974869	138.830826
2925.133333	-173.140793	138.776031
2925.200000	-173.200317	138.784988
2925.266667	-173.379822	138.826035
2925.333333	-173.485596	138.853027
2925.400000	-173.637131	138.771255
2925.466667	-173.713043	138.800339
2925.533333	-173.841003	138.708618
2925.600000	-173.942612	138.707794
2925.666667	-174.034225	138.814407
2925.733333	-174.116379	138.761703
2925.800000	-174.188751	138.682236
2925.866667	-174.332550	138.648926
2925.933333	-174.489334	138.600510
2926.000000	-174.534103	138.597061
2926.066667	-174.627441	138.531387
2926.133333	-174.656830	138.495804
2926.200000	-174.823563	138.502518
2926.266667	-174.925339	138.456223
2926.333333	-175.073257	138.336746
2926.400000	-175.174973	138.342575
2926.466667	-175.232422	138.350128
2926.533333	-175.428299	138.409332
2926.600000	-175.537338	138.325912
2926.666667	-175.705933	138.349869
2926.733333	-175.791580	138.410461
2926.800000	-175.799469	138.372360
2926.866667	-176.048233	138.511978
2926.933333	-176.119827	138.501633
2927.000000	-176.274628	138.512878
2927.066667	-176.387924	138.608490
2927.133333	-176.498779	138.525330
2927.200000	-176.595627	138.493179
2927.266667	-176.767548	138.630478
2927.333333	-176.942078	138.605530
2927.400000	-177.024216	138.647995
2927.466667	-177.066559	138.632370
2927.533333	-177.172592	138.569000
2927.600000	-177.371674	138.477127
2927.666667	-177.428711	138.596848
2927.733333	-177.552567	138.482193
2927.800000	-177.688156	138.466476
2927.866667	-177.678009	138.470520
2927.933333	-177.916733	138.321091
2928.000000	-177.959564	138.369781
2928.066667	-178.077637	138.374741
2928.133333	-178.243912	138.283432
2928.200000	-178.338165	138.204605
2928.266667	-178.403671	138.269287
2928.333333	-178.567032	138.133423
2928.400000	-178.655579	138.209137
2928.466667	-178.837234	138.022263
2928.533333	-178.830551	138.243118
2928.600000	-179.028107	138.101791
2928.666667	-179.153885	138.123077
2928.733333	-179.153885	138.123077
2928.800000	-179.364716	138.209137
2928.866667	-179.503555	138.214401
2928.933333	-179.489746	138.271957
2929.000000	-179.682755	138.297195
2929.066667	-179.929092	138.341797
2929.133333	-179.929092	138.341797
2929.200000	-180.194366	138.123367
2929.266667	-180.195648	138.309509
2929.333333	-180.411667	138.367706
2929.400000	-180.421097	138.440018
2929.466667	-180.698456	138.411774
2929.533333	-180.698456	138.411774
2929.600000	-180.824020	138.343948
2929.666667	-180.898880	138.337799
2929.733333	-181.084381	138.349442
2929.800000	-181.152328	138.391296
2929.866667	-181.359772	138.277054
2929.933333	-181.511017	138.279160
2930.000000	-181.511017	138.279160
2930.066667	-181.585403	138.278793
2930.133333	-181.676254	138.216812
2930.200000	-181.767319	138.160370
2930.266667	-181.867645	138.106277
2930.333333	-182.103958	138.070816
2930.400000	-182.103958	138.070816
2930.466667	-182.268311	138.013306
2930.533333	-182.287491	137.953049
2930.600000	-182.432953	138.015961
2930.666667	-182.628281	137.972824
2930.733333	-182.781708	137.823685
2930.800000	-182.781708	137.823685
2930.866667	-182.904633	137.851456
2930.933333	-183.077469	137.903061
2931.000000	-183.134903	137.980896
2931.066667	-183.386505	137.950546
2931.133333	-183.579559	138.029114
2931.200000	-183.733063	137.981720
2931.266667	-183.733063	137.981720
2931.333333	-183.737106	138.128784
2931.400000	-184.007446	138.115143
2931.466667	-184.150757	138.120926
2931.533333	-184.349655	138.155930
2931.600000	-184.488007	138.168274
2931.666667	-184.488007	138.168274
2931.733333	-184.565002	138.191238
2931.800000	-184.695999	138.107330
2931.866667	-184.983673	138.132004
2931.933333	-185.017212	138.201355
2932.000000	-185.129333	138.079010
2932.066667	-185.129333	138.079010
2932.133333	-185.230270	137.960297
2932.200000	-185.274811	138.044266
2932.266667	-185.460693	137.991867
2932.333333	-185.700546	137.831818
2932.400000	-185.742264	137.886017
2932.466667	-185.880280	137.831818
2932.533333	-185.880280	137.831818
2932.600000	-186.018127	137.755386
2932.666667	-186.219437	137.746979
2932.733333	-186.343460	137.700470
2932.800000	-186.384079	137.754242
2932.866667	-186.444656	137.793030
2932.933333	-186.444656	137.793030
2933.000000	-186.712128	137.719406
2933.066667	-186.946472	137.721619
2933.133333	-187.077408	137.813187
2933.200000	-187.258377	137.827545
2933.266667	-187.444534	137.848969
2933.333333	-187.444534	137.848969
2933.400000	-187.478958	137.818649
2933.466667	-187.711761	137.907776
2933.533333	-187.839661	137.901169
2933.600000	-187.960175	137.928589
2933.666667	-188.164825	137.940536
2933.733333	-188.164825	137.940536
2933.800000	-188.254822	137.958160
2933.866667	-188.508209	137.941345
2933.933333	-188.579712	137.991119
2934.000000	-188.763016	137.916473
2934.066667	-188.803345	137.865509
2934.133333	-188.840744	137.839890
2934.200000	-188.840744	137.839890
2934.266667	-189.115067	137.768738
2934.333333	-189.204788	137.746063
2934.400000	-189.277512	137.643753
2934.466667	-189.456543	137.752197
2934.533333	-189.675690	137.549072
2934.600000	-189.675690	137.549072
2934.666667	-189.782349	137.618164
2934.733333	-189.796341	137.591812
2934.800000	-189.886627	137.512985
2934.866667	-190.076523	137.483505
2934.933333	-190.302933	137.447189
2935.000000	-190.302933	137.447189
2935.066667	-190.295532	137.500290
2935.133333	-190.609222	137.468475
2935.200000	-190.706970	137.506180
2935.266667	-190.802582	137.604187
2935.333333	-190.923813	137.629822
2935.400000	-191.031113	137.570404
2935.466667	-191.188690	137.646255
2935.533333	-191.315643	137.809692
2935.600000	-191.501328	137.763412
2935.666667	-191.551468	137.771011
2935.733333	-191.735626	137.792419
2935.800000	-191.882141	137.759338
2935.866667	-192.074997	137.633362
2935.933333	-192.242401	137.768417
2936.000000	-192.138351	137.766205
2936.066667	-192.340302	137.761169
2936.133333	-192.487076	137.699448
2936.200000	-192.640656	137.574188
2936.266667	-192.711380	137.549637
2936.333333	-192.825729	137.536484
2936.400000	-192.888885	137.520279
2936.466667	-192.928009	137.576721
2936.533333	-193.166061	137.494156
2936.600000	-193.296188	137.429260
2936.666667	-193.324371	137.450653
2936.733333	-193.432831	137.365021
2936.800000	-193.428543	137.430847
2936.866667	-193.626663	137.257202
2936.933333	-193.779327	137.296677
2937.000000	-193.810989	137.292664
2937.066667	-194.034973	137.175049
2937.133333	-194.108047	137.331879
2937.200000	-194.251785	137.239639
2937.266667	-194.317017	137.263687
2937.333333	-194.518463	137.187393
2937.400000	-194.645874	137.334351
2937.466667	-194.777206	137.200104
2937.533333	-194.829636	137.338593
2937.600000	-194.962875	137.463760
2937.666667	-195.122070	137.394241
2937.733333	-195.316635	137.553284
2937.800000	-195.370712	137.420166
2937.866667	-195.556717	137.399872
2937.933333	-195.678528	137.472504
2938.000000	-195.749496	137.627869
2938.066667	-195.909180	137.414032
2938.133333	-196.030991	137.519836
2938.200000	-196.264526	137.336777
2938.266667	-196.288330	137.367126
2938.333333	-196.400070	137.383743
2938.400000	-196.580841	137.297134
2938.466667	-196.586594	137.389908
2938.533333	-196.748993	137.247284
2938.600000	-196.912292	137.222641
2938.666667	-196.959366	137.165482
2938.733333	-196.942230	137.187439
2938.800000	-197.142212	137.150101
2938.866667	-197.277374	137.127136
2938.933333	-197.325882	137.071472
2939.000000	-197.430878	137.047241
2939.066667	-197.583359	136.974304
2939.133333	-197.713654	137.000687
2939.200000	-197.830231	137.101257
2939.266667	-197.940659	136.995819
2939.333333	-198.036652	137.131500
2939.400000	-198.151260	137.123154
2939.466667	-198.370117	137.074234
2939.533333	-198.406967	137.081223
2939.600000	-198.580887	137.064407
2939.666667	-198.704010	137.088547
2939.733333	-198.916168	137.046127
2939.800000	-198.964035	137.201370
2939.866667	-198.971497	137.197510
2939.933333	-199.277161	137.156494
2940.000000	-199.293137	137.232788
