1440.066667	-530.320618	99.183975
1440.133333	-530.416016	99.272530
1440.200000	-530.393250	99.232262
1440.266667	-530.459045	99.080185
1440.333333	-530.519775	99.151726
1440.400000	-530.557617	99.248039
1440.466667	-530.632629	99.139061
1440.533333	-530.713440	99.318390
1440.600000	-530.763855	99.207787
1440.666667	-530.978027	99.273682
1440.733333	-531.120300	99.128975
1440.800000	-531.068237	98.970863
1440.866667	-531.176086	99.120888
1440.933333	-531.179504	99.238892
1441.000000	-531.359009	99.125336
1441.066667	-531.423096	98.956421
1441.133333	-531.541748	99.060005
1441.200000	-531.601807	99.184975
1441.266667	-531.672119	99.086655
1441.333333	-531.633728	98.952141
1441.400000	-531.850769	98.746979
1441.466667	-531.818909	98.821945
1441.533333	-531.855957	99.133690
1441.600000	-531.970215	99.019188
1441.666667	-532.115601	98.652870
1441.733333	-532.217285	98.951950
1441.800000	-532.219849	98.914703
1441.866667	-532.083435	99.036720
1441.933333	-532.315125	98.962448
1442.000000	-532.419006	98.640022
1442.066667	-532.659180	98.654671
1442.133333	-532.541138	98.902916
1442.200000	-532.705688	98.615280
1442.266667	-532.812683	98.807167
1442.333333	-532.676514	98.811378
1442.400000	-532.868286	98.898842
1442.466667	-532.859436	98.841774
1442.533333	-533.029236	98.499359
1442.600000	-533.145569	98.800705
1442.666667	-533.078369	98.557327
1442.733333	-533.314697	98.578011
1442.800000	-533.223328	98.650604
1442.866667	-533.418091	98.819992
1442.933333	-533.329834	98.672516
1443.000000	-533.412781	98.713211
1443.066667	-533.578369	98.694183
1443.133333	-533.574524	98.645500
1443.200000	-533.633850	98.700264
1443.266667	-533.902466	98.412567
1443.333333	-533.794312	98.594711
1443.400000	-533.840149	98.774834
1443.466667	-533.898804	98.708694
1443.533333	-533.935974	98.929199
1443.600000	-534.136353	98.793213
1443.666667	-534.205566	98.507408
1443.733333	-534.399963	98.352501
1443.800000	-534.364502	98.407486
1443.866667	-534.483398	98.542030
1443.933333	-534.557434	98.451378
1444.000000	-534.591248	98.451439
1444.066667	-534.739014	98.349258
1444.133333	-534.842957	98.295273
1444.200000	-534.896484	98.326332
1444.266667	-534.982239	98.219139
1444.333333	-534.968262	98.548401
1444.400000	-535.112732	98.212204
1444.466667	-535.307617	98.313019
1444.533333	-535.103516	98.282242
1444.600000	-535.279724	98.480766
1444.666667	-535.362671	98.516762
1444.733333	-535.456482	98.290192
1444.800000	-535.614746	98.215431
1444.866667	-535.587891	98.269226
1444.933333	-535.709167	98.355522
1445.000000	-535.729187	98.429520
1445.066667	-535.804443	98.366936
1445.133333	-535.886963	98.299126
1445.200000	-535.793213	98.178192
1445.266667	-535.974915	98.157784
1445.333333	-536.064941	98.318909
1445.400000	-536.088562	98.251404
1445.466667	-536.271423	98.300110
1445.533333	-536.279907	98.103401
1445.600000	-536.312195	98.177406
1445.666667	-536.383606	98.176781
1445.733333	-536.453979	98.285675
1445.800000	-536.604248	98.039871
1445.866667	-536.663879	97.964165
1445.933333	-536.637817	98.132454
1446.000000	-536.749207	98.086578
1446.066667	-536.833984	98.088142
1446.133333	-536.873291	98.093025
1446.200000	-537.085999	97.968834
1446.266667	-537.056946	98.091476
1446.333333	-537.091980	97.996490
1446.400000	-537.061646	97.935013
1446.466667	-537.216553	97.941994
1446.533333	-537.423462	97.921753
1446.600000	-537.481628	98.058205
1446.666667	-537.574219	98.086914
1446.733333	-537.648499	97.808136
1446.800000	-537.776001	97.922928
1446.866667	-537.693909	97.868599
1446.933333	-537.766663	97.877777
1447.000000	-537.894531	97.902878
1447.066667	-537.991882	97.862755
1447.133333	-538.018494	98.028595
1447.200000	-538.139954	97.810188
1447.266667	-538.122864	97.848671
1447.333333	-538.285034	97.759125
1447.400000	-538.315308	97.890236
1447.466667	-538.354858	97.738113
1447.533333	-538.337097	97.813225
1447.600000	-538.431824	97.868126
1447.666667	-538.548401	97.901344
1447.733333	-538.550293	97.947517
1447.800000	-538.640259	97.798073
1447.866667	-538.711304	97.770714
1447.933333	-538.913391	97.875641
1448.000000	-538.884338	97.595886
1448.066667	-538.992310	97.618584
1448.133333	-539.029480	97.731010
1448.200000	-538.946411	97.758263
1448.266667	-539.250977	97.520813
1448.333333	-539.169312	97.737099
1448.400000	-539.411743	97.753159
1448.466667	-539.400940	97.796227
1448.533333	-539.381165	97.669479
1448.600000	-539.587830	97.605736
1448.666667	-539.680176	97.614357
1448.733333	-539.675110	97.573250
1448.800000	-539.774536	97.449181
1448.866667	-539.856689	97.467003
1448.933333	-539.952087	97.608490
1449.000000	-539.978027	97.636581
1449.066667	-540.039185	97.466034
1449.133333	-540.109741	97.629669
1449.200000	-540.196716	97.532494
1449.266667	-540.222900	97.636269
1449.333333	-540.360779	97.557518
1449.400000	-540.412537	97.491249
1449.466667	-540.416870	97.381081
1449.533333	-540.531616	97.422798
1449.600000	-540.684082	97.497116
1449.666667	-540.888977	97.378082
1449.733333	-540.825012	97.315544
1449.800000	-540.992126	97.522629
1449.866667	-540.886230	97.278023
1449.933333	-540.931641	97.443741
1450.000000	-541.052063	97.217003
1450.066667	-541.125854	97.418434
1450.133333	-541.084412	97.255966
1450.200000	-541.167847	97.420998
1450.266667	-541.380737	97.052780
1450.333333	-541.429688	97.148079
1450.400000	-541.463135	97.222229
1450.466667	-541.598999	97.118698
1450.533333	-541.561646	97.166588
1450.600000	-541.543884	97.390442
1450.666667	-541.665527	97.285103
1450.733333	-541.824097	97.293747
1450.800000	-541.916138	96.998070
1450.866667	-541.942871	97.069901
1450.933333	-542.035217	97.226112
1451.000000	-542.103821	97.034561
1451.066667	-542.221741	97.262657
1451.133333	-542.119202	97.133560
1451.200000	-542.218018	97.167427
1451.266667	-542.338806	97.308609
1451.333333	-542.381775	97.208450
1451.400000	-542.627319	96.894676
1451.466667	-542.454407	97.159813
1451.533333	-542.588318	97.160789
1451.600000	-542.566772	97.152336
1451.666667	-542.701294	96.955276
1451.733333	-542.699646	97.278664
1451.800000	-542.765808	96.920578
1451.866667	-542.866882	97.110413
1451.933333	-543.034363	96.950150
1452.000000	-543.051880	96.988731
1452.066667	-543.086060	97.019585
1452.133333	-543.261963	97.019615
1452.200000	-543.296326	96.990463
1452.266667	-543.307617	97.008209
1452.333333	-543.553406	96.921356
1452.400000	-543.395203	97.043259
1452.466667	-543.469360	96.909752
1452.533333	-543.509583	96.933578
1452.600000	-543.621704	97.138458
1452.666667	-543.643982	96.778885
1452.733333	-543.697876	96.882584
1452.800000	-543.687012	96.870064
1452.866667	-544.064148	96.890755
1452.933333	-544.010376	97.050079
1453.000000	-544.000916	96.903534
1453.066667	-544.084351	96.819618
1453.133333	-544.123413	96.774269
1453.200000	-544.292053	96.896286
1453.266667	-544.477173	96.807556
1453.333333	-544.499390	96.943985
1453.400000	-544.469849	96.847923
1453.466667	-544.520264	96.795174
1453.533333	-544.559998	96.968346
1453.600000	-544.584412	96.777641
1453.666667	-544.713501	96.745483
1453.733333	-544.827148	96.766281
1453.800000	-544.902893	96.856400
1453.866667	-544.931213	96.824608
1453.933333	-544.871277	96.952927
1454.000000	-545.117981	96.606606
1454.066667	-545.103271	96.717148
1454.133333	-545.233704	96.666847
1454.200000	-545.322815	96.792038
1454.266667	-545.212402	96.687180
1454.333333	-545.345459	96.720459
1454.400000	-545.288208	96.686668
1454.466667	-545.466797	96.546837
1454.533333	-545.659424	96.436562
1454.600000	-545.673462	96.445900
1454.666667	-545.693054	96.446030
1454.733333	-545.729675	96.750214
1454.800000	-545.878479	96.452629
1454.866667	-545.887695	96.636658
1454.933333	-545.810547	96.568359
1455.000000	-545.901855	96.541298
1455.066667	-546.002869	96.523163
1455.133333	-546.126038	96.618889
1455.200000	-546.212952	96.502884
1455.266667	-546.260132	96.631737
1455.333333	-546.205566	96.630707
1455.400000	-546.425781	96.472923
1455.466667	-546.475220	96.444267
1455.533333	-546.817322	96.398834
1455.600000	-546.505066	96.448524
1455.666667	-546.730103	96.551048
1455.733333	-546.666077	96.545456
1455.800000	-546.834595	96.380127
1455.866667	-546.884766	96.239616
1455.933333	-546.883911	96.506462
1456.000000	-546.976013	96.360046
1456.066667	-546.991638	96.532600
1456.133333	-547.023804	96.524529
1456.200000	-547.211243	96.472054
1456.266667	-547.255981	96.212906
1456.333333	-547.426697	96.393707
1456.400000	-547.531738	96.267151
1456.466667	-547.476135	96.155312
1456.533333	-547.660217	96.349724
1456.600000	-547.544800	96.400093
1456.666667	-547.703186	96.264694
1456.733333	-547.635254	96.234337
1456.800000	-547.680847	96.423538
1456.866667	-547.890625	96.258804
1456.933333	-547.915649	96.106812
1457.000000	-547.784851	96.147331
1457.066667	-548.022034	96.214264
1457.133333	-547.958496	96.303734
1457.200000	-548.068115	96.215660
1457.266667	-548.014709	96.433243
1457.333333	-548.223877	96.256233
1457.400000	-548.387512	96.078186
1457.466667	-548.492371	95.978798
1457.533333	-548.700012	96.043129
1457.600000	-548.563538	96.072044
1457.666667	-548.569580	96.141602
1457.733333	-548.620972	96.037498
1457.800000	-548.738647	96.050728
1457.866667	-548.656799	96.119301
1457.933333	-548.893921	95.998940
1458.000000	-549.015747	96.025520
1458.066667	-548.862488	96.277397
1458.133333	-549.064941	96.093796
1458.200000	-549.186401	95.998329
1458.266667	-549.184387	96.051949
1458.333333	-549.187195	96.114441
1458.400000	-549.205017	95.978920
1458.466667	-549.394531	96.069534
1458.533333	-549.439331	95.960159
1458.600000	-549.384583	95.926369
1458.666667	-549.582520	95.856499
1458.733333	-549.707703	95.719803
1458.800000	-549.819824	95.721596
1458.866667	-549.696594	96.007675
1458.933333	-549.797607	95.817955
1459.000000	-549.833252	95.847900
1459.066667	-549.894104	95.886871
1459.133333	-549.906616	95.770050
1459.200000	-550.131958	95.631081
1459.266667	-550.192871	95.825981
1459.333333	-550.059814	96.033386
1459.400000	-550.119263	95.913734
1459.466667	-550.320190	95.934311
1459.533333	-550.490906	95.690086
1459.600000	-550.404114	95.760590
1459.666667	-550.491089	95.746094
1459.733333	-550.538330	95.658249
1459.800000	-550.572144	95.720772
1459.866667	-550.577698	95.749382
1459.933333	-550.632324	95.957123
1460.000000	-550.764832	95.660118
1460.066667	-550.838684	95.832161
1460.133333	-550.867126	95.835495
1460.200000	-550.941040	95.678566
1460.266667	-551.137085	95.566063
1460.333333	-550.955811	95.752991
1460.400000	-551.150574	95.695190
1460.466667	-551.286316	95.748230
1460.533333	-551.390625	95.576500
1460.600000	-551.365356	95.746880
1460.666667	-551.445374	95.652061
1460.733333	-551.382874	95.663033
1460.800000	-551.568237	95.650635
1460.866667	-551.609741	95.542953
1460.933333	-551.611755	95.570351
1461.000000	-551.606201	95.576019
1461.066667	-551.754150	95.715485
1461.133333	-551.808105	95.407524
1461.200000	-551.838623	95.637062
1461.266667	-551.947693	95.373085
1461.333333	-552.049927	95.407143
1461.400000	-552.041138	95.595390
1461.466667	-552.215759	95.637146
1461.533333	-552.200562	95.328583
1461.600000	-552.265442	95.419006
1461.666667	-552.288147	95.447144
1461.733333	-552.348938	95.402420
1461.800000	-552.422852	95.472015
1461.866667	-552.615051	95.275459
1461.933333	-552.469177	95.501175
1462.000000	-552.771240	95.460182
1462.066667	-552.631104	95.649879
1462.133333	-552.679077	95.687538
1462.200000	-552.890808	95.134438
1462.266667	-552.792175	95.596107
1462.333333	-553.032593	95.284584
1462.400000	-553.034302	95.536484
1462.466667	-552.958130	95.436775
1462.533333	-553.050232	95.249207
1462.600000	-553.032288	95.472153
1462.666667	-553.105591	95.283653
1462.733333	-553.161987	95.398163
1462.800000	-553.303284	95.246193
1462.866667	-553.210510	95.333481
1462.933333	-553.386841	95.267517
1463.000000	-553.496765	95.335678
1463.066667	-553.576843	95.331116
1463.133333	-553.637024	95.071068
1463.200000	-553.642029	95.161186
1463.266667	-553.816833	95.100807
1463.333333	-553.847595	95.123772
1463.400000	-553.776917	95.288292
1463.466667	-553.840088	95.219070
1463.533333	-553.959717	95.138008
1463.600000	-553.967102	95.109146
1463.666667	-554.200439	95.084839
1463.733333	-554.158447	95.117531
1463.800000	-554.203552	95.050278
1463.866667	-554.244507	95.029266
1463.933333	-554.275757	95.183105
1464.000000	-554.407410	95.005104
1464.066667	-554.381775	95.182770
1464.133333	-554.580627	95.044540
1464.200000	-554.445251	94.988449
1464.266667	-554.587585	95.021774
1464.333333	-554.748047	95.032593
1464.400000	-554.760620	95.201859
1464.466667	-554.890564	94.960022
1464.533333	-554.840149	95.167351
1464.600000	-554.908569	94.970299
1464.666667	-555.046509	95.004135
1464.733333	-555.026733	95.172485
1464.800000	-555.104309	94.899887
1464.866667	-555.227295	94.849205
1464.933333	-555.221069	94.707001
1465.000000	-555.367004	94.769753
1465.066667	-555.215881	94.915337
1465.133333	-555.355286	94.947815
1465.200000	-555.547791	94.780373
1465.266667	-555.396606	94.956329
1465.333333	-555.370972	94.778755
1465.400000	-555.687744	94.866852
1465.466667	-555.618896	94.846161
1465.533333	-555.720337	94.591568
1465.600000	-555.692810	94.846313
1465.666667	-555.718140	94.717468
1465.733333	-555.862244	95.100746
1465.800000	-555.877197	94.867844
1465.866667	-556.149780	94.500244
1465.933333	-556.072937	95.022430
1466.000000	-556.126160	94.578026
1466.066667	-556.178406	94.620926
1466.133333	-556.281372	94.669167
1466.200000	-556.270996	94.623436
1466.266667	-556.263977	94.826736
1466.333333	-556.489258	94.639450
1466.400000	-556.570129	94.860413
1466.466667	-556.478699	94.830406
1466.533333	-552.676086	94.512939
1466.600000	-556.766846	94.706360
1466.666667	-556.722839	94.421707
1466.733333	-556.797302	94.746101
1466.800000	-556.782410	94.569534
1466.866667	-556.947388	94.571732
1466.933333	-556.998413	94.614441
1467.000000	-556.974976	94.626366
1467.066667	-557.016113	94.764435
1467.133333	-557.173828	94.576653
1467.200000	-557.240417	94.689651
1467.266667	-557.280396	94.411781
1467.333333	-557.280396	94.411781
1467.400000	-557.385071	94.509583
1467.466667	-557.482117	94.484940
1467.533333	-557.617981	94.286346
1467.600000	-557.478455	94.515068
1467.666667	-557.636108	94.444305
1467.733333	-557.636108	94.444305
1467.800000	-557.737244	94.588890
1467.866667	-557.798523	94.585457
1467.933333	-557.871277	94.218254
1468.000000	-557.893982	94.689156
1468.066667	-557.944519	94.408981
1468.133333	-557.944519	94.408981
1468.200000	-558.054932	94.458862
1468.266667	-558.340210	94.194046
1468.333333	-558.199463	94.433998
1468.400000	-558.237244	94.365158
1468.466667	-558.330750	94.590782
1468.533333	-558.330750	94.590782
1468.600000	-558.457642	94.489502
1468.666667	-558.384827	94.381447
1468.733333	-558.501160	94.268890
1468.800000	-558.590515	94.475182
1468.866667	-558.688049	94.200882
1468.933333	-558.656433	94.525650
1469.000000	-558.656433	94.525650
1469.066667	-558.927917	94.319244
1469.133333	-558.903442	94.305382
1469.200000	-558.758423	94.245911
1469.266667	-559.135925	94.208992
1469.333333	-559.097534	94.121216
1469.400000	-559.097534	94.121216
1469.466667	-559.040771	94.227814
1469.533333	-559.112061	94.373161
1469.600000	-559.241821	94.218254
1469.666667	-559.502319	94.084740
1469.733333	-559.294556	94.253189
1469.800000	-559.294556	94.253189
1469.866667	-559.394470	94.222534
1469.933333	-559.253052	94.236145
1470.000000	-559.449768	94.065262
1470.066667	-559.516174	94.440887
1470.133333	-559.815674	94.041656
1470.200000	-559.837769	94.013855
1470.266667	-559.837769	94.013855
1470.333333	-559.740479	94.252945
1470.400000	-559.849976	94.120934
1470.466667	-560.126282	94.163635
1470.533333	-560.162476	94.032425
1470.600000	-560.142212	94.107193
1470.666667	-560.142212	94.107193
1470.733333	-560.256958	94.046425
1470.800000	-560.205688	94.292152
1470.866667	-560.260925	94.105370
1470.933333	-560.315308	94.124321
1471.000000	-560.338806	94.274078
1471.066667	-560.338806	94.274078
1471.133333	-560.371582	94.128181
1471.200000	-560.563599	94.083755
1471.266667	-560.685181	94.207451
1471.333333	-560.709717	93.845901
1471.400000	-560.568909	93.898376
1471.466667	-560.838562	93.870300
1471.533333	-560.838562	93.870300
1471.600000	-560.929443	93.845680
1471.666667	-560.991943	94.048729
1471.733333	-561.043335	94.071754
1471.800000	-560.941345	93.879524
1471.866667	-561.101990	93.915649
1471.933333	-561.101990	93.915649
1472.000000	-561.106934	93.870399
1472.066667	-561.159973	93.740479
1472.133333	-561.258179	93.864815
1472.200000	-561.375610	93.919815
1472.266667	-561.340454	93.822670
1472.333333	-561.340454	93.822670
1472.400000	-561.532959	94.122894
1472.466667	-561.506897	93.741432
1472.533333	-561.664307	93.852989
1472.600000	-561.744324	93.539825
1472.666667	-561.746033	93.761017
1472.733333	-561.696899	93.764397
1472.800000	-561.696899	93.764397
1472.866667	-562.072998	93.900833
1472.933333	-561.903809	93.401283
1473.000000	-561.968750	93.695625
1473.066667	-561.950012	93.931656
1473.133333	-562.078247	93.953636
1473.200000	-562.078247	93.953636
1473.266667	-562.237488	93.397324
1473.333333	-562.175659	93.764061
1473.400000	-562.240234	93.507919
1473.466667	-562.362549	93.493683
1473.533333	-562.280579	93.743134
1473.600000	-562.280579	93.743134
1473.666667	-562.505310	93.546753
1473.733333	-562.451111	93.441780
1473.800000	-562.415649	93.769882
1473.866667	-562.478394	93.696999
1473.933333	-562.682861	93.760078
1474.000000	-562.682861	93.760078
1474.066667	-562.734619	93.224701
1474.133333	-562.933899	93.495026
1474.200000	-562.872925	93.591087
1474.266667	-562.858521	93.661926
1474.333333	-563.036316	93.464439
1474.400000	-563.159058	93.463631
1474.466667	-563.076233	93.480049
1474.533333	-563.125183	93.416710
1474.600000	-563.174805	93.508240
1474.666667	-563.285461	93.504745
1474.733333	-563.291077	93.326706
1474.800000	-563.220154	93.611092
1474.866667	-563.277771	93.437500
1474.933333	-563.335876	93.476982
1475.000000	-563.450500	93.433601
1475.066667	-563.291565	93.526070
1475.133333	-563.601624	93.449310
1475.200000	-563.453979	93.600571
1475.266667	-563.735901	93.324768
1475.333333	-563.633606	93.511635
1475.400000	-563.668396	93.441689
1475.466667	-563.557678	93.448189
1475.533333	-563.836182	93.453926
1475.600000	-563.760803	93.218613
1475.666667	-563.964966	93.366722
1475.733333	-563.898987	93.407066
1475.800000	-563.923950	93.513405
1475.866667	-564.042419	93.284210
1475.933333	-564.042847	93.365814
1476.000000	-563.976135	93.393959
1476.066667	-564.094666	93.380821
1476.133333	-564.132751	93.282356
1476.200000	-564.123535	93.613838
1476.266667	-564.244202	93.252380
1476.333333	-564.134644	93.306602
1476.400000	-564.251526	93.334129
1476.466667	-564.374634	93.336334
1476.533333	-564.360107	93.380714
1476.600000	-564.350403	93.383408
1476.666667	-564.367249	93.289536
1476.733333	-564.519775	93.210663
1476.800000	-564.545898	93.270561
1476.866667	-564.554749	93.222702
1476.933333	-564.603088	93.367050
1477.000000	-564.490845	93.350044
1477.066667	-564.771973	93.271500
1477.133333	-564.804138	93.059853
1477.200000	-564.882202	93.362411
1477.266667	-564.913635	93.186516
1477.333333	-564.806213	93.207237
1477.400000	-564.878113	93.222794
1477.466667	-564.913940	93.077591
1477.533333	-565.035889	93.130196
1477.600000	-564.888550	93.454651
1477.666667	-564.994019	93.108444
1477.733333	-565.015808	93.131424
1477.800000	-565.266174	92.982841
1477.866667	-565.166870	93.023758
1477.933333	-565.255615	93.103157
1478.000000	-565.232361	92.971802
1478.066667	-565.448059	93.103394
1478.133333	-565.452454	92.929924
1478.200000	-565.451782	92.909195
1478.266667	-565.527100	92.794022
1478.333333	-565.395508	93.059692
1478.400000	-565.622803	93.098305
1478.466667	-565.589355	93.059723
1478.533333	-565.707642	92.897537
1478.600000	-565.569275	92.939941
1478.666667	-565.634521	93.166832
1478.733333	-565.679993	93.026588
1478.800000	-565.655457	92.890007
1478.866667	-565.935547	93.039223
1478.933333	-565.762878	92.928520
1479.000000	-565.669739	93.172295
1479.066667	-565.998840	93.089035
1479.133333	-566.030823	92.953674
1479.200000	-565.994751	92.930756
1479.266667	-566.167603	92.787560
1479.333333	-566.198120	92.822601
1479.400000	-566.143188	92.914185
1479.466667	-566.052185	92.830803
1479.533333	-566.268066	92.970390
1479.600000	-566.223083	93.044647
1479.666667	-566.146057	92.959679
1479.733333	-566.395386	92.835678
1479.800000	-566.329163	92.917709
1479.866667	-566.395691	92.703049
1479.933333	-566.323730	92.845047
1480.000000	-566.450562	92.873901
1480.066667	-566.543030	92.895920
1480.133333	-566.638123	92.676346
1480.200000	-566.515442	92.816994
1480.266667	-566.637024	92.822021
1480.333333	-566.534180	93.005753
1480.400000	-566.717529	92.518158
1480.466667	-566.661621	92.894096
1480.533333	-566.764893	92.851013
1480.600000	-566.771606	92.908958
1480.666667	-566.642822	92.845634
1480.733333	-566.805603	92.735191
1480.800000	-566.753845	92.933411
1480.866667	-566.847656	92.967758
1480.933333	-567.078308	92.800308
1481.000000	-567.031250	92.782776
1481.066667	-567.034241	92.561668
1481.133333	-566.984558	92.763077
1481.200000	-567.214478	92.686630
1481.266667	-567.186707	93.007912
1481.333333	-567.270020	92.811386
1481.400000	-567.127686	92.834465
1481.466667	-567.246277	92.929512
1481.533333	-567.297424	92.825264
1481.600000	-567.282471	92.794792
1481.666667	-567.342468	92.577888
1481.733333	-567.418274	92.707878
1481.800000	-567.423523	92.615097
1481.866667	-567.435852	92.663544
1481.933333	-567.505371	92.660660
1482.000000	-567.512512	92.805092
1482.066667	-567.538452	92.728325
1482.133333	-567.602966	92.928322
1482.200000	-567.611511	92.804771
1482.266667	-567.637085	92.771889
1482.333333	-567.843079	92.562073
1482.400000	-567.866089	92.614014
1482.466667	-567.742859	92.516251
1482.533333	-567.886414	92.612976
1482.600000	-567.801575	92.632324
1482.666667	-568.061157	92.652443
1482.733333	-568.041870	92.668457
1482.800000	-567.968262	92.722092
1482.866667	-568.002075	92.696960
1482.933333	-568.184814	92.524139
1483.000000	-567.971130	92.780991
1483.066667	-568.059204	92.753044
1483.133333	-568.258301	92.699852
1483.200000	-568.101257	92.857430
1483.266667	-568.204285	92.527191
1483.333333	-568.167175	92.613342
1483.400000	-568.183167	92.753059
1483.466667	-568.422302	92.639450
1483.533333	-568.465027	92.701897
1483.600000	-568.472412	92.594971
1483.666667	-568.536438	92.437767
1483.733333	-568.275818	92.728256
1483.800000	-568.614685	92.564339
1483.866667	-568.567810	92.493546
1483.933333	-568.786682	92.504692
1484.000000	-568.647644	92.783806
1484.066667	-568.716492	92.538200
1484.133333	-568.820984	92.520111
1484.200000	-568.588562	92.453766
1484.266667	-568.733093	92.565475
1484.333333	-568.857300	92.506332
1484.400000	-568.878479	92.554115
1484.466667	-568.984985	92.333336
1484.533333	-568.807617	92.616165
1484.600000	-568.943542	92.534416
1484.666667	-568.855713	92.461060
1484.733333	-569.011292	92.426758
1484.800000	-569.021301	92.505905
1484.866667	-568.929810	92.440994
1484.933333	-569.045410	92.605019
1485.000000	-569.260315	92.315056
1485.066667	-569.246704	92.585945
1485.133333	-569.227112	92.459572
1485.200000	-569.280640	92.429466
1485.266667	-569.386475	92.377701
1485.333333	-569.318542	92.487976
1485.400000	-569.454468	92.426735
1485.466667	-569.423889	92.375015
1485.533333	-569.481140	92.279655
1485.600000	-569.419128	92.611702
1485.666667	-569.518860	92.401138
1485.733333	-569.516663	92.394569
1485.800000	-569.722534	92.456978
1485.866667	-569.646729	92.374603
1485.933333	-569.613525	92.378716
1486.000000	-569.547791	92.485199
1486.066667	-569.714478	92.267921
1486.133333	-569.760803	92.448875
1486.200000	-569.714905	92.189819
1486.266667	-569.882935	92.068077
1486.333333	-569.764526	92.631859
1486.400000	-569.914612	92.275558
1486.466667	-569.901245	92.352768
1486.533333	-569.914917	92.331917
1486.600000	-570.023743	92.098450
1486.666667	-569.960144	92.171532
1486.733333	-569.858643	92.510490
1486.800000	-570.097778	92.331215
1486.866667	-570.216309	92.271667
1486.933333	-570.213501	92.141335
1487.000000	-570.158081	92.091476
1487.066667	-570.178406	92.345497
1487.133333	-570.272583	92.417046
1487.200000	-570.228943	92.281334
1487.266667	-570.276306	92.315155
1487.333333	-570.311218	92.223389
1487.400000	-570.380737	92.235878
1487.466667	-570.510864	92.437256
1487.533333	-570.393555	92.410202
1487.600000	-570.572388	92.306343
1487.666667	-570.584045	92.380547
1487.733333	-570.643738	92.198555
1487.800000	-570.539917	92.392258
1487.866667	-570.663452	92.214706
1487.933333	-570.564392	92.159294
1488.000000	-570.688843	92.197220
1488.066667	-570.654236	92.098450
1488.133333	-570.633667	92.245682
1488.200000	-570.678955	92.085777
1488.266667	-570.770203	92.173126
1488.333333	-570.819641	91.916794
1488.400000	-571.031006	92.141647
1488.466667	-570.875732	91.926689
1488.533333	-570.700806	92.201424
1488.600000	-570.987366	92.138306
1488.666667	-570.996033	92.136887
1488.733333	-571.125916	92.063652
1488.800000	-571.218872	92.218849
1488.866667	-571.111877	92.032677
1488.933333	-571.088257	92.089645
1489.000000	-571.125854	92.179161
1489.066667	-571.315674	92.079491
1489.133333	-571.366150	91.857841
1489.200000	-571.398376	92.220520
1489.266667	-571.120544	92.177872
1489.333333	-571.355225	92.096664
1489.400000	-571.356506	92.242790
1489.466667	-571.452698	92.100983
1489.533333	-571.612366	91.796822
1489.600000	-571.327576	92.341537
1489.666667	-571.531189	92.177719
1489.733333	-571.512634	92.119820
1489.800000	-571.503601	92.050163
1489.866667	-571.476624	92.288177
1489.933333	-571.638611	92.046997
1490.000000	-571.682739	91.846245
1490.066667	-571.732239	92.125252
1490.133333	-571.627808	92.138916
1490.200000	-571.959229	91.976631
1490.266667	-571.828430	92.027786
1490.333333	-571.983459	91.795563
1490.400000	-571.913574	92.060486
1490.466667	-571.929871	92.005936
1490.533333	-571.693115	92.060303
1490.600000	-572.093872	91.670815
1490.666667	-571.980835	91.901428
1490.733333	-572.107971	91.893852
1490.800000	-571.997498	92.081108
1490.866667	-572.037659	92.050087
1490.933333	-571.964478	91.839378
1491.000000	-572.113342	91.821823
1491.066667	-572.127563	92.014610
1491.133333	-572.243469	91.918930
1491.200000	-572.067993	91.947075
1491.266667	-572.238281	91.631828
1491.333333	-572.348572	91.825966
1491.400000	-572.382568	91.756210
1491.466667	-572.463867	92.106041
1491.533333	-572.335999	91.804848
1491.600000	-572.480774	91.888687
1491.666667	-572.520996	91.887001
1491.733333	-572.752441	91.732681
1491.800000	-572.494690	91.763283
1491.866667	-572.701599	91.994904
1491.933333	-572.594421	91.807800
1492.000000	-572.657410	91.928909
1492.066667	-572.579102	91.816238
1492.133333	-572.643494	92.037697
1492.200000	-572.695557	91.865219
1492.266667	-572.825378	91.954231
1492.333333	-572.816284	91.988297
1492.400000	-572.902039	91.867531
1492.466667	-572.822937	91.878342
1492.533333	-572.977722	91.793274
1492.600000	-572.843323	91.894424
1492.666667	-572.963623	91.856247
1492.733333	-572.870667	91.804291
1492.800000	-573.061218	91.737305
1492.866667	-573.014038	91.891365
1492.933333	-573.161804	91.839592
1493.000000	-573.092346	91.747459
1493.066667	-573.222046	91.788559
1493.133333	-573.149353	91.725861
1493.200000	-573.179993	91.819153
1493.266667	-573.118530	91.871719
1493.333333	-573.277527	91.557205
1493.400000	-573.344482	91.768120
1493.466667	-573.327698	91.560921
1493.533333	-573.278137	91.724007
1493.600000	-573.338135	91.707245
1493.666667	-573.472961	91.616959
1493.733333	-573.318726	91.738937
1493.800000	-573.488342	91.809296
1493.866667	-573.477295	91.620026
1493.933333	-573.366699	91.713264
1494.000000	-573.397827	91.597572
1494.066667	-573.526184	91.716980
1494.133333	-573.571716	91.581612
1494.200000	-573.526917	91.933014
1494.266667	-573.558289	91.598328
1494.333333	-573.598511	91.734528
1494.400000	-573.582214	91.846138
1494.466667	-573.625610	91.782913
1494.533333	-573.518982	91.709023
1494.600000	-573.562561	91.691460
1494.666667	-573.530579	91.553490
1494.733333	-573.585632	91.834839
1494.800000	-573.662537	91.981812
1494.866667	-573.740234	91.752708
1494.933333	-573.723511	91.668320
1495.000000	-573.742981	91.641068
1495.066667	-573.623962	91.790672
1495.133333	-573.824951	91.598366
1495.200000	-573.802795	91.484550
1495.266667	-573.760864	91.882545
1495.333333	-573.782104	91.576256
1495.400000	-573.735168	91.797630
1495.466667	-573.773376	91.661789
1495.533333	-573.833679	91.779854
1495.600000	-573.764648	91.697090
1495.666667	-573.744385	91.755196
1495.733333	-573.912781	91.841591
1495.800000	-573.890564	91.913605
1495.866667	-573.867859	91.719124
1495.933333	-573.778809	91.895233
1496.000000	-573.950623	91.550957
1496.066667	-573.917847	91.887375
1496.133333	-573.886475	91.913826
1496.200000	-573.960938	91.555824
1496.266667	-573.904053	91.845924
1496.333333	-574.002930	91.949181
1496.400000	-574.039490	91.823700
1496.466667	-574.062195	91.915146
1496.533333	-574.189026	91.742523
1496.600000	-573.945312	91.901634
1496.666667	-574.007690	91.610161
1496.733333	-574.064514	91.409714
1496.800000	-574.072327	91.621925
1496.866667	-574.120667	91.702354
1496.933333	-574.184998	91.625534
1497.000000	-574.108398	91.671196
1497.066667	-574.116638	91.632751
1497.133333	-574.133972	91.590706
1497.200000	-574.116638	91.924065
1497.266667	-574.168518	91.756531
1497.333333	-574.105774	91.810036
1497.400000	-574.121033	91.938477
1497.466667	-574.117432	91.791718
1497.533333	-574.163208	91.471077
1497.600000	-574.150696	91.795799
1497.666667	-574.160095	91.714203
1497.733333	-574.213806	91.954391
1497.800000	-574.182922	91.880463
1497.866667	-574.358032	91.600197
1497.933333	-574.194336	91.732895
1498.000000	-574.304504	91.705864
1498.066667	-574.207764	91.801987
1498.133333	-574.258728	92.172409
1498.200000	-574.358948	91.750969
1498.266667	-574.180298	91.941582
1498.333333	-574.249756	91.776711
1498.400000	-574.230103	91.482788
1498.466667	-574.336304	91.758263
1498.533333	-574.298706	92.076653
1498.600000	-574.301331	91.785233
1498.666667	-574.301331	91.785233
1498.733333	-574.287292	92.088264
1498.800000	-574.253662	91.681831
1498.866667	-574.318176	92.078453
1498.933333	-574.371338	91.740334
1499.000000	-574.341431	91.730598
1499.066667	-574.362183	91.925789
1499.133333	-574.456726	91.685936
1499.200000	-574.411377	91.893814
1499.266667	-574.461792	91.807800
1499.333333	-574.406311	91.461639
1499.400000	-574.445496	92.060867
1499.466667	-574.494080	91.614037
1499.533333	-574.477417	91.735603
1499.600000	-574.463074	91.818184
1499.666667	-574.493896	91.821014
1499.733333	-574.389160	92.020599
1499.800000	-574.526184	91.684280
1499.866667	-574.274902	91.889900
1499.933333	-574.573608	91.935799
1500.000000	-574.479553	91.683533
