8160.066667	-63.291077	143.832169
8160.133333	-63.241215	143.966476
8160.200000	-63.521473	143.955368
8160.266667	-63.354965	144.138153
8160.333333	-63.449493	143.997818
8160.400000	-63.318222	144.035614
8160.466667	-63.317612	144.094635
8160.533333	-63.313717	144.129669
8160.600000	-63.325668	144.046738
8160.666667	-63.402294	144.111252
8160.733333	-63.333771	144.122543
8160.800000	-63.288799	144.064590
8160.866667	-63.328266	144.088135
8160.933333	-63.228977	143.879272
8161.000000	-63.234760	144.014191
8161.066667	-63.174438	143.984894
8161.133333	-63.218246	143.830948
8161.200000	-63.048946	143.828323
8161.266667	-63.081772	143.728867
8161.333333	-63.008640	143.869766
8161.400000	-63.016312	143.816772
8161.466667	-62.952705	143.775208
8161.533333	-62.933601	143.707947
8161.600000	-62.933907	143.711746
8161.666667	-62.815182	143.792328
8161.733333	-62.848022	143.658783
8161.800000	-62.840771	143.705704
8161.866667	-62.979866	143.773056
8161.933333	-62.888527	143.706833
8162.000000	-62.780727	143.733719
8162.066667	-62.757664	143.798691
8162.133333	-62.856884	143.827576
8162.200000	-62.881508	143.989471
8162.266667	-62.801929	143.954865
8162.333333	-62.962551	143.994751
8162.400000	-62.847843	143.883209
8162.466667	-62.957466	143.995712
8162.533333	-62.887775	144.058060
8162.600000	-62.884079	144.132233
8162.666667	-62.791256	144.033844
8162.733333	-62.826244	144.103317
8162.800000	-62.743076	144.072556
8162.866667	-62.785458	144.169495
8162.933333	-62.807262	144.051163
8163.000000	-62.665802	144.180161
8163.066667	-62.686775	144.088913
8163.133333	-62.659492	144.025253
8163.200000	-62.665092	143.957352
8163.266667	-62.657059	143.813583
8163.333333	-62.629429	143.777847
8163.400000	-62.492432	143.876602
8163.466667	-62.616623	143.809692
8163.533333	-62.566437	143.707413
8163.600000	-62.518623	143.723068
8163.666667	-62.529564	143.734711
8163.733333	-62.497543	143.597656
8163.800000	-62.425865	143.639542
8163.866667	-62.346710	143.671692
8163.933333	-62.360081	143.728851
8164.000000	-62.382412	143.732864
8164.066667	-62.532307	143.744446
8164.133333	-62.526390	143.870941
8164.200000	-62.349056	143.920349
8164.266667	-62.468014	143.886414
8164.333333	-62.313065	143.965744
8164.400000	-62.519569	143.940247
8164.466667	-62.357590	144.044067
8164.533333	-62.515438	143.921219
8164.600000	-62.228413	144.126266
8164.666667	-62.402439	144.188385
8164.733333	-62.526157	144.053162
8164.800000	-62.302925	144.108078
8164.866667	-62.278088	144.115005
8164.933333	-62.398064	144.202301
8165.000000	-62.270401	144.137909
8165.066667	-62.354115	144.117050
8165.133333	-62.158619	144.080536
8165.200000	-62.229935	144.015869
8165.266667	-62.225430	143.970718
8165.333333	-62.163219	143.952103
8165.400000	-62.092999	144.037323
8165.466667	-62.004520	143.844879
8165.533333	-62.062069	143.890945
8165.600000	-61.985291	143.890762
8165.666667	-62.003967	143.829605
8165.733333	-61.930058	143.730576
8165.800000	-62.013813	143.735413
8165.866667	-61.990734	143.727753
8165.933333	-61.956818	143.625992
8166.000000	-61.929626	143.716721
8166.066667	-61.840496	143.801117
8166.133333	-61.943409	143.681763
8166.200000	-61.761650	143.821609
8166.266667	-61.894020	143.980316
8166.333333	-61.951195	143.755035
8166.400000	-61.908360	143.933792
8166.466667	-61.947029	143.818436
8166.533333	-61.872322	144.076660
8166.600000	-61.924274	143.906998
8166.666667	-61.755955	144.105972
8166.733333	-61.965042	144.162506
8166.800000	-61.794048	144.241180
8166.866667	-61.804569	144.220612
8166.933333	-61.875130	144.136444
8167.000000	-61.919495	144.161057
8167.066667	-61.808968	144.060883
8167.133333	-61.808968	144.060883
8167.200000	-61.675301	144.094360
8167.266667	-61.660992	143.917984
8167.333333	-61.731468	144.031387
8167.400000	-61.540039	144.046005
8167.466667	-61.375046	144.031509
8167.533333	-61.375046	144.031509
8167.600000	-61.404644	144.017365
8167.666667	-61.449230	143.822739
8167.733333	-61.391964	143.824585
8167.800000	-61.339394	143.663010
8167.866667	-61.406231	143.696930
8167.933333	-61.406231	143.696930
8168.000000	-61.324657	143.737610
8168.066667	-61.446209	143.733429
8168.133333	-61.384972	143.790039
8168.200000	-61.332336	143.819016
8168.266667	-61.312099	143.855057
8168.333333	-61.335682	143.826401
8168.400000	-61.335682	143.826401
8168.466667	-61.304096	143.831635
8168.533333	-61.384830	143.844803
8168.600000	-61.286457	143.904922
8168.666667	-61.299183	143.999664
8168.733333	-61.307011	144.029877
8168.800000	-61.307011	144.029877
8168.866667	-61.329254	144.067642
8168.933333	-61.298992	144.061844
8169.000000	-61.207531	144.143005
8169.066667	-61.316860	144.089935
8169.133333	-61.303467	144.119675
8169.200000	-61.303467	144.119675
8169.266667	-61.202492	144.029129
8169.333333	-61.107014	144.153229
8169.400000	-61.100220	144.109024
8169.466667	-61.188248	143.885834
8169.533333	-60.915539	143.931946
8169.600000	-60.915539	143.931946
8169.666667	-60.862930	143.901443
8169.733333	-60.970188	143.985306
8169.800000	-60.913319	143.794144
8169.866667	-60.777969	143.755325
8169.933333	-60.759701	143.825699
8170.000000	-60.757168	143.752243
8170.066667	-60.757168	143.752243
8170.133333	-60.687992	143.658066
8170.200000	-60.732426	143.646729
8170.266667	-60.707943	143.802155
8170.333333	-60.735340	143.772141
8170.400000	-60.710602	143.824860
8170.466667	-60.710602	143.824860
8170.533333	-60.641518	143.899933
8170.600000	-60.688484	143.931503
8170.666667	-60.741955	143.924835
8170.733333	-60.792614	143.985519
8170.800000	-60.727310	144.093307
8170.866667	-60.727310	144.093307
8170.933333	-60.686646	144.105850
8171.000000	-60.622635	144.135941
8171.066667	-60.701389	144.159897
8171.133333	-60.720585	144.149872
8171.200000	-60.610298	144.285614
8171.266667	-60.668137	144.063950
8171.333333	-60.668137	144.063950
8171.400000	-60.663597	144.055603
8171.466667	-60.553715	144.099243
8171.533333	-60.530067	143.967087
8171.600000	-60.521629	143.972504
8171.666667	-60.387741	143.789444
8171.733333	-60.387741	143.789444
8171.800000	-60.391476	143.884430
8171.866667	-60.332966	143.869766
8171.933333	-60.448357	143.762741
8172.000000	-60.226822	143.757339
8172.066667	-60.267094	143.776505
8172.133333	-60.267094	143.776505
8172.200000	-60.138844	143.885162
8172.266667	-60.169357	143.780701
8172.333333	-60.152523	143.728668
8172.400000	-60.264328	143.608398
8172.466667	-60.252792	143.786331
8172.533333	-60.074646	143.823532
8172.600000	-60.074646	143.823532
8172.666667	-60.182823	143.896729
8172.733333	-60.104271	144.086517
8172.800000	-60.185047	143.969284
8172.866667	-60.193748	143.939835
8172.933333	-60.037601	144.125504
8173.000000	-60.037601	144.125504
8173.066667	-60.086456	144.198990
8173.133333	-60.067749	144.097427
8173.200000	-60.081684	144.152206
8173.266667	-60.032036	144.187820
8173.333333	-60.068600	144.265701
8173.400000	-60.068600	144.265701
8173.466667	-60.071495	144.081757
8173.533333	-59.939575	144.175949
8173.600000	-59.928669	144.118774
8173.666667	-59.990685	144.129913
8173.733333	-59.937092	143.913742
8173.800000	-59.937092	143.913742
8173.866667	-59.963280	143.902237
8173.933333	-59.830757	143.824249
8174.000000	-59.798008	143.834442
8174.066667	-59.693054	143.713638
8174.133333	-59.663704	143.832687
8174.200000	-59.693474	143.857056
8174.266667	-59.627384	143.781555
8174.333333	-59.709717	143.720398
8174.400000	-59.656796	143.805023
8174.466667	-59.532795	143.821411
8174.533333	-59.457901	143.830307
8174.600000	-59.600208	143.753815
8174.666667	-59.547451	143.930725
8174.733333	-59.622856	143.845184
8174.800000	-59.495853	143.859329
8174.866667	-59.500221	144.022522
8174.933333	-59.647564	144.020416
8175.000000	-59.603188	144.086975
8175.066667	-59.603188	144.086975
8175.133333	-59.604359	144.042603
8175.200000	-59.467907	144.113022
8175.266667	-59.476959	144.230637
8175.333333	-59.429157	144.136566
8175.400000	-59.493359	144.142838
8175.466667	-59.408562	144.234558
8175.533333	-59.389538	144.112473
8175.600000	-59.456455	144.168304
8175.666667	-59.479324	144.143753
8175.733333	-59.281544	144.118835
8175.800000	-59.398529	144.015839
8175.866667	-59.329441	144.003387
8175.933333	-59.354397	143.863968
8176.000000	-59.281120	143.911224
8176.066667	-59.271252	143.845139
8176.133333	-59.235844	143.907669
8176.200000	-59.321930	143.838455
8176.266667	-59.236336	143.845840
8176.333333	-59.207851	143.839935
8176.400000	-59.240894	143.674942
8176.466667	-59.070206	143.795502
8176.533333	-59.119865	143.718079
8176.600000	-58.957699	143.829483
8176.666667	-59.098446	143.831635
8176.733333	-59.121410	143.839081
8176.800000	-59.174759	143.865173
8176.866667	-59.163689	143.960785
8176.933333	-58.974106	144.127548
8177.000000	-59.208855	143.968094
8177.066667	-59.098640	144.094559
8177.133333	-58.998341	144.063797
8177.200000	-59.219631	144.158752
8177.266667	-59.020412	144.042160
8177.333333	-59.038921	144.214188
8177.400000	-59.048874	144.193390
8177.466667	-59.107334	144.131577
8177.533333	-59.010254	144.190704
8177.600000	-59.031792	144.168365
8177.666667	-59.039738	144.096832
8177.733333	-58.961800	144.174194
8177.800000	-58.941368	144.117050
8177.866667	-58.808052	144.183273
8177.933333	-58.920464	144.053772
8178.000000	-58.812607	144.158203
8178.066667	-58.714321	143.970825
8178.133333	-58.784286	144.024170
8178.200000	-58.669636	143.932602
8178.266667	-58.684151	143.823059
8178.333333	-58.827625	143.742355
8178.400000	-58.731140	143.762741
8178.466667	-58.620621	143.753891
8178.533333	-58.664982	143.765045
8178.600000	-58.522320	143.900177
8178.666667	-58.581013	143.730621
8178.733333	-58.566341	143.766632
8178.800000	-58.536621	143.839737
8178.866667	-58.553898	143.832779
8178.933333	-58.532074	143.879486
8179.000000	-58.477325	143.911194
8179.066667	-58.646271	143.923874
8179.133333	-58.595196	143.968704
8179.200000	-58.697525	143.998016
8179.266667	-58.654415	144.104340
8179.333333	-58.630234	144.034958
8179.400000	-58.583153	144.079422
8179.466667	-58.586468	144.162628
8179.533333	-58.586868	144.127548
8179.600000	-58.592083	144.152588
8179.666667	-58.527706	144.154877
8179.733333	-58.506409	144.233337
8179.800000	-58.431873	144.275665
8179.866667	-58.549202	143.930862
8179.933333	-58.539234	144.070801
8180.000000	-58.369888	144.061646
8180.066667	-58.365349	144.133026
8180.133333	-58.342323	144.018295
8180.200000	-58.324615	143.946762
8180.266667	-58.169498	144.067291
8180.333333	-58.271843	143.900742
8180.400000	-58.336697	143.736053
8180.466667	-58.136688	143.889999
8180.533333	-58.109257	143.817169
8180.600000	-58.111164	143.725372
8180.666667	-58.079102	143.579498
8180.733333	-58.083473	143.870895
8180.800000	-58.112148	143.795395
8180.866667	-58.106537	143.734543
8180.933333	-58.102848	143.744278
8181.000000	-58.109257	143.796600
8181.066667	-58.053661	143.876831
8181.133333	-58.007504	143.987518
8181.200000	-58.049725	143.884521
8181.266667	-58.066200	143.972961
8181.333333	-58.052189	143.914673
8181.400000	-58.162479	144.028488
8181.466667	-58.092869	144.057922
8181.533333	-58.139748	144.146347
8181.600000	-58.081337	144.119736
8181.666667	-58.125134	144.186127
8181.733333	-58.069626	144.197952
8181.800000	-58.036018	144.164993
8181.866667	-58.056412	144.159531
8181.933333	-57.991821	144.175171
8182.000000	-57.982754	144.130447
8182.066667	-57.955784	144.138321
8182.133333	-57.916458	144.160782
8182.200000	-57.918327	143.998962
8182.266667	-57.809486	144.012238
8182.333333	-57.731899	143.968414
8182.400000	-57.728123	144.051056
8182.466667	-57.741974	143.825073
8182.533333	-57.686993	143.752640
8182.600000	-57.588921	143.856094
8182.666667	-57.547905	143.898956
8182.733333	-57.716557	143.802078
8182.800000	-57.584366	143.811661
8182.866667	-57.537510	143.773865
8182.933333	-57.506313	143.791199
8183.000000	-57.515324	143.845337
8183.066667	-57.537689	143.869766
8183.133333	-57.480721	144.111633
8183.200000	-57.593990	143.781982
8183.266667	-57.561970	143.831085
8183.333333	-57.541073	143.883438
8183.400000	-57.609898	144.077621
8183.466667	-57.585899	144.032104
8183.533333	-57.631096	144.048859
8183.600000	-57.496815	144.186523
8183.666667	-57.510311	144.155731
8183.733333	-57.534924	144.214447
8183.800000	-57.564735	144.195541
8183.866667	-57.570694	144.253708
8183.933333	-57.461926	144.305740
8184.000000	-57.457901	144.183075
8184.066667	-57.456020	144.178848
8184.133333	-57.407608	144.165436
8184.200000	-57.456684	144.152908
8184.266667	-57.354015	144.069397
8184.333333	-57.338039	144.097031
8184.400000	-57.314522	144.196747
8184.466667	-57.397182	143.901367
8184.533333	-57.352432	143.846069
8184.600000	-57.271816	143.895752
8184.666667	-57.172707	143.790970
8184.733333	-57.283157	143.817719
8184.800000	-57.115631	143.761139
8184.933333	-57.061981	143.800507
8185.066667	-57.058006	143.821121
8185.133333	-57.113110	143.813507
8185.200000	-57.131039	143.811340
8185.333333	-57.038536	143.914261
8185.400000	-57.190128	143.926636
8185.466667	-57.044121	144.082901
8185.533333	-57.020153	143.960403
8185.600000	-57.005550	143.970200
8185.666667	-57.035973	144.050323
8185.733333	-57.063541	144.024719
8185.800000	-57.064709	144.181000
8185.866667	-57.044533	144.050461
8185.933333	-56.860088	144.346222
8186.000000	-56.888275	144.134293
8186.066667	-57.000919	144.162704
8186.133333	-57.019531	144.207413
8186.200000	-56.950970	144.185104
8186.266667	-56.930408	144.090698
8186.333333	-56.978516	144.071594
8186.400000	-56.863590	144.072952
8186.466667	-56.898575	144.098541
8186.533333	-56.837498	144.073242
8186.600000	-56.826939	143.980682
8186.666667	-56.821701	143.929779
8186.733333	-56.693695	144.017975
8186.800000	-56.807137	143.944183
8186.866667	-56.772537	143.820480
8186.933333	-56.737003	143.805557
8187.000000	-56.679806	143.922729
8187.066667	-56.701614	143.818848
8187.133333	-56.764820	143.862656
8187.200000	-56.694069	143.702240
8187.266667	-56.636299	143.850128
8187.333333	-56.611996	143.865021
8187.400000	-56.673698	143.802780
8187.466667	-56.758377	143.865204
8187.533333	-56.499523	143.984100
8187.600000	-56.604080	143.943970
8187.666667	-56.481579	143.963028
8187.733333	-56.679375	143.999191
8187.800000	-56.644604	144.168518
8187.866667	-56.680298	144.216812
8187.933333	-56.623505	144.128021
8188.000000	-56.743847	144.075729
8188.066667	-56.622749	144.205490
8188.133333	-56.576286	144.126923
8188.200000	-56.641075	144.196747
8188.266667	-56.549644	144.153992
8188.333333	-56.532734	144.236511
8188.400000	-56.477379	144.233978
8188.466667	-56.495377	144.078598
8188.533333	-56.548489	144.104309
8188.600000	-56.307972	144.140488
8188.666667	-56.431515	144.036758
8188.733333	-56.256584	144.010742
8188.800000	-56.210785	143.773132
8188.866667	-56.198982	143.849838
8188.933333	-56.274712	143.863052
8189.000000	-56.230022	143.811020
8189.066667	-56.173458	143.737823
8189.133333	-56.112778	143.796051
8189.200000	-56.143963	143.894913
8189.266667	-56.144539	143.679947
8189.333333	-56.057209	143.810730
8189.400000	-56.171036	143.838852
8189.466667	-56.130611	144.001740
8189.533333	-56.162201	143.855103
8189.600000	-56.166012	143.954498
8189.666667	-56.141788	143.930847
8189.733333	-56.189697	143.980667
8189.800000	-56.193291	144.025467
8189.866667	-56.183708	144.007507
8189.933333	-56.164181	144.122101
8190.000000	-56.090385	144.105042
8190.066667	-56.182510	144.237473
8190.133333	-56.125332	144.188797
8190.200000	-56.146412	144.188660
8190.266667	-56.082733	144.232956
8190.333333	-56.110596	144.276459
8190.400000	-55.964039	144.308060
8190.466667	-56.084515	144.109848
8190.533333	-56.077705	144.103668
8190.600000	-55.962807	144.141312
8190.666667	-55.969479	144.096771
8190.733333	-55.866955	144.038315
8190.800000	-55.955364	143.985031
8190.866667	-55.975414	143.918289
8190.933333	-55.862267	143.817825
8191.000000	-55.825680	143.877609
8191.066667	-55.829853	143.767227
8191.133333	-55.677376	143.655548
8191.200000	-55.761173	143.838730
8191.266667	-55.620998	143.741226
8191.333333	-55.640182	143.716019
8191.400000	-55.613972	143.703369
8191.466667	-55.643410	143.831909
8191.533333	-55.571674	143.826645
8191.600000	-55.655193	143.881485
8191.666667	-55.631874	143.937881
8191.733333	-55.578835	143.920258
8191.800000	-55.660057	143.774765
8191.866667	-55.515816	144.044769
8191.933333	-55.583652	144.024277
8192.000000	-55.634747	144.041367
8192.066667	-55.824059	143.995712
8192.133333	-55.567093	144.144623
8192.200000	-55.685562	144.133957
8192.266667	-55.623550	144.112366
8192.333333	-55.617577	144.105652
8192.400000	-55.638554	144.219421
8192.466667	-55.564095	144.053482
8192.533333	-55.523933	144.158066
8192.600000	-55.598579	144.104462
8192.666667	-55.607616	144.037796
8192.733333	-55.532112	144.058533
8192.800000	-55.474632	143.998138
8192.866667	-55.422558	144.004410
8192.933333	-55.417358	144.021118
8193.000000	-55.429565	143.937500
8193.066667	-55.452118	143.805817
8193.133333	-55.389618	143.794128
8193.200000	-55.321125	143.950912
8193.266667	-55.352493	143.804611
8193.333333	-55.239834	143.812057
8193.400000	-55.227875	143.687210
8193.466667	-55.167416	143.781830
8193.533333	-55.073051	144.003799
8193.600000	-55.168911	143.765182
8193.666667	-55.198689	143.850403
8193.733333	-55.110229	143.833435
8193.800000	-55.184757	143.856140
8193.866667	-55.268978	143.845551
8193.933333	-55.204758	143.914108
8194.000000	-55.304417	143.906754
8194.066667	-55.282345	143.814346
8194.133333	-55.169682	144.077957
8194.200000	-55.219055	144.137299
8194.266667	-55.279358	144.077408
8194.333333	-55.050545	144.235001
8194.400000	-55.169121	144.132324
8194.466667	-55.191143	144.271576
8194.533333	-55.140995	144.275085
8194.600000	-55.221703	144.200241
8194.666667	-55.156658	144.159729
8194.733333	-54.996140	144.266403
8194.800000	-54.932095	144.266724
8194.866667	-55.056980	144.023041
8194.933333	-54.903347	144.029068
8195.000000	-54.923134	144.059006
8195.066667	-54.864166	143.905457
8195.133333	-54.853573	144.008057
8195.200000	-54.854027	143.913895
8195.266667	-54.799660	143.917816
8195.333333	-54.804405	143.940170
8195.400000	-54.709305	143.924072
8195.466667	-54.790287	143.887344
8195.533333	-54.802933	143.822052
8195.600000	-54.745419	143.842422
8195.666667	-54.678768	143.830704
8195.733333	-54.705025	143.802780
8195.800000	-54.689499	143.875626
8195.866667	-54.846291	143.843094
8195.933333	-54.800362	143.848602
8196.000000	-54.651009	144.059067
8196.066667	-54.745930	144.030869
8196.133333	-54.754047	143.989578
8196.200000	-54.714108	144.179535
8196.266667	-54.794601	144.009567
8196.333333	-54.625481	144.119812
8196.400000	-54.800091	144.212494
8196.466667	-54.682858	144.143005
8196.533333	-54.694946	144.236267
8196.600000	-54.765564	144.174866
8196.666667	-54.719151	144.201401
8196.733333	-54.750694	144.195587
8196.800000	-54.693386	144.241501
8196.866667	-54.775661	144.174393
8196.933333	-54.525112	144.248917
8197.000000	-54.678047	144.048447
8197.066667	-54.498764	144.103973
8197.133333	-54.446171	144.082077
8197.200000	-54.555435	143.972595
8197.266667	-54.368298	144.224396
8197.333333	-54.399059	143.858658
8197.400000	-54.332073	143.804596
8197.466667	-54.335304	143.816040
8197.533333	-54.263554	143.897720
8197.600000	-54.128426	143.939240
8197.666667	-54.320251	143.919312
8197.733333	-54.201202	143.763977
8197.800000	-54.210819	143.891403
8197.866667	-54.239746	143.877197
8197.933333	-54.299385	143.844971
8198.000000	-54.259319	143.916809
8198.066667	-54.131119	144.041489
8198.133333	-54.213890	143.960403
8198.200000	-54.251934	144.102188
8198.266667	-54.179565	143.927475
8198.333333	-54.286617	144.156784
8198.400000	-54.210323	144.199173
8198.466667	-54.138172	144.147415
8198.533333	-54.288010	144.197983
8198.600000	-54.175961	144.380661
8198.666667	-54.246998	144.163208
8198.733333	-54.216248	144.297165
8198.800000	-54.187183	144.303818
8198.866667	-54.125786	144.240112
8198.933333	-54.136333	144.194397
8199.000000	-54.174950	144.197983
8199.066667	-54.135975	144.177795
8199.133333	-54.077187	144.285294
8199.200000	-54.165630	144.050247
8199.266667	-54.097942	144.038025
8199.333333	-54.011047	144.038651
8199.400000	-54.033207	144.091766
8199.466667	-53.982952	144.109329
8199.533333	-53.956860	143.874329
8199.600000	-54.000263	143.850800
8199.666667	-53.889210	143.911072
8199.733333	-53.886513	143.874741
8199.800000	-53.801392	143.860626
8199.866667	-53.771854	143.931885
8199.933333	-53.948677	143.705658
8200.000000	-53.833965	143.867416
8200.066667	-53.761227	143.945496
8200.133333	-53.731339	144.015579
8200.200000	-53.709335	144.026443
8200.266667	-53.799187	143.997559
8200.333333	-53.937099	143.910782
8200.400000	-53.840958	144.126511
8200.466667	-53.761307	144.221359
8200.533333	-53.813053	144.040924
8200.600000	-53.861988	144.131577
8200.666667	-53.913433	144.116714
8200.733333	-53.772491	144.274979
8200.800000	-53.830452	144.166275
8200.866667	-53.840603	144.186157
8200.933333	-53.747841	144.243118
8201.000000	-53.735123	144.336884
8201.066667	-53.694252	144.289001
8201.133333	-53.765018	144.228577
8201.200000	-53.632507	144.222900
8201.266667	-53.546223	144.301468
8201.333333	-53.607292	144.168991
8201.400000	-53.611984	144.084503
8201.466667	-53.556213	144.108841
8201.533333	-53.520309	144.167236
8201.600000	-53.481869	144.089706
8201.666667	-53.575138	143.951508
8201.733333	-53.521423	143.851089
8201.800000	-53.455570	143.908508
8201.866667	-53.472916	143.810425
8201.933333	-53.513969	143.856293
8202.000000	-53.461323	143.823410
8202.066667	-53.419540	143.788589
8202.133333	-53.271366	143.829315
8202.200000	-53.318707	144.096054
8202.266667	-53.428242	143.916656
8202.333333	-53.428242	143.916656
8202.400000	-53.438480	144.081680
8202.466667	-53.409039	144.030212
8202.533333	-53.403290	144.101898
8202.600000	-53.338223	144.073700
8202.666667	-53.394707	144.063568
8202.733333	-53.455345	144.239548
8202.800000	-53.437843	144.213150
8202.866667	-53.343079	144.310837
8202.933333	-53.469486	144.241272
8203.000000	-53.321846	144.282974
8203.066667	-53.345909	144.229202
8203.133333	-53.345909	144.229202
8203.200000	-53.387650	144.160797
8203.266667	-53.210171	144.157928
8203.333333	-53.361393	144.276672
8203.400000	-53.274658	144.213028
8203.466667	-53.167831	144.090881
8203.533333	-53.266708	144.184540
8203.600000	-53.266708	144.184540
8203.666667	-53.099365	144.040359
8203.733333	-53.165443	144.155258
8203.800000	-53.035389	143.943222
8203.866667	-53.001209	143.821579
8203.933333	-52.913269	143.784317
8204.000000	-52.913269	143.784317
8204.066667	-52.863907	143.811462
8204.133333	-52.913467	143.856140
8204.200000	-52.970234	143.985565
8204.266667	-52.838989	144.015717
8204.333333	-53.000992	143.921036
8204.400000	-53.000992	143.921036
8204.466667	-52.842186	144.034393
8204.533333	-52.920017	143.952682
8204.600000	-52.916130	144.127350
8204.666667	-52.907215	144.161072
8204.733333	-52.864342	144.238632
8204.800000	-52.840828	144.129730
8204.866667	-52.840828	144.129730
8204.933333	-52.911350	144.328293
8205.000000	-53.001373	144.220703
8205.066667	-52.923870	144.317535
8205.133333	-52.947052	144.268723
8205.200000	-52.936245	144.312775
8205.266667	-52.936245	144.312775
8205.333333	-52.834087	144.245621
8205.400000	-52.817406	144.258347
8205.466667	-52.839668	144.200150
8205.533333	-52.802670	144.112961
8205.600000	-52.759132	143.987930
8205.666667	-52.759132	143.987930
8205.733333	-52.773102	144.068085
8205.800000	-52.848484	143.914993
8205.866667	-52.715004	143.974442
8205.933333	-52.564930	143.839935
8206.000000	-52.541077	143.960587
8206.066667	-52.541077	143.960587
8206.133333	-52.627743	143.853058
8206.200000	-52.442997	143.866379
8206.266667	-52.575371	143.769073
8206.333333	-52.416603	143.820221
8206.400000	-52.483990	143.926468
8206.466667	-52.546810	144.012085
8206.533333	-52.546810	144.012085
8206.600000	-52.543381	144.032654
8206.666667	-52.537300	143.981415
8206.733333	-52.431751	143.998962
8206.800000	-52.558441	144.171082
8206.866667	-52.489315	144.307724
8206.933333	-52.489315	144.307724
8207.000000	-52.616203	144.162628
8207.066667	-52.497009	144.219330
8207.133333	-52.374180	144.097977
8207.200000	-52.465527	144.244598
8207.266667	-52.395847	144.319824
8207.333333	-52.395847	144.319824
8207.400000	-52.579071	144.167679
8207.466667	-52.358139	144.194473
8207.533333	-52.279816	144.313187
8207.600000	-52.230106	144.128281
8207.666667	-52.295109	144.016785
8207.733333	-52.308132	144.058273
8207.800000	-52.308132	144.058273
8207.866667	-52.204239	144.113281
8207.933333	-52.123119	144.031509
8208.000000	-52.118217	143.975250
8208.066667	-52.085201	143.928696
8208.133333	-52.194530	143.832657
8208.200000	-52.194530	143.832657
8208.266667	-52.063210	143.912323
8208.333333	-52.160690	143.787109
8208.400000	-52.051582	143.818268
8208.466667	-52.086479	143.960083
8208.533333	-52.119164	143.898758
8208.600000	-52.119164	143.898758
8208.666667	-52.102093	144.009903
8208.733333	-52.069878	144.063614
8208.800000	-51.992596	144.123230
8208.866667	-52.075588	144.080933
8208.933333	-51.975487	144.257767
8209.000000	-52.097122	144.182678
8209.066667	-52.097122	144.182678
8209.133333	-51.986942	144.194382
8209.200000	-52.006882	144.242447
8209.266667	-52.090000	144.212143
8209.333333	-52.014362	144.126343
8209.400000	-52.046524	144.132523
8209.466667	-52.057957	144.162994
8209.533333	-51.917667	144.180573
8209.600000	-51.780399	144.191071
8209.666667	-51.912647	144.282974
8209.733333	-51.909225	144.126678
8209.800000	-51.760292	144.063156
8209.866667	-51.760292	144.063156
8209.933333	-51.633892	143.983505
8210.000000	-51.808983	143.856537
8210.066667	-51.708218	144.007446
8210.133333	-51.766811	143.882065
8210.200000	-51.582344	143.892120
8210.266667	-51.582344	143.892120
8210.333333	-51.550938	143.995529
8210.400000	-51.534782	143.872086
8210.466667	-51.469921	143.843079
8210.533333	-51.426491	143.761536
8210.600000	-51.604485	143.802490
8210.666667	-51.564903	143.866409
8210.733333	-51.494820	143.857147
8210.800000	-51.531536	144.041428
8210.866667	-51.619209	144.070984
8210.933333	-51.512951	143.933273
8211.000000	-51.471008	144.105148
8211.066667	-51.511154	144.252731
8211.133333	-51.532463	144.240799
8211.200000	-51.614277	144.015091
8211.266667	-51.518776	144.250290
8211.333333	-51.505795	144.208344
8211.400000	-51.520363	144.187439
8211.466667	-51.549454	144.216522
8211.533333	-51.507626	144.370193
8211.600000	-51.546715	144.378922
8211.666667	-51.557400	144.221146
8211.733333	-51.427956	144.193314
8211.800000	-51.375084	144.136566
8211.866667	-51.381554	144.176605
8211.933333	-51.377716	144.018585
8212.000000	-51.334198	144.143784
8212.066667	-51.322990	144.025955
8212.133333	-51.200424	143.996185
8212.200000	-51.341064	143.925781
8212.266667	-51.302883	143.872086
8212.333333	-51.190514	143.866470
8212.400000	-51.145107	143.908997
8212.466667	-51.186520	143.771667
8212.533333	-51.132767	143.950333
8212.600000	-51.125591	143.810547
8212.666667	-51.091320	143.882996
8212.733333	-51.143295	143.853958
8212.800000	-51.101967	143.822357
8212.866667	-51.089493	143.844803
8212.933333	-51.070385	144.053543
8213.000000	-51.176563	143.914459
8213.066667	-50.989269	144.136063
8213.133333	-51.137798	144.018494
8213.200000	-51.130119	144.146881
8213.266667	-51.134575	144.110703
8213.333333	-51.070484	144.320969
8213.400000	-51.052959	144.145966
8213.466667	-51.084106	144.221985
8213.533333	-51.009521	144.385559
8213.600000	-51.004711	144.337051
8213.666667	-50.920528	144.124756
8213.733333	-50.906193	144.253510
8213.800000	-50.906193	144.266464
8213.866667	-50.911533	144.039520
8213.933333	-50.878994	144.164993
8214.000000	-50.850639	144.026352
8214.066667	-50.850445	144.017685
8214.133333	-50.812645	143.954971
8214.200000	-50.850937	143.996918
8214.266667	-50.689629	143.947388
8214.333333	-50.769150	143.795242
8214.400000	-50.772030	143.815842
8214.466667	-50.723091	143.795151
8214.533333	-50.817444	143.663971
8214.600000	-50.712749	143.832809
8214.666667	-50.668362	143.815277
8214.733333	-50.688328	143.728806
8214.800000	-50.592743	143.822556
8214.866667	-50.656929	143.937607
8214.933333	-50.675617	143.919449
8215.000000	-50.493881	144.107681
8215.066667	-50.431145	143.973648
8215.133333	-50.605675	144.099228
8215.200000	-50.488182	144.104141
8215.266667	-50.568848	144.059326
8215.333333	-50.635040	144.110306
8215.400000	-50.628803	144.070984
8215.466667	-50.496185	144.368240
8215.533333	-50.373035	144.344528
8215.600000	-50.571552	144.093292
8215.666667	-50.612556	144.290161
8215.733333	-50.475075	144.257065
8215.800000	-50.425243	144.200287
8215.866667	-50.586502	144.191025
8215.933333	-50.413654	144.260712
8216.000000	-50.297920	144.191940
8216.066667	-50.423374	144.131119
8216.133333	-50.310497	144.139404
8216.200000	-50.336838	144.043213
8216.266667	-50.306370	144.064316
8216.333333	-50.246635	144.044159
8216.400000	-50.142914	144.044693
8216.466667	-50.306686	143.947342
8216.533333	-50.232697	143.955688
8216.600000	-50.196491	143.831955
8216.666667	-50.165310	143.883194
8216.733333	-50.039761	143.856323
8216.800000	-50.147411	143.780380
8216.866667	-50.134537	143.940399
8216.933333	-49.990311	143.932053
8217.000000	-50.062157	143.866409
8217.066667	-50.101601	143.872009
8217.133333	-50.091244	143.888000
8217.200000	-50.131317	143.973648
8217.266667	-50.084164	144.049942
8217.333333	-50.152496	143.919098
8217.400000	-50.181454	143.956253
8217.466667	-50.175751	144.044937
8217.533333	-50.122219	144.139877
8217.600000	-50.030754	144.359131
8217.666667	-50.065304	144.347031
8217.733333	-50.201984	144.400375
8217.800000	-50.108330	144.169403
8217.866667	-50.076046	144.189011
8217.933333	-50.070805	144.328003
8218.000000	-50.102806	144.195526
8218.066667	-50.054264	144.320633
8218.133333	-49.915817	144.086243
8218.200000	-49.933189	144.195587
8218.266667	-49.930729	144.024048
8218.333333	-49.733879	144.168106
8218.400000	-49.689724	144.043991
8218.466667	-49.697048	143.905090
8218.533333	-49.802719	143.894730
8218.600000	-49.657410	143.918640
8218.666667	-49.651894	143.959808
8218.733333	-49.541019	143.882477
8218.800000	-49.583942	143.926834
8218.866667	-49.554493	143.821884
8218.933333	-49.554878	143.830383
8219.000000	-49.582615	143.922913
8219.066667	-49.648148	143.920898
8219.133333	-49.557182	143.916306
8219.200000	-49.551521	144.060593
8219.266667	-49.484848	144.065247
8219.333333	-49.581131	144.092926
8219.400000	-49.602135	144.077087
8219.466667	-49.568508	144.202576
8219.533333	-49.609840	143.961609
8219.600000	-49.580612	144.126923
8219.666667	-49.566441	144.104309
8219.733333	-49.577698	144.230774
8219.800000	-49.561783	144.267776
8219.866667	-49.511398	144.214539
8219.933333	-49.531704	144.255341
8220.000000	-49.573055	144.147141
