11640.066667	-558.578430	96.580757
11640.133333	-558.547363	97.410637
11640.200000	-558.797546	96.555656
11640.266667	-559.130249	96.351372
11640.333333	-559.013000	96.526001
11640.400000	-559.298279	96.262863
11640.466667	-559.452148	96.518501
11640.533333	-559.593872	96.243408
11640.600000	-559.740234	95.730980
11640.666667	-560.148071	95.883293
11640.733333	-560.128357	96.324768
11640.800000	-560.136963	96.131165
11640.866667	-560.685364	95.612785
11640.933333	-560.633362	96.004272
11641.000000	-561.198120	95.645119
11641.066667	-560.933533	96.081619
11641.133333	-561.139465	96.439186
11641.200000	-561.660217	95.722443
11641.266667	-561.338562	95.673393
11641.333333	-562.045288	96.114540
11641.400000	-562.465393	96.441788
11641.466667	-562.354736	95.909821
11641.533333	-562.652954	95.995438
11641.600000	-562.797485	95.611847
11641.666667	-562.872803	95.927910
11641.733333	-563.254883	95.902672
11641.800000	-563.558655	95.569618
11641.866667	-563.662292	95.750954
11641.933333	-563.742310	95.242012
11642.000000	-563.647827	95.463860
11642.066667	-564.030151	95.794708
11642.133333	-564.355042	95.395462
11642.200000	-564.717834	95.373734
11642.266667	-564.579834	95.383789
11642.333333	-564.590759	95.895737
11642.400000	-565.047241	95.338875
11642.466667	-565.283936	95.392197
11642.533333	-565.529602	95.570633
11642.600000	-565.414551	95.636711
11642.666667	-565.669739	95.500565
11642.733333	-566.048340	95.077095
11642.800000	-566.341858	95.265282
11642.866667	-566.477173	95.503899
11642.933333	-566.752197	95.353180
11643.000000	-566.919983	94.586037
11643.066667	-566.999451	95.090286
11643.133333	-566.750610	94.886833
11643.200000	-567.432617	95.413239
11643.266667	-567.687073	94.900841
11643.333333	-567.759338	95.165558
11643.400000	-568.183716	94.957260
11643.466667	-567.971313	95.137489
11643.533333	-568.250244	95.123718
11643.600000	-568.791870	94.638672
11643.666667	-568.653992	95.145630
11643.733333	-568.714722	94.869240
11643.800000	-569.215393	94.465622
11643.866667	-569.193237	94.766884
11643.933333	-569.519165	94.585457
11644.000000	-569.843811	94.685310
11644.066667	-569.920471	94.823257
11644.133333	-570.321777	94.890137
11644.200000	-570.238098	94.197327
11644.266667	-570.275452	94.505623
11644.333333	-570.783325	94.096642
11644.400000	-570.927185	93.773491
11644.466667	-571.317566	94.360390
11644.533333	-571.140320	93.936646
11644.600000	-571.629395	93.854668
11644.666667	-571.932068	93.337646
11644.733333	-571.934631	93.912079
11644.800000	-572.180847	94.012924
11644.866667	-572.032410	94.158585
11644.933333	-572.561401	93.861191
11645.000000	-572.587341	93.591980
11645.066667	-572.901428	93.804176
11645.133333	-573.262878	93.743713
11645.200000	-573.527283	93.872505
11645.266667	-573.556580	93.862022
11645.333333	-573.992798	94.099945
11645.400000	-574.307373	93.787827
11645.466667	-574.054077	93.592049
11645.533333	-574.283386	93.754478
11645.600000	-574.274841	93.591110
11645.666667	-574.557617	94.092018
11645.733333	-574.453979	93.426979
11645.800000	-574.665100	94.037117
11645.866667	-574.806458	93.702194
11645.933333	-574.750366	93.487320
11646.000000	-575.029480	92.984009
11646.066667	-574.998230	93.919258
11646.133333	-575.058655	93.468636
11646.200000	-575.070374	93.351860
11646.266667	-575.070374	93.351860
11646.333333	-575.070374	93.351860
11646.400000	-575.070374	93.351860
11646.466667	-575.070374	93.351860
11646.533333	-575.070374	93.351860
11646.600000	-575.070374	93.351860
11646.666667	-575.070374	93.351860
11646.733333	-575.070374	93.351860
11646.800000	-575.070374	93.351860
11646.866667	-575.070374	93.351860
11646.933333	-575.070374	93.351860
11647.000000	-575.070374	93.351860
11647.066667	-575.070374	93.351860
11647.133333	-575.070374	93.351860
11647.200000	-575.070374	93.351860
11647.266667	-575.070374	93.351860
11647.333333	-575.070374	93.351860
11647.400000	-575.070374	93.351860
11647.466667	-575.070374	93.351860
11647.533333	-575.070374	93.351860
11647.600000	-575.070374	93.351860
11647.666667	-575.070374	93.351860
11647.733333	-575.070374	93.351860
11647.800000	-575.070374	93.351860
11647.866667	-575.070374	93.351860
11647.933333	-575.070374	93.351860
11648.000000	-575.070374	93.351860
11648.066667	-575.070374	93.351860
11648.133333	-575.070374	93.351860
11648.200000	-575.070374	93.351860
11648.266667	-575.070374	93.351860
11648.333333	-575.070374	93.351860
11648.400000	-575.070374	93.351860
11648.466667	-575.070374	93.351860
11648.533333	-575.070374	93.351860
11648.600000	-575.070374	93.351860
11648.666667	-575.070374	93.351860
11648.733333	-575.070374	93.351860
11648.800000	-575.070374	93.351860
11648.866667	-575.070374	93.351860
11648.933333	-575.070374	93.351860
11649.000000	-575.070374	93.351860
11649.066667	-575.070374	93.351860
11649.133333	-575.070374	93.351860
11649.200000	-575.070374	93.351860
11649.266667	-575.070374	93.351860
11649.333333	-575.070374	93.351860
11649.400000	-575.070374	93.351860
11649.466667	-575.070374	93.351860
11649.533333	-575.070374	93.351860
11649.600000	-575.070374	93.351860
11649.666667	-575.070374	93.351860
11649.733333	-575.070374	93.351860
11649.800000	-575.070374	93.351860
11649.866667	-575.070374	93.351860
11649.933333	-575.070374	93.351860
11650.000000	-575.070374	93.351860
11650.066667	-575.070374	93.351860
11650.133333	-575.070374	93.351860
11650.200000	-575.070374	93.351860
11650.266667	-575.070374	93.351860
11650.333333	-575.070374	93.351860
11650.400000	-575.070374	93.351860
11650.466667	-575.070374	93.351860
11650.533333	-575.070374	93.351860
11650.600000	-575.070374	93.351860
11650.666667	-575.070374	93.351860
11650.733333	-575.070374	93.351860
11650.800000	-575.070374	93.351860
11650.866667	-575.070374	93.351860
11650.933333	-575.070374	93.351860
11651.000000	-575.070374	93.351860
11651.066667	-575.070374	93.351860
11651.133333	-575.070374	93.351860
11651.200000	-575.070374	93.351860
11651.266667	-575.070374	93.351860
11651.333333	-575.070374	93.351860
11651.400000	-575.070374	93.351860
11651.466667	-575.070374	93.351860
11651.533333	-575.070374	93.351860
11651.600000	-575.070374	93.351860
11651.666667	-575.070374	93.351860
11651.733333	-575.070374	93.351860
11651.800000	-575.070374	93.351860
11651.866667	-575.070374	93.351860
11651.933333	-575.070374	93.351860
11652.000000	-575.070374	93.351860
11652.066667	-575.070374	93.351860
11652.133333	-575.070374	93.351860
11652.200000	-575.070374	93.351860
11652.266667	-575.070374	93.351860
11652.333333	-575.070374	93.351860
11652.400000	-575.070374	93.351860
11652.466667	-575.070374	93.351860
11652.533333	-575.070374	93.351860
11652.600000	-575.070374	93.351860
11652.666667	-575.070374	93.351860
11652.733333	-575.070374	93.351860
11652.800000	-575.070374	93.351860
11652.866667	-575.070374	93.351860
11652.933333	-575.070374	93.351860
11653.000000	-575.070374	93.351860
11653.066667	-575.070374	93.351860
11653.133333	-575.070374	93.351860
11653.200000	-575.070374	93.351860
11653.266667	-575.070374	93.351860
11653.333333	-575.070374	93.351860
11653.400000	-575.070374	93.351860
11653.466667	-575.070374	93.351860
11653.533333	-575.070374	93.351860
11653.600000	-575.070374	93.351860
11653.666667	-575.070374	93.351860
11653.733333	-575.070374	93.351860
11653.800000	-575.070374	93.351860
11653.866667	-575.070374	93.351860
11653.933333	-575.070374	93.351860
11654.000000	-575.070374	93.351860
11654.066667	-575.070374	93.351860
11654.133333	-575.070374	93.351860
11654.200000	-575.070374	93.351860
11654.266667	-575.070374	93.351860
11654.333333	-575.070374	93.351860
11654.400000	-575.070374	93.351860
11654.466667	-575.070374	93.351860
11654.533333	-575.070374	93.351860
11654.600000	-575.070374	93.351860
11654.666667	-575.070374	93.351860
11654.733333	-575.070374	93.351860
11654.800000	-575.070374	93.351860
11654.866667	-575.070374	93.351860
11654.933333	-575.070374	93.351860
11655.000000	-575.070374	93.351860
11655.066667	-575.070374	93.351860
11655.133333	-575.070374	93.351860
11655.200000	-575.070374	93.351860
11655.266667	-575.070374	93.351860
11655.333333	-575.070374	93.351860
11655.400000	-575.070374	93.351860
11655.466667	-575.070374	93.351860
11655.533333	-575.070374	93.351860
11655.600000	-575.070374	93.351860
11655.666667	-575.070374	93.351860
11655.733333	-575.070374	93.351860
11655.800000	-575.070374	93.351860
11655.866667	-575.070374	93.351860
11655.933333	-575.070374	93.351860
11656.000000	-575.070374	93.351860
11656.066667	-575.070374	93.351860
11656.133333	-575.070374	93.351860
11656.200000	-575.070374	93.351860
11656.266667	-575.070374	93.351860
11656.333333	-575.070374	93.351860
11656.400000	-575.070374	93.351860
11656.466667	-575.070374	93.351860
11656.533333	-575.070374	93.351860
11656.600000	-575.070374	93.351860
11656.666667	-575.070374	93.351860
11656.733333	-575.070374	93.351860
11656.800000	-575.070374	93.351860
11656.866667	-575.070374	93.351860
11656.933333	-575.070374	93.351860
11657.000000	-575.070374	93.351860
11657.066667	-575.070374	93.351860
11657.133333	-575.070374	93.351860
11657.200000	-575.070374	93.351860
11657.266667	-575.070374	93.351860
11657.333333	-575.070374	93.351860
11657.400000	-575.070374	93.351860
11657.466667	-575.070374	93.351860
11657.533333	-575.070374	93.351860
11657.600000	-575.070374	93.351860
11657.666667	-575.070374	93.351860
11657.733333	-575.070374	93.351860
11657.800000	-575.070374	93.351860
11657.866667	-575.070374	93.351860
11657.933333	-575.070374	93.351860
11658.000000	-575.070374	93.351860
11658.066667	-575.070374	93.351860
11658.133333	-575.070374	93.351860
11658.200000	-575.070374	93.351860
11658.266667	-575.070374	93.351860
11658.333333	-575.070374	93.351860
11658.400000	-575.070374	93.351860
11658.466667	-575.070374	93.351860
11658.533333	-575.070374	93.351860
11658.600000	-575.070374	93.351860
11658.666667	-575.070374	93.351860
11658.733333	-575.070374	93.351860
11658.800000	-575.070374	93.351860
11658.866667	-575.070374	93.351860
11658.933333	-575.070374	93.351860
11659.000000	-575.070374	93.351860
11659.066667	-575.070374	93.351860
11659.133333	-575.070374	93.351860
11659.200000	-575.070374	93.351860
11659.266667	-575.070374	93.351860
11659.333333	-575.070374	93.351860
11659.400000	-575.070374	93.351860
11659.466667	-575.070374	93.351860
11659.533333	-575.070374	93.351860
11659.600000	-575.070374	93.351860
11659.666667	-575.070374	93.351860
11659.733333	-575.070374	93.351860
11659.800000	-575.070374	93.351860
11659.866667	-575.070374	93.351860
11659.933333	-575.070374	93.351860
11660.000000	-575.070374	93.351860
11660.066667	-575.070374	93.351860
11660.133333	-575.070374	93.351860
11660.200000	-575.070374	93.351860
11660.266667	-575.070374	93.351860
11660.333333	-575.070374	93.351860
11660.400000	-575.070374	93.351860
11660.466667	-575.070374	93.351860
11660.533333	-575.070374	93.351860
11660.600000	-575.070374	93.351860
11660.666667	-575.070374	93.351860
11660.733333	-575.070374	93.351860
11660.800000	-575.070374	93.351860
11660.866667	-575.070374	93.351860
11660.933333	-575.070374	93.351860
11661.000000	-575.070374	93.351860
11661.066667	-575.070374	93.351860
11661.133333	-575.070374	93.351860
11661.200000	-575.070374	93.351860
11661.266667	-575.070374	93.351860
11661.333333	-575.070374	93.351860
11661.400000	-575.070374	93.351860
11661.466667	-575.070374	93.351860
11661.533333	-575.070374	93.351860
11661.600000	-575.070374	93.351860
11661.666667	-575.070374	93.351860
11661.733333	-575.070374	93.351860
11661.800000	-575.070374	93.351860
11661.866667	-575.070374	93.351860
11661.933333	-575.070374	93.351860
11662.000000	-575.070374	93.351860
11662.066667	-575.070374	93.351860
11662.133333	-575.070374	93.351860
11662.200000	-575.070374	93.351860
11662.266667	-575.070374	93.351860
11662.333333	-575.070374	93.351860
11662.400000	-575.070374	93.351860
11662.466667	-575.070374	93.351860
11662.533333	-575.070374	93.351860
11662.600000	-575.070374	93.351860
11662.666667	-575.070374	93.351860
11662.733333	-575.070374	93.351860
11662.800000	-575.070374	93.351860
11662.866667	-575.070374	93.351860
11662.933333	-575.070374	93.351860
11663.000000	-575.070374	93.351860
11663.066667	-575.070374	93.351860
11663.133333	-575.070374	93.351860
11663.200000	-575.070374	93.351860
11663.266667	-575.070374	93.351860
11663.333333	-575.070374	93.351860
11663.400000	-575.070374	93.351860
11663.466667	-575.070374	93.351860
11663.533333	-575.070374	93.351860
11663.600000	-575.070374	93.351860
11663.666667	-575.070374	93.351860
11663.733333	-575.070374	93.351860
11663.800000	-575.070374	93.351860
11663.866667	-575.070374	93.351860
11663.933333	-575.070374	93.351860
11664.000000	-575.070374	93.351860
11664.066667	-575.070374	93.351860
11664.133333	-575.070374	93.351860
11664.200000	-575.070374	93.351860
11664.266667	-575.070374	93.351860
11664.333333	-575.070374	93.351860
11664.400000	-575.070374	93.351860
11664.466667	-575.070374	93.351860
11664.533333	-575.070374	93.351860
11664.600000	-575.070374	93.351860
11664.666667	-575.070374	93.351860
11664.733333	-575.070374	93.351860
11664.800000	-575.070374	93.351860
11664.866667	-575.070374	93.351860
11664.933333	-575.070374	93.351860
11665.000000	-575.070374	93.351860
11665.066667	-575.070374	93.351860
11665.133333	-575.070374	93.351860
11665.200000	-575.070374	93.351860
11665.266667	-575.070374	93.351860
11665.333333	-575.070374	93.351860
11665.400000	-575.070374	93.351860
11665.466667	-575.070374	93.351860
11665.533333	-575.070374	93.351860
11665.600000	-575.070374	93.351860
11665.666667	-575.070374	93.351860
11665.733333	-575.070374	93.351860
11665.800000	-575.070374	93.351860
11665.866667	-575.070374	93.351860
11665.933333	-575.070374	93.351860
11666.000000	-575.070374	93.351860
11666.066667	-575.070374	93.351860
11666.133333	-575.070374	93.351860
11666.200000	-575.070374	93.351860
11666.266667	-575.070374	93.351860
11666.333333	-575.070374	93.351860
11666.400000	-575.070374	93.351860
11666.466667	-575.070374	93.351860
11666.533333	-575.070374	93.351860
11666.600000	-575.070374	93.351860
11666.666667	-575.070374	93.351860
11666.733333	-575.070374	93.351860
11666.800000	-575.070374	93.351860
11666.866667	-575.070374	93.351860
11666.933333	-575.070374	93.351860
11667.000000	-575.070374	93.351860
11667.066667	-575.070374	93.351860
11667.133333	-575.070374	93.351860
11667.200000	-575.070374	93.351860
11667.266667	-575.070374	93.351860
11667.333333	-575.070374	93.351860
11667.400000	-575.070374	93.351860
11667.466667	-575.070374	93.351860
11667.533333	-575.070374	93.351860
11667.600000	-575.070374	93.351860
11667.666667	-575.070374	93.351860
11667.733333	-575.070374	93.351860
11667.800000	-575.070374	93.351860
11667.866667	-575.070374	93.351860
11667.933333	-575.070374	93.351860
11668.000000	-575.070374	93.351860
11668.066667	-575.070374	93.351860
11668.133333	-575.070374	93.351860
11668.200000	-575.070374	93.351860
11668.266667	-575.070374	93.351860
11668.333333	-575.070374	93.351860
11668.400000	-575.070374	93.351860
11668.466667	-575.070374	93.351860
11668.533333	-575.070374	93.351860
11668.600000	-575.070374	93.351860
11668.666667	-575.070374	93.351860
11668.733333	-575.070374	93.351860
11668.800000	-575.070374	93.351860
11668.866667	-575.070374	93.351860
11668.933333	-575.070374	93.351860
11669.000000	-575.070374	93.351860
11669.066667	-575.070374	93.351860
11669.133333	-575.070374	93.351860
11669.200000	-575.070374	93.351860
11669.266667	-575.070374	93.351860
11669.333333	-575.070374	93.351860
11669.400000	-575.070374	93.351860
11669.466667	-575.070374	93.351860
11669.533333	-575.070374	93.351860
11669.600000	-575.070374	93.351860
11669.666667	-575.070374	93.351860
11669.733333	-575.070374	93.351860
11669.800000	-575.070374	93.351860
11669.866667	-575.070374	93.351860
11669.933333	-575.070374	93.351860
11670.000000	-575.070374	93.351860
11670.066667	-575.070374	93.351860
11670.133333	-575.070374	93.351860
11670.200000	-575.070374	93.351860
11670.266667	-575.070374	93.351860
11670.333333	-575.070374	93.351860
11670.400000	-575.070374	93.351860
11670.466667	-575.070374	93.351860
11670.533333	-575.070374	93.351860
11670.600000	-575.070374	93.351860
11670.666667	-575.070374	93.351860
11670.733333	-575.070374	93.351860
11670.800000	-575.070374	93.351860
11670.866667	-575.070374	93.351860
11670.933333	-575.070374	93.351860
11671.000000	-575.070374	93.351860
11671.066667	-575.070374	93.351860
11671.133333	-575.070374	93.351860
11671.200000	-575.070374	93.351860
11671.266667	-575.070374	93.351860
11671.333333	-575.070374	93.351860
11671.400000	-575.070374	93.351860
11671.466667	-575.070374	93.351860
11671.533333	-575.070374	93.351860
11671.600000	-575.070374	93.351860
11671.666667	-575.070374	93.351860
11671.733333	-575.070374	93.351860
11671.800000	-575.070374	93.351860
11671.866667	-575.070374	93.351860
11671.933333	-575.070374	93.351860
11672.000000	-575.070374	93.351860
11672.066667	-575.070374	93.351860
11672.133333	-575.070374	93.351860
11672.200000	-575.070374	93.351860
11672.266667	-575.070374	93.351860
11672.333333	-575.070374	93.351860
11672.400000	-575.070374	93.351860
11672.466667	-575.070374	93.351860
11672.533333	-575.070374	93.351860
11672.600000	-575.070374	93.351860
11672.666667	-575.070374	93.351860
11672.733333	-575.070374	93.351860
11672.800000	-575.070374	93.351860
11672.866667	-575.070374	93.351860
11672.933333	-575.070374	93.351860
11673.000000	-575.070374	93.351860
11673.066667	-575.070374	93.351860
11673.133333	-575.070374	93.351860
11673.200000	-575.070374	93.351860
11673.266667	-575.070374	93.351860
11673.333333	-575.070374	93.351860
11673.400000	-575.070374	93.351860
11673.466667	-575.070374	93.351860
11673.533333	-575.070374	93.351860
11673.600000	-575.070374	93.351860
11673.666667	-575.070374	93.351860
11673.733333	-575.070374	93.351860
11673.800000	-575.070374	93.351860
11673.866667	-575.070374	93.351860
11673.933333	-575.070374	93.351860
11674.000000	-575.070374	93.351860
11674.066667	-575.070374	93.351860
11674.133333	-575.070374	93.351860
11674.200000	-575.070374	93.351860
11674.266667	-575.070374	93.351860
11674.333333	-575.070374	93.351860
11674.400000	-575.070374	93.351860
11674.466667	-575.070374	93.351860
11674.533333	-575.070374	93.351860
11674.600000	-575.070374	93.351860
11674.666667	-575.070374	93.351860
11674.733333	-575.070374	93.351860
11674.800000	-575.070374	93.351860
11674.866667	-575.070374	93.351860
11674.933333	-575.070374	93.351860
11675.000000	-575.070374	93.351860
11675.066667	-575.070374	93.351860
11675.133333	-575.070374	93.351860
11675.200000	-575.070374	93.351860
11675.266667	-575.070374	93.351860
11675.333333	-575.070374	93.351860
11675.400000	-575.070374	93.351860
11675.466667	-575.070374	93.351860
11675.533333	-575.070374	93.351860
11675.600000	-575.070374	93.351860
11675.666667	-575.070374	93.351860
11675.733333	-575.070374	93.351860
11675.800000	-575.070374	93.351860
11675.866667	-575.070374	93.351860
11675.933333	-575.070374	93.351860
11676.000000	-575.070374	93.351860
11676.066667	-575.070374	93.351860
11676.133333	-575.070374	93.351860
11676.200000	-575.070374	93.351860
11676.266667	-575.070374	93.351860
11676.333333	-575.070374	93.351860
11676.400000	-575.070374	93.351860
11676.466667	-575.070374	93.351860
11676.533333	-575.070374	93.351860
11676.600000	-575.070374	93.351860
11676.666667	-575.070374	93.351860
11676.733333	-575.070374	93.351860
11676.800000	-575.070374	93.351860
11676.866667	-575.070374	93.351860
11676.933333	-575.070374	93.351860
11677.000000	-575.070374	93.351860
11677.066667	-575.070374	93.351860
11677.133333	-575.070374	93.351860
11677.200000	-575.070374	93.351860
11677.266667	-575.070374	93.351860
11677.333333	-575.070374	93.351860
11677.400000	-575.070374	93.351860
11677.466667	-575.070374	93.351860
11677.533333	-575.070374	93.351860
11677.600000	-575.070374	93.351860
11677.666667	-575.070374	93.351860
11677.733333	-575.070374	93.351860
11677.800000	-575.070374	93.351860
11677.866667	-575.070374	93.351860
11677.933333	-575.070374	93.351860
11678.000000	-575.070374	93.351860
11678.066667	-575.070374	93.351860
11678.133333	-575.070374	93.351860
11678.200000	-575.070374	93.351860
11678.266667	-575.070374	93.351860
11678.333333	-575.070374	93.351860
11678.400000	-575.070374	93.351860
11678.466667	-575.070374	93.351860
11678.533333	-575.070374	93.351860
11678.600000	-575.070374	93.351860
11678.666667	-575.070374	93.351860
11678.733333	-575.070374	93.351860
11678.800000	-575.070374	93.351860
11678.866667	-575.070374	93.351860
11678.933333	-575.070374	93.351860
11679.000000	-575.070374	93.351860
11679.066667	-575.070374	93.351860
11679.133333	-575.070374	93.351860
11679.200000	-575.070374	93.351860
11679.266667	-575.070374	93.351860
11679.333333	-575.070374	93.351860
11679.400000	-575.070374	93.351860
11679.466667	-575.070374	93.351860
11679.533333	-575.070374	93.351860
11679.600000	-575.070374	93.351860
11679.666667	-575.070374	93.351860
11679.733333	-575.070374	93.351860
11679.800000	-575.070374	93.351860
11679.866667	-575.070374	93.351860
11679.933333	-575.070374	93.351860
11680.000000	-575.070374	93.351860
11680.066667	-575.070374	93.351860
11680.133333	-575.070374	93.351860
11680.200000	-575.070374	93.351860
11680.266667	-575.070374	93.351860
11680.333333	-575.070374	93.351860
11680.400000	-575.070374	93.351860
11680.466667	-575.070374	93.351860
11680.533333	-575.070374	93.351860
11680.600000	-575.070374	93.351860
11680.666667	-575.070374	93.351860
11680.733333	-575.070374	93.351860
11680.800000	-575.070374	93.351860
11680.866667	-575.070374	93.351860
11680.933333	-575.070374	93.351860
11681.000000	-575.070374	93.351860
11681.066667	-575.070374	93.351860
11681.133333	-575.070374	93.351860
11681.200000	-575.070374	93.351860
11681.266667	-575.070374	93.351860
11681.333333	-575.070374	93.351860
11681.400000	-575.070374	93.351860
11681.466667	-575.070374	93.351860
11681.533333	-575.070374	93.351860
11681.600000	-575.070374	93.351860
11681.666667	-575.070374	93.351860
11681.733333	-575.070374	93.351860
11681.800000	-575.070374	93.351860
11681.866667	-575.070374	93.351860
11681.933333	-575.070374	93.351860
11682.000000	-575.070374	93.351860
11682.066667	-575.070374	93.351860
11682.133333	-575.070374	93.351860
11682.200000	-575.070374	93.351860
11682.266667	-575.070374	93.351860
11682.333333	-575.070374	93.351860
11682.400000	-575.070374	93.351860
11682.466667	-575.070374	93.351860
11682.533333	-575.070374	93.351860
11682.600000	-575.070374	93.351860
11682.666667	-575.070374	93.351860
11682.733333	-575.070374	93.351860
11682.800000	-575.070374	93.351860
11682.866667	-575.070374	93.351860
11682.933333	-575.070374	93.351860
11683.000000	-575.070374	93.351860
11683.066667	-575.070374	93.351860
11683.133333	-575.070374	93.351860
11683.200000	-575.070374	93.351860
11683.266667	-575.070374	93.351860
11683.333333	-575.070374	93.351860
11683.400000	-575.070374	93.351860
11683.466667	-575.070374	93.351860
11683.533333	-575.070374	93.351860
11683.600000	-575.070374	93.351860
11683.666667	-575.070374	93.351860
11683.733333	-575.070374	93.351860
11683.800000	-575.070374	93.351860
11683.866667	-575.070374	93.351860
11683.933333	-575.070374	93.351860
11684.000000	-575.070374	93.351860
11684.066667	-575.070374	93.351860
11684.133333	-575.070374	93.351860
11684.200000	-575.070374	93.351860
11684.266667	-575.070374	93.351860
11684.333333	-575.070374	93.351860
11684.400000	-575.070374	93.351860
11684.466667	-575.070374	93.351860
11684.533333	-575.070374	93.351860
11684.600000	-575.070374	93.351860
11684.666667	-575.070374	93.351860
11684.733333	-575.070374	93.351860
11684.800000	-575.070374	93.351860
11684.866667	-575.070374	93.351860
11684.933333	-575.070374	93.351860
11685.000000	-575.070374	93.351860
11685.066667	-575.070374	93.351860
11685.133333	-575.070374	93.351860
11685.200000	-575.070374	93.351860
11685.266667	-575.070374	93.351860
11685.333333	-575.070374	93.351860
11685.400000	-575.070374	93.351860
11685.466667	-575.070374	93.351860
11685.533333	-575.070374	93.351860
11685.600000	-575.070374	93.351860
11685.666667	-575.070374	93.351860
11685.733333	-575.070374	93.351860
11685.800000	-575.070374	93.351860
11685.866667	-575.070374	93.351860
11685.933333	-575.070374	93.351860
11686.000000	-575.070374	93.351860
11686.066667	-575.070374	93.351860
11686.133333	-575.070374	93.351860
11686.200000	-575.070374	93.351860
11686.266667	-575.070374	93.351860
11686.333333	-575.070374	93.351860
11686.400000	-575.070374	93.351860
11686.466667	-575.070374	93.351860
11686.533333	-575.070374	93.351860
11686.600000	-575.070374	93.351860
11686.666667	-575.070374	93.351860
11686.733333	-575.070374	93.351860
11686.800000	-575.070374	93.351860
11686.866667	-575.070374	93.351860
11686.933333	-575.070374	93.351860
11687.000000	-575.070374	93.351860
11687.066667	-575.070374	93.351860
11687.133333	-575.070374	93.351860
11687.200000	-575.070374	93.351860
11687.266667	-575.070374	93.351860
11687.333333	-575.070374	93.351860
11687.400000	-575.070374	93.351860
11687.466667	-575.070374	93.351860
11687.533333	-575.070374	93.351860
11687.600000	-575.070374	93.351860
11687.666667	-575.070374	93.351860
11687.733333	-575.070374	93.351860
11687.800000	-575.070374	93.351860
11687.866667	-575.070374	93.351860
11687.933333	-575.070374	93.351860
11688.000000	-575.070374	93.351860
11688.066667	-575.070374	93.351860
11688.133333	-575.070374	93.351860
11688.200000	-575.070374	93.351860
11688.266667	-575.070374	93.351860
11688.333333	-575.070374	93.351860
11688.400000	-575.070374	93.351860
11688.466667	-575.070374	93.351860
11688.533333	-575.070374	93.351860
11688.600000	-575.070374	93.351860
11688.666667	-575.070374	93.351860
11688.733333	-575.070374	93.351860
11688.800000	-575.070374	93.351860
11688.866667	-575.070374	93.351860
11688.933333	-575.070374	93.351860
11689.000000	-575.070374	93.351860
11689.066667	-575.070374	93.351860
11689.133333	-575.070374	93.351860
11689.200000	-575.070374	93.351860
11689.266667	-575.070374	93.351860
11689.333333	-575.070374	93.351860
11689.400000	-575.070374	93.351860
11689.466667	-575.070374	93.351860
11689.533333	-575.070374	93.351860
11689.600000	-575.070374	93.351860
11689.666667	-575.070374	93.351860
11689.733333	-575.070374	93.351860
11689.800000	-575.070374	93.351860
11689.866667	-575.070374	93.351860
11689.933333	-575.070374	93.351860
11690.000000	-575.070374	93.351860
11690.066667	-575.070374	93.351860
11690.133333	-575.070374	93.351860
11690.200000	-575.070374	93.351860
11690.266667	-575.070374	93.351860
11690.333333	-575.070374	93.351860
11690.400000	-575.070374	93.351860
11690.466667	-575.070374	93.351860
11690.533333	-575.070374	93.351860
11690.600000	-575.070374	93.351860
11690.666667	-575.070374	93.351860
11690.733333	-575.070374	93.351860
11690.800000	-575.070374	93.351860
11690.866667	-575.070374	93.351860
11690.933333	-575.070374	93.351860
11691.000000	-575.070374	93.351860
11691.066667	-575.070374	93.351860
11691.133333	-575.070374	93.351860
11691.200000	-575.070374	93.351860
11691.266667	-575.070374	93.351860
11691.333333	-575.070374	93.351860
11691.400000	-575.070374	93.351860
11691.466667	-575.070374	93.351860
11691.533333	-575.070374	93.351860
11691.600000	-575.070374	93.351860
11691.666667	-575.070374	93.351860
11691.733333	-575.070374	93.351860
11691.800000	-575.070374	93.351860
11691.866667	-575.070374	93.351860
11691.933333	-575.070374	93.351860
11692.000000	-575.070374	93.351860
11692.066667	-575.070374	93.351860
11692.133333	-575.070374	93.351860
11692.200000	-575.070374	93.351860
11692.266667	-575.070374	93.351860
11692.333333	-575.070374	93.351860
11692.400000	-575.070374	93.351860
11692.466667	-575.070374	93.351860
11692.533333	-575.070374	93.351860
11692.600000	-575.070374	93.351860
11692.666667	-575.070374	93.351860
11692.733333	-575.070374	93.351860
11692.800000	-575.070374	93.351860
11692.866667	-575.070374	93.351860
11692.933333	-575.070374	93.351860
11693.000000	-575.070374	93.351860
11693.066667	-575.070374	93.351860
11693.133333	-575.070374	93.351860
11693.200000	-575.070374	93.351860
11693.266667	-575.070374	93.351860
11693.333333	-575.070374	93.351860
11693.400000	-575.070374	93.351860
11693.466667	-575.070374	93.351860
11693.533333	-575.070374	93.351860
11693.600000	-575.070374	93.351860
11693.666667	-575.070374	93.351860
11693.733333	-575.070374	93.351860
11693.800000	-575.070374	93.351860
11693.866667	-575.070374	93.351860
11693.933333	-575.070374	93.351860
11694.000000	-575.070374	93.351860
11694.066667	-575.070374	93.351860
11694.133333	-575.070374	93.351860
11694.200000	-575.070374	93.351860
11694.266667	-575.070374	93.351860
11694.333333	-575.070374	93.351860
11694.400000	-575.070374	93.351860
11694.466667	-575.070374	93.351860
11694.533333	-575.070374	93.351860
11694.600000	-575.070374	93.351860
11694.666667	-575.070374	93.351860
11694.733333	-575.070374	93.351860
11694.800000	-575.070374	93.351860
11694.866667	-575.070374	93.351860
11694.933333	-575.070374	93.351860
11695.000000	-575.070374	93.351860
11695.066667	-575.070374	93.351860
11695.133333	-575.070374	93.351860
11695.200000	-575.070374	93.351860
11695.266667	-575.070374	93.351860
11695.333333	-575.070374	93.351860
11695.400000	-575.070374	93.351860
11695.466667	-575.070374	93.351860
11695.533333	-575.070374	93.351860
11695.600000	-575.070374	93.351860
11695.666667	-575.070374	93.351860
11695.733333	-575.070374	93.351860
11695.800000	-575.070374	93.351860
11695.866667	-575.070374	93.351860
11695.933333	-575.070374	93.351860
11696.000000	-575.070374	93.351860
11696.066667	-575.070374	93.351860
11696.133333	-575.070374	93.351860
11696.200000	-575.070374	93.351860
11696.266667	-575.070374	93.351860
11696.333333	-575.070374	93.351860
11696.400000	-575.070374	93.351860
11696.466667	-575.070374	93.351860
11696.533333	-575.070374	93.351860
11696.600000	-575.070374	93.351860
11696.666667	-575.070374	93.351860
11696.733333	-575.070374	93.351860
11696.800000	-575.070374	93.351860
11696.866667	-575.070374	93.351860
11696.933333	-575.070374	93.351860
11697.000000	-575.070374	93.351860
11697.066667	-575.070374	93.351860
11697.133333	-575.070374	93.351860
11697.200000	-575.070374	93.351860
11697.266667	-575.070374	93.351860
11697.333333	-575.070374	93.351860
11697.400000	-575.070374	93.351860
11697.466667	-575.070374	93.351860
11697.533333	-575.070374	93.351860
11697.600000	-575.070374	93.351860
11697.666667	-575.070374	93.351860
11697.733333	-575.070374	93.351860
11697.800000	-575.070374	93.351860
11697.866667	-575.070374	93.351860
11697.933333	-575.070374	93.351860
11698.000000	-575.070374	93.351860
11698.066667	-575.070374	93.351860
11698.133333	-575.070374	93.351860
11698.200000	-575.070374	93.351860
11698.266667	-575.070374	93.351860
11698.333333	-575.070374	93.351860
11698.400000	-575.070374	93.351860
11698.466667	-575.070374	93.351860
11698.533333	-575.070374	93.351860
11698.600000	-575.070374	93.351860
11698.666667	-575.070374	93.351860
11698.733333	-575.070374	93.351860
11698.800000	-575.070374	93.351860
11698.866667	-575.070374	93.351860
11698.933333	-575.070374	93.351860
11699.000000	-575.070374	93.351860
11699.066667	-575.070374	93.351860
11699.133333	-575.070374	93.351860
11699.200000	-575.070374	93.351860
11699.266667	-575.070374	93.351860
11699.333333	-575.070374	93.351860
11699.400000	-575.070374	93.351860
11699.466667	-575.070374	93.351860
11699.533333	-575.070374	93.351860
11699.600000	-575.070374	93.351860
11699.666667	-575.070374	93.351860
11699.733333	-575.070374	93.351860
11699.800000	-575.070374	93.351860
11699.866667	-575.070374	93.351860
11699.933333	-575.070374	93.351860
11700.000000	-575.070374	93.351860
