5340.066667	-281.585449	131.965836
5340.133333	-281.852051	131.835129
5340.200000	-281.988861	131.858765
5340.266667	-282.110870	131.965942
5340.333333	-282.267456	131.860168
5340.400000	-282.261444	132.035767
5340.466667	-282.525208	131.843750
5340.533333	-282.578674	131.900223
5340.600000	-282.772491	131.838028
5340.666667	-282.957733	131.871704
5340.733333	-283.129456	131.808807
5340.800000	-283.307617	131.863220
5340.866667	-283.345734	131.862610
5340.933333	-283.485901	131.834091
5341.000000	-283.554047	131.806152
5341.066667	-283.955536	131.700806
5341.133333	-283.983276	131.657990
5341.200000	-284.133881	131.692368
5341.266667	-284.157288	131.740677
5341.333333	-284.445435	131.580887
5341.400000	-284.629395	131.561707
5341.466667	-284.677399	131.530914
5341.533333	-284.837128	131.564804
5341.600000	-285.048035	131.696915
5341.666667	-285.223663	131.524216
5341.733333	-285.332397	131.541779
5341.800000	-285.410309	131.564865
5341.866667	-285.693420	131.422592
5341.933333	-285.738190	131.569168
5342.000000	-285.883698	131.475372
5342.066667	-286.046936	131.483124
5342.133333	-286.176971	131.517975
5342.200000	-286.300018	131.498123
5342.266667	-286.504059	131.497513
5342.333333	-286.705078	131.460220
5342.400000	-286.728149	131.588013
5342.466667	-286.871307	131.693436
5342.533333	-287.079590	131.582642
5342.600000	-287.162750	131.586441
5342.666667	-287.335052	131.564667
5342.733333	-287.454865	131.467728
5342.800000	-287.580566	131.511047
5342.866667	-287.914368	131.396240
5342.933333	-287.962646	131.417725
5343.000000	-288.016205	131.430145
5343.066667	-288.318329	131.325577
5343.133333	-288.406128	131.278244
5343.200000	-288.574707	131.331390
5343.266667	-288.698456	131.307663
5343.333333	-288.735474	131.321655
5343.400000	-288.994812	131.224976
5343.466667	-289.206970	131.183075
5343.533333	-289.263824	131.238846
5343.600000	-289.447968	131.161407
5343.666667	-289.596710	131.187454
5343.733333	-289.787140	131.112686
5343.800000	-289.927307	131.043365
5343.866667	-289.933411	131.178375
5343.933333	-290.147858	131.228760
5344.000000	-290.326477	131.154800
5344.066667	-290.471161	131.071548
5344.133333	-290.660248	131.224991
5344.200000	-290.673370	131.258804
5344.266667	-291.004364	131.153122
5344.333333	-291.107300	131.166672
5344.400000	-291.232910	131.172333
5344.466667	-291.311432	131.181274
5344.533333	-291.524109	131.141037
5344.600000	-291.759308	131.122787
5344.666667	-291.893127	131.033447
5344.733333	-292.013855	131.092072
5344.800000	-292.044403	131.081238
5344.866667	-292.337708	131.035690
5344.933333	-292.390533	131.092896
5345.000000	-292.497589	131.077164
5345.066667	-292.684692	131.001923
5345.133333	-292.761749	131.065323
5345.200000	-293.101562	130.941528
5345.266667	-293.183685	130.909943
5345.333333	-293.283081	131.009354
5345.400000	-293.421631	130.900024
5345.466667	-293.643829	130.865555
5345.533333	-293.828491	130.855896
5345.600000	-293.858673	130.852982
5345.666667	-293.973877	130.914551
5345.733333	-294.092926	130.889191
5345.800000	-294.303528	130.872925
5345.866667	-294.504913	130.715088
5345.933333	-294.567993	130.793625
5346.000000	-294.739807	130.775833
5346.066667	-294.832855	130.708481
5346.133333	-295.132141	130.729202
5346.200000	-295.234253	130.731598
5346.266667	-295.277100	130.770569
5346.333333	-295.514862	130.633636
5346.400000	-295.641632	130.715790
5346.466667	-295.756378	130.829102
5346.533333	-295.992950	130.741699
5346.600000	-296.107910	130.736877
5346.666667	-296.334625	130.625214
5346.733333	-296.372498	130.716064
5346.800000	-296.541931	130.768585
5346.866667	-296.706665	130.559769
5346.933333	-296.799316	130.727310
5347.000000	-297.066772	130.671173
5347.066667	-297.070129	130.764267
5347.133333	-297.255707	130.732651
5347.200000	-297.456116	130.663101
5347.266667	-297.635498	130.605545
5347.333333	-297.751068	130.464722
5347.400000	-297.859772	130.543961
5347.466667	-297.998688	130.618073
5347.533333	-298.197937	130.523880
5347.600000	-298.389648	130.334076
5347.666667	-298.424744	130.557846
5347.733333	-298.572296	130.440430
5347.800000	-298.765564	130.422852
5347.866667	-298.873444	130.420517
5347.933333	-299.042877	130.379028
5348.000000	-299.145538	130.326660
5348.066667	-299.246643	130.370300
5348.133333	-299.511688	130.351761
5348.200000	-299.657776	130.339493
5348.266667	-299.766907	130.357056
5348.333333	-299.823212	130.368225
5348.400000	-300.141571	130.375458
5348.466667	-300.245636	130.312881
5348.533333	-300.327179	130.316772
5348.600000	-300.420807	130.411331
5348.666667	-300.578644	130.266769
5348.733333	-300.791931	130.347153
5348.800000	-300.966339	130.293335
5348.866667	-301.147614	130.309906
5348.933333	-301.191132	130.251129
5349.000000	-301.466797	130.294006
5349.066667	-301.625214	130.315002
5349.133333	-301.690552	130.214188
5349.200000	-301.798584	130.201172
5349.266667	-301.952698	130.150833
5349.333333	-302.141815	130.109970
5349.400000	-302.255768	130.130096
5349.466667	-302.370544	130.208115
5349.533333	-302.500763	130.028412
5349.600000	-302.598602	130.134750
5349.666667	-302.806885	130.057449
5349.733333	-302.859589	130.061432
5349.800000	-303.075043	130.035690
5349.866667	-303.148315	130.081619
5349.933333	-303.343384	130.040802
5350.000000	-303.608002	129.980316
5350.066667	-303.725067	129.881424
5350.133333	-303.796722	129.917755
5350.200000	-303.922913	129.910217
5350.266667	-304.103333	129.900391
5350.333333	-304.339661	129.879623
5350.400000	-304.446777	129.983566
5350.466667	-304.477570	129.945099
5350.533333	-304.740295	129.887421
5350.600000	-304.913147	129.814651
5350.666667	-304.983307	129.919388
5350.733333	-305.134888	129.888275
5350.800000	-305.311981	129.989502
5350.866667	-305.506897	129.843719
5350.933333	-305.649078	129.937210
5351.000000	-305.794586	129.837509
5351.066667	-305.840118	129.836411
5351.133333	-306.090240	129.844757
5351.200000	-306.246826	129.778152
5351.266667	-306.295471	129.799805
5351.333333	-306.388123	129.854355
5351.400000	-306.509247	129.903625
5351.466667	-306.810516	129.772659
5351.533333	-307.016357	129.708023
5351.600000	-307.016357	129.708023
5351.666667	-307.045258	129.693054
5351.733333	-307.341400	129.713257
5351.800000	-307.507355	129.599762
5351.866667	-307.583832	129.701736
5351.933333	-307.909912	129.582932
5352.000000	-307.909912	129.582932
5352.066667	-308.128784	129.556229
5352.133333	-308.171112	129.512604
5352.200000	-308.296844	129.505371
5352.266667	-308.363464	129.529648
5352.333333	-308.805756	129.475861
5352.400000	-308.805756	129.475861
5352.466667	-308.915680	129.453415
5352.533333	-308.939850	129.571426
5352.600000	-309.187988	129.488876
5352.666667	-309.385406	129.414429
5352.733333	-309.605499	129.487732
5352.800000	-309.605499	129.487732
5352.866667	-309.793549	129.458191
5352.933333	-309.930176	129.500305
5353.000000	-310.033691	129.496964
5353.066667	-310.192596	129.373474
5353.133333	-310.506226	129.477493
5353.200000	-310.511047	129.368881
5353.266667	-310.511047	129.368881
5353.333333	-310.813751	129.418182
5353.400000	-310.904816	129.384598
5353.466667	-310.967834	129.330261
5353.533333	-311.386139	129.307663
5353.600000	-311.456512	129.268356
5353.666667	-311.456512	129.268356
5353.733333	-311.579376	129.316849
5353.800000	-311.802429	129.256119
5353.866667	-311.928131	129.179779
5353.933333	-312.172546	129.230530
5354.000000	-312.250183	129.193649
5354.066667	-312.250183	129.193649
5354.133333	-312.472778	129.146820
5354.200000	-312.544312	129.119263
5354.266667	-312.804474	129.075058
5354.333333	-312.995026	129.138962
5354.400000	-313.234985	129.079163
5354.466667	-313.315186	129.073578
5354.533333	-313.315186	129.073578
5354.600000	-313.409119	129.067337
5354.666667	-313.551453	129.130508
5354.733333	-313.841339	129.091431
5354.800000	-314.029053	129.100494
5354.866667	-314.159058	129.049469
5354.933333	-314.159058	129.049469
5355.000000	-314.255798	129.001083
5355.066667	-314.556519	129.103104
5355.133333	-314.755615	129.021118
5355.200000	-314.902039	129.073822
5355.266667	-315.031647	129.015686
5355.333333	-315.031647	129.015686
5355.400000	-315.170135	128.985428
5355.466667	-315.349579	128.917831
5355.533333	-315.536438	128.926147
5355.600000	-315.727478	128.992325
5355.666667	-315.835114	128.863602
5355.733333	-315.835114	128.863602
5355.800000	-316.040192	128.809204
5355.866667	-316.143433	128.876801
5355.933333	-316.506348	128.817596
5356.000000	-316.567810	128.827881
5356.066667	-316.687805	128.857391
5356.133333	-316.763947	128.803986
5356.200000	-316.763947	128.803986
5356.266667	-316.984894	128.814789
5356.333333	-317.342896	128.698242
5356.400000	-317.354584	128.685974
5356.466667	-317.461731	128.690353
5356.533333	-317.750732	128.744980
5356.600000	-317.750732	128.744980
5356.666667	-317.902649	128.648499
5356.733333	-318.080444	128.657104
5356.800000	-318.300262	128.678894
5356.866667	-318.493896	128.609222
5356.933333	-318.519714	128.692841
5357.000000	-318.519714	128.692841
5357.066667	-318.698090	128.627548
5357.133333	-319.133301	128.606857
5357.200000	-319.160858	128.707413
5357.266667	-319.285370	128.695480
5357.333333	-319.398407	128.559738
5357.400000	-319.618744	128.556351
5357.466667	-319.618744	128.556351
5357.533333	-319.906097	128.671158
5357.600000	-320.032135	128.647293
5357.666667	-320.129517	128.604095
5357.733333	-320.316895	128.555222
5357.800000	-320.469116	128.513824
5357.866667	-320.469116	128.513824
5357.933333	-320.662750	128.403366
5358.000000	-320.792542	128.502869
5358.066667	-320.909393	128.456161
5358.133333	-321.186401	128.398758
5358.200000	-321.271423	128.274612
5358.266667	-321.271423	128.274612
5358.333333	-321.488922	128.317444
5358.400000	-321.680725	128.266037
5358.466667	-321.808167	128.332062
5358.533333	-321.931946	128.324951
5358.600000	-322.067261	128.372223
5358.666667	-322.158875	128.221298
5358.733333	-322.382538	128.302368
5358.800000	-322.550293	128.337875
5358.866667	-322.638855	128.295761
5358.933333	-322.743561	128.314041
5359.000000	-322.919434	128.180862
5359.066667	-323.146027	128.215881
5359.133333	-323.263428	128.209457
5359.200000	-323.381012	128.228012
5359.266667	-323.451660	128.249557
5359.333333	-323.677612	128.256882
5359.400000	-323.825958	128.225876
5359.466667	-324.001465	128.229050
5359.533333	-324.074707	128.284515
5359.600000	-324.115936	128.166977
5359.666667	-324.334839	128.176895
5359.733333	-324.524414	128.090225
5359.800000	-324.661469	128.162155
5359.866667	-324.762451	128.127182
5359.933333	-324.853912	128.076691
5360.000000	-325.142365	127.984146
5360.066667	-325.203766	128.022568
5360.133333	-325.293335	127.949783
5360.200000	-325.514465	127.931328
5360.266667	-325.598999	127.981239
5360.333333	-325.758636	127.921112
5360.400000	-325.895294	127.852783
5360.466667	-325.990814	127.834946
5360.533333	-326.182648	127.865555
5360.600000	-326.309509	127.780617
5360.666667	-326.479156	127.787994
5360.733333	-326.555511	127.831215
5360.800000	-326.649780	127.785027
5360.866667	-326.955078	127.827278
5360.933333	-327.066284	127.751564
5361.000000	-327.194397	127.653328
5361.066667	-327.266418	127.803719
5361.133333	-327.364655	127.833687
5361.200000	-327.690704	127.727875
5361.266667	-327.801422	127.704193
5361.333333	-327.873932	127.760178
5361.400000	-327.987854	127.737938
5361.466667	-328.149292	127.797920
5361.533333	-328.247742	127.804855
5361.600000	-328.487762	127.721077
5361.666667	-328.642151	127.658813
5361.733333	-328.699341	127.708344
5361.800000	-329.027771	127.634872
5361.866667	-329.040039	127.722832
5361.933333	-329.223328	127.600410
5362.000000	-329.398193	127.550285
5362.066667	-329.501556	127.543152
5362.133333	-329.599701	127.587143
5362.200000	-329.739746	127.543648
5362.266667	-329.860443	127.537674
5362.333333	-329.930664	127.638359
5362.400000	-330.082550	127.549866
5362.466667	-330.252228	127.433228
5362.533333	-330.447418	127.494339
5362.600000	-330.524139	127.486107
5362.666667	-330.614105	127.437737
5362.733333	-330.836700	127.397430
5362.800000	-331.042542	127.415833
5362.866667	-331.093628	127.342850
5362.933333	-331.235168	127.457268
5363.000000	-331.374023	127.307732
5363.066667	-331.535126	127.390717
5363.133333	-331.687134	127.331474
5363.200000	-331.825043	127.421326
5363.266667	-331.915405	127.266945
5363.333333	-332.111206	127.286926
5363.400000	-332.253510	127.380508
5363.466667	-332.466736	127.272667
5363.533333	-332.546204	127.297676
5363.600000	-332.628326	127.403419
5363.666667	-332.877838	127.290009
5363.733333	-332.965881	127.339699
5363.800000	-333.068024	127.357925
5363.866667	-333.179321	127.274704
5363.933333	-333.389404	127.229088
5364.000000	-333.547760	127.189888
5364.066667	-333.748291	127.122490
5364.133333	-333.748291	127.258568
5364.200000	-333.887115	127.179001
5364.266667	-334.191650	127.148216
5364.333333	-334.263947	127.054413
5364.400000	-334.379944	127.093857
5364.466667	-334.442535	127.126373
5364.533333	-334.645355	127.054985
5364.600000	-334.656189	127.168953
5364.666667	-334.987183	126.925613
5364.733333	-335.018829	127.075050
5364.800000	-335.203796	127.004654
5364.866667	-335.243347	127.050354
5364.933333	-335.403046	126.997200
5365.000000	-335.628815	126.955612
5365.066667	-335.744232	126.943565
5365.133333	-335.770813	127.018356
5365.200000	-335.940735	126.921646
5365.266667	-336.212830	126.935600
5365.333333	-336.318939	126.860161
5365.400000	-336.370544	127.004807
5365.466667	-336.683105	126.843765
5365.533333	-336.747162	126.903862
5365.600000	-336.935699	126.837425
5365.666667	-337.016907	126.861031
5365.733333	-337.152771	126.952446
5365.800000	-337.246246	126.907341
5365.866667	-337.538086	126.914536
5365.933333	-337.622772	126.914703
5366.000000	-337.768951	126.832405
5366.066667	-337.806641	126.891159
5366.133333	-338.071167	126.790680
5366.200000	-338.109558	126.713898
5366.266667	-338.351135	126.727409
5366.333333	-338.516968	126.564522
5366.400000	-338.473358	126.695259
5366.466667	-338.840881	126.706551
5366.533333	-338.921692	126.689247
5366.600000	-338.990417	126.569817
5366.666667	-339.127686	126.554214
5366.733333	-339.217346	126.573822
5366.800000	-339.397949	126.588799
5366.866667	-339.547974	126.577805
5366.933333	-339.709839	126.455002
5367.000000	-339.714966	126.533066
5367.066667	-339.922760	126.469856
5367.133333	-340.163177	126.474998
5367.200000	-340.215424	126.427116
5367.266667	-340.382782	126.460793
5367.333333	-340.557983	126.411652
5367.400000	-340.592224	126.501472
5367.466667	-340.815796	126.400291
5367.533333	-340.911682	126.505150
5367.600000	-340.979218	126.563210
5367.666667	-341.051819	126.498749
5367.733333	-341.432983	126.482956
5367.800000	-341.534668	126.318375
5367.866667	-341.628418	126.468964
5367.933333	-341.796967	126.376511
5368.000000	-341.931458	126.400291
5368.066667	-342.087036	126.404251
5368.133333	-342.205841	126.358002
5368.200000	-342.306061	126.257706
5368.266667	-342.482483	126.379028
5368.333333	-342.651062	126.161613
5368.400000	-342.814301	126.213020
5368.466667	-342.895569	126.309135
5368.533333	-342.990662	126.126823
5368.600000	-343.262939	126.093590
5368.666667	-343.284332	126.224365
5368.733333	-343.465851	126.127083
5368.800000	-343.490570	126.170769
5368.866667	-343.724335	126.007668
5368.933333	-343.781738	125.994026
5369.000000	-344.032501	126.011337
5369.066667	-344.117523	125.940041
5369.133333	-344.283722	126.001976
5369.200000	-344.395874	126.029404
5369.266667	-344.606476	125.962044
5369.333333	-344.783569	125.993385
5369.400000	-344.817841	125.887985
5369.466667	-344.901550	125.940048
5369.533333	-345.156647	125.955727
5369.600000	-345.240448	125.924225
5369.666667	-345.449463	125.930679
5369.733333	-345.542450	125.930260
5369.800000	-345.662628	126.022285
5369.866667	-345.744598	125.979469
5369.933333	-346.090118	125.855515
5370.000000	-346.114838	125.983742
5370.066667	-346.252319	125.931183
5370.133333	-346.368225	125.916397
5370.200000	-346.473114	125.893005
5370.266667	-346.637726	125.870911
5370.333333	-346.825562	125.990967
5370.400000	-346.889038	125.879196
5370.466667	-346.949249	125.927917
5370.533333	-347.267456	125.677147
5370.600000	-347.427826	125.659370
5370.666667	-347.508484	125.820251
5370.733333	-347.574341	125.740509
5370.800000	-347.776154	125.671822
5370.866667	-348.055054	125.541550
5370.933333	-348.049805	125.608910
5371.000000	-348.275085	125.476326
5371.066667	-348.382355	125.565987
5371.133333	-348.492828	125.627533
5371.200000	-348.725311	125.607246
5371.266667	-348.757507	125.608162
5371.333333	-348.883148	125.601631
5371.400000	-349.005280	125.527786
5371.466667	-349.187500	125.528221
5371.533333	-349.273163	125.494072
5371.600000	-349.378998	125.521454
5371.666667	-349.547180	125.608215
5371.733333	-349.732880	125.496590
5371.800000	-349.871124	125.384079
5371.866667	-350.000214	125.502289
5371.933333	-350.093994	125.403755
5372.000000	-350.214081	125.503075
5372.066667	-350.419342	125.480927
5372.133333	-350.654877	125.304527
5372.200000	-350.687622	125.385429
5372.266667	-350.741455	125.448387
5372.333333	-351.010590	125.496193
5372.400000	-351.195709	125.446640
5372.466667	-351.266296	125.459900
5372.533333	-351.396057	125.247231
5372.600000	-351.520386	125.328865
5372.666667	-351.686554	125.327339
5372.733333	-351.865967	125.299088
5372.800000	-351.974060	125.243027
5372.866667	-352.078186	125.233131
5372.933333	-352.212677	125.113655
5373.000000	-352.235687	125.287270
5373.066667	-352.524719	125.201530
5373.133333	-352.623474	125.229103
5373.200000	-352.732605	125.017548
5373.266667	-352.758392	125.143387
5373.333333	-352.906219	125.085159
5373.400000	-353.116547	125.161804
5373.466667	-353.329865	124.914116
5373.533333	-353.389313	125.038292
5373.600000	-353.568542	125.003899
5373.666667	-353.827118	124.994102
5373.733333	-353.919617	124.991005
5373.800000	-354.038574	124.946236
5373.866667	-354.123016	125.049065
5373.933333	-354.269379	125.104271
5374.000000	-354.489349	125.025581
5374.066667	-354.573578	125.038971
5374.133333	-354.733307	124.893661
5374.200000	-354.853699	124.984680
5374.266667	-355.020752	124.943115
5374.333333	-355.156555	124.993820
5374.400000	-355.198975	124.925362
5374.466667	-355.387177	124.964012
5374.533333	-355.484497	124.976379
5374.600000	-355.669464	124.792778
5374.666667	-355.856323	124.848778
5374.733333	-355.896484	124.815018
5374.800000	-355.997986	124.829506
5374.866667	-356.227875	124.770241
5374.933333	-356.410767	124.752319
5375.000000	-356.549500	124.694031
5375.066667	-356.660889	124.663216
5375.133333	-356.769104	124.619789
5375.200000	-356.843689	124.672867
5375.266667	-357.100220	124.475090
5375.333333	-357.237244	124.544838
5375.400000	-357.329590	124.535141
5375.466667	-357.402588	124.525146
5375.533333	-357.638947	124.524521
5375.600000	-357.837402	124.411674
5375.666667	-357.854858	124.512543
5375.733333	-357.974335	124.525986
5375.800000	-358.107361	124.552834
5375.866667	-358.360199	124.445663
5375.933333	-358.524536	124.463844
5376.000000	-358.569977	124.472862
5376.066667	-358.666962	124.469147
5376.133333	-358.835571	124.564560
5376.200000	-358.979584	124.632637
5376.266667	-359.169678	124.523117
5376.333333	-359.217468	124.524323
5376.400000	-359.249664	124.539429
5376.466667	-359.499878	124.588654
5376.533333	-359.707123	124.470551
5376.600000	-359.821747	124.348045
5376.666667	-359.927368	124.436241
5376.733333	-360.201324	124.307396
5376.800000	-360.245636	124.467484
5376.866667	-360.412750	124.354530
5376.933333	-360.505859	124.331093
5377.000000	-360.647278	124.213821
5377.066667	-360.745758	124.205956
5377.133333	-360.883942	124.184578
5377.200000	-361.040161	124.217522
5377.266667	-361.198944	124.158333
5377.333333	-361.198029	124.198456
5377.400000	-361.356750	124.116150
5377.466667	-361.541504	124.150154
5377.533333	-361.672852	124.097595
5377.600000	-361.864227	124.112946
5377.666667	-361.972839	124.113770
5377.733333	-362.120422	124.069740
5377.800000	-362.269867	124.010765
5377.866667	-362.394440	124.099937
5377.933333	-362.539856	124.092316
5378.000000	-362.630463	124.092255
5378.066667	-362.861420	123.940331
5378.133333	-362.970306	123.991043
5378.200000	-363.067322	123.983162
5378.266667	-363.260468	123.978683
5378.333333	-363.311890	124.067307
5378.400000	-363.508850	123.931717
5378.466667	-363.566650	123.940483
5378.533333	-363.817841	124.004906
5378.600000	-363.881042	123.972359
5378.666667	-364.062408	123.993355
5378.733333	-364.262360	123.966347
5378.800000	-364.351349	123.907471
5378.866667	-364.446014	123.920059
5378.933333	-364.659454	123.920929
5379.000000	-364.731659	123.855522
5379.066667	-364.923370	123.806168
5379.133333	-365.107483	123.827003
5379.200000	-365.148254	123.815193
5379.266667	-365.387390	123.775169
5379.333333	-365.422546	123.766945
5379.400000	-365.643524	123.747963
5379.466667	-365.744537	123.612251
5379.533333	-365.785736	123.620491
5379.600000	-366.018188	123.682510
5379.666667	-366.187958	123.615204
5379.733333	-366.385223	123.521431
5379.800000	-366.387939	123.485214
5379.866667	-366.460968	123.572914
5379.933333	-366.620605	123.551682
5380.000000	-366.713837	123.596161
5380.066667	-366.955170	123.562515
5380.133333	-367.112152	123.497520
5380.200000	-367.187561	123.554375
5380.266667	-367.368652	123.581787
5380.333333	-367.521851	123.442108
5380.400000	-367.662872	123.532837
5380.466667	-367.739166	123.541359
5380.533333	-367.834564	123.507568
5380.600000	-368.101593	123.528374
5380.666667	-368.227448	123.387657
5380.733333	-368.355652	123.360153
5380.800000	-368.384064	123.401436
5380.866667	-368.573090	123.406563
5380.933333	-368.710114	123.408447
5381.000000	-368.917358	123.407745
5381.066667	-368.932587	123.340149
5381.133333	-369.102600	123.325424
5381.200000	-369.287750	123.379585
5381.266667	-369.357635	123.290535
5381.333333	-369.584259	123.237427
5381.400000	-369.661530	123.129959
5381.466667	-369.887695	123.279228
5381.533333	-369.934814	123.124908
5381.600000	-370.145996	123.139023
5381.666667	-370.269501	123.193420
5381.733333	-370.436523	122.941170
5381.800000	-370.377441	123.250412
5381.866667	-370.482697	123.082672
5381.933333	-370.799866	123.037117
5382.000000	-370.808563	123.129494
5382.066667	-370.971558	123.131424
5382.133333	-371.144226	123.081635
5382.200000	-371.254150	123.059143
5382.266667	-371.347809	123.057320
5382.333333	-371.568054	123.058479
5382.400000	-371.697815	123.030449
5382.466667	-371.936035	123.021812
5382.533333	-371.974548	122.942253
5382.600000	-372.166809	123.024208
5382.666667	-372.241882	123.092819
5382.733333	-372.332062	123.028374
5382.800000	-372.540955	122.982086
5382.866667	-372.616974	122.968651
5382.933333	-372.880432	122.891464
5383.000000	-373.016998	122.942177
5383.066667	-373.049133	122.910873
5383.133333	-373.103363	122.976578
5383.200000	-373.430206	122.814949
5383.266667	-373.436096	122.798874
5383.333333	-373.612305	122.850128
5383.400000	-373.795593	122.797699
5383.466667	-373.873199	122.795013
5383.533333	-373.935028	122.805817
5383.600000	-374.146729	122.696480
5383.666667	-374.208038	122.757500
5383.733333	-374.315369	122.742271
5383.800000	-374.528961	122.725983
5383.866667	-374.677002	122.601143
5383.933333	-374.784302	122.583893
5384.000000	-374.974640	122.698540
5384.066667	-374.992432	122.637512
5384.133333	-375.201782	122.599121
5384.200000	-375.360931	122.555687
5384.266667	-375.413788	122.673187
5384.333333	-375.559601	122.630447
5384.400000	-375.702576	122.471657
5384.466667	-375.904938	122.476456
5384.533333	-376.029541	122.464317
5384.600000	-376.215637	122.649178
5384.666667	-376.285461	122.599831
5384.733333	-376.316071	122.716644
5384.800000	-376.611816	122.542709
5384.866667	-376.746460	122.512383
5384.933333	-376.855743	122.489357
5385.000000	-376.998871	122.514366
5385.066667	-377.132233	122.513634
5385.133333	-377.369324	122.494568
5385.200000	-377.403809	122.425011
5385.266667	-377.512360	122.379898
5385.333333	-377.631500	122.500450
5385.400000	-377.732697	122.505508
5385.466667	-377.973206	122.434387
5385.533333	-378.088257	122.294456
5385.600000	-378.170197	122.294441
5385.666667	-378.248627	122.295753
5385.733333	-378.469299	122.277771
5385.800000	-378.587036	122.362556
5385.866667	-378.655151	122.232483
5385.933333	-378.887268	122.188942
5386.000000	-378.998230	122.180313
5386.066667	-379.202209	122.141708
5386.133333	-379.163513	122.166283
5386.200000	-379.430115	122.044579
5386.266667	-379.561279	122.043312
5386.333333	-379.756042	122.004021
5386.400000	-379.781860	122.086426
5386.466667	-379.865784	122.157631
5386.533333	-380.055603	122.109306
5386.600000	-380.233612	122.043037
5386.666667	-380.292297	122.122246
5386.733333	-380.612671	122.011482
5386.800000	-380.612671	122.011482
5386.866667	-380.678009	122.160492
5386.933333	-380.916992	121.998291
5387.000000	-381.057404	121.997940
5387.066667	-381.241333	122.113319
5387.133333	-381.434296	121.979309
5387.200000	-381.434296	121.979309
5387.266667	-381.518616	122.078110
5387.333333	-381.585052	122.023033
5387.400000	-381.807587	121.951775
5387.466667	-382.037048	121.921722
5387.533333	-382.280121	121.822044
5387.600000	-382.280121	121.822044
5387.666667	-382.371033	121.854813
5387.733333	-382.458862	121.831314
5387.800000	-382.620667	121.831535
5387.866667	-382.672852	121.751823
5387.933333	-382.829651	121.824150
5388.000000	-382.955170	121.723579
5388.066667	-383.153931	121.733871
5388.133333	-383.324310	121.558662
5388.200000	-383.312531	121.630142
5388.266667	-383.523926	121.660339
5388.333333	-383.706116	121.595291
5388.400000	-383.955353	121.541168
5388.466667	-383.955353	121.541168
5388.533333	-384.034698	121.551819
5388.600000	-384.112366	121.596764
5388.666667	-384.276672	121.520142
5388.733333	-384.671692	121.475975
5388.800000	-384.683380	121.602547
5388.866667	-384.683380	121.602547
5388.933333	-384.889343	121.487579
5389.000000	-385.063599	121.568825
5389.066667	-385.096313	121.458870
5389.133333	-385.316498	121.558609
5389.200000	-385.579590	121.471863
5389.266667	-385.579590	121.471863
5389.333333	-385.705536	121.455292
5389.400000	-385.733398	121.538307
5389.466667	-385.821838	121.558159
5389.533333	-386.210876	121.392067
5389.600000	-386.365570	121.436028
5389.666667	-386.428925	121.419174
5389.733333	-386.428925	121.419174
5389.800000	-386.620331	121.382835
5389.866667	-386.718842	121.326660
5389.933333	-386.969147	121.337486
5390.000000	-387.094238	121.159744
5390.066667	-387.201630	121.154892
5390.133333	-387.201630	121.154892
5390.200000	-387.345215	121.126602
5390.266667	-387.459930	121.224754
5390.333333	-387.707092	121.037842
5390.400000	-387.928619	121.016541
5390.466667	-388.005554	121.158958
5390.533333	-388.005554	121.158958
5390.600000	-388.238007	121.111725
5390.666667	-388.335968	121.067680
5390.733333	-388.531403	121.018761
5390.800000	-388.758087	120.972763
5390.866667	-388.801270	120.967865
5390.933333	-388.979004	121.113770
5391.000000	-388.979004	121.113770
5391.066667	-389.079285	121.020897
5391.133333	-389.348389	120.997795
5391.200000	-389.416565	121.073753
5391.266667	-389.616455	121.018600
5391.333333	-389.769226	120.990028
5391.400000	-389.769226	120.990028
5391.466667	-389.946564	120.994011
5391.533333	-390.054321	120.972816
5391.600000	-390.220703	120.899376
5391.666667	-390.337799	120.918556
5391.733333	-390.492798	120.846695
5391.800000	-390.492798	120.846695
5391.866667	-390.620819	120.932716
5391.933333	-390.993011	120.726707
5392.000000	-390.970917	120.779846
5392.066667	-391.143188	120.813515
5392.133333	-391.345337	120.683960
5392.200000	-391.345337	120.683960
5392.266667	-391.451416	120.552864
5392.333333	-391.660828	120.592621
5392.400000	-391.818420	120.682755
5392.466667	-392.081573	120.627617
5392.533333	-392.095428	120.515038
5392.600000	-392.239319	120.425095
5392.666667	-392.239319	120.425095
5392.733333	-392.375275	120.526611
5392.800000	-392.655670	120.515800
5392.866667	-392.773926	120.554230
5392.933333	-392.910370	120.419754
5393.000000	-393.037842	120.413208
5393.066667	-393.037842	120.413208
5393.133333	-393.231567	120.444740
5393.200000	-393.455811	120.468513
5393.266667	-393.595551	120.487679
5393.333333	-393.618622	120.366501
5393.400000	-393.798187	120.457787
5393.466667	-393.798187	120.457787
5393.533333	-394.016724	120.497429
5393.600000	-394.200043	120.330788
5393.666667	-394.268555	120.386299
5393.733333	-394.433807	120.307693
5393.800000	-394.537292	120.361160
5393.866667	-394.706116	120.285492
5393.933333	-394.760590	120.420380
5394.000000	-394.990051	120.257301
5394.066667	-395.155060	120.183403
5394.133333	-395.194031	120.107300
5394.200000	-395.287537	120.213707
5394.266667	-395.456482	120.147835
5394.333333	-395.598694	120.141830
5394.400000	-395.658386	120.106155
5394.466667	-395.803192	120.171532
5394.533333	-396.004639	120.110229
5394.600000	-396.157135	119.858398
5394.666667	-396.129547	119.981491
5394.733333	-396.281647	120.065857
5394.800000	-396.454102	120.045242
5394.866667	-396.585022	120.029602
5394.933333	-396.731781	120.038933
5395.000000	-396.840759	119.945396
5395.066667	-397.001709	120.020836
5395.133333	-397.073334	120.021240
5395.200000	-397.190918	120.058037
5395.266667	-397.295074	120.058739
5395.333333	-397.502869	119.986664
5395.400000	-397.700714	120.081116
5395.466667	-397.734497	119.981934
5395.533333	-397.835449	119.874542
5395.600000	-397.974518	119.964134
5395.666667	-397.950134	119.890396
5395.733333	-398.156799	120.008224
5395.800000	-398.396576	119.758972
5395.866667	-398.534271	119.847160
5395.933333	-398.624420	119.709938
5396.000000	-398.670471	119.808189
5396.066667	-398.711578	119.825142
5396.133333	-398.973206	119.759476
5396.200000	-399.146423	119.696533
5396.266667	-399.082214	119.725983
5396.333333	-399.269806	119.757835
5396.400000	-399.476501	119.703903
5396.466667	-399.554230	119.692055
5396.533333	-399.748688	119.722534
5396.600000	-399.866211	119.639473
5396.666667	-399.915985	119.610992
5396.733333	-400.117279	119.639778
5396.800000	-400.147125	119.640572
5396.866667	-400.269562	119.536179
5396.933333	-400.482147	119.534393
5397.000000	-400.567505	119.546455
5397.066667	-400.820526	119.528419
5397.133333	-400.891724	119.551582
5397.200000	-400.988556	119.447906
5397.266667	-401.086365	119.609848
5397.333333	-401.251190	119.449028
5397.400000	-401.407043	119.451454
5397.466667	-401.462891	119.567009
5397.533333	-401.626312	119.512810
5397.600000	-401.893921	119.440872
5397.666667	-401.923981	119.385933
5397.733333	-402.044769	119.428253
5397.800000	-402.067017	119.401970
5397.866667	-402.417236	119.394363
5397.933333	-402.420532	119.361328
5398.000000	-402.580627	119.411667
5398.066667	-402.667297	119.442543
5398.133333	-402.816376	119.310799
5398.200000	-402.874634	119.324562
5398.266667	-403.008698	119.259827
5398.333333	-403.221985	119.322418
5398.400000	-403.277008	119.205727
5398.466667	-403.455627	119.171616
5398.533333	-403.528442	119.133514
5398.600000	-403.551910	119.210854
5398.666667	-403.898590	119.139580
5398.733333	-403.896912	119.153908
5398.800000	-404.012695	119.088722
5398.866667	-404.231598	119.079193
5398.933333	-404.350128	119.101837
5399.000000	-404.485046	119.114098
5399.066667	-404.560638	119.068634
5399.133333	-404.702454	119.078461
5399.200000	-404.685516	119.039108
5399.266667	-404.871460	119.073845
5399.333333	-405.113342	119.042274
5399.400000	-405.171051	118.967087
5399.466667	-405.232819	119.158386
5399.533333	-405.450043	118.989197
5399.600000	-405.463470	119.069923
5399.666667	-405.730652	118.847206
5399.733333	-405.779236	118.973755
5399.800000	-405.849182	119.025169
5399.866667	-406.049164	118.909813
5399.933333	-406.207306	118.816307
5400.000000	-406.280029	118.877769
