8640.066667	-396.608032	-10.011238
8640.133333	-396.632996	-10.085740
8640.200000	-396.633911	-10.049703
8640.266667	-396.629028	-10.003963
8640.333333	-396.629913	-10.086374
8640.400000	-396.611847	-10.067294
8640.466667	-396.637665	-10.050200
8640.533333	-396.613739	-10.025504
8640.600000	-396.603271	-10.021700
8640.666667	-396.632721	-10.037444
8640.733333	-396.634857	-10.044909
8640.800000	-396.625244	-10.062631
8640.866667	-396.646179	-10.067859
8640.933333	-396.634796	-10.067412
8641.000000	-396.634796	-10.086537
8641.066667	-396.612823	-10.056415
8641.133333	-396.643402	-10.077930
8641.200000	-396.633728	-10.083521
8641.266667	-396.658142	-10.109440
8641.333333	-396.640381	-10.064499
8641.400000	-396.635010	-10.081481
8641.466667	-396.643158	-10.079180
8641.533333	-396.621490	-10.065092
8641.600000	-396.632843	-10.076442
8641.666667	-396.683167	-10.073059
8641.733333	-396.671631	-10.050631
8641.800000	-396.660767	-10.051620
8641.866667	-396.677307	-10.101945
8641.933333	-396.663483	-10.055937
8642.000000	-396.653564	-10.064952
8642.066667	-396.675568	-10.079717
8642.133333	-396.687714	-10.065901
8642.200000	-396.702209	-10.058793
8642.266667	-396.708496	-10.065800
8642.333333	-396.682037	-10.034598
8642.400000	-396.674622	-10.047379
8642.466667	-396.692902	-10.061183
8642.533333	-396.701019	-10.054498
8642.600000	-396.663879	-10.039860
8642.666667	-396.677460	-10.015993
8642.733333	-396.688354	-10.059762
8642.800000	-396.689087	-10.055461
8642.866667	-396.669708	-10.045810
8642.933333	-396.678802	-10.066456
8643.000000	-396.693359	-10.104358
8643.066667	-396.676453	-10.064128
8643.133333	-396.692902	-10.084071
8643.200000	-396.687408	-10.086537
8643.266667	-396.683777	-10.071756
8643.333333	-396.701508	-10.088230
8643.400000	-396.672729	-10.086374
8643.466667	-396.719025	-10.132298
8643.533333	-396.732666	-10.126411
8643.600000	-396.697693	-10.060229
8643.666667	-396.719910	-10.093230
8643.733333	-396.718964	-10.117137
8643.800000	-396.703400	-10.059276
8643.866667	-396.728851	-10.087833
8643.933333	-396.695496	-10.043435
8644.000000	-396.693146	-10.065499
8644.066667	-396.753967	-10.036597
8644.133333	-396.709503	-10.010495
8644.200000	-396.723724	-10.006212
8644.266667	-396.738068	-10.037768
8644.333333	-396.757843	-9.983427
8644.400000	-396.773376	-10.002092
8644.466667	-396.716461	-10.010964
8644.533333	-396.729156	-9.996324
8644.600000	-396.748932	-10.006354
8644.666667	-396.756134	-10.019375
8644.733333	-396.733307	-10.007168
8644.800000	-396.750488	-9.982741
8644.866667	-396.788269	-10.082164
8644.933333	-396.773529	-9.986509
8645.000000	-396.760742	-10.040464
8645.066667	-396.745361	-10.066905
8645.133333	-396.743591	-10.074203
8645.200000	-396.751282	-10.071318
8645.266667	-396.750092	-10.094601
8645.333333	-396.769958	-10.079554
8645.400000	-396.778748	-10.119357
8645.466667	-396.737457	-10.093810
8645.533333	-396.764740	-10.077086
8645.600000	-396.758148	-10.116180
8645.666667	-396.769348	-10.059817
8645.733333	-396.751099	-10.052600
8645.800000	-396.782532	-10.110110
8645.866667	-396.785889	-10.112356
8645.933333	-396.809662	-10.065451
8646.000000	-396.823730	-10.070132
8646.066667	-396.803619	-10.072716
8646.133333	-396.811310	-10.002720
8646.200000	-396.858002	-10.116507
8646.266667	-396.787811	-10.053050
8646.333333	-396.832733	-10.030118
8646.400000	-396.843231	-10.078286
8646.466667	-396.846466	-9.994401
8646.533333	-396.864868	-10.012793
8646.600000	-396.873383	-10.053050
8646.666667	-396.879639	-10.011462
8646.733333	-396.840607	-10.038332
8646.800000	-396.861420	-9.976568
8646.866667	-396.917725	-10.052580
8646.933333	-396.910278	-10.073426
8647.000000	-396.880157	-10.008298
8647.066667	-396.878693	-10.054965
8647.133333	-396.880371	-10.066109
8647.200000	-396.899506	-10.094769
8647.266667	-396.874573	-10.037027
8647.333333	-396.858948	-10.083817
8647.400000	-396.871887	-10.077430
8647.466667	-396.903809	-10.112002
8647.533333	-396.880341	-10.079428
8647.600000	-396.896851	-10.088405
8647.666667	-396.890503	-10.076863
8647.733333	-396.888947	-10.108193
8647.800000	-396.891632	-10.057858
8647.866667	-396.908661	-10.119736
8647.933333	-396.913330	-10.074833
8648.000000	-396.896637	-10.049703
8648.066667	-396.941650	-10.129005
8648.133333	-396.966644	-10.092470
8648.200000	-396.960846	-10.074733
8648.266667	-396.954163	-10.040114
8648.333333	-396.970428	-10.071673
8648.400000	-396.971558	-10.051541
8648.466667	-396.982117	-10.026930
8648.533333	-396.995483	-10.065549
8648.600000	-396.995575	-10.029421
8648.666667	-396.994690	-10.049165
8648.733333	-396.979187	-10.045810
8648.800000	-397.006165	-10.002426
8648.866667	-397.018036	-10.066109
8648.933333	-397.002319	-10.016888
8649.000000	-397.046844	-10.072543
8649.066667	-397.032959	-10.088581
8649.133333	-397.033173	-10.040990
8649.200000	-397.013611	-10.073521
8649.266667	-397.019165	-10.093840
8649.333333	-397.035675	-10.096686
8649.400000	-397.026764	-10.068048
8649.466667	-397.038391	-10.068048
8649.533333	-397.020142	-10.089951
8649.600000	-397.024658	-10.061732
8649.666667	-397.035095	-10.139009
8649.733333	-397.041626	-10.120353
8649.800000	-397.016632	-10.069395
8649.866667	-397.019470	-10.129234
8649.933333	-397.047821	-10.121415
8650.000000	-397.017212	-10.062734
8650.066667	-397.045685	-10.092087
8650.133333	-397.062622	-10.107793
8650.200000	-397.078125	-10.083558
8650.266667	-397.092072	-10.129806
8650.333333	-397.081360	-10.055929
8650.400000	-397.099457	-10.103915
8650.466667	-397.098511	-10.042844
8650.533333	-397.101562	-10.067656
8650.600000	-397.114685	-10.059356
8650.666667	-397.136810	-10.053998
8650.733333	-397.112488	-10.049125
8650.800000	-397.129456	-10.059340
8650.866667	-397.122437	-10.084013
8650.933333	-397.133331	-10.023089
8651.000000	-397.128937	-10.027580
8651.066667	-397.157837	-10.035831
8651.133333	-397.157471	-10.037142
8651.200000	-397.147034	-10.052494
8651.266667	-397.162598	-10.049592
8651.333333	-397.143097	-10.103203
8651.400000	-397.160004	-10.111035
8651.466667	-397.162476	-10.114578
8651.533333	-397.164703	-10.095354
8651.600000	-397.151886	-10.043743
8651.666667	-397.167175	-10.084373
8651.733333	-397.169098	-10.077625
8651.800000	-397.173523	-10.083000
8651.866667	-397.173126	-10.095190
8651.933333	-397.174286	-10.076884
8652.000000	-397.195496	-10.154643
8652.066667	-397.217773	-10.105341
8652.133333	-397.196381	-10.093069
8652.200000	-397.196411	-10.118429
8652.266667	-397.223175	-10.083749
8652.333333	-397.213104	-10.102739
8652.400000	-397.213104	-10.090912
8652.466667	-397.216919	-10.071566
8652.533333	-397.240082	-10.050948
8652.600000	-397.282532	-10.096513
8652.666667	-397.284790	-10.102634
8652.733333	-397.311615	-10.057915
8652.800000	-397.300537	-10.064960
8652.866667	-397.318604	-10.123507
8652.933333	-397.321594	-10.146878
8653.000000	-397.323578	-10.099277
8653.066667	-397.307648	-10.088718
8653.133333	-397.363586	-10.150877
8653.200000	-397.340607	-10.121888
8653.266667	-397.332642	-10.059422
8653.333333	-397.352478	-10.101270
8653.400000	-397.342377	-10.124805
8653.466667	-397.398956	-10.132867
8653.533333	-397.364319	-10.149350
8653.600000	-397.369537	-10.146589
8653.666667	-397.333588	-10.145879
8653.733333	-397.354919	-10.157231
8653.800000	-397.355164	-10.168598
8653.866667	-397.385406	-10.187631
8653.933333	-397.360107	-10.198250
8654.000000	-397.374420	-10.194966
8654.066667	-397.471161	-10.209514
8654.133333	-397.385193	-10.168236
8654.200000	-397.386780	-10.169586
8654.266667	-397.431641	-10.188005
8654.333333	-397.458130	-10.177588
8654.400000	-397.468811	-10.199884
8654.466667	-397.482422	-10.190423
8654.533333	-397.478424	-10.197753
8654.600000	-397.540527	-10.213455
8654.666667	-397.551208	-10.175650
8654.733333	-397.517242	-10.159702
8654.800000	-397.557068	-10.161490
8654.866667	-397.583710	-10.206231
8654.933333	-397.598297	-10.182157
8655.000000	-397.569916	-10.172720
8655.066667	-397.565674	-10.114236
8655.133333	-397.625610	-10.186992
8655.200000	-397.580017	-10.159127
8655.266667	-397.583710	-10.156950
8655.333333	-397.612427	-10.183540
8655.400000	-397.638184	-10.192768
8655.466667	-397.641876	-10.165820
8655.533333	-397.614105	-10.186389
8655.600000	-397.617523	-10.219121
8655.666667	-397.623138	-10.193419
8655.733333	-397.621307	-10.206306
8655.800000	-397.631897	-10.183424
8655.866667	-397.624390	-10.221082
8655.933333	-397.623535	-10.233821
8656.000000	-397.627563	-10.206526
8656.066667	-397.637939	-10.237772
8656.133333	-397.628082	-10.228901
8656.200000	-397.635956	-10.229886
8656.266667	-397.629944	-10.265460
8656.333333	-397.645874	-10.288868
8656.400000	-397.643768	-10.222960
8656.466667	-397.656586	-10.231853
8656.533333	-397.659515	-10.221910
8656.600000	-397.674408	-10.201215
8656.666667	-397.673401	-10.216087
8656.733333	-397.730225	-10.205399
8656.800000	-397.702881	-10.207289
8656.866667	-397.701813	-10.203439
8656.933333	-397.721558	-10.176819
8657.000000	-397.731079	-10.193085
8657.066667	-397.703674	-10.174197
8657.133333	-397.724976	-10.186258
8657.200000	-397.703674	-10.151715
8657.266667	-397.736298	-10.179768
8657.333333	-397.735382	-10.135904
8657.400000	-397.743561	-10.169485
8657.466667	-397.751801	-10.162272
8657.533333	-397.742218	-10.149115
8657.600000	-397.767487	-10.181875
8657.666667	-397.788727	-10.215249
8657.733333	-397.760132	-10.172720
8657.800000	-397.762848	-10.176819
8657.866667	-397.758911	-10.210237
8657.933333	-397.760132	-10.183561
8658.000000	-397.758179	-10.244671
8658.066667	-397.790375	-10.212203
8658.133333	-397.786102	-10.248526
8658.200000	-397.790375	-10.216134
8658.266667	-397.783173	-10.225983
8658.333333	-397.766052	-10.212145
8658.400000	-397.773956	-10.214116
8658.466667	-397.771118	-10.247505
8658.533333	-397.797333	-10.254649
8658.600000	-397.820984	-10.233840
8658.666667	-397.842896	-10.277953
8658.733333	-397.815674	-10.193853
8658.800000	-397.812561	-10.176974
8658.866667	-397.861572	-10.197557
8658.933333	-397.865173	-10.207145
8659.000000	-397.886597	-10.240599
8659.066667	-397.877441	-10.156950
8659.133333	-397.874481	-10.154979
8659.200000	-397.920532	-10.162667
8659.266667	-397.862549	-10.141688
8659.333333	-397.904053	-10.161278
8659.400000	-397.944580	-10.185995
8659.466667	-397.944916	-10.143373
8659.533333	-397.939880	-10.175542
8659.600000	-397.953735	-10.167242
8659.666667	-397.939301	-10.170574
8659.733333	-397.918823	-10.194404
8659.800000	-397.957336	-10.152876
8659.866667	-397.950134	-10.219811
8659.933333	-397.965027	-10.205701
8660.000000	-397.945557	-10.166059
8660.066667	-397.948761	-10.219922
8660.133333	-397.990784	-10.229793
8660.200000	-398.001404	-10.257763
8660.266667	-398.008240	-10.271045
8660.333333	-397.986847	-10.193299
8660.400000	-398.008362	-10.257763
8660.466667	-398.000092	-10.234865
8660.533333	-398.009186	-10.231833
8660.600000	-398.005035	-10.203354
8660.666667	-398.014252	-10.212680
8660.733333	-398.032227	-10.222932
8660.800000	-398.023315	-10.210853
8660.933333	-398.028351	-10.202684
8661.000000	-398.020294	-10.158026
8661.066667	-398.049713	-10.192286
8661.133333	-398.075287	-10.187861
8661.200000	-398.082306	-10.179966
8661.266667	-398.061310	-10.161872
8661.333333	-398.078613	-10.162473
8661.400000	-398.081970	-10.164092
8661.466667	-398.075439	-10.184727
8661.533333	-398.073914	-10.081177
8661.666667	-398.095154	-10.154886
8661.733333	-398.088684	-10.151415
8661.800000	-398.093903	-10.190500
8661.866667	-398.116364	-10.203523
8661.933333	-398.105774	-10.181574
8662.000000	-398.129486	-10.195435
8662.066667	-398.104675	-10.144375
8662.133333	-398.079468	-10.166683
8662.200000	-398.108521	-10.165680
8662.266667	-398.101746	-10.173532
8662.333333	-398.073151	-10.170047
8662.400000	-398.120392	-10.221722
8662.466667	-398.104980	-10.189492
8662.533333	-398.088684	-10.178557
8662.600000	-398.119385	-10.204534
8662.666667	-398.141937	-10.235859
8662.733333	-398.132141	-10.218607
8662.800000	-398.143646	-10.214644
8662.866667	-398.138916	-10.193299
8662.933333	-398.108765	-10.157447
8663.000000	-398.171661	-10.184773
8663.066667	-398.143341	-10.171831
8663.133333	-398.166534	-10.198070
8663.200000	-398.145782	-10.193751
8663.266667	-398.176636	-10.171119
8663.333333	-398.174561	-10.135114
8663.400000	-398.155273	-10.101929
8663.466667	-398.201782	-10.169978
8663.533333	-398.188538	-10.170634
8663.600000	-398.187469	-10.149758
8663.666667	-398.164886	-10.120011
8663.733333	-398.192139	-10.131156
8663.800000	-398.198761	-10.141101
8663.866667	-398.179840	-10.117270
8663.933333	-398.171661	-10.152044
8664.000000	-398.156311	-10.112156
8664.066667	-398.166534	-10.142839
8664.133333	-398.178925	-10.112852
8664.200000	-398.173981	-10.170938
8664.266667	-398.184631	-10.207640
8664.333333	-398.197205	-10.162889
8664.400000	-398.181061	-10.178246
8664.466667	-398.211395	-10.196445
8664.533333	-398.198761	-10.183320
8664.600000	-398.157715	-10.175402
8664.666667	-398.168762	-10.184033
8664.733333	-398.178101	-10.165780
8664.800000	-398.190155	-10.160048
8664.866667	-398.162231	-10.136142
8664.933333	-398.188507	-10.210277
8665.000000	-398.170197	-10.168595
8665.066667	-398.202850	-10.188736
8665.133333	-398.196716	-10.188230
8665.200000	-398.195221	-10.139827
8665.266667	-398.210663	-10.170757
8665.333333	-398.197205	-10.145401
8665.400000	-398.199280	-10.119019
8665.466667	-398.189941	-10.099358
8665.533333	-398.214142	-10.138474
8665.600000	-398.199280	-10.122768
8665.666667	-398.195129	-10.122123
8665.733333	-398.210114	-10.082209
8665.800000	-398.226440	-10.149758
8665.866667	-398.236481	-10.123723
8665.933333	-398.236298	-10.169062
8666.000000	-398.236298	-10.169062
8666.066667	-398.226166	-10.133506
8666.133333	-398.212097	-10.137449
8666.200000	-398.216095	-10.147179
8666.266667	-398.196716	-10.136518
8666.333333	-398.214691	-10.162889
8666.400000	-398.214691	-10.162889
8666.466667	-398.225861	-10.183750
8666.533333	-398.214691	-10.186550
8666.600000	-398.237274	-10.201410
8666.666667	-398.224976	-10.176263
8666.733333	-398.180054	-10.139827
8666.800000	-398.216858	-10.220427
8666.866667	-398.191559	-10.195916
8666.933333	-398.231537	-10.227639
8667.000000	-398.192139	-10.132173
8667.066667	-398.236694	-10.151810
8667.133333	-398.234039	-10.177839
8667.200000	-398.234039	-10.177839
8667.266667	-398.196686	-10.126574
8667.333333	-398.209564	-10.182435
8667.400000	-398.226440	-10.150784
8667.466667	-398.232147	-10.160810
8667.533333	-398.216400	-10.123873
8667.600000	-398.244019	-10.137083
8667.666667	-398.244019	-10.137083
8667.733333	-398.209961	-10.092109
8667.800000	-398.251465	-10.103057
8667.866667	-398.211548	-10.084541
8667.933333	-398.259247	-10.137257
8668.000000	-398.219971	-10.100392
8668.066667	-398.219971	-10.100392
8668.133333	-398.288788	-10.150614
8668.200000	-398.245544	-10.117625
8668.266667	-398.221588	-10.136327
8668.333333	-398.237335	-10.129970
8668.400000	-398.247040	-10.158611
8668.466667	-398.247040	-10.158611
8668.533333	-398.244141	-10.178161
8668.600000	-398.259308	-10.207788
8668.666667	-398.222473	-10.161653
8668.733333	-398.223083	-10.165922
8668.800000	-398.257904	-10.219232
8668.866667	-398.229767	-10.170814
8668.933333	-398.229767	-10.170814
8669.000000	-398.249023	-10.192840
8669.066667	-398.260986	-10.157745
8669.133333	-398.228577	-10.157455
8669.200000	-398.251740	-10.164947
8669.266667	-398.240509	-10.166030
8669.333333	-398.240509	-10.166030
8669.400000	-398.247528	-10.124910
8669.466667	-398.251373	-10.163716
8669.533333	-398.250580	-10.166879
8669.600000	-398.283051	-10.180490
8669.666667	-398.264832	-10.152696
8669.733333	-398.264832	-10.152696
8669.800000	-398.347473	-10.178479
8669.866667	-398.284851	-10.144629
8669.933333	-398.304199	-10.115920
8670.000000	-398.323425	-10.156270
8670.066667	-398.308105	-10.145145
8670.133333	-398.261078	-10.154666
8670.200000	-398.261078	-10.154666
8670.266667	-398.289001	-10.168221
8670.333333	-398.293762	-10.193173
8670.400000	-398.280457	-10.151655
8670.466667	-398.244904	-10.094368
8670.533333	-398.277740	-10.158990
8670.600000	-398.277740	-10.158990
8670.666667	-398.270905	-10.214937
8670.733333	-398.252716	-10.176802
8670.800000	-398.265228	-10.170020
8670.866667	-398.281494	-10.182881
8670.933333	-398.262756	-10.197453
8671.000000	-398.262756	-10.197453
8671.066667	-398.293671	-10.196733
8671.133333	-398.251678	-10.191331
8671.200000	-398.265167	-10.188217
8671.266667	-398.290619	-10.179602
8671.333333	-398.289551	-10.143082
8671.400000	-398.289551	-10.143082
8671.466667	-398.276306	-10.161023
8671.533333	-398.276581	-10.171613
8671.600000	-398.311035	-10.187313
8671.666667	-398.311584	-10.172324
8671.733333	-398.321045	-10.143328
8671.800000	-398.263489	-10.104437
8671.866667	-398.263489	-10.104437
8671.933333	-398.323883	-10.157455
8672.000000	-398.297577	-10.127296
8672.066667	-398.310272	-10.097774
8672.133333	-398.324615	-10.118033
8672.200000	-398.302704	-10.093171
8672.266667	-398.302704	-10.093171
8672.333333	-398.321472	-10.149632
8672.400000	-398.325226	-10.138124
8672.466667	-398.344055	-10.126987
8672.533333	-398.308167	-10.167926
8672.600000	-398.320740	-10.164785
8672.666667	-398.320740	-10.164785
8672.733333	-398.293427	-10.184209
8672.800000	-398.306702	-10.226523
8672.866667	-398.328186	-10.193173
8672.933333	-398.305450	-10.205781
8673.000000	-398.294403	-10.204147
8673.066667	-398.273163	-10.148533
8673.133333	-398.322357	-10.264537
8673.200000	-398.287231	-10.173162
8673.266667	-398.309692	-10.218053
8673.333333	-398.318268	-10.193522
8673.400000	-398.285919	-10.177839
8673.533333	-398.305237	-10.186910
8673.600000	-398.333435	-10.164987
8673.666667	-398.290710	-10.081008
8673.733333	-398.338867	-10.199634
8673.866667	-398.318970	-10.092325
8673.933333	-398.341461	-10.148579
8674.066667	-398.353058	-10.112767
8674.200000	-398.321930	-10.153502
8674.266667	-398.347626	-10.145954
8674.333333	-398.360352	-10.123701
8674.466667	-398.358521	-10.119388
8674.533333	-398.368866	-10.151980
8674.600000	-398.378296	-10.149573
8674.666667	-398.339142	-10.138536
8674.733333	-398.348999	-10.157455
8674.800000	-398.308807	-10.141206
8674.866667	-398.357635	-10.185383
8674.933333	-398.334106	-10.141206
8675.000000	-398.349304	-10.169723
8675.066667	-398.367767	-10.175623
8675.133333	-398.354248	-10.182585
8675.200000	-398.351227	-10.199535
8675.266667	-398.355225	-10.219192
8675.333333	-398.342804	-10.210920
8675.400000	-398.311981	-10.195978
8675.466667	-398.366791	-10.249646
8675.533333	-398.349152	-10.164145
8675.600000	-398.362488	-10.192698
8675.666667	-398.376221	-10.185104
8675.733333	-398.347778	-10.160166
8675.800000	-398.329742	-10.145158
8675.866667	-398.380463	-10.153371
8675.933333	-398.346893	-10.127091
8676.000000	-398.383728	-10.094909
8676.066667	-398.379456	-10.170638
8676.133333	-398.417267	-10.146518
8676.200000	-398.356049	-10.101053
8676.266667	-398.410034	-10.130367
8676.333333	-398.352936	-10.053766
8676.400000	-398.364624	-10.110294
8676.466667	-398.385803	-10.096803
8676.533333	-398.384613	-10.146985
8676.600000	-398.379425	-10.177577
8676.666667	-398.352142	-10.124997
8676.733333	-398.403717	-10.207488
8676.800000	-398.360382	-10.221222
8676.866667	-398.369965	-10.172294
8676.933333	-398.380463	-10.117689
8677.000000	-398.381561	-10.195644
8677.066667	-398.335022	-10.158892
8677.133333	-398.366821	-10.213008
8677.200000	-398.353180	-10.160597
8677.266667	-398.350952	-10.167539
8677.333333	-398.368896	-10.229702
8677.400000	-398.371979	-10.207258
8677.466667	-398.379425	-10.234962
8677.533333	-398.403290	-10.221394
8677.600000	-398.353973	-10.173504
8677.666667	-398.369873	-10.182891
8677.733333	-398.342133	-10.156089
8677.800000	-398.355225	-10.146729
8677.866667	-398.364594	-10.201055
8677.933333	-398.368866	-10.185586
8678.000000	-398.365631	-10.124762
8678.066667	-398.356842	-10.114145
8678.133333	-398.377319	-10.059096
8678.200000	-398.366608	-10.046227
8678.266667	-398.376251	-10.129000
8678.333333	-398.393646	-10.097129
8678.400000	-398.381531	-10.133238
8678.466667	-398.392273	-10.124847
8678.533333	-398.392395	-10.119886
8678.600000	-398.387970	-10.139032
8678.666667	-398.388092	-10.105901
8678.733333	-398.405304	-10.172600
8678.800000	-398.370911	-10.146495
8678.866667	-398.383667	-10.140656
8678.933333	-398.392029	-10.138046
8679.000000	-398.385834	-10.123042
8679.066667	-398.361359	-10.173326
8679.133333	-398.351807	-10.190331
8679.200000	-398.335846	-10.160571
8679.266667	-398.391327	-10.194116
8679.333333	-398.370911	-10.236041
8679.400000	-398.339447	-10.145170
8679.466667	-398.368805	-10.173326
8679.533333	-398.347382	-10.200766
8679.600000	-398.376251	-10.186079
8679.666667	-398.348541	-10.184872
8679.733333	-398.370941	-10.196708
8679.800000	-398.347626	-10.140656
8679.866667	-398.361237	-10.209249
8679.933333	-398.369812	-10.191015
8680.000000	-398.349579	-10.125175
8680.066667	-398.375183	-10.167815
8680.133333	-398.379395	-10.146473
8680.200000	-398.365479	-10.124936
8680.266667	-398.365540	-10.140607
8680.333333	-398.380554	-10.153478
8680.400000	-398.368744	-10.053734
8680.466667	-398.338257	-10.091701
8680.533333	-398.384857	-10.106977
8680.600000	-398.373016	-10.141644
8680.666667	-398.388336	-10.102440
8680.733333	-398.366608	-10.095562
8680.800000	-398.358887	-10.111243
8680.866667	-398.358978	-10.063429
8680.933333	-398.385956	-10.121699
8681.000000	-398.309418	-10.080523
8681.066667	-398.350586	-10.114155
8681.133333	-398.366577	-10.163993
8681.200000	-398.342041	-10.183658
8681.266667	-398.354736	-10.196267
8681.333333	-398.278748	-10.185722
8681.400000	-398.347717	-10.211714
8681.466667	-398.332397	-10.180449
8681.533333	-398.342621	-10.179285
8681.600000	-398.331482	-10.158221
8681.666667	-398.306976	-10.132182
8681.733333	-398.313293	-10.162272
8681.800000	-398.318726	-10.130786
8681.866667	-398.357849	-10.153830
8681.933333	-398.314758	-10.106592
8682.000000	-398.299164	-10.117758
8682.066667	-398.320557	-10.123600
8682.133333	-398.342621	-10.148158
8682.200000	-398.364319	-10.100387
8682.266667	-398.334747	-10.111583
8682.333333	-398.350220	-10.126444
8682.400000	-398.374054	-10.122992
8682.466667	-398.347626	-10.132500
8682.533333	-398.351501	-10.116659
8682.600000	-398.323822	-10.106664
8682.666667	-398.344299	-10.082879
8682.733333	-398.347870	-10.115952
8682.800000	-398.308746	-10.091265
8682.866667	-398.364288	-10.076018
8682.933333	-398.301971	-10.118137
8683.000000	-398.313995	-10.084272
8683.066667	-398.309021	-10.104933
8683.133333	-398.299713	-10.139636
8683.200000	-398.287506	-10.126548
8683.266667	-398.292908	-10.099710
8683.333333	-398.295685	-10.129382
8683.400000	-398.282104	-10.094298
8683.466667	-398.284210	-10.144081
8683.533333	-398.307434	-10.194608
8683.600000	-398.296021	-10.141606
8683.666667	-398.346680	-10.181339
8683.733333	-398.289398	-10.147072
8683.800000	-398.305267	-10.191331
8683.866667	-398.326813	-10.180079
8683.933333	-398.290283	-10.145732
8684.000000	-398.302643	-10.144904
8684.066667	-398.277039	-10.103830
8684.133333	-398.292999	-10.125452
8684.200000	-398.282043	-10.135315
8684.266667	-398.302826	-10.142681
8684.333333	-398.292206	-10.077985
8684.400000	-398.328491	-10.162272
8684.466667	-398.310120	-10.139116
8684.533333	-398.311615	-10.118877
8684.600000	-398.320038	-10.109344
8684.666667	-398.314178	-10.129382
8684.733333	-398.294586	-10.097799
8684.800000	-398.306610	-10.103426
8684.866667	-398.279755	-10.089704
8684.933333	-398.283661	-10.078468
8685.000000	-398.314911	-10.128739
8685.066667	-398.289459	-10.038049
8685.133333	-398.336456	-10.114487
8685.200000	-398.306396	-10.118553
8685.266667	-398.330933	-10.165369
8685.333333	-398.274994	-10.138228
8685.400000	-398.285034	-10.130614
8685.466667	-398.282837	-10.142706
8685.533333	-398.283936	-10.176782
8685.600000	-398.266022	-10.129191
8685.666667	-398.282837	-10.163591
8685.733333	-398.263062	-10.130614
8685.800000	-398.252350	-10.125647
8685.866667	-398.230133	-10.105123
8685.933333	-398.263794	-10.123678
8686.000000	-398.251678	-10.149040
8686.066667	-398.286957	-10.193637
8686.133333	-398.259766	-10.133911
8686.200000	-398.296875	-10.168888
8686.266667	-398.264923	-10.145732
8686.333333	-398.291565	-10.166615
8686.400000	-398.283356	-10.144353
8686.466667	-398.240387	-10.070661
8686.533333	-398.247986	-10.072454
8686.600000	-398.286133	-10.142681
8686.666667	-398.255707	-10.134580
8686.733333	-398.310608	-10.136003
8686.800000	-398.280273	-10.088798
8686.866667	-398.270416	-10.087290
8686.933333	-398.277527	-10.083046
8687.000000	-398.245636	-10.099964
8687.066667	-398.257202	-10.090365
8687.133333	-398.276611	-10.119705
8687.200000	-398.287781	-10.133291
8687.266667	-398.241180	-10.125647
8687.333333	-398.220306	-10.085728
8687.400000	-398.285858	-10.101624
8687.466667	-398.266785	-10.156520
8687.533333	-398.247681	-10.139408
8687.600000	-398.247559	-10.134088
8687.666667	-398.248993	-10.117830
8687.733333	-398.226013	-10.157152
8687.800000	-398.221436	-10.166475
8687.866667	-398.228699	-10.171815
8687.933333	-398.244812	-10.113727
8688.000000	-398.222198	-10.183711
8688.066667	-398.259430	-10.166542
8688.133333	-398.219971	-10.142396
8688.200000	-398.274506	-10.174218
8688.266667	-398.227509	-10.157311
8688.333333	-398.257202	-10.174401
8688.400000	-398.236053	-10.120419
8688.466667	-398.227600	-10.124102
8688.533333	-398.242706	-10.121532
8688.600000	-398.229370	-10.113740
8688.666667	-398.215485	-10.096614
8688.733333	-398.234039	-10.112189
8688.800000	-398.241180	-10.082098
8688.866667	-398.220093	-10.113727
8688.933333	-398.266174	-10.145191
8689.000000	-398.225067	-10.108503
8689.133333	-398.254974	-10.127098
8689.200000	-398.218964	-10.092375
8689.266667	-398.216614	-10.125647
8689.333333	-398.225708	-10.139572
8689.466667	-398.211639	-10.124186
8689.533333	-398.209320	-10.157152
8689.600000	-398.195953	-10.173848
8689.666667	-398.203217	-10.121180
8689.733333	-398.215393	-10.155170
8689.800000	-398.203217	-10.158029
8689.866667	-398.197632	-10.160262
8689.933333	-398.188171	-10.174961
8690.000000	-398.197083	-10.173112
8690.133333	-398.197083	-10.145470
8690.200000	-398.178040	-10.149950
8690.266667	-398.180389	-10.105948
8690.400000	-398.180878	-10.147979
8690.466667	-398.189301	-10.095930
8690.533333	-398.222992	-10.186623
8690.600000	-398.198181	-10.151675
8690.666667	-398.209930	-10.128996
8690.733333	-398.193787	-10.111169
8690.800000	-398.198181	-10.110744
8690.866667	-398.218964	-10.115973
8690.933333	-398.230865	-10.126874
8691.000000	-398.212677	-10.133777
8691.066667	-398.253845	-10.172735
8691.133333	-398.192139	-10.108241
8691.266667	-398.211182	-10.107307
8691.333333	-398.206085	-10.112218
8691.400000	-398.218475	-10.105454
8691.466667	-398.205505	-10.163171
8691.533333	-398.212738	-10.144349
8691.600000	-398.184235	-10.118947
8691.666667	-398.199860	-10.091251
8691.733333	-398.216339	-10.119385
8691.800000	-398.211029	-10.136813
8691.866667	-398.176422	-10.168078
8691.933333	-398.173065	-10.155795
8692.000000	-398.216217	-10.166330
8692.066667	-398.175934	-10.207242
8692.133333	-398.184143	-10.166542
8692.200000	-398.164368	-10.178731
8692.266667	-398.207733	-10.218235
8692.333333	-398.194214	-10.161593
8692.400000	-398.173706	-10.138228
8692.466667	-398.184753	-10.154430
8692.533333	-398.190247	-10.164768
8692.600000	-398.180756	-10.164295
8692.666667	-398.160797	-10.114480
8692.733333	-398.194824	-10.153311
8692.800000	-398.199860	-10.155305
8692.866667	-398.198761	-10.115959
8692.933333	-398.212830	-10.143784
8693.000000	-398.198761	-10.135077
8693.066667	-398.204956	-10.137020
8693.133333	-398.168152	-10.094817
8693.200000	-398.180267	-10.135387
8693.266667	-398.184570	-10.162499
8693.333333	-398.179138	-10.095061
8693.400000	-398.175598	-10.083982
8693.466667	-398.211884	-10.158618
8693.533333	-398.197083	-10.119705
8693.600000	-398.180664	-10.124272
8693.666667	-398.168610	-10.105547
8693.733333	-398.183533	-10.132510
8693.800000	-398.212830	-10.177604
8693.866667	-398.164124	-10.124530
8693.933333	-398.188690	-10.149096
8694.000000	-398.168152	-10.154925
8694.066667	-398.135864	-10.143794
8694.133333	-398.179138	-10.196998
8694.200000	-398.172272	-10.161821
8694.266667	-398.138062	-10.192389
8694.333333	-398.149719	-10.170840
8694.400000	-398.173859	-10.198915
8694.466667	-398.160553	-10.177780
8694.533333	-398.147705	-10.142964
8694.600000	-398.170013	-10.171968
8694.666667	-398.180756	-10.176656
8694.733333	-398.165924	-10.134890
8694.800000	-398.176270	-10.159800
8694.866667	-398.189758	-10.176656
8694.933333	-398.171783	-10.158676
8695.000000	-398.174347	-10.132999
8695.066667	-398.168213	-10.154808
8695.133333	-398.139954	-10.114104
8695.200000	-398.190826	-10.124272
8695.266667	-398.193634	-10.164768
8695.333333	-398.177277	-10.129927
8695.400000	-398.135406	-10.161593
8695.466667	-398.166382	-10.145746
8695.533333	-398.149384	-10.120520
8695.600000	-398.162079	-10.122862
8695.666667	-398.207794	-10.149153
8695.733333	-398.174652	-10.142109
8695.800000	-398.167297	-10.154181
8695.866667	-398.170654	-10.175532
8695.933333	-398.171143	-10.157311
8696.000000	-398.140686	-10.147979
8696.066667	-398.154205	-10.170840
8696.133333	-398.124420	-10.169307
8696.200000	-398.154358	-10.195281
8696.266667	-398.158051	-10.190998
8696.333333	-398.169342	-10.176296
8696.400000	-398.150421	-10.189017
8696.466667	-398.125366	-10.175714
8696.533333	-398.130798	-10.189450
8696.666667	-398.163452	-10.178207
8696.733333	-398.121674	-10.142631
8696.800000	-398.162781	-10.206579
8696.866667	-398.157593	-10.140402
8696.933333	-398.148254	-10.176114
8697.066667	-398.154205	-10.185495
8697.133333	-398.138824	-10.142367
8697.200000	-398.148895	-10.139869
8697.266667	-398.140320	-10.106904
8697.333333	-398.173706	-10.147475
8697.400000	-398.149628	-10.083215
8697.466667	-398.155212	-10.120571
8697.533333	-398.182922	-10.155939
8697.600000	-398.125916	-10.114466
8697.666667	-398.138794	-10.133495
8697.733333	-398.138824	-10.130907
8697.800000	-398.131317	-10.092375
8697.866667	-398.156647	-10.149752
8697.933333	-398.130554	-10.156184
8698.000000	-398.132446	-10.148562
8698.066667	-398.125702	-10.144068
8698.133333	-398.113922	-10.166118
8698.266667	-398.112549	-10.172321
8698.333333	-398.089691	-10.176888
8698.400000	-398.152252	-10.165632
8698.533333	-398.478760	-10.063429
8698.600000	-398.680359	-10.058004
8698.666667	-398.833588	-10.028994
8698.733333	-399.008362	-9.957419
8698.800000	-399.187775	-9.918773
8698.866667	-399.393646	-9.928994
8698.933333	-399.607605	-9.834595
8699.000000	-399.732147	-9.819009
8699.066667	-399.928375	-9.727316
8699.133333	-400.107727	-9.701670
8699.200000	-400.294678	-9.667985
8699.266667	-400.482117	-9.608035
8699.333333	-400.668091	-9.589860
8699.400000	-400.881836	-9.561297
8699.466667	-401.020721	-9.564147
8699.533333	-401.061127	-9.537161
8699.600000	-401.014771	-9.538436
8699.666667	-400.870026	-9.558812
8699.733333	-400.652954	-9.590986
8699.800000	-400.477234	-9.624423
8699.866667	-400.259003	-9.648109
8699.933333	-400.079895	-9.693136
8700.000000	-399.898834	-9.715474
