5760.066667	-403.123474	-11.159516
5760.133333	-403.112000	-11.154548
5760.200000	-403.040161	-11.054906
5760.266667	-403.040161	-11.054906
5760.333333	-403.082458	-11.027087
5760.400000	-403.124329	-11.170543
5760.466667	-403.089661	-11.127204
5760.533333	-403.060577	-11.153744
5760.600000	-403.099792	-11.178618
5760.666667	-403.099792	-11.178618
5760.733333	-403.067444	-11.137757
5760.800000	-403.059601	-11.191146
5760.866667	-403.121735	-11.268031
5760.933333	-403.046997	-11.241372
5761.000000	-403.092072	-11.273428
5761.066667	-403.099976	-11.285447
5761.133333	-403.099976	-11.285447
5761.200000	-403.083801	-11.257072
5761.266667	-403.070953	-11.279865
5761.333333	-403.076660	-11.268031
5761.400000	-403.089844	-11.271857
5761.466667	-403.118439	-11.279438
5761.533333	-403.118439	-11.279438
5761.600000	-403.095612	-11.235024
5761.666667	-403.101837	-11.243914
5761.733333	-403.100250	-11.196641
5761.800000	-403.093475	-11.181410
5761.866667	-403.138123	-11.202034
5761.933333	-403.138123	-11.202034
5762.000000	-403.126343	-11.145742
5762.066667	-403.122162	-11.105965
5762.133333	-403.108154	-11.112633
5762.200000	-403.107483	-11.139822
5762.266667	-403.148438	-11.117512
5762.333333	-403.148438	-11.117512
5762.400000	-403.179199	-11.133411
5762.466667	-403.143829	-11.140794
5762.533333	-403.137268	-11.174644
5762.600000	-403.152832	-11.153047
5762.666667	-403.149292	-11.190959
5762.733333	-403.112518	-11.183584
5762.800000	-403.112518	-11.183584
5762.866667	-403.142609	-11.216046
5762.933333	-403.134888	-11.217759
5763.000000	-403.105743	-11.197347
5763.066667	-403.113831	-11.285028
5763.133333	-403.119507	-11.270481
5763.200000	-403.119507	-11.270481
5763.266667	-403.106873	-11.283761
5763.333333	-403.106354	-11.311016
5763.400000	-403.101349	-11.287610
5763.466667	-403.131531	-11.314370
5763.533333	-403.110931	-11.255321
5763.600000	-403.110931	-11.255321
5763.666667	-403.129822	-11.296090
5763.733333	-403.127289	-11.255789
5763.800000	-403.142365	-11.216746
5763.866667	-403.156555	-11.187083
5763.933333	-403.147888	-11.204157
5764.000000	-403.146027	-11.190781
5764.066667	-403.146027	-11.190781
5764.133333	-403.185669	-11.176766
5764.200000	-403.199249	-11.171265
5764.266667	-403.160309	-11.193680
5764.333333	-403.201477	-11.161767
5764.400000	-403.159424	-11.171966
5764.466667	-403.159424	-11.171966
5764.533333	-403.173340	-11.199697
5764.600000	-403.177490	-11.166777
5764.666667	-403.194275	-11.164998
5764.733333	-403.183655	-11.174788
5764.800000	-403.178345	-11.187208
5764.866667	-403.178345	-11.187208
5764.933333	-403.190277	-11.240524
5765.000000	-403.151337	-11.196058
5765.066667	-403.158112	-11.219054
5765.133333	-403.146759	-11.258492
5765.200000	-403.170990	-11.269070
5765.266667	-403.141907	-11.223119
5765.333333	-403.141907	-11.223119
5765.400000	-403.150543	-11.299414
5765.466667	-403.120636	-11.266150
5765.533333	-403.163055	-11.284708
5765.600000	-403.127533	-11.303246
5765.666667	-403.186890	-11.281320
5765.733333	-403.186890	-11.281320
5765.800000	-403.169952	-11.238337
5765.866667	-403.156158	-11.217569
5765.933333	-403.177094	-11.195103
5766.000000	-403.210754	-11.195410
5766.066667	-403.196411	-11.286268
5766.133333	-403.196411	-11.286268
5766.200000	-403.181641	-11.207319
5766.266667	-403.225464	-11.202559
5766.333333	-403.199677	-11.222376
5766.400000	-403.197144	-11.213709
5766.466667	-403.204468	-11.169695
5766.533333	-403.204468	-11.169695
5766.600000	-403.247070	-11.205434
5766.666667	-403.223236	-11.230121
5766.733333	-403.173279	-11.239311
5766.800000	-403.231232	-11.222376
5766.866667	-403.238037	-11.207460
5766.933333	-403.193298	-11.245389
5767.000000	-403.205994	-11.277501
5767.066667	-403.196564	-11.252017
5767.133333	-403.174713	-11.200449
5767.200000	-403.185883	-11.206933
5767.266667	-403.192719	-11.259840
5767.333333	-403.180664	-11.282613
5767.400000	-403.184387	-11.286787
5767.466667	-403.159698	-11.287601
5767.533333	-403.224121	-11.278767
5767.600000	-403.204590	-11.302387
5767.666667	-403.157074	-11.293099
5767.733333	-403.201080	-11.290568
5767.800000	-403.196991	-11.293964
5767.866667	-403.199646	-11.258531
5767.933333	-403.174103	-11.271504
5768.000000	-403.222839	-11.258373
5768.066667	-403.233856	-11.215166
5768.133333	-403.215851	-11.241549
5768.200000	-403.243011	-11.258492
5768.266667	-403.268860	-11.205094
5768.333333	-403.258179	-11.243719
5768.400000	-403.273651	-11.212625
5768.466667	-403.277252	-11.177204
5768.533333	-403.301544	-11.197772
5768.600000	-403.313049	-11.182387
5768.666667	-403.277527	-11.193256
5768.733333	-403.266937	-11.156871
5768.800000	-403.266571	-11.206897
5768.866667	-403.291595	-11.152500
5768.933333	-403.279510	-11.200121
5769.000000	-403.282440	-11.266331
5769.066667	-403.237274	-11.241188
5769.133333	-403.268555	-11.236384
5769.200000	-403.266022	-11.261762
5769.266667	-403.220795	-11.266331
5769.333333	-403.247772	-11.216489
5769.400000	-403.211945	-11.247778
5769.466667	-403.240540	-11.309119
5769.533333	-403.200928	-11.316286
5769.600000	-403.236145	-11.272820
5769.666667	-403.205994	-11.276658
5769.733333	-403.222626	-11.267326
5769.800000	-403.216278	-11.304404
5769.866667	-403.255310	-11.244618
5769.933333	-403.252716	-11.319491
5770.000000	-403.251282	-11.354031
5770.066667	-403.242249	-11.285546
5770.133333	-403.251160	-11.277939
5770.200000	-403.266296	-11.223392
5770.266667	-403.267395	-11.270041
5770.333333	-403.296600	-11.259336
5770.400000	-403.274567	-11.226681
5770.466667	-403.291901	-11.219065
5770.533333	-403.304016	-11.219813
5770.600000	-403.295685	-11.227450
5770.666667	-403.290924	-11.275664
5770.733333	-403.280823	-11.220585
5770.800000	-403.269806	-11.204459
5770.866667	-403.314728	-11.257252
5770.933333	-403.285767	-11.193398
5771.000000	-403.319855	-11.236013
5771.066667	-403.254517	-11.260453
5771.133333	-403.283356	-11.253668
5771.200000	-403.292328	-11.297337
5771.266667	-403.272552	-11.280439
5771.333333	-403.286469	-11.304075
5771.400000	-403.245270	-11.213895
5771.466667	-403.271637	-11.222110
5771.533333	-403.236481	-11.219065
5771.600000	-403.213867	-11.271576
5771.666667	-403.249207	-11.273537
5771.733333	-403.276886	-11.266179
5771.800000	-403.210999	-11.322919
5771.866667	-403.210968	-11.292260
5771.933333	-403.235413	-11.274530
5772.000000	-403.221252	-11.261374
5772.066667	-403.237396	-11.251697
5772.133333	-403.272552	-11.296478
5772.200000	-403.240326	-11.236739
5772.266667	-403.226868	-11.240524
5772.333333	-403.267303	-11.257525
5772.400000	-403.285461	-11.266786
5772.466667	-403.260559	-11.241426
5772.533333	-403.293121	-11.218467
5772.600000	-403.305450	-11.264368
5772.666667	-403.284241	-11.188056
5772.733333	-403.301636	-11.190839
5772.800000	-403.259277	-11.235947
5772.866667	-403.266022	-11.235125
5772.933333	-403.277100	-11.197488
5773.000000	-403.283173	-11.183892
5773.066667	-403.229584	-11.278407
5773.133333	-403.286133	-11.192733
5773.200000	-403.271851	-11.276127
5773.266667	-403.242218	-11.171946
5773.333333	-403.259003	-11.270460
5773.400000	-403.268463	-11.237487
5773.466667	-403.287292	-11.222110
5773.533333	-403.228729	-11.293511
5773.600000	-403.210358	-11.213236
5773.666667	-403.205811	-11.288890
5773.733333	-403.175720	-11.237323
5773.800000	-403.198547	-11.266992
5773.866667	-403.170654	-11.258875
5773.933333	-403.188354	-11.249851
5774.000000	-403.205414	-11.337255
5774.066667	-403.189789	-11.225756
5774.133333	-403.202606	-11.262325
5774.200000	-403.220642	-11.266179
5774.266667	-403.185211	-11.328003
5774.333333	-403.207825	-11.273242
5774.400000	-403.198395	-11.241066
5774.466667	-403.208008	-11.290566
5774.533333	-403.214722	-11.245444
5774.600000	-403.244934	-11.253141
5774.666667	-403.260162	-11.163640
5774.733333	-403.258209	-11.235722
5774.800000	-403.282410	-11.215650
5774.866667	-403.271942	-11.218828
5774.933333	-403.281708	-11.180855
5775.000000	-403.234528	-11.193538
5775.066667	-403.230438	-11.198222
5775.133333	-403.266083	-11.224142
5775.200000	-403.265381	-11.170278
5775.266667	-403.245880	-11.192529
5775.333333	-403.237000	-11.215348
5775.400000	-403.202515	-11.224669
5775.466667	-403.209656	-11.218816
5775.533333	-403.160461	-11.241668
5775.600000	-403.185272	-11.233027
5775.666667	-403.150208	-11.259181
5775.733333	-403.183960	-11.243856
5775.800000	-403.185394	-11.266391
5775.866667	-403.185486	-11.273728
5775.933333	-403.174042	-11.239436
5776.000000	-403.184021	-11.299530
5776.066667	-403.163696	-11.306222
5776.133333	-403.179352	-11.269835
5776.200000	-403.184875	-11.277743
5776.266667	-403.158630	-11.250374
5776.333333	-403.189758	-11.273854
5776.400000	-403.147797	-11.257347
5776.466667	-403.169983	-11.266088
5776.533333	-403.152832	-11.223281
5776.600000	-403.192596	-11.226716
5776.666667	-403.148010	-11.229938
5776.733333	-403.209747	-11.214040
5776.800000	-403.201233	-11.218131
5776.866667	-403.209625	-11.205859
5776.933333	-403.203644	-11.147547
5777.000000	-403.197845	-11.136089
5777.066667	-403.194153	-11.189988
5777.133333	-403.209106	-11.231830
5777.200000	-403.228638	-11.202359
5777.266667	-403.244415	-11.213427
5777.333333	-403.193420	-11.164966
5777.400000	-403.191193	-11.187383
5777.466667	-403.162903	-11.197318
5777.533333	-403.176849	-11.220757
5777.600000	-403.171326	-11.202564
5777.666667	-403.161163	-11.256720
5777.733333	-403.158813	-11.248267
5777.800000	-403.130920	-11.216193
5777.866667	-403.152466	-11.297752
5777.933333	-403.143433	-11.276924
5778.000000	-403.148071	-11.304985
5778.066667	-403.163208	-11.291839
5778.133333	-403.130157	-11.313179
5778.200000	-403.156647	-11.328091
5778.266667	-403.120178	-11.294368
5778.333333	-403.114197	-11.299805
5778.400000	-403.139587	-11.309183
5778.466667	-403.128021	-11.278376
5778.533333	-403.142120	-11.280439
5778.600000	-403.133606	-11.258012
5778.666667	-403.135345	-11.276994
5778.733333	-403.130615	-11.246986
5778.800000	-403.134094	-11.255115
5778.866667	-403.147675	-11.211490
5778.933333	-403.148132	-11.188710
5779.000000	-403.157593	-11.206694
5779.066667	-403.196136	-11.166851
5779.133333	-403.173035	-11.207300
5779.200000	-403.180054	-11.182973
5779.266667	-403.138733	-11.138678
5779.333333	-403.186310	-11.170987
5779.400000	-403.176239	-11.176352
5779.466667	-403.155090	-11.155536
5779.533333	-403.182953	-11.228069
5779.600000	-403.170013	-11.165088
5779.666667	-403.117920	-11.224669
5779.733333	-403.138519	-11.248110
5779.800000	-403.161285	-11.228599
5779.866667	-403.129578	-11.228418
5779.933333	-403.155396	-11.296112
5780.000000	-403.094116	-11.251026
5780.066667	-403.040100	-11.246775
5780.133333	-403.104736	-11.288013
5780.200000	-403.086884	-11.284612
5780.266667	-403.105560	-11.291413
5780.333333	-403.082184	-11.282550
5780.400000	-403.092712	-11.284595
5780.466667	-403.081635	-11.285469
5780.533333	-403.058960	-11.319270
5780.600000	-403.088348	-11.275607
5780.666667	-403.065979	-11.262220
5780.733333	-403.108643	-11.259181
5780.800000	-403.072266	-11.220672
5780.866667	-403.065948	-11.206625
5780.933333	-403.104309	-11.193469
5781.000000	-403.077942	-11.155797
5781.066667	-403.084503	-11.210810
5781.133333	-403.118469	-11.200959
5781.200000	-403.088409	-11.183525
5781.266667	-403.109802	-11.146069
5781.333333	-403.110870	-11.154782
5781.400000	-403.038940	-11.110516
5781.466667	-403.077362	-11.143538
5781.533333	-403.059784	-11.145418
5781.600000	-403.069824	-11.148052
5781.666667	-403.057495	-11.164505
5781.733333	-403.082367	-11.190229
5781.800000	-403.075226	-11.211861
5781.866667	-403.038544	-11.167229
5781.933333	-403.071167	-11.223214
5782.000000	-403.053101	-11.192922
5782.066667	-403.039124	-11.258986
5782.133333	-403.001770	-11.265119
5782.200000	-403.032623	-11.300309
5782.266667	-402.967438	-11.259452
5782.333333	-403.010803	-11.269913
5782.400000	-402.977570	-11.223214
5782.466667	-402.983795	-11.235832
5782.533333	-402.956879	-11.277216
5782.600000	-402.963593	-11.257707
5782.666667	-402.956787	-11.231118
5782.733333	-402.921844	-11.222697
5782.800000	-402.976318	-11.230693
5782.866667	-402.950439	-11.227027
5782.933333	-402.943207	-11.183136
5783.000000	-402.967010	-11.204800
5783.066667	-402.906250	-11.139647
5783.133333	-402.927948	-11.128133
5783.200000	-402.927673	-11.125892
5783.266667	-402.948273	-11.134352
5783.333333	-402.927490	-11.104582
5783.400000	-402.920135	-11.094104
5783.466667	-402.917358	-11.106079
5783.533333	-402.941742	-11.110055
5783.600000	-402.908051	-11.104305
5783.666667	-402.928802	-11.072150
5783.733333	-402.915192	-11.083351
5783.800000	-402.897186	-11.147547
5783.866667	-402.916992	-11.130446
5783.933333	-402.869720	-11.122025
5784.000000	-402.914673	-11.189677
5784.066667	-402.884430	-11.170987
5784.133333	-402.873169	-11.243889
5784.200000	-402.866913	-11.241609
5784.266667	-402.876862	-11.247412
5784.333333	-402.880310	-11.216973
5784.400000	-402.875153	-11.254116
5784.466667	-402.854279	-11.269887
5784.533333	-402.846802	-11.274913
5784.600000	-402.856110	-11.298102
5784.666667	-402.838257	-11.225384
5784.733333	-402.830902	-11.293104
5784.800000	-402.825958	-11.184843
5784.866667	-402.856781	-11.238860
5784.933333	-402.868103	-11.199309
5785.000000	-402.833405	-11.219837
5785.066667	-402.839630	-11.165333
5785.133333	-402.840179	-11.187881
5785.200000	-402.855408	-11.165483
5785.266667	-402.830841	-11.175895
5785.333333	-402.820343	-11.154891
5785.400000	-402.849915	-11.173935
5785.466667	-402.820587	-11.136725
5785.533333	-402.864319	-11.124448
5785.600000	-402.825195	-11.125710
5785.666667	-402.846375	-11.106524
5785.733333	-402.833466	-11.155828
5785.800000	-402.817200	-11.138678
5785.866667	-402.833649	-11.123786
5785.933333	-402.835297	-11.188375
5786.000000	-402.823181	-11.160245
5786.066667	-402.797974	-11.156693
5786.133333	-402.794922	-11.198048
5786.200000	-402.797028	-11.237160
5786.266667	-402.793427	-11.265012
5786.333333	-402.801270	-11.234407
5786.400000	-402.800262	-11.241422
5786.466667	-402.802948	-11.245040
5786.533333	-402.791107	-11.242139
5786.600000	-402.767853	-11.271925
5786.666667	-402.779816	-11.256672
5786.733333	-402.798828	-11.257629
5786.800000	-402.770264	-11.326407
5786.866667	-402.773682	-11.290999
5786.933333	-402.773254	-11.237511
5787.000000	-402.782562	-11.226501
5787.066667	-402.763702	-11.220925
5787.133333	-402.771973	-11.251930
5787.200000	-402.776550	-11.222837
5787.266667	-402.780029	-11.197542
5787.333333	-402.784027	-11.205178
5787.400000	-402.754761	-11.166045
5787.466667	-402.795227	-11.164651
5787.533333	-402.763824	-11.162837
5787.600000	-402.761993	-11.155507
5787.666667	-402.773651	-11.171168
5787.733333	-402.763733	-11.147177
5787.800000	-402.748779	-11.130000
5787.866667	-402.756958	-11.139710
5787.933333	-402.758087	-11.156913
5788.000000	-402.763794	-11.176796
5788.066667	-402.748199	-11.234261
5788.133333	-402.738922	-11.216953
5788.200000	-402.734039	-11.246679
5788.266667	-402.744598	-11.247202
5788.333333	-402.747192	-11.240648
5788.400000	-402.715942	-11.231159
5788.466667	-402.722931	-11.280645
5788.533333	-402.764801	-11.319391
5788.600000	-402.708130	-11.228389
5788.666667	-402.719238	-11.291413
5788.733333	-402.715302	-11.283526
5788.800000	-402.714783	-11.303023
5788.866667	-402.725006	-11.304667
5788.933333	-402.733582	-11.305943
5789.000000	-402.683167	-11.281888
5789.066667	-402.697662	-11.229705
5789.133333	-402.703674	-11.248856
5789.200000	-402.686829	-11.257907
5789.266667	-402.692078	-11.255713
5789.333333	-402.689514	-11.273667
5789.400000	-402.662537	-11.222999
5789.466667	-402.672333	-11.214886
5789.533333	-402.675568	-11.241832
5789.600000	-402.686981	-11.214305
5789.666667	-402.692993	-11.236552
5789.733333	-402.652985	-11.197653
5789.800000	-402.688232	-11.164854
5789.866667	-402.645111	-11.147949
5789.933333	-402.637085	-11.157443
5790.000000	-402.651520	-11.157269
5790.066667	-402.650513	-11.208071
5790.133333	-402.667236	-11.231572
5790.200000	-402.645294	-11.169351
5790.266667	-402.625549	-11.199077
5790.333333	-402.603271	-11.163215
5790.400000	-402.652557	-11.223186
5790.466667	-402.623566	-11.250316
5790.533333	-402.629700	-11.257946
5790.600000	-402.646790	-11.324170
5790.666667	-402.604034	-11.295172
5790.733333	-402.595856	-11.262146
5790.800000	-402.599945	-11.274886
5790.866667	-402.579987	-11.253222
5790.933333	-402.560944	-11.297633
5791.000000	-402.574585	-11.278544
5791.066667	-402.545746	-11.235569
5791.133333	-402.524872	-11.191900
5791.200000	-402.508301	-11.226730
5791.266667	-402.473999	-11.220758
5791.333333	-402.493652	-11.168536
5791.400000	-402.461029	-11.168499
5791.466667	-402.461212	-11.221677
5791.533333	-402.451416	-11.131290
5791.600000	-402.466644	-11.176315
5791.666667	-402.481537	-11.090319
5791.733333	-402.467651	-11.134823
5791.800000	-402.431366	-11.132046
5791.866667	-402.476562	-11.136224
5791.933333	-402.439789	-11.141154
5792.000000	-402.464661	-11.129634
5792.066667	-402.445709	-11.117270
5792.133333	-402.419769	-11.155570
5792.200000	-402.452209	-11.115196
5792.266667	-402.394104	-11.129793
5792.333333	-402.395813	-11.206880
5792.400000	-402.396729	-11.167323
5792.466667	-402.423096	-11.192529
5792.533333	-402.404480	-11.188497
5792.600000	-402.416077	-11.227372
5792.666667	-402.388306	-11.172261
5792.733333	-402.391418	-11.220842
5792.800000	-402.377991	-11.235325
5792.866667	-402.368347	-11.246467
5792.933333	-402.355804	-11.167516
5793.000000	-402.357666	-11.235457
5793.066667	-402.368317	-11.253471
5793.133333	-402.372284	-11.224600
5793.200000	-402.370178	-11.203828
5793.266667	-402.352142	-11.196704
5793.333333	-402.336731	-11.229560
5793.400000	-402.330627	-11.209403
5793.466667	-402.341278	-11.214252
5793.533333	-402.329254	-11.186183
5793.600000	-402.325500	-11.225042
5793.666667	-402.270935	-11.179696
5793.733333	-402.344299	-11.218554
5793.800000	-402.317688	-11.180721
5793.866667	-402.339539	-11.208883
5793.933333	-402.339539	-11.215258
5794.000000	-402.301025	-11.202564
5794.066667	-402.269714	-11.162525
5794.133333	-402.306885	-11.163567
5794.200000	-402.256592	-11.206241
5794.266667	-402.248230	-11.219334
5794.333333	-402.272430	-11.231007
5794.400000	-402.263275	-11.162798
5794.466667	-402.239838	-11.192094
5794.533333	-402.262482	-11.197739
5794.600000	-402.247406	-11.198710
5794.666667	-402.254089	-11.165453
5794.733333	-402.225220	-11.216489
5794.800000	-402.220367	-11.192680
5794.866667	-402.222137	-11.181405
5794.933333	-402.191650	-11.194189
5795.000000	-402.173004	-11.141449
5795.066667	-402.173004	-11.141449
5795.133333	-402.178741	-11.153910
5795.200000	-402.164703	-11.159669
5795.266667	-402.195618	-11.199730
5795.333333	-402.162323	-11.129652
5795.400000	-402.159912	-11.138311
5795.466667	-402.159912	-11.138311
5795.533333	-402.142487	-11.161347
5795.600000	-402.114624	-11.147750
5795.666667	-402.136322	-11.145056
5795.733333	-402.127594	-11.169157
5795.800000	-402.116638	-11.124740
5795.866667	-402.116638	-11.124740
5795.933333	-402.110413	-11.081380
5796.000000	-402.120941	-11.143510
5796.066667	-402.117462	-11.180779
5796.133333	-402.073181	-11.144072
5796.200000	-402.064667	-11.138552
5796.266667	-402.078278	-11.169579
5796.333333	-402.078278	-11.169579
5796.400000	-402.063812	-11.150016
5796.466667	-402.067108	-11.107406
5796.533333	-402.046936	-11.195257
5796.600000	-402.066101	-11.140554
5796.666667	-402.014465	-11.145200
5796.733333	-402.014465	-11.145200
5796.800000	-401.988678	-11.116887
5796.866667	-401.971191	-11.128133
5796.933333	-401.963470	-11.127145
5797.000000	-401.924957	-11.138735
5797.066667	-401.904602	-11.154592
5797.133333	-401.904602	-11.154592
5797.200000	-401.906708	-11.137409
5797.266667	-401.897003	-11.167745
5797.333333	-401.916382	-11.108029
5797.400000	-401.892731	-11.159833
5797.466667	-401.883209	-11.148132
5797.533333	-401.887756	-11.134962
5797.600000	-401.887756	-11.134962
5797.666667	-401.917267	-11.169709
5797.733333	-401.860016	-11.201012
5797.800000	-401.855011	-11.177155
5797.866667	-401.869812	-11.192513
5797.933333	-401.839203	-11.197542
5798.000000	-401.839203	-11.197542
5798.066667	-401.843964	-11.176861
5798.133333	-401.843750	-11.140788
5798.200000	-401.799408	-11.179941
5798.266667	-401.815216	-11.151697
5798.333333	-401.792664	-11.156116
5798.400000	-401.792664	-11.156116
5798.466667	-401.744080	-11.165659
5798.533333	-401.715515	-11.157800
5798.600000	-401.690308	-11.128843
5798.666667	-401.724213	-11.163064
5798.733333	-401.696777	-11.127662
5798.800000	-401.696777	-11.127662
5798.866667	-401.687531	-11.115610
5798.933333	-401.664917	-11.167459
5799.000000	-401.688995	-11.112038
5799.066667	-401.653900	-11.218195
5799.133333	-401.673615	-11.178632
5799.200000	-401.662384	-11.138161
5799.266667	-401.662384	-11.138161
5799.333333	-401.624542	-11.178649
5799.400000	-401.580048	-11.130608
5799.466667	-401.585663	-11.136357
5799.533333	-401.574921	-11.158471
5799.600000	-401.546326	-11.078039
5799.666667	-401.546326	-11.078039
5799.733333	-401.539215	-11.100804
5799.800000	-401.545074	-11.029267
5799.866667	-401.546326	-11.123486
5799.933333	-401.519501	-11.074174
5800.000000	-401.542572	-11.084609
5800.066667	-401.542572	-11.084609
5800.133333	-401.520416	-11.084710
5800.200000	-401.535919	-11.062140
5800.266667	-401.495483	-11.058537
5800.333333	-401.502930	-11.067437
5800.400000	-401.491394	-11.081697
5800.466667	-401.488159	-11.070620
5800.533333	-401.488159	-11.070620
5800.600000	-401.455444	-11.053834
5800.666667	-401.440918	-11.081865
5800.733333	-401.436707	-11.102368
5800.800000	-401.429840	-11.072014
5800.866667	-401.397461	-11.114778
5800.933333	-401.397461	-11.114778
5801.000000	-401.363922	-11.133393
5801.066667	-401.367493	-11.189249
5801.133333	-401.319336	-11.157866
5801.200000	-401.337708	-11.146409
5801.266667	-401.291595	-11.189184
5801.333333	-401.291595	-11.189184
5801.400000	-401.213287	-11.115604
5801.466667	-401.238464	-11.146144
5801.533333	-401.247375	-11.147120
5801.600000	-401.198029	-11.135005
5801.666667	-401.196777	-11.193814
5801.733333	-401.192200	-11.127691
5801.800000	-401.145630	-11.116016
5801.866667	-401.134705	-11.122692
5801.933333	-401.168396	-11.122710
5802.000000	-401.160950	-11.070201
5802.066667	-401.147919	-11.084292
5802.133333	-401.079437	-11.057143
5802.200000	-401.142914	-11.047128
5802.266667	-401.062164	-11.052691
5802.333333	-401.091705	-11.044456
5802.400000	-401.070557	-11.052939
5802.466667	-401.073761	-11.070030
5802.533333	-401.027466	-11.038895
5802.600000	-401.044647	-11.117499
5802.666667	-401.040894	-11.091098
5802.733333	-401.051208	-11.076612
5802.800000	-400.981171	-11.060246
5802.866667	-401.016144	-11.068778
5802.933333	-400.955170	-11.086215
5803.000000	-400.911652	-11.022936
5803.066667	-400.870300	-11.081290
5803.133333	-400.848511	-11.027294
5803.200000	-400.871124	-11.064965
5803.266667	-400.823029	-11.080952
5803.333333	-400.869476	-11.117499
5803.400000	-400.779358	-11.052287
5803.466667	-400.806854	-11.033124
5803.533333	-400.767822	-11.071757
5803.600000	-400.782471	-11.081539
5803.666667	-400.772430	-11.081957
5803.733333	-400.741119	-11.102608
5803.800000	-400.773926	-11.103946
5803.866667	-400.730316	-11.058387
5803.933333	-400.729645	-11.071553
5804.000000	-400.719696	-11.016003
5804.066667	-400.742157	-11.042829
5804.133333	-400.752289	-11.051338
5804.200000	-400.724243	-11.040080
5804.266667	-400.730316	-11.052595
5804.333333	-400.702698	-11.006891
5804.400000	-400.718750	-10.988965
5804.466667	-400.690460	-10.993574
5804.533333	-400.689178	-11.003350
5804.600000	-400.691895	-11.015821
5804.666667	-400.653503	-11.011931
5804.733333	-400.644379	-11.014996
5804.800000	-400.622864	-11.043246
5804.866667	-400.591370	-11.009783
5804.933333	-400.601593	-11.040840
5805.000000	-400.572174	-11.045717
5805.066667	-400.503113	-11.029992
5805.133333	-400.496033	-11.014996
5805.200000	-400.444275	-11.055761
5805.266667	-400.435730	-11.026562
5805.333333	-400.424164	-11.016319
5805.400000	-400.398895	-10.991944
5805.466667	-400.354248	-11.010713
5805.533333	-400.372742	-11.005629
5805.600000	-400.331055	-11.017939
5805.666667	-400.327789	-11.042535
5805.733333	-400.295959	-11.026052
5805.800000	-400.290039	-11.005025
5805.866667	-400.268707	-10.981365
5805.933333	-400.280426	-11.022980
5806.000000	-400.235870	-10.957841
5806.066667	-400.274109	-11.015552
5806.133333	-400.253021	-10.938557
5806.200000	-400.235657	-10.977445
5806.266667	-400.172394	-10.966606
5806.333333	-400.212494	-10.973639
5806.400000	-400.183258	-11.010751
5806.466667	-400.195221	-11.006930
5806.533333	-400.156555	-11.002860
5806.600000	-400.155396	-10.985931
5806.666667	-400.137817	-10.960202
5806.733333	-400.144348	-10.997774
5806.800000	-400.129730	-10.949101
5806.866667	-400.116577	-10.982664
5806.933333	-400.088654	-11.018472
5807.000000	-400.022644	-10.977492
5807.066667	-400.035919	-10.963326
5807.133333	-400.002319	-11.032297
5807.200000	-399.952637	-10.985876
5807.266667	-399.946594	-11.056311
5807.333333	-399.923340	-11.042121
5807.400000	-399.862030	-11.079123
5807.466667	-399.874817	-11.065519
5807.533333	-399.846527	-11.051768
5807.600000	-399.815887	-11.011106
5807.666667	-399.801361	-11.030766
5807.733333	-399.774994	-11.069582
5807.800000	-399.727661	-11.042121
5807.866667	-399.768036	-11.042970
5807.933333	-399.719421	-11.039728
5808.000000	-399.686676	-11.027799
5808.066667	-399.695923	-11.014051
5808.133333	-399.701263	-11.007809
5808.200000	-399.677917	-11.013493
5808.266667	-399.684204	-11.048697
5808.333333	-399.657990	-10.995942
5808.400000	-399.630280	-10.985252
5808.466667	-399.599762	-10.978942
5808.533333	-399.627228	-10.941021
5808.600000	-399.632843	-10.969473
5808.666667	-399.616180	-10.949312
5808.733333	-399.613678	-10.978084
5808.800000	-399.599792	-10.951840
5808.866667	-399.595459	-11.001996
5808.933333	-399.572418	-10.924112
5809.000000	-399.579712	-10.986240
5809.066667	-399.535095	-11.005291
5809.133333	-399.545990	-10.951810
5809.200000	-399.520813	-10.931860
5809.266667	-399.478271	-10.973926
5809.333333	-399.462036	-10.963107
5809.400000	-399.437500	-10.963464
5809.466667	-399.366089	-10.982145
5809.533333	-399.347900	-11.020683
5809.600000	-399.327484	-11.005392
5809.666667	-399.326813	-10.997777
5809.733333	-399.305878	-11.031545
5809.800000	-399.282532	-11.031458
5809.866667	-399.250732	-10.978541
5809.933333	-399.234009	-11.008303
5810.000000	-399.221222	-10.952176
5810.066667	-399.223602	-10.958708
5810.133333	-399.217529	-11.000512
5810.200000	-399.231049	-10.976304
5810.266667	-399.217133	-10.971274
5810.333333	-399.174622	-10.941816
5810.400000	-399.165558	-10.922290
5810.466667	-399.198517	-10.905540
5810.533333	-399.176697	-10.915227
5810.600000	-399.155243	-10.881007
5810.666667	-399.138397	-10.885233
5810.733333	-399.088409	-10.849612
5810.800000	-399.066620	-10.846251
5810.866667	-399.058563	-10.877429
5810.933333	-399.003693	-10.853384
5811.000000	-399.010834	-10.862615
5811.066667	-398.976410	-10.907873
5811.133333	-399.001099	-10.864577
5811.200000	-398.984039	-10.846706
5811.266667	-398.958679	-10.839355
5811.333333	-398.921814	-10.849310
5811.400000	-398.929016	-10.908181
5811.466667	-398.904449	-10.904101
5811.533333	-398.901367	-10.905050
5811.600000	-398.907349	-10.954709
5811.666667	-398.854004	-10.888500
5811.733333	-398.858154	-10.882149
5811.800000	-398.848267	-10.890044
5811.866667	-398.842072	-10.893361
5811.933333	-398.857483	-10.912175
5812.000000	-398.846497	-10.913531
5812.066667	-398.827911	-10.903604
5812.133333	-398.819458	-10.862083
5812.200000	-398.752136	-10.813872
5812.266667	-398.772552	-10.925657
5812.333333	-398.747375	-10.866915
5812.400000	-398.735901	-10.826172
5812.466667	-398.759827	-10.885319
5812.533333	-398.730103	-10.822185
5812.600000	-398.706207	-10.858839
5812.666667	-398.696198	-10.793139
5812.733333	-398.680725	-10.779918
5812.800000	-398.645874	-10.774224
5812.866667	-398.645935	-10.733726
5812.933333	-398.635193	-10.751627
5813.000000	-398.601868	-10.698833
5813.066667	-398.611115	-10.731956
5813.133333	-398.607361	-10.706381
5813.200000	-398.554504	-10.718744
5813.266667	-398.574158	-10.725105
5813.333333	-398.551178	-10.682198
5813.400000	-398.550781	-10.711364
5813.466667	-398.462860	-10.651367
5813.533333	-398.485626	-10.713109
5813.600000	-398.507385	-10.749616
5813.666667	-398.430450	-10.692098
5813.733333	-398.444336	-10.696931
5813.800000	-398.441742	-10.707203
5813.866667	-398.408875	-10.726759
5813.933333	-398.367645	-10.795574
5814.000000	-398.373505	-10.737103
5814.066667	-398.358429	-10.725503
5814.133333	-398.359192	-10.787813
5814.200000	-398.318970	-10.782058
5814.266667	-398.284119	-10.767793
5814.333333	-398.273804	-10.751950
5814.400000	-398.274109	-10.663788
5814.466667	-398.287384	-10.660892
5814.533333	-398.280609	-10.660271
5814.600000	-398.238037	-10.645485
5814.666667	-398.268066	-10.643250
5814.733333	-398.271393	-10.653476
5814.800000	-398.240173	-10.685374
5814.866667	-398.216675	-10.580695
5814.933333	-398.282990	-10.620482
5815.000000	-398.254486	-10.701782
5815.066667	-398.212616	-10.648290
5815.133333	-398.203186	-10.643171
5815.200000	-398.209564	-10.667878
5815.266667	-398.189606	-10.623157
5815.333333	-398.175323	-10.628742
5815.400000	-398.188080	-10.654477
5815.466667	-398.142365	-10.711293
5815.533333	-398.123199	-10.703177
5815.600000	-398.098663	-10.689606
5815.666667	-398.095093	-10.684703
5815.733333	-398.068024	-10.688652
5815.800000	-398.079010	-10.697352
5815.866667	-398.018921	-10.740261
5815.933333	-398.063080	-10.802255
5816.000000	-398.018494	-10.747904
5816.066667	-398.013794	-10.756382
5816.133333	-397.981934	-10.782543
5816.200000	-397.991058	-10.777553
5816.266667	-397.897369	-10.733909
5816.333333	-397.932831	-10.716737
5816.400000	-397.906860	-10.746675
5816.466667	-397.897003	-10.743524
5816.533333	-397.867920	-10.682789
5816.600000	-397.838593	-10.696450
5816.666667	-397.826141	-10.655670
5816.733333	-397.851013	-10.644652
5816.800000	-397.806152	-10.626530
5816.866667	-397.792236	-10.644080
5816.933333	-397.794922	-10.633661
5817.000000	-397.789246	-10.639555
5817.066667	-397.742950	-10.628679
5817.133333	-397.762512	-10.579668
5817.200000	-397.751678	-10.610966
5817.266667	-397.712158	-10.569308
5817.333333	-397.714478	-10.562548
5817.400000	-397.690918	-10.594285
5817.466667	-397.675446	-10.587411
5817.533333	-397.655304	-10.536394
5817.600000	-397.632812	-10.580092
5817.666667	-397.637177	-10.638040
5817.733333	-397.561890	-10.586560
5817.800000	-397.599854	-10.590457
5817.866667	-397.607697	-10.635799
5817.933333	-397.613556	-10.635048
5818.000000	-397.566559	-10.632401
5818.066667	-397.492157	-10.531852
5818.133333	-397.525299	-10.617113
5818.200000	-397.496277	-10.607835
5818.266667	-397.518372	-10.676188
5818.333333	-397.467102	-10.560187
5818.400000	-397.471985	-10.646896
5818.466667	-397.423584	-10.565857
5818.533333	-397.444122	-10.605518
5818.600000	-397.449249	-10.581837
5818.666667	-397.383850	-10.559578
5818.733333	-397.397858	-10.634459
5818.800000	-397.386841	-10.612250
5818.866667	-397.392853	-10.595179
5818.933333	-397.398987	-10.621504
5819.000000	-397.354095	-10.601468
5819.066667	-397.345123	-10.567397
5819.133333	-397.373779	-10.608314
5819.200000	-397.362488	-10.590416
5819.266667	-397.268066	-10.554889
5819.333333	-397.312347	-10.572030
5819.400000	-397.300720	-10.592139
5819.466667	-397.295624	-10.551014
5819.533333	-397.308929	-10.644936
5819.600000	-397.277435	-10.606131
5819.666667	-397.278870	-10.556974
5819.733333	-397.250122	-10.597206
5819.800000	-397.232483	-10.576256
5819.866667	-397.209412	-10.586987
5819.933333	-397.241974	-10.591213
5820.000000	-397.191345	-10.658525
