120.066667	-356.470093	-6.244544
120.133333	-356.434845	-6.234236
120.200000	-356.399841	-6.250882
120.266667	-356.405426	-6.235756
120.333333	-356.362122	-6.198754
120.400000	-356.392456	-6.251728
120.466667	-356.316956	-6.208964
120.533333	-356.342010	-6.111826
120.600000	-356.302643	-6.271135
120.666667	-356.302643	-6.271135
120.733333	-356.262360	-6.263041
120.800000	-356.203857	-6.261062
120.866667	-356.164581	-6.209176
120.933333	-356.132904	-6.205477
121.000000	-356.151062	-6.237523
121.066667	-356.138824	-6.170392
121.133333	-356.138824	-6.170392
121.200000	-356.104553	-6.191178
121.266667	-356.080627	-6.244987
121.333333	-356.050598	-6.175311
121.400000	-356.031738	-6.134725
121.466667	-355.998657	-6.133803
121.533333	-356.002716	-6.064765
121.600000	-355.965607	-6.109386
121.666667	-355.876892	-5.990257
121.733333	-355.912872	-6.097658
121.800000	-355.809387	-6.065159
121.866667	-355.746643	-6.039239
121.933333	-355.746643	-6.039239
122.000000	-355.747070	-6.000531
122.066667	-355.732635	-6.043162
122.133333	-355.746124	-6.054380
122.200000	-355.724335	-6.108770
122.266667	-355.734253	-6.120249
122.333333	-355.642365	-6.130844
122.400000	-355.628601	-6.067111
122.466667	-355.631348	-6.131699
122.533333	-355.581573	-6.121239
122.600000	-355.580811	-6.219591
122.666667	-355.466125	-6.093913
122.733333	-355.459991	-6.106534
122.800000	-355.459991	-6.106534
122.866667	-355.410675	-6.055444
122.933333	-355.395386	-6.050193
123.000000	-355.383759	-6.117912
123.066667	-355.364532	-6.069069
123.133333	-355.327972	-6.038423
123.200000	-355.327972	-6.038423
123.266667	-355.307953	-6.041891
123.333333	-355.335205	-6.118482
123.400000	-355.309845	-6.123844
123.466667	-355.263214	-6.050359
123.533333	-355.248962	-6.110391
123.600000	-355.248962	-6.110391
123.666667	-355.183075	-6.075544
123.733333	-355.167969	-6.088520
123.800000	-355.153839	-6.072010
123.866667	-355.169189	-6.142273
123.933333	-355.115387	-6.163589
124.000000	-355.037567	-6.018763
124.066667	-355.037567	-6.018763
124.133333	-354.983917	-6.055792
124.200000	-354.906342	-6.080971
124.266667	-354.838684	-6.160263
124.333333	-354.850128	-6.133441
124.400000	-354.805603	-6.098781
124.466667	-354.805603	-6.098781
124.533333	-354.769745	-6.041947
124.600000	-354.791351	-6.109787
124.666667	-354.762360	-6.087185
124.733333	-354.684448	-6.116073
124.800000	-354.692291	-6.142573
124.866667	-354.692291	-6.142573
124.933333	-354.677795	-6.098539
125.000000	-354.599457	-6.038639
125.066667	-354.560486	-6.111887
125.133333	-354.548798	-6.175985
125.200000	-354.515320	-6.176807
125.266667	-354.497589	-6.182288
125.333333	-354.497589	-6.182288
125.400000	-354.524780	-6.202849
125.466667	-354.505890	-6.228687
125.533333	-354.458038	-6.066664
125.600000	-354.446014	-6.054313
125.666667	-354.449615	-6.045815
125.733333	-354.449615	-6.045815
125.800000	-354.439636	-6.001259
125.866667	-354.393127	-6.017009
125.933333	-354.372253	-5.990081
126.000000	-354.348145	-5.953153
126.066667	-354.309357	-6.013321
126.133333	-354.309357	-6.013321
126.200000	-354.350647	-6.040507
126.266667	-354.244110	-6.081196
126.333333	-354.249542	-6.108231
126.400000	-354.175934	-6.039883
126.466667	-354.171692	-6.169856
126.533333	-354.171692	-6.169856
126.600000	-354.096100	-6.151808
126.666667	-354.087585	-6.150067
126.733333	-354.016571	-6.070430
126.800000	-353.994629	-6.113611
126.866667	-354.004425	-6.052651
126.933333	-353.972260	-6.092529
127.000000	-353.972260	-6.092529
127.066667	-353.962097	-5.999866
127.133333	-353.908783	-6.030259
127.200000	-353.902649	-5.938571
127.266667	-353.885315	-5.957261
127.333333	-353.870117	-5.956016
127.400000	-353.870117	-5.956016
127.466667	-353.872772	-5.967363
127.533333	-353.820831	-6.035120
127.600000	-353.850128	-5.978354
127.666667	-353.761871	-5.956564
127.733333	-353.757660	-5.992171
127.800000	-353.757660	-5.992171
127.866667	-353.649384	-5.994405
127.933333	-353.698395	-5.947559
128.000000	-353.691895	-5.978960
128.066667	-353.655579	-6.004428
128.133333	-353.663666	-5.945961
128.200000	-353.658722	-5.994006
128.266667	-353.648499	-5.925614
128.333333	-353.625061	-5.953649
128.400000	-353.551025	-5.930719
128.466667	-353.547791	-5.973915
128.533333	-353.499023	-5.986217
128.600000	-353.460083	-5.960769
128.666667	-353.495026	-6.039303
128.733333	-353.491150	-5.987021
128.800000	-353.456085	-5.948856
128.866667	-353.451263	-5.938875
128.933333	-353.439117	-5.955160
129.000000	-353.418579	-5.908685
129.066667	-353.436279	-5.935685
129.133333	-353.370453	-5.860718
129.200000	-353.424042	-5.898792
129.266667	-353.337921	-5.922645
129.333333	-353.370789	-5.922182
129.400000	-353.313721	-5.951057
129.466667	-353.317108	-5.967169
129.533333	-353.274445	-5.958228
129.600000	-353.250275	-5.928912
129.666667	-353.252167	-6.005074
129.733333	-353.235687	-5.990162
129.800000	-353.205597	-5.929427
129.866667	-353.192993	-5.999212
129.933333	-353.182770	-5.925446
130.000000	-353.151978	-6.048271
130.066667	-353.182922	-5.981808
130.133333	-353.132263	-5.919024
130.200000	-353.127106	-5.939591
130.266667	-353.077728	-5.902153
130.333333	-353.033569	-5.958961
130.400000	-353.012878	-5.890863
130.466667	-353.011292	-5.849737
130.533333	-352.980255	-5.902300
130.600000	-352.969635	-5.886879
130.666667	-352.935120	-5.818422
130.733333	-352.935211	-5.819376
130.800000	-352.900208	-5.803940
130.866667	-352.869690	-5.825882
130.933333	-352.881439	-5.716741
131.000000	-352.853394	-5.800163
131.066667	-352.807556	-5.781547
131.133333	-352.811676	-5.821164
131.200000	-352.796021	-5.804946
131.266667	-352.775299	-5.856713
131.333333	-352.745667	-5.802141
131.400000	-352.723785	-5.889056
131.466667	-352.703156	-5.866401
131.533333	-352.687592	-5.827258
131.600000	-352.648895	-5.744023
131.666667	-352.592102	-5.838610
131.733333	-352.624176	-5.807049
131.800000	-352.583435	-5.824364
131.866667	-352.570251	-5.811963
131.933333	-352.557068	-5.760789
132.000000	-352.516876	-5.698572
132.066667	-352.523071	-5.801747
132.133333	-352.511078	-5.754570
132.200000	-352.543854	-5.821662
132.266667	-352.514587	-5.803905
132.333333	-352.519348	-5.777710
132.400000	-352.509155	-5.781324
132.466667	-352.495026	-5.794559
132.533333	-352.444733	-5.811923
132.600000	-352.486755	-5.797202
132.666667	-352.403137	-5.812569
132.733333	-352.427063	-5.856414
132.800000	-352.376068	-5.869256
132.866667	-352.403503	-5.827796
132.933333	-352.332886	-5.835779
133.000000	-352.343140	-5.853178
133.066667	-352.305695	-5.895713
133.133333	-352.290863	-5.922684
133.200000	-352.290833	-5.925483
133.266667	-352.261200	-5.902641
133.333333	-352.281830	-5.919037
133.400000	-352.255737	-5.861773
133.466667	-352.271362	-5.908183
133.533333	-352.262970	-5.882816
133.600000	-352.257904	-5.868613
133.666667	-352.257935	-5.888800
133.733333	-352.254120	-5.780468
133.800000	-352.278290	-5.845834
133.866667	-352.228516	-5.826028
133.933333	-352.252472	-5.896724
134.000000	-352.218811	-5.882480
134.066667	-352.187042	-5.874875
134.133333	-352.184448	-5.892738
134.200000	-352.186218	-5.836330
134.266667	-352.095612	-5.923640
134.333333	-352.108612	-5.853971
134.400000	-352.083038	-5.883775
134.466667	-352.045929	-5.893863
134.533333	-352.029968	-5.886118
134.600000	-351.995758	-5.836499
134.666667	-351.992279	-5.890475
134.733333	-351.979553	-5.912860
134.800000	-352.003296	-5.818694
134.866667	-352.016846	-5.849438
134.933333	-351.967255	-5.853810
135.000000	-351.979797	-5.878713
135.066667	-351.963562	-5.806067
135.133333	-351.930511	-5.843206
135.200000	-351.915833	-5.845555
135.266667	-351.902222	-5.885586
135.333333	-351.890167	-5.826691
135.400000	-351.847565	-5.831272
135.466667	-351.912262	-5.801905
135.533333	-351.871796	-5.782911
135.600000	-351.884491	-5.778147
135.666667	-351.910583	-5.887354
135.733333	-351.896118	-5.878496
135.800000	-351.873688	-5.838491
135.866667	-351.889648	-5.850745
135.933333	-351.792694	-5.846294
136.000000	-351.833923	-5.831804
136.066667	-351.842834	-5.838755
136.133333	-351.811096	-5.847475
136.200000	-351.865082	-5.856267
136.266667	-351.818085	-5.887820
136.333333	-351.794586	-5.806154
136.400000	-351.787994	-5.751311
136.466667	-351.708374	-5.725219
136.533333	-351.695221	-5.757487
136.600000	-351.681976	-5.732081
136.666667	-351.667877	-5.802285
136.733333	-351.682159	-5.783492
136.800000	-351.646881	-5.782031
136.866667	-351.649414	-5.800418
136.933333	-351.613251	-5.822612
137.000000	-351.584717	-5.784546
137.066667	-351.529022	-5.815789
137.133333	-351.522278	-5.828317
137.200000	-351.533295	-5.787610
137.266667	-351.498047	-5.770914
137.333333	-351.478790	-5.745427
137.400000	-351.460846	-5.731932
137.466667	-351.446503	-5.743156
137.533333	-351.444916	-5.767469
137.600000	-351.462921	-5.767182
137.666667	-351.460388	-5.725550
137.733333	-351.428925	-5.708408
137.800000	-351.454529	-5.760233
137.866667	-351.436981	-5.795750
137.933333	-351.440491	-5.739399
138.000000	-351.434784	-5.789005
138.066667	-351.466431	-5.815495
138.133333	-351.444916	-5.789104
138.200000	-351.433563	-5.778896
138.266667	-351.395660	-5.789711
138.333333	-351.415405	-5.727892
138.400000	-351.423920	-5.765767
138.466667	-351.362335	-5.744164
138.533333	-351.354889	-5.731622
138.600000	-351.322693	-5.772414
138.666667	-351.339722	-5.822613
138.733333	-351.303894	-5.787993
138.800000	-351.326141	-5.744749
138.866667	-351.279358	-5.714424
138.933333	-351.275208	-5.717751
139.000000	-351.265991	-5.723561
139.066667	-351.238129	-5.690134
139.133333	-351.240356	-5.690604
139.200000	-351.184998	-5.682883
139.266667	-351.177521	-5.669357
139.333333	-351.186157	-5.704360
139.400000	-351.170807	-5.642570
139.466667	-351.207916	-5.720140
139.533333	-351.160004	-5.724737
139.600000	-351.185028	-5.689853
139.666667	-351.166016	-5.739201
139.733333	-351.157562	-5.693189
139.800000	-351.204590	-5.793146
139.866667	-351.157471	-5.722320
139.933333	-351.168762	-5.761663
140.000000	-351.177094	-5.681024
140.066667	-351.182404	-5.840418
140.133333	-351.093323	-5.668685
140.200000	-351.177063	-5.773503
140.266667	-351.150726	-5.737646
140.333333	-351.108185	-5.728472
140.400000	-351.107941	-5.715834
140.466667	-351.123993	-5.683870
140.533333	-351.121979	-5.730978
140.600000	-351.134644	-5.727378
140.666667	-351.102509	-5.728472
140.733333	-351.088287	-5.725068
140.800000	-351.076813	-5.730506
140.866667	-351.127716	-5.775204
140.933333	-351.039978	-5.705920
141.000000	-351.041443	-5.801407
141.066667	-351.046265	-5.791967
141.133333	-351.042053	-5.837231
141.200000	-350.993835	-5.760377
141.266667	-350.982391	-5.777009
141.333333	-351.023560	-5.761022
141.400000	-351.005737	-5.748465
141.466667	-350.991577	-5.683116
141.533333	-351.017578	-5.780762
141.600000	-350.927155	-5.734631
141.666667	-350.965698	-5.750268
141.733333	-350.942474	-5.780053
141.800000	-350.936554	-5.722345
141.866667	-350.901947	-5.719992
141.933333	-350.921692	-5.701655
142.000000	-350.882050	-5.697653
142.066667	-350.930939	-5.712705
142.133333	-350.911682	-5.708479
142.200000	-350.861176	-5.690610
142.266667	-350.920105	-5.678508
142.333333	-350.875305	-5.708717
142.400000	-350.859680	-5.660212
142.466667	-350.873291	-5.685682
142.533333	-350.850769	-5.650407
142.600000	-350.829163	-5.691786
142.666667	-350.854645	-5.680301
142.733333	-350.829865	-5.719728
142.800000	-350.810272	-5.703373
142.866667	-350.812653	-5.688837
142.933333	-350.839661	-5.719480
143.000000	-350.859039	-5.672825
143.066667	-350.828308	-5.672874
143.133333	-350.803375	-5.684074
143.200000	-350.803619	-5.677442
143.266667	-350.811920	-5.690009
143.333333	-350.791229	-5.692086
143.400000	-350.827515	-5.723002
143.466667	-350.795380	-5.702488
143.533333	-350.772064	-5.742363
143.600000	-350.768250	-5.723460
143.666667	-350.755432	-5.725505
143.733333	-350.737030	-5.749157
143.800000	-350.759399	-5.690208
143.866667	-350.756256	-5.764587
143.933333	-350.755524	-5.736979
144.000000	-350.787994	-5.743915
144.066667	-350.714203	-5.741048
144.133333	-350.754028	-5.715080
144.200000	-350.743927	-5.769709
144.266667	-350.725677	-5.666149
144.333333	-350.742981	-5.756289
144.400000	-350.739532	-5.771570
144.466667	-350.720062	-5.721050
144.533333	-350.711670	-5.745584
144.600000	-350.738892	-5.668975
144.666667	-350.730011	-5.705416
144.733333	-350.714874	-5.719943
144.800000	-350.713837	-5.700920
144.866667	-350.720612	-5.649806
144.933333	-350.721222	-5.692583
145.000000	-350.739197	-5.689418
145.066667	-350.698303	-5.701640
145.133333	-350.719330	-5.701886
145.200000	-350.749115	-5.743918
145.266667	-350.716949	-5.800200
145.333333	-350.698212	-5.774770
145.400000	-350.725128	-5.740165
145.466667	-350.688934	-5.786205
145.533333	-350.693085	-5.785688
145.600000	-350.671326	-5.787874
145.666667	-350.680511	-5.733761
145.733333	-350.690216	-5.778793
145.800000	-350.663940	-5.735631
145.866667	-350.651306	-5.729735
145.933333	-350.657715	-5.763433
146.000000	-350.657196	-5.753210
146.066667	-350.680725	-5.759125
146.133333	-350.637238	-5.809031
146.200000	-350.640045	-5.727160
146.266667	-350.630768	-5.741852
146.333333	-350.659088	-5.762461
146.400000	-350.648865	-5.724986
146.466667	-350.660278	-5.671904
146.533333	-350.666779	-5.724906
146.600000	-350.649872	-5.694554
146.666667	-350.654144	-5.680636
146.733333	-350.701996	-5.747244
146.800000	-350.676331	-5.725260
146.866667	-350.649017	-5.706907
146.933333	-350.656342	-5.680576
147.000000	-350.692871	-5.743440
147.066667	-350.684662	-5.715316
147.133333	-350.688812	-5.746200
147.200000	-350.671906	-5.729614
147.266667	-350.666809	-5.753154
147.333333	-350.673157	-5.714345
147.400000	-350.679749	-5.703552
147.466667	-350.684479	-5.791913
147.533333	-350.698273	-5.810695
147.600000	-350.671021	-5.744907
147.666667	-350.640808	-5.734577
147.733333	-350.663727	-5.758273
147.800000	-350.631561	-5.727976
147.866667	-350.646973	-5.771497
147.933333	-350.686157	-5.797396
148.000000	-350.666840	-5.743046
148.066667	-350.658325	-5.782964
148.133333	-350.651886	-5.745924
148.200000	-350.668762	-5.740819
148.266667	-350.659302	-5.788138
148.333333	-350.673492	-5.714983
148.400000	-350.631287	-5.715503
148.466667	-350.684631	-5.798654
148.533333	-350.663116	-5.725975
148.600000	-350.692474	-5.692754
148.666667	-350.678528	-5.706710
148.733333	-350.668579	-5.733523
148.800000	-350.715118	-5.677172
148.866667	-350.692780	-5.683299
148.933333	-350.683075	-5.698314
149.000000	-350.701599	-5.701169
149.066667	-350.737946	-5.644750
149.133333	-350.720764	-5.612298
149.200000	-350.705322	-5.656574
149.266667	-350.724579	-5.652070
149.333333	-350.733795	-5.699478
149.400000	-350.696930	-5.714371
149.466667	-350.723297	-5.660343
149.533333	-350.726532	-5.682198
149.600000	-350.736084	-5.689657
149.666667	-350.707916	-5.696612
149.733333	-350.728363	-5.689135
149.800000	-350.741760	-5.742406
149.866667	-350.709534	-5.732485
149.933333	-350.751312	-5.711628
150.000000	-350.758698	-5.702866
150.066667	-350.723572	-5.747891
150.133333	-350.754822	-5.699257
150.200000	-350.767639	-5.766063
150.266667	-350.761688	-5.749600
150.333333	-350.737946	-5.683479
150.400000	-350.735413	-5.625435
150.466667	-350.777191	-5.720392
150.533333	-350.790253	-5.724648
150.600000	-350.768311	-5.710840
150.666667	-350.796326	-5.684737
150.733333	-350.791534	-5.728338
150.800000	-350.775055	-5.702000
150.866667	-350.797852	-5.655797
150.933333	-350.819916	-5.652669
151.000000	-350.823761	-5.616143
151.066667	-350.862152	-5.674845
151.133333	-350.848969	-5.637731
151.200000	-350.865234	-5.650492
151.266667	-350.861298	-5.656226
151.333333	-350.892517	-5.697025
151.400000	-350.888397	-5.673264
151.466667	-350.885681	-5.680580
151.533333	-350.891663	-5.692102
151.600000	-350.862244	-5.661919
151.666667	-350.877655	-5.668782
151.733333	-350.886566	-5.694935
151.800000	-350.889526	-5.644433
151.866667	-350.894287	-5.722291
151.933333	-350.896942	-5.743112
152.000000	-350.917053	-5.772381
152.066667	-350.870575	-5.730255
152.133333	-350.902802	-5.756954
152.200000	-350.911713	-5.743600
152.266667	-350.937042	-5.701371
152.333333	-350.900391	-5.749012
152.400000	-350.917847	-5.776929
152.466667	-350.954651	-5.770372
152.533333	-350.983002	-5.779473
152.600000	-350.998688	-5.803959
152.666667	-350.983459	-5.749931
152.733333	-350.982452	-5.745366
152.800000	-351.001343	-5.768139
152.866667	-350.986664	-5.772268
152.933333	-350.986725	-5.699484
153.000000	-351.018188	-5.773154
153.066667	-351.004883	-5.762486
153.133333	-351.024933	-5.806931
153.200000	-351.042206	-5.768937
153.266667	-351.061890	-5.761631
153.333333	-351.030701	-5.757892
153.400000	-351.061127	-5.781421
153.466667	-351.051575	-5.776406
153.533333	-351.025269	-5.743879
153.600000	-351.065094	-5.809443
153.666667	-351.096130	-5.769895
153.733333	-351.050659	-5.749726
153.800000	-351.042755	-5.766363
153.866667	-351.052734	-5.817886
153.933333	-351.084229	-5.819778
154.000000	-351.119232	-5.801760
154.066667	-351.063477	-5.774218
154.133333	-351.082428	-5.819799
154.200000	-351.079224	-5.796886
154.266667	-351.108643	-5.814002
154.333333	-351.086761	-5.775640
154.400000	-351.070190	-5.787287
154.466667	-351.068939	-5.793225
154.533333	-351.074951	-5.741006
154.600000	-351.140015	-5.804003
154.666667	-351.111389	-5.795819
154.733333	-351.129181	-5.786911
154.800000	-351.159027	-5.818242
154.866667	-351.120148	-5.779549
154.933333	-351.134979	-5.756229
155.000000	-351.143372	-5.775036
155.066667	-351.142120	-5.782720
155.133333	-351.113953	-5.792600
155.200000	-351.174622	-5.765741
155.266667	-351.121643	-5.720870
155.333333	-351.166077	-5.720362
155.400000	-351.181610	-5.744721
155.466667	-351.176361	-5.714894
155.533333	-351.173309	-5.705362
155.600000	-351.184265	-5.712903
155.666667	-351.189240	-5.724014
155.733333	-351.185760	-5.672873
155.800000	-351.204742	-5.722671
155.866667	-351.143280	-5.717395
155.933333	-351.167938	-5.713155
156.000000	-351.161194	-5.681055
156.066667	-351.148010	-5.702893
156.133333	-351.167694	-5.691447
156.200000	-351.175201	-5.743531
156.266667	-351.181854	-5.764058
156.333333	-351.191650	-5.703942
156.400000	-351.199371	-5.694697
156.466667	-351.182251	-5.684354
156.533333	-351.208221	-5.749065
156.600000	-351.222504	-5.703046
156.666667	-351.238434	-5.741940
156.733333	-351.223999	-5.724741
156.800000	-351.242676	-5.781590
156.866667	-351.233459	-5.707644
156.933333	-351.275146	-5.737880
157.000000	-351.295227	-5.744456
157.066667	-351.254944	-5.695800
157.133333	-351.260864	-5.704516
157.200000	-351.234985	-5.700089
157.266667	-351.264099	-5.683197
157.333333	-351.275970	-5.700433
157.400000	-351.283966	-5.697152
157.466667	-351.275146	-5.711907
157.533333	-351.307587	-5.749656
157.600000	-351.282776	-5.724719
157.666667	-351.272644	-5.683034
157.733333	-351.241180	-5.683068
157.800000	-351.270844	-5.697459
157.866667	-351.300171	-5.770822
157.933333	-351.332184	-5.788378
158.000000	-351.332184	-5.788378
158.066667	-351.292664	-5.774134
158.133333	-351.305817	-5.725068
158.200000	-351.307343	-5.714503
158.266667	-351.295471	-5.781300
158.333333	-351.328247	-5.774422
158.400000	-351.328247	-5.774422
158.466667	-351.329834	-5.812517
158.533333	-351.323822	-5.770598
158.600000	-351.339111	-5.716152
158.666667	-351.346558	-5.745036
158.733333	-351.361206	-5.765431
158.800000	-351.361206	-5.765431
158.866667	-351.416351	-5.737729
158.933333	-351.375488	-5.783283
159.000000	-351.429565	-5.746702
159.066667	-351.376953	-5.764173
159.133333	-351.411682	-5.751089
159.200000	-351.417969	-5.748742
159.266667	-351.417969	-5.748742
159.333333	-351.428986	-5.749394
159.400000	-351.448090	-5.725384
159.466667	-351.385132	-5.730380
159.533333	-351.466522	-5.805779
159.600000	-351.412292	-5.697020
159.666667	-351.412292	-5.697020
159.733333	-351.487732	-5.775690
159.800000	-351.412262	-5.689457
159.866667	-351.437317	-5.734079
159.933333	-351.467682	-5.778830
160.000000	-351.447845	-5.722753
160.066667	-351.447845	-5.722753
160.133333	-351.437500	-5.744636
160.200000	-351.447815	-5.691662
160.266667	-351.395386	-5.679159
160.333333	-351.426453	-5.761309
160.400000	-351.416168	-5.669018
160.466667	-351.462677	-5.728452
160.533333	-351.462677	-5.728452
160.600000	-351.400726	-5.730923
160.666667	-351.431152	-5.686015
160.733333	-351.429077	-5.692945
160.800000	-351.436005	-5.729614
160.866667	-351.437897	-5.699305
160.933333	-351.437897	-5.699305
161.000000	-351.459595	-5.729857
161.066667	-351.514282	-5.712523
161.133333	-351.541321	-5.727478
161.200000	-351.621826	-5.772799
161.266667	-351.567474	-5.740595
161.333333	-351.567474	-5.740595
161.400000	-351.591949	-5.803071
161.466667	-351.618774	-5.737603
161.533333	-351.628540	-5.743740
161.600000	-351.664703	-5.800697
161.666667	-351.640778	-5.814174
161.733333	-351.640778	-5.814174
161.800000	-351.641083	-5.777436
161.866667	-351.672241	-5.745255
161.933333	-351.680267	-5.820551
162.000000	-351.700897	-5.822451
162.066667	-351.690277	-5.758899
162.133333	-351.769745	-5.840924
162.200000	-351.769745	-5.840924
162.266667	-351.742432	-5.841809
162.333333	-351.769440	-5.806212
162.400000	-351.772705	-5.904003
162.466667	-351.768066	-5.822295
162.533333	-351.771271	-5.864743
162.600000	-351.771271	-5.864743
162.666667	-351.775757	-5.833621
162.733333	-351.782440	-5.834748
162.800000	-351.859467	-5.837477
162.866667	-351.818573	-5.836942
162.933333	-351.842255	-5.902647
163.000000	-351.842255	-5.902647
163.066667	-351.873077	-5.850530
163.133333	-351.866241	-5.799524
163.200000	-351.880371	-5.781001
163.266667	-351.859924	-5.778543
163.333333	-351.879791	-5.794161
163.400000	-351.911224	-5.804273
163.466667	-351.911224	-5.804273
163.533333	-351.926392	-5.805664
163.600000	-351.951233	-5.868897
163.666667	-351.940399	-5.792194
163.733333	-352.002899	-5.843218
163.800000	-351.977539	-5.816904
163.866667	-351.977539	-5.816904
163.933333	-352.022522	-5.817480
164.000000	-352.015045	-5.873692
164.066667	-352.041107	-5.878177
164.133333	-352.016296	-5.869934
164.200000	-352.069061	-5.799262
164.266667	-352.069061	-5.799262
164.333333	-352.041687	-5.859136
164.400000	-352.040588	-5.853826
164.466667	-352.085815	-5.920783
164.533333	-352.086456	-5.871134
164.600000	-352.096039	-5.935230
164.666667	-352.136627	-5.965210
164.733333	-352.152496	-5.954379
164.800000	-352.169403	-5.967935
164.866667	-352.181580	-5.964546
164.933333	-352.224701	-5.976373
165.000000	-352.216614	-5.922162
165.066667	-352.248962	-5.982636
165.133333	-352.261902	-6.002570
165.200000	-352.281586	-6.009087
165.266667	-352.269806	-5.923968
165.333333	-352.257965	-5.857545
165.400000	-352.277069	-5.865000
165.466667	-352.281250	-5.965522
165.533333	-352.307709	-5.925222
165.600000	-352.276184	-5.908079
165.666667	-352.287720	-5.894118
165.733333	-352.302399	-5.836432
165.800000	-352.279633	-5.873013
165.866667	-352.293488	-5.873305
165.933333	-352.358337	-5.875708
166.000000	-352.399658	-5.883447
166.066667	-352.444519	-5.867385
166.133333	-352.436157	-5.871143
166.200000	-352.429352	-5.890329
166.266667	-352.439270	-5.922270
166.333333	-352.433990	-5.935666
166.400000	-352.430267	-5.897882
166.466667	-352.452454	-5.878605
166.533333	-352.469635	-5.800261
166.600000	-352.448700	-5.837358
166.666667	-352.475067	-5.826336
166.733333	-352.497742	-5.890657
166.800000	-352.492798	-5.858134
166.866667	-352.487061	-5.859803
166.933333	-352.553528	-5.841305
167.000000	-352.566315	-5.871971
167.066667	-352.613037	-5.879655
167.133333	-352.642059	-5.806096
167.200000	-352.602051	-5.893547
167.266667	-352.651428	-5.864866
167.333333	-352.695679	-5.880730
167.400000	-352.706879	-5.895903
167.466667	-352.720551	-5.865644
167.533333	-352.737213	-5.839084
167.600000	-352.767578	-5.846011
167.666667	-352.762390	-5.802281
167.733333	-352.807281	-5.861359
167.800000	-352.820190	-5.885895
167.866667	-352.819061	-5.870018
167.933333	-352.824646	-5.826382
168.000000	-352.841431	-5.839972
168.066667	-352.902679	-5.883182
168.133333	-352.911804	-5.862350
168.200000	-352.922516	-5.827139
168.266667	-352.962921	-5.841955
168.333333	-352.972015	-5.895891
168.400000	-352.955780	-5.877696
168.466667	-352.996979	-5.966809
168.533333	-353.044067	-5.910103
168.600000	-353.051208	-5.951823
168.666667	-353.087738	-5.958735
168.733333	-353.140411	-6.001196
168.800000	-353.194153	-6.032932
168.866667	-353.212128	-6.097428
168.933333	-353.188263	-6.077703
169.000000	-353.232605	-6.124305
169.066667	-353.237274	-6.036300
169.133333	-353.274475	-6.151726
169.200000	-353.219604	-6.014499
169.266667	-353.268890	-6.016600
169.333333	-353.277771	-6.044051
169.400000	-353.304718	-5.962129
169.466667	-353.293121	-5.978485
169.533333	-353.310150	-5.959357
169.600000	-353.325867	-5.980468
169.666667	-353.373260	-6.022651
169.733333	-353.324310	-5.925840
169.800000	-353.379272	-5.954985
169.866667	-353.372040	-5.993977
169.933333	-353.427460	-5.993662
170.000000	-353.436615	-6.030819
170.066667	-353.440887	-5.979176
170.133333	-353.445953	-5.940506
170.200000	-353.460449	-5.983306
170.266667	-353.502136	-5.997274
170.333333	-353.502075	-5.942442
170.400000	-353.529541	-5.909061
170.466667	-353.543182	-5.930361
170.533333	-353.555359	-5.964684
170.600000	-353.634186	-5.971072
170.666667	-353.673126	-5.957998
170.733333	-353.667023	-5.956705
170.800000	-353.682251	-5.957849
170.866667	-353.702240	-6.007304
170.933333	-353.702942	-5.969615
171.000000	-353.686584	-5.995329
171.066667	-353.742706	-5.989482
171.133333	-353.744629	-5.989175
171.200000	-353.774109	-6.059747
171.266667	-353.821289	-6.127697
171.333333	-353.843323	-6.122418
171.400000	-353.902161	-6.116182
171.466667	-353.897217	-6.067139
171.533333	-353.920074	-6.096059
171.600000	-353.911377	-6.079917
171.666667	-353.955780	-6.151965
171.733333	-353.928833	-6.118664
171.800000	-353.966766	-6.157981
171.866667	-353.993805	-6.168231
171.933333	-354.028198	-6.106985
172.000000	-354.111633	-6.176777
172.066667	-354.120453	-6.119580
172.133333	-354.132721	-6.146080
172.200000	-354.184662	-6.173673
172.266667	-354.181458	-6.097483
172.333333	-354.251770	-6.075199
172.400000	-354.254395	-6.103052
172.466667	-354.320068	-6.085504
172.533333	-354.311218	-6.093265
172.600000	-354.313293	-6.066369
172.666667	-354.372437	-6.146459
172.733333	-354.417328	-6.155576
172.800000	-354.408447	-6.157950
172.866667	-354.412445	-6.054435
172.933333	-354.404755	-6.162628
173.000000	-354.468811	-6.251222
173.066667	-354.482086	-6.189989
173.133333	-354.483978	-6.255579
173.200000	-354.487091	-6.188742
173.266667	-354.540558	-6.224498
173.333333	-354.538208	-6.299120
173.400000	-354.615021	-6.268977
173.466667	-354.635681	-6.226382
173.533333	-354.682434	-6.232140
173.600000	-354.690613	-6.305752
173.666667	-354.706055	-6.214417
173.733333	-354.722382	-6.183145
173.800000	-354.721161	-6.206817
173.866667	-354.798340	-6.203645
173.933333	-354.793060	-6.137655
174.000000	-354.822174	-6.205543
174.066667	-354.826141	-6.156774
174.133333	-354.885345	-6.179334
174.200000	-354.888916	-6.110058
174.266667	-354.999664	-6.118203
174.333333	-354.999908	-6.126560
174.400000	-355.092590	-6.174676
174.466667	-355.080811	-6.181076
174.533333	-355.087250	-6.164024
174.600000	-355.101837	-6.154968
174.666667	-355.187805	-6.117987
174.733333	-355.229553	-6.120669
174.800000	-355.233795	-6.158538
174.866667	-355.267151	-6.112713
174.933333	-355.286652	-6.150724
175.000000	-355.331543	-6.135079
175.066667	-355.292114	-6.140618
175.133333	-355.346527	-6.110215
175.200000	-355.307068	-6.041650
175.266667	-355.360077	-6.114345
175.333333	-355.335815	-5.997581
175.400000	-355.359772	-6.030671
175.466667	-355.413055	-6.072433
175.533333	-355.429443	-5.982197
175.600000	-355.480286	-6.101315
175.666667	-355.510193	-6.107490
175.733333	-355.504730	-6.108545
175.800000	-355.589996	-6.135493
175.866667	-355.603851	-6.104949
175.933333	-355.610931	-6.075761
176.000000	-355.672913	-6.105279
176.066667	-355.647949	-6.105111
176.133333	-355.675934	-6.123581
176.200000	-355.645813	-6.093160
176.266667	-355.727966	-6.138331
176.333333	-355.798920	-6.136522
176.400000	-355.843140	-6.117496
176.466667	-355.905731	-6.183424
176.533333	-355.927795	-6.158864
176.600000	-356.009338	-6.183149
176.666667	-356.022400	-6.208152
176.733333	-356.069519	-6.189035
176.800000	-356.073273	-6.234234
176.866667	-356.151306	-6.306257
176.933333	-356.135468	-6.287117
177.000000	-356.188049	-6.340484
177.066667	-356.122284	-6.283501
177.133333	-356.144684	-6.300780
177.200000	-356.173126	-6.264351
177.266667	-356.218994	-6.314623
177.333333	-356.194763	-6.211257
177.400000	-356.263092	-6.202135
177.466667	-356.339600	-6.302841
177.533333	-356.329987	-6.233579
177.600000	-356.309052	-6.223493
177.666667	-356.327118	-6.254685
177.733333	-356.388489	-6.348818
177.800000	-356.386536	-6.311412
177.866667	-356.364532	-6.284397
177.933333	-356.391785	-6.266564
178.000000	-356.451752	-6.300869
178.066667	-356.449890	-6.217109
178.133333	-356.508972	-6.303592
178.200000	-356.537048	-6.226429
178.266667	-356.600586	-6.284002
178.333333	-356.667267	-6.345845
178.400000	-356.663361	-6.337449
178.466667	-356.636902	-6.289872
178.533333	-356.625275	-6.263525
178.600000	-356.679291	-6.326675
178.666667	-356.712891	-6.331959
178.733333	-356.767639	-6.312355
178.800000	-356.818024	-6.233908
178.866667	-356.859344	-6.255245
178.933333	-356.873688	-6.162886
179.000000	-356.868347	-6.122127
179.066667	-356.869141	-6.179117
179.133333	-356.876831	-6.195580
179.200000	-356.984131	-6.195710
179.266667	-357.017242	-6.251955
179.333333	-356.996948	-6.222318
179.400000	-357.039764	-6.296337
179.466667	-357.076660	-6.254360
179.533333	-357.030334	-6.232498
179.600000	-357.096466	-6.271743
179.666667	-357.072235	-6.279798
179.733333	-357.103058	-6.216360
179.800000	-357.126770	-6.261672
179.866667	-357.141785	-6.248477
179.933333	-357.175140	-6.304975
180.000000	-357.196167	-6.357194
