660.066667	-395.532379	-10.939571
660.133333	-395.540344	-10.962832
660.200000	-395.573181	-10.963785
660.266667	-395.548950	-10.857595
660.333333	-395.582306	-10.905224
660.400000	-395.651703	-10.915727
660.466667	-395.637604	-10.920021
660.533333	-395.637604	-10.920021
660.600000	-395.669708	-10.920003
660.666667	-395.670502	-10.887232
660.733333	-395.755463	-10.930107
660.800000	-395.752899	-10.903543
660.866667	-395.796753	-11.021060
660.933333	-395.796753	-11.021060
661.000000	-395.860809	-10.978825
661.066667	-395.872070	-11.007490
661.133333	-395.895599	-10.967620
661.200000	-395.957794	-11.043423
661.266667	-395.956757	-11.039325
661.333333	-395.956757	-11.039325
661.400000	-396.002228	-11.045093
661.466667	-396.011780	-11.052835
661.533333	-396.034058	-11.040095
661.600000	-396.049744	-10.986962
661.666667	-396.063019	-11.037410
661.733333	-396.036713	-11.022681
661.800000	-396.107513	-11.062489
661.866667	-396.097412	-11.034670
661.933333	-396.118774	-11.057176
662.000000	-396.128998	-11.059536
662.066667	-396.132294	-11.097528
662.133333	-396.144043	-11.056626
662.200000	-396.200745	-11.101257
662.266667	-396.234375	-11.031486
662.333333	-396.227264	-11.017776
662.400000	-396.283356	-11.028766
662.466667	-396.355286	-11.096216
662.533333	-396.316620	-11.000906
662.600000	-396.367004	-11.057087
662.666667	-396.351013	-11.123500
662.733333	-396.365448	-11.023881
662.800000	-396.378815	-11.100057
662.866667	-396.384491	-11.062634
662.933333	-396.377838	-11.077851
663.000000	-396.446472	-11.079293
663.066667	-396.434631	-11.008647
663.133333	-396.427948	-10.997252
663.200000	-396.488495	-11.142429
663.266667	-396.516205	-11.067302
663.333333	-396.523010	-11.035253
663.400000	-396.548035	-11.014388
663.466667	-396.571320	-10.986407
663.533333	-396.566101	-11.042499
663.600000	-396.655548	-11.130597
663.666667	-396.651276	-11.067485
663.733333	-396.693848	-11.064528
663.800000	-396.696014	-11.117489
663.866667	-396.800537	-11.088572
663.933333	-396.808990	-11.142683
664.000000	-396.843140	-11.147214
664.066667	-396.871277	-11.110145
664.133333	-396.855621	-11.115811
664.200000	-396.910004	-11.105092
664.266667	-396.878326	-11.088603
664.333333	-396.896790	-11.120401
664.400000	-396.865295	-11.096439
664.466667	-396.921631	-11.091615
664.533333	-396.919769	-11.115149
664.600000	-396.955566	-11.143980
664.666667	-396.977753	-11.167930
664.733333	-397.011810	-11.183824
664.800000	-397.048218	-11.173144
664.866667	-397.039978	-11.107526
664.933333	-397.066254	-11.136838
665.000000	-397.084595	-11.163483
665.066667	-397.080505	-11.135722
665.133333	-397.083099	-11.144013
665.200000	-397.116669	-11.100820
665.266667	-397.134155	-11.116451
665.333333	-397.143890	-11.120957
665.400000	-397.146332	-11.164190
665.466667	-397.116913	-11.133404
665.533333	-397.148285	-11.160714
665.600000	-397.165192	-11.156900
665.666667	-397.167419	-11.089040
665.733333	-397.147125	-11.000217
665.800000	-397.153076	-10.992420
665.866667	-397.186218	-11.186579
665.933333	-397.194519	-11.111150
666.000000	-397.191254	-11.098802
666.066667	-397.213959	-11.133632
666.133333	-397.190979	-11.112581
666.200000	-397.210449	-11.045669
666.266667	-397.251404	-11.042186
666.333333	-397.252960	-11.007757
666.400000	-397.282288	-11.023884
666.466667	-397.271240	-10.977477
666.533333	-397.302094	-10.976294
666.600000	-397.312408	-10.995376
666.666667	-397.287201	-10.966346
666.733333	-397.318878	-10.948268
666.800000	-397.324402	-10.926210
666.866667	-397.388672	-10.985191
666.933333	-397.441406	-10.951299
667.000000	-397.421967	-10.992060
667.066667	-397.429382	-11.021232
667.133333	-397.436859	-11.044020
667.200000	-397.463287	-11.054193
667.266667	-397.518188	-11.125481
667.333333	-397.570557	-11.114985
667.400000	-397.559875	-11.112807
667.466667	-397.598297	-11.189647
667.533333	-397.556122	-11.139611
667.600000	-397.571655	-11.132177
667.666667	-397.623077	-11.233764
667.733333	-397.617920	-11.188982
667.800000	-397.658234	-11.263635
667.866667	-397.685913	-11.190691
667.933333	-397.719055	-11.187904
668.000000	-397.752716	-11.148811
668.066667	-397.744110	-11.074168
668.133333	-397.783844	-11.107606
668.200000	-397.777985	-11.045391
668.266667	-397.826691	-11.028357
668.333333	-397.815247	-11.036405
668.400000	-397.829651	-10.974412
668.466667	-397.890320	-11.086583
668.533333	-397.904144	-11.036592
668.600000	-397.911774	-11.060881
668.666667	-397.929230	-11.055504
668.733333	-397.963562	-11.095790
668.800000	-397.997620	-11.118824
668.866667	-397.995300	-11.098643
668.933333	-398.020294	-11.111790
669.000000	-398.042236	-11.144031
669.066667	-398.012665	-11.124990
669.133333	-398.045868	-11.108021
669.200000	-398.021332	-11.084578
669.266667	-398.075073	-11.167230
669.333333	-398.137634	-11.170821
669.400000	-398.124542	-11.137739
669.466667	-398.157471	-11.205529
669.533333	-398.170105	-11.180832
669.600000	-398.169342	-11.235247
669.666667	-398.215790	-11.236279
669.733333	-398.231659	-11.203033
669.800000	-398.236420	-11.306281
669.866667	-398.172882	-11.068695
669.933333	-398.233185	-11.174669
670.000000	-398.192047	-11.236801
670.066667	-398.249969	-11.158927
670.133333	-398.280426	-11.243712
670.200000	-398.269592	-11.180572
670.266667	-398.281403	-11.162536
670.333333	-398.297241	-11.215120
670.400000	-398.331085	-11.213074
670.466667	-398.319580	-11.228521
670.533333	-398.339752	-11.135839
670.600000	-398.334381	-11.108684
670.666667	-398.377167	-11.126126
670.733333	-398.370514	-11.115986
670.800000	-398.411407	-11.137122
670.866667	-398.393036	-11.112795
670.933333	-398.406494	-11.123482
671.000000	-398.444275	-11.156517
671.066667	-398.398956	-11.183045
671.133333	-398.437256	-11.277472
671.200000	-398.458893	-11.297978
671.266667	-398.524475	-11.286186
671.333333	-398.513733	-11.289462
671.400000	-398.547699	-11.296631
671.466667	-398.546387	-11.321742
671.533333	-398.563416	-11.338308
671.600000	-398.524597	-11.287182
671.666667	-398.552277	-11.263713
671.733333	-398.574402	-11.330729
671.800000	-398.668396	-11.353024
671.866667	-398.622986	-11.309585
671.933333	-398.656464	-11.320570
672.000000	-398.659241	-11.330105
672.066667	-398.695282	-11.367475
672.133333	-398.706940	-11.362974
672.200000	-398.751740	-11.381273
672.266667	-398.741760	-11.330917
672.333333	-398.749237	-11.359997
672.400000	-398.739716	-11.342155
672.466667	-398.756470	-11.322168
672.533333	-398.758209	-11.324245
672.600000	-398.778290	-11.298689
672.666667	-398.831726	-11.319575
672.733333	-398.839813	-11.304935
672.800000	-398.809235	-11.257745
672.866667	-398.816254	-11.211099
672.933333	-398.825562	-11.234087
673.000000	-398.820160	-11.210387
673.066667	-398.864716	-11.252171
673.133333	-398.888641	-11.281751
673.200000	-398.911652	-11.305126
673.266667	-398.975464	-11.219893
673.333333	-398.988770	-11.338665
673.400000	-399.004272	-11.300950
673.466667	-398.992340	-11.328396
673.533333	-399.025665	-11.288306
673.600000	-399.042450	-11.289354
673.666667	-399.112762	-11.303534
673.733333	-399.104309	-11.333337
673.800000	-399.129425	-11.342707
673.866667	-399.150574	-11.334394
673.933333	-399.148071	-11.373425
674.000000	-399.155487	-11.405910
674.066667	-399.177490	-11.424730
674.133333	-399.224762	-11.397654
674.200000	-399.218353	-11.386065
674.266667	-399.243927	-11.401938
674.333333	-399.188812	-11.395900
674.400000	-399.199188	-11.415187
674.466667	-399.202148	-11.504010
674.533333	-399.268677	-11.460606
674.600000	-399.258698	-11.459572
674.666667	-399.289978	-11.417483
674.733333	-399.311737	-11.486213
674.800000	-399.346130	-11.463828
674.866667	-399.429535	-11.466962
674.933333	-399.461792	-11.553891
675.000000	-399.489136	-11.474982
675.066667	-399.493591	-11.512035
675.133333	-399.489319	-11.489721
675.200000	-399.529846	-11.539836
675.266667	-399.520508	-11.527457
675.333333	-399.580292	-11.633339
675.400000	-399.556366	-11.560484
675.466667	-399.516937	-11.513696
675.533333	-399.540771	-11.556225
675.600000	-399.522461	-11.502119
675.666667	-399.511139	-11.549152
675.733333	-399.535278	-11.506881
675.800000	-399.474213	-11.462063
675.866667	-399.512238	-11.514021
675.933333	-399.502563	-11.450812
676.000000	-399.477356	-11.400744
676.066667	-399.478577	-11.357984
676.133333	-399.454376	-11.350223
676.200000	-399.499390	-11.344069
676.266667	-399.518005	-11.322487
676.333333	-399.508606	-11.322718
676.400000	-399.505829	-11.348863
676.466667	-399.532288	-11.300960
676.533333	-399.551270	-11.304920
676.600000	-399.571350	-11.348974
676.666667	-399.554443	-11.341188
676.733333	-399.555481	-11.325947
676.800000	-399.548401	-11.322649
676.866667	-399.601410	-11.312625
676.933333	-399.569946	-11.263226
677.000000	-399.620148	-11.304245
677.066667	-399.643433	-11.274611
677.133333	-399.661011	-11.290403
677.200000	-399.667969	-11.332965
677.266667	-399.692383	-11.287699
677.333333	-399.700653	-11.388104
677.400000	-399.714081	-11.348218
677.466667	-399.756012	-11.477588
677.533333	-399.783264	-11.457108
677.600000	-399.756897	-11.453154
677.666667	-399.746002	-11.446021
677.733333	-399.801727	-11.511402
677.800000	-399.746613	-11.411049
677.866667	-399.805450	-11.443791
677.933333	-399.825287	-11.506196
678.000000	-399.792572	-11.458556
678.066667	-399.807556	-11.435083
678.133333	-399.803558	-11.492097
678.200000	-399.803040	-11.489455
678.266667	-399.804626	-11.485702
678.333333	-399.768250	-11.519203
678.400000	-399.810364	-11.512897
678.466667	-399.787933	-11.430357
678.533333	-399.810425	-11.488033
678.600000	-399.860657	-11.441537
678.666667	-399.816315	-11.450513
678.733333	-399.830994	-11.362519
678.800000	-399.840607	-11.451442
678.866667	-399.862579	-11.465010
678.933333	-399.891937	-11.391031
679.000000	-399.873657	-11.381787
679.066667	-399.915253	-11.380296
679.133333	-399.931793	-11.428636
679.200000	-399.979858	-11.417057
679.266667	-399.973694	-11.424900
679.333333	-400.040222	-11.447759
679.400000	-400.014160	-11.431237
679.466667	-400.045593	-11.485484
679.533333	-400.006348	-11.412241
679.600000	-400.067383	-11.490939
679.666667	-400.064514	-11.525214
679.733333	-400.092255	-11.517189
679.800000	-400.090271	-11.524450
679.866667	-400.100281	-11.522076
679.933333	-400.111115	-11.541381
680.000000	-400.087891	-11.590717
680.066667	-400.110687	-11.630381
680.133333	-400.161682	-11.635776
680.200000	-400.129578	-11.656131
680.266667	-400.127289	-11.597244
680.333333	-400.166290	-11.679621
680.400000	-400.132843	-11.695811
680.466667	-400.179474	-11.710079
680.533333	-400.169861	-11.692016
680.600000	-400.179047	-11.670981
680.666667	-400.176575	-11.662493
680.733333	-400.207306	-11.684322
680.800000	-400.227753	-11.728268
680.866667	-400.193665	-11.617332
680.933333	-400.224609	-11.683181
681.000000	-400.208374	-11.621527
681.066667	-400.223663	-11.604841
681.133333	-400.268677	-11.647953
681.200000	-400.263397	-11.656598
681.266667	-400.305145	-11.621798
681.333333	-400.302124	-11.604952
681.400000	-400.330780	-11.609486
681.466667	-400.339508	-11.667727
681.533333	-400.348358	-11.589441
681.600000	-400.340851	-11.630439
681.666667	-400.356415	-11.612651
681.733333	-400.338196	-11.603326
681.800000	-400.377350	-11.585793
681.866667	-400.326355	-11.589517
681.933333	-400.387634	-11.684691
682.000000	-400.367126	-11.659960
682.066667	-400.399261	-11.655653
682.133333	-400.391113	-11.643600
682.200000	-400.382416	-11.627467
682.266667	-400.403259	-11.619831
682.333333	-400.401672	-11.619330
682.400000	-400.396820	-11.641254
682.466667	-400.406555	-11.659127
682.533333	-400.390869	-11.620342
682.600000	-400.359528	-11.554612
682.666667	-400.385468	-11.619402
682.733333	-400.403687	-11.608409
682.800000	-400.399902	-11.570338
682.866667	-400.388153	-11.644606
682.933333	-400.364624	-11.592309
683.000000	-400.423340	-11.592045
683.066667	-400.414398	-11.559986
683.133333	-400.460358	-11.593142
683.200000	-400.463715	-11.595786
683.266667	-400.479645	-11.558708
683.333333	-400.485535	-11.520669
683.400000	-400.527466	-11.574983
683.466667	-400.500885	-11.546045
683.533333	-400.555206	-11.568463
683.600000	-400.543518	-11.535011
683.666667	-400.578827	-11.529728
683.733333	-400.545959	-11.557508
683.800000	-400.592804	-11.541728
683.866667	-400.601532	-11.611851
683.933333	-400.648682	-11.626594
684.000000	-400.644470	-11.615259
684.066667	-400.657440	-11.645958
684.133333	-400.648071	-11.595082
684.200000	-400.691711	-11.617048
684.266667	-400.683014	-11.652516
684.333333	-400.731415	-11.720563
684.400000	-400.704224	-11.685221
684.466667	-400.696381	-11.732313
684.533333	-400.733032	-11.728381
684.600000	-400.723419	-11.711333
684.666667	-400.720184	-11.701238
684.733333	-400.726868	-11.698265
684.800000	-400.695435	-11.659073
684.866667	-400.739899	-11.705995
684.933333	-400.721375	-11.666559
685.000000	-400.736328	-11.714910
685.066667	-400.728363	-11.624916
685.133333	-400.755249	-11.687526
685.200000	-400.741394	-11.637351
685.266667	-400.780914	-11.650521
685.333333	-400.756256	-11.589049
685.400000	-400.774475	-11.629019
685.466667	-400.746246	-11.570931
685.533333	-400.812683	-11.606888
685.600000	-400.753784	-11.563437
685.666667	-400.753113	-11.530254
685.733333	-400.763519	-11.569929
685.800000	-400.750671	-11.537503
685.866667	-400.760406	-11.592927
685.933333	-400.767334	-11.566440
686.000000	-400.771240	-11.544405
686.066667	-400.786469	-11.592607
686.133333	-400.748901	-11.581960
686.200000	-400.753479	-11.553972
686.266667	-400.778870	-11.552724
686.333333	-400.815704	-11.616561
686.400000	-400.842743	-11.681578
686.466667	-400.778534	-11.545007
686.533333	-400.783905	-11.618451
686.600000	-400.829498	-11.646710
686.666667	-400.817566	-11.624245
686.733333	-400.858429	-11.637994
686.800000	-400.834412	-11.624474
686.866667	-400.838226	-11.698208
686.933333	-400.825745	-11.624841
687.000000	-400.840332	-11.630392
687.066667	-400.817688	-11.584416
687.133333	-400.837250	-11.668759
687.200000	-400.861755	-11.641853
687.266667	-400.847565	-11.641527
687.333333	-400.863770	-11.598440
687.400000	-400.867676	-11.577504
687.466667	-400.829926	-11.571898
687.533333	-400.871368	-11.606841
687.600000	-400.900024	-11.653466
687.666667	-400.930969	-11.595339
687.733333	-400.890869	-11.616784
687.800000	-400.928833	-11.566429
687.866667	-400.938202	-11.625392
687.933333	-400.958344	-11.655553
688.000000	-400.951843	-11.627677
688.066667	-400.962097	-11.560943
688.133333	-400.932037	-11.613957
688.200000	-400.965759	-11.583456
688.266667	-400.941589	-11.570074
688.333333	-400.957428	-11.565667
688.400000	-400.977295	-11.639821
688.466667	-400.973999	-11.653862
688.533333	-400.960175	-11.620586
688.600000	-400.953766	-11.650516
688.666667	-401.012177	-11.772519
688.733333	-400.962219	-11.644962
688.800000	-400.990356	-11.669050
688.866667	-400.975037	-11.704053
688.933333	-400.996002	-11.664541
689.000000	-400.984863	-11.634612
689.066667	-401.010345	-11.656390
689.133333	-401.020752	-11.639107
689.200000	-401.000183	-11.608708
689.266667	-400.984375	-11.612412
689.333333	-401.026581	-11.680346
689.400000	-400.995178	-11.667954
689.466667	-401.031982	-11.611406
689.533333	-401.027802	-11.597406
689.600000	-401.046417	-11.660465
689.666667	-401.054199	-11.664521
689.733333	-401.078247	-11.621205
689.800000	-401.095886	-11.553476
689.866667	-401.095886	-11.553476
689.933333	-401.126587	-11.642228
690.000000	-401.104218	-11.530101
690.066667	-401.148560	-11.573972
690.133333	-401.103333	-11.601872
690.200000	-401.112122	-11.616206
690.266667	-401.112122	-11.616206
690.333333	-401.113861	-11.601845
690.400000	-401.137909	-11.554252
690.466667	-401.122589	-11.634884
690.533333	-401.078949	-11.544624
690.600000	-401.116760	-11.659701
690.666667	-401.116760	-11.659701
690.733333	-401.103973	-11.667268
690.800000	-401.079956	-11.672749
690.866667	-401.070557	-11.614379
690.933333	-401.102295	-11.659998
691.000000	-401.106476	-11.663130
691.066667	-401.119263	-11.753291
691.133333	-401.119263	-11.753291
691.200000	-401.124908	-11.636375
691.266667	-401.133759	-11.647035
691.333333	-401.139557	-11.660183
691.400000	-401.115753	-11.643581
691.466667	-401.109131	-11.620678
691.533333	-401.109131	-11.620678
691.600000	-401.075531	-11.601272
691.666667	-401.100830	-11.606623
691.733333	-401.108643	-11.598719
691.800000	-401.137512	-11.616395
691.866667	-401.120911	-11.581479
691.933333	-401.120911	-11.581479
692.000000	-401.109039	-11.605215
692.066667	-401.148895	-11.619526
692.133333	-401.172058	-11.609736
692.200000	-401.114227	-11.591496
692.266667	-401.098328	-11.553079
692.333333	-401.098328	-11.553079
692.400000	-401.125488	-11.513532
692.466667	-401.117981	-11.614638
692.533333	-401.118927	-11.620747
692.600000	-401.113770	-11.611942
692.666667	-401.129578	-11.645297
692.733333	-401.123199	-11.593126
692.800000	-401.123199	-11.593126
692.866667	-401.107239	-11.634641
692.933333	-401.135956	-11.576031
693.000000	-401.116272	-11.666690
693.066667	-401.152008	-11.678363
693.133333	-401.109833	-11.658289
693.200000	-401.109833	-11.658289
693.266667	-401.133728	-11.707894
693.333333	-401.096039	-11.652142
693.400000	-401.111542	-11.631913
693.466667	-401.126831	-11.690474
693.533333	-401.131714	-11.664198
693.600000	-401.131714	-11.664198
693.666667	-401.129639	-11.631619
693.733333	-401.130951	-11.628527
693.800000	-401.117584	-11.529643
693.866667	-401.176666	-11.591002
693.933333	-401.145386	-11.610420
694.000000	-401.149231	-11.559530
694.066667	-401.149231	-11.559530
694.133333	-401.131409	-11.572543
694.200000	-401.146149	-11.581138
694.266667	-401.136658	-11.542425
694.333333	-401.153870	-11.613811
694.400000	-401.169189	-11.549609
694.466667	-401.169189	-11.549609
694.533333	-401.133392	-11.590508
694.600000	-401.131775	-11.622989
694.666667	-401.155304	-11.574519
694.733333	-401.145630	-11.628169
694.800000	-401.094788	-11.640509
694.866667	-401.094788	-11.640509
694.933333	-401.121307	-11.660859
695.000000	-401.136414	-11.663204
695.066667	-401.136139	-11.664561
695.133333	-401.099030	-11.658658
695.200000	-401.120422	-11.641511
695.266667	-401.099030	-11.652835
695.333333	-401.099030	-11.652835
695.400000	-401.105133	-11.642569
695.466667	-401.124512	-11.657670
695.533333	-401.111450	-11.693896
695.600000	-401.111206	-11.612913
695.666667	-401.159637	-11.678219
695.733333	-401.159637	-11.678219
695.800000	-401.106873	-11.540346
695.866667	-401.144257	-11.650055
695.933333	-401.138824	-11.660013
696.000000	-401.106873	-11.488213
696.066667	-401.112213	-11.599479
696.133333	-401.112213	-11.599479
696.200000	-401.120850	-11.479902
696.266667	-401.100464	-11.578302
696.333333	-401.145203	-11.542764
696.400000	-401.159515	-11.599950
696.466667	-401.116974	-11.522857
696.533333	-401.116974	-11.522857
696.600000	-401.121521	-11.566730
696.666667	-401.098785	-11.616703
696.733333	-401.112549	-11.527567
696.800000	-401.139557	-11.636360
696.866667	-401.103119	-11.590963
696.933333	-401.093750	-11.613542
697.000000	-401.093750	-11.613542
697.066667	-401.092651	-11.664521
697.133333	-401.104645	-11.626007
697.200000	-401.077209	-11.670089
697.266667	-401.073059	-11.714498
697.333333	-401.066528	-11.656909
697.400000	-401.058868	-11.655265
697.466667	-401.086212	-11.649133
697.533333	-401.079376	-11.696050
697.600000	-401.072266	-11.652196
697.666667	-401.085175	-11.648020
697.733333	-401.064362	-11.659278
697.800000	-401.064362	-11.659278
697.866667	-401.049103	-11.575717
697.933333	-401.059906	-11.563185
698.000000	-401.059082	-11.599561
698.066667	-401.093109	-11.604149
698.133333	-401.030914	-11.548130
698.200000	-401.046844	-11.548791
698.266667	-401.071045	-11.616513
698.333333	-401.064911	-11.599778
698.400000	-401.049957	-11.602411
698.466667	-401.090057	-11.633609
698.533333	-401.070068	-11.570802
698.600000	-401.052765	-11.594698
698.666667	-401.028290	-11.544975
698.733333	-401.028015	-11.557183
698.800000	-401.017456	-11.559002
698.866667	-401.022827	-11.648079
698.933333	-401.026062	-11.605826
699.000000	-401.014008	-11.694777
699.066667	-401.030151	-11.659998
699.133333	-400.974304	-11.675344
699.200000	-401.001648	-11.676598
699.266667	-401.018524	-11.691638
699.333333	-401.019684	-11.690159
699.400000	-400.981873	-11.651122
699.466667	-401.004791	-11.648087
699.533333	-400.983093	-11.686228
699.600000	-401.004181	-11.663586
699.666667	-400.993774	-11.643925
699.733333	-400.996643	-11.546159
699.800000	-400.983612	-11.646013
699.866667	-400.983490	-11.588392
699.933333	-401.006012	-11.598320
700.000000	-401.026367	-11.664666
700.066667	-400.983368	-11.647356
700.133333	-400.991272	-11.602920
700.200000	-400.984985	-11.547688
700.266667	-401.021942	-11.688722
700.333333	-400.981537	-11.541839
700.400000	-401.015259	-11.602696
700.466667	-400.963959	-11.531745
700.533333	-401.012756	-11.555034
700.600000	-401.006714	-11.571278
700.666667	-401.017487	-11.627108
700.733333	-400.987427	-11.604219
700.800000	-400.971802	-11.540227
700.866667	-400.966522	-11.548747
700.933333	-400.959808	-11.605483
701.000000	-400.973541	-11.605140
701.066667	-400.947357	-11.603806
701.133333	-400.969910	-11.597062
701.200000	-400.959839	-11.609361
701.266667	-400.965179	-11.674098
701.333333	-400.946960	-11.672622
701.400000	-400.929993	-11.695700
701.466667	-400.926178	-11.630540
701.533333	-400.941925	-11.674358
701.600000	-400.900208	-11.619164
701.666667	-400.911133	-11.635293
701.733333	-400.888458	-11.608603
701.800000	-400.912537	-11.639141
701.866667	-400.895081	-11.571289
701.933333	-400.902039	-11.602230
702.000000	-400.898438	-11.540488
702.066667	-400.875183	-11.580804
702.133333	-400.879944	-11.505561
702.200000	-400.864960	-11.532203
702.266667	-400.860718	-11.528953
702.333333	-400.869720	-11.460066
702.400000	-400.845856	-11.507869
702.466667	-400.852386	-11.468185
702.533333	-400.814392	-11.472913
702.600000	-400.860657	-11.531810
702.666667	-400.843079	-11.470967
702.733333	-400.822601	-11.429639
702.800000	-400.840668	-11.467149
702.866667	-400.825348	-11.458447
702.933333	-400.823639	-11.561265
703.000000	-400.808411	-11.512425
703.066667	-400.823700	-11.531966
703.133333	-400.787537	-11.461554
703.200000	-400.779266	-11.494731
703.266667	-400.828125	-11.505424
703.333333	-400.770966	-11.535052
703.400000	-400.792145	-11.530865
703.466667	-400.799774	-11.546747
703.533333	-400.791321	-11.597409
703.600000	-400.815674	-11.624960
703.666667	-400.768707	-11.593761
703.733333	-400.760986	-11.576575
703.800000	-400.756256	-11.564773
703.866667	-400.761139	-11.576200
703.933333	-400.783600	-11.570585
704.000000	-400.765350	-11.578810
704.066667	-400.736938	-11.545733
704.133333	-400.751709	-11.581051
704.200000	-400.752472	-11.613602
704.266667	-400.768738	-11.601239
704.333333	-400.788574	-11.620405
704.400000	-400.709473	-11.641542
704.466667	-400.708252	-11.585688
704.533333	-400.698792	-11.574995
704.600000	-400.733337	-11.519173
704.666667	-400.758331	-11.554005
704.733333	-400.736176	-11.566567
704.800000	-400.712616	-11.553864
704.866667	-400.687561	-11.519872
704.933333	-400.666870	-11.589593
705.000000	-400.657837	-11.602296
705.066667	-400.655029	-11.600334
705.133333	-400.591766	-11.553942
705.200000	-400.555817	-11.536274
705.266667	-400.579437	-11.630866
705.333333	-400.562195	-11.584608
705.400000	-400.541687	-11.575687
705.466667	-400.507141	-11.653370
705.533333	-400.540649	-11.660943
705.600000	-400.452209	-11.579342
705.666667	-400.453857	-11.656752
705.733333	-400.442413	-11.617259
705.800000	-400.442291	-11.641889
705.866667	-400.394440	-11.585348
705.933333	-400.441193	-11.634789
706.000000	-400.391113	-11.602838
706.066667	-400.350006	-11.546802
706.133333	-400.364471	-11.590970
706.200000	-400.402588	-11.581285
706.266667	-400.382843	-11.617493
706.333333	-400.386505	-11.583270
706.400000	-400.414398	-11.595356
706.466667	-400.371124	-11.574302
706.533333	-400.396912	-11.630023
706.600000	-400.413269	-11.621397
706.666667	-400.364716	-11.599489
706.733333	-400.356262	-11.567198
706.800000	-400.382965	-11.627500
706.866667	-400.355743	-11.611979
706.933333	-400.366730	-11.640903
707.000000	-400.313538	-11.581212
707.066667	-400.284027	-11.693576
707.133333	-400.286163	-11.657028
707.200000	-400.263733	-11.633941
707.266667	-400.212891	-11.651546
707.333333	-400.239807	-11.623145
707.400000	-400.221436	-11.644270
707.466667	-400.219757	-11.684578
707.533333	-400.200195	-11.659123
707.600000	-400.189972	-11.676408
707.666667	-400.207855	-11.697873
707.733333	-400.154144	-11.687357
707.800000	-400.194092	-11.658423
707.866667	-400.182922	-11.690022
707.933333	-400.202942	-11.676348
708.000000	-400.152008	-11.647901
708.066667	-400.128937	-11.572514
708.133333	-400.167053	-11.663874
708.200000	-400.077515	-11.531290
708.266667	-400.072815	-11.567134
708.333333	-400.076508	-11.521951
708.400000	-400.092377	-11.549755
708.466667	-400.080994	-11.497247
708.533333	-400.042816	-11.450960
708.600000	-400.027557	-11.406611
708.666667	-399.995483	-11.441649
708.733333	-400.013733	-11.454835
708.800000	-399.972198	-11.435021
708.866667	-399.936493	-11.391221
708.933333	-399.936890	-11.416363
709.000000	-399.873901	-11.333702
709.066667	-399.899689	-11.381671
709.133333	-399.892944	-11.350336
709.200000	-399.874054	-11.387921
709.266667	-399.853638	-11.460637
709.333333	-399.810608	-11.405652
709.400000	-399.809479	-11.405388
709.466667	-399.820587	-11.408699
709.533333	-399.778900	-11.396434
709.600000	-399.778625	-11.437882
709.666667	-399.806519	-11.473239
709.733333	-399.834351	-11.515928
709.800000	-399.782928	-11.485552
709.866667	-399.766205	-11.456972
709.933333	-399.780243	-11.439385
710.000000	-399.785248	-11.503464
710.066667	-399.774811	-11.485872
710.133333	-399.796356	-11.487146
710.200000	-399.769043	-11.420524
710.266667	-399.771515	-11.505205
710.333333	-399.757874	-11.454322
710.400000	-399.750153	-11.410608
710.466667	-399.749420	-11.446887
710.533333	-399.720795	-11.388777
710.600000	-399.685547	-11.329268
710.666667	-399.700165	-11.344764
710.733333	-399.663605	-11.310287
710.800000	-399.638550	-11.355538
710.866667	-399.633514	-11.365611
710.933333	-399.593109	-11.266843
711.000000	-399.583710	-11.312449
711.066667	-399.544159	-11.302763
711.133333	-399.547333	-11.294876
711.200000	-399.532654	-11.337243
711.266667	-399.536041	-11.347401
711.333333	-399.533569	-11.301396
711.400000	-399.546539	-11.345064
711.466667	-399.535370	-11.372494
711.533333	-399.548035	-11.370824
711.600000	-399.523529	-11.392626
711.666667	-399.553802	-11.396194
711.733333	-399.499573	-11.411432
711.800000	-399.521118	-11.435513
711.866667	-399.519989	-11.457746
711.933333	-399.562378	-11.461445
712.000000	-399.536987	-11.445240
712.066667	-399.496094	-11.471380
712.133333	-399.549683	-11.525643
712.200000	-399.538208	-11.577984
712.266667	-399.541656	-11.542145
712.333333	-399.568268	-11.575321
712.400000	-399.562531	-11.566048
712.466667	-399.534576	-11.565058
712.533333	-399.563812	-11.508398
712.600000	-399.518341	-11.591790
712.666667	-399.502777	-11.538971
712.733333	-399.434082	-11.485901
712.800000	-399.423920	-11.489589
712.866667	-399.412720	-11.461710
712.933333	-399.376343	-11.494985
713.000000	-399.385681	-11.514492
713.066667	-399.359863	-11.446910
713.133333	-399.301636	-11.422114
713.200000	-399.273865	-11.358674
713.266667	-399.280365	-11.400414
713.333333	-399.205750	-11.402479
713.400000	-399.230927	-11.382688
713.466667	-399.243042	-11.457342
713.533333	-399.237640	-11.364609
713.600000	-399.201263	-11.369366
713.666667	-399.240356	-11.361293
713.733333	-399.201630	-11.347274
713.800000	-399.156799	-11.343060
713.866667	-399.114471	-11.291763
713.933333	-399.087494	-11.276827
714.000000	-399.130707	-11.327988
714.066667	-399.097717	-11.293165
714.133333	-399.014374	-11.293481
714.200000	-399.039001	-11.306303
714.266667	-398.991669	-11.393538
714.333333	-399.004425	-11.349941
714.400000	-398.929962	-11.325855
714.466667	-398.923584	-11.356483
714.533333	-398.914764	-11.324504
714.600000	-398.953247	-11.364257
714.666667	-398.874878	-11.370781
714.733333	-398.869720	-11.314915
714.800000	-398.846863	-11.293405
714.866667	-398.813721	-11.354435
714.933333	-398.832031	-11.324770
715.000000	-398.812500	-11.374573
715.066667	-398.822083	-11.410786
715.133333	-398.768982	-11.272439
715.200000	-398.751923	-11.386592
715.266667	-398.771820	-11.378964
715.333333	-398.741516	-11.372386
715.400000	-398.739899	-11.360665
715.466667	-398.747711	-11.412093
715.533333	-398.773468	-11.447763
715.600000	-398.717804	-11.398260
715.666667	-398.684052	-11.423366
715.733333	-398.700806	-11.417786
715.800000	-398.690735	-11.386337
715.866667	-398.630829	-11.409691
715.933333	-398.618958	-11.392277
716.000000	-398.554413	-11.319366
716.066667	-398.586761	-11.336635
716.133333	-398.564117	-11.377920
716.200000	-398.548981	-11.342010
716.266667	-398.548981	-11.363036
716.333333	-398.531708	-11.332868
716.400000	-398.481598	-11.310193
716.466667	-398.476746	-11.293418
716.533333	-398.482178	-11.319589
716.600000	-398.455658	-11.277272
716.666667	-398.436371	-11.347618
716.733333	-398.414581	-11.196129
716.800000	-398.410156	-11.218757
716.866667	-398.419739	-11.175805
716.933333	-398.407623	-11.256964
717.000000	-398.374512	-11.173352
717.066667	-398.353424	-11.184052
717.133333	-398.368561	-11.179201
717.200000	-398.341400	-11.149267
717.266667	-398.332794	-11.120899
717.333333	-398.353119	-11.179171
717.400000	-398.343903	-11.225911
717.466667	-398.293823	-11.252391
717.533333	-398.303741	-11.219321
717.600000	-398.265717	-11.226723
717.666667	-398.264099	-11.193452
717.733333	-398.204163	-11.213292
717.800000	-398.228882	-11.268681
717.866667	-398.227875	-11.282146
717.933333	-398.244995	-11.238668
718.000000	-398.220032	-11.191219
718.066667	-398.188354	-11.252133
718.133333	-398.198425	-11.155828
718.200000	-398.231293	-11.208958
718.266667	-398.191101	-11.186555
718.333333	-398.155884	-11.233044
718.400000	-398.139374	-11.181312
718.466667	-398.096771	-11.161888
718.533333	-398.059479	-11.094557
718.600000	-398.043671	-11.117017
718.666667	-398.052551	-11.165849
718.733333	-397.989990	-11.125086
718.800000	-397.999176	-11.162278
718.866667	-397.965668	-11.210114
718.933333	-397.993652	-11.172016
719.000000	-397.941437	-11.204531
719.066667	-397.932037	-11.148678
719.133333	-397.901550	-11.191510
719.200000	-397.879303	-11.111275
719.266667	-397.847748	-11.046893
719.333333	-397.876648	-11.129019
719.400000	-397.856659	-11.122043
719.466667	-397.860992	-11.069307
719.533333	-397.841003	-11.061128
719.600000	-397.788086	-11.029137
719.666667	-397.785614	-11.040238
719.733333	-397.769165	-11.111124
719.800000	-397.732605	-11.133259
719.866667	-397.731995	-11.047640
719.933333	-397.735840	-11.137664
720.000000	-397.689392	-11.091063
