5400.066667	-395.339203	-10.365527
5400.133333	-395.275391	-10.337950
5400.200000	-395.304810	-10.340707
5400.266667	-395.292999	-10.351437
5400.333333	-395.259796	-10.415469
5400.400000	-395.225098	-10.377044
5400.466667	-395.235596	-10.471126
5400.533333	-395.195343	-10.410303
5400.600000	-395.174377	-10.436004
5400.666667	-395.192444	-10.462159
5400.733333	-395.161316	-10.466714
5400.800000	-395.170532	-10.461332
5400.866667	-395.179626	-10.441087
5400.933333	-395.138336	-10.395732
5401.000000	-395.140167	-10.470016
5401.066667	-395.152771	-10.437368
5401.133333	-395.117340	-10.417732
5401.200000	-395.169281	-10.397896
5401.266667	-395.152710	-10.331392
5401.333333	-395.135132	-10.394327
5401.400000	-395.161926	-10.353799
5401.466667	-395.159943	-10.347689
5401.533333	-395.167633	-10.367784
5401.600000	-395.147156	-10.357796
5401.666667	-395.166107	-10.328773
5401.733333	-395.126740	-10.339444
5401.800000	-395.134857	-10.343648
5401.866667	-395.089386	-10.310069
5401.933333	-395.109680	-10.351437
5402.000000	-395.103760	-10.347689
5402.066667	-395.080048	-10.306494
5402.133333	-395.076874	-10.321785
5402.200000	-395.113220	-10.368430
5402.266667	-395.094635	-10.381001
5402.333333	-395.057159	-10.330882
5402.400000	-395.057831	-10.346574
5402.466667	-395.050781	-10.354022
5402.533333	-395.044952	-10.342675
5402.600000	-395.014008	-10.392449
5402.666667	-395.018341	-10.423820
5402.733333	-395.029663	-10.432465
5402.800000	-395.006226	-10.448250
5402.866667	-395.012756	-10.429012
5402.933333	-394.984802	-10.420516
5403.000000	-394.976776	-10.459212
5403.066667	-394.982330	-10.470138
5403.133333	-394.960632	-10.417178
5403.200000	-395.023865	-10.455460
5403.266667	-394.980103	-10.443161
5403.333333	-394.957458	-10.469049
5403.400000	-394.966705	-10.429423
5403.466667	-394.967560	-10.413635
5403.533333	-394.996185	-10.376631
5403.600000	-394.959259	-10.386494
5403.666667	-394.923706	-10.358564
5403.733333	-394.935974	-10.355777
5403.800000	-394.949158	-10.349494
5403.866667	-394.904449	-10.305761
5403.933333	-394.898682	-10.263255
5404.000000	-394.907593	-10.227833
5404.066667	-394.899261	-10.297941
5404.133333	-394.825562	-10.305065
5404.200000	-394.839203	-10.270267
5404.266667	-394.854492	-10.370756
5404.333333	-394.777954	-10.317729
5404.400000	-394.776367	-10.350047
5404.466667	-394.774536	-10.427494
5404.533333	-394.709290	-10.381392
5404.600000	-394.742767	-10.415528
5404.666667	-394.702484	-10.398918
5404.733333	-394.678040	-10.402645
5404.800000	-394.683868	-10.447501
5404.866667	-394.686218	-10.443641
5404.933333	-394.682617	-10.436605
5405.000000	-394.639038	-10.440822
5405.066667	-394.676178	-10.438780
5405.133333	-394.679138	-10.405730
5405.200000	-394.649933	-10.415056
5405.266667	-394.658051	-10.374150
5405.333333	-394.639160	-10.428372
5405.400000	-394.617371	-10.342957
5405.466667	-394.624573	-10.331478
5405.533333	-394.638672	-10.336189
5405.600000	-394.617523	-10.261531
5405.666667	-394.601105	-10.283483
5405.733333	-394.624115	-10.246003
5405.800000	-394.606079	-10.262553
5405.866667	-394.626343	-10.211421
5405.933333	-394.613556	-10.214444
5406.000000	-394.618225	-10.222774
5406.066667	-394.596649	-10.212587
5406.133333	-394.598724	-10.185204
5406.200000	-394.583801	-10.220675
5406.266667	-394.534302	-10.202425
5406.333333	-394.534058	-10.263368
5406.400000	-394.510742	-10.244578
5406.466667	-394.494568	-10.320555
5406.533333	-394.475555	-10.308918
5406.600000	-394.451935	-10.308369
5406.666667	-394.448578	-10.326804
5406.733333	-394.430115	-10.353282
5406.800000	-394.435547	-10.348845
5406.866667	-394.425385	-10.398486
5406.933333	-394.405945	-10.381881
5407.000000	-394.394562	-10.389310
5407.066667	-394.388947	-10.471992
5407.133333	-394.361023	-10.388635
5407.200000	-394.356567	-10.415106
5407.266667	-394.359619	-10.407258
5407.333333	-394.335541	-10.414533
5407.400000	-394.361786	-10.393782
5407.466667	-394.335541	-10.341290
5407.533333	-394.367798	-10.361228
5407.600000	-394.357178	-10.366588
5407.666667	-394.346863	-10.319035
5407.733333	-394.367767	-10.334528
5407.800000	-394.380341	-10.343416
5407.866667	-394.344330	-10.249492
5407.933333	-394.337891	-10.240170
5408.000000	-394.319580	-10.194180
5408.066667	-394.347321	-10.233252
5408.133333	-394.336761	-10.207351
5408.200000	-394.315704	-10.193057
5408.266667	-394.309052	-10.174641
5408.333333	-394.285828	-10.220399
5408.400000	-394.307007	-10.200104
5408.466667	-394.257965	-10.236515
5408.533333	-394.257568	-10.262617
5408.600000	-394.225006	-10.363412
5408.666667	-394.194702	-10.321157
5408.733333	-394.168976	-10.318251
5408.800000	-394.140503	-10.364158
5408.866667	-394.113953	-10.356363
5408.933333	-394.111389	-10.353696
5409.000000	-394.130829	-10.367380
5409.066667	-394.083527	-10.356567
5409.133333	-394.045288	-10.426489
5409.200000	-394.050568	-10.431952
5409.266667	-394.038574	-10.407445
5409.333333	-394.000977	-10.365921
5409.400000	-394.041473	-10.393307
5409.466667	-393.986908	-10.335103
5409.533333	-394.007812	-10.341322
5409.600000	-393.993561	-10.342434
5409.666667	-394.001282	-10.356766
5409.733333	-393.917419	-10.280296
5409.800000	-393.954224	-10.296269
5409.866667	-393.939453	-10.219521
5409.933333	-393.948151	-10.247765
5410.000000	-393.909973	-10.167214
5410.066667	-393.944855	-10.141229
5410.133333	-393.971100	-10.136500
5410.200000	-393.878967	-10.125905
5410.266667	-393.930878	-10.129843
5410.333333	-393.915833	-10.148849
5410.400000	-393.930542	-10.177759
5410.466667	-393.858124	-10.197396
5410.533333	-393.901733	-10.165845
5410.600000	-393.813660	-10.117625
5410.666667	-393.847717	-10.140154
5410.733333	-393.861908	-10.162191
5410.800000	-393.827698	-10.215038
5410.866667	-393.824768	-10.201709
5410.933333	-393.804260	-10.156594
5411.000000	-393.747345	-10.189743
5411.066667	-393.794861	-10.290584
5411.133333	-393.755310	-10.238906
5411.200000	-393.757782	-10.278412
5411.266667	-393.746887	-10.304374
5411.333333	-393.731720	-10.268250
5411.400000	-393.720367	-10.292056
5411.466667	-393.756348	-10.301545
5411.533333	-393.722198	-10.291788
5411.600000	-393.708038	-10.270849
5411.666667	-393.694366	-10.208620
5411.733333	-393.692139	-10.250426
5411.800000	-393.667999	-10.205763
5411.866667	-393.709595	-10.232038
5411.933333	-393.666962	-10.208068
5412.000000	-393.654205	-10.165517
5412.066667	-393.640778	-10.133061
5412.133333	-393.677917	-10.121119
5412.200000	-393.646423	-10.116425
5412.266667	-393.660217	-10.144528
5412.333333	-393.611420	-10.126624
5412.400000	-393.609009	-10.155368
5412.466667	-393.615662	-10.181857
5412.533333	-393.592224	-10.177533
5412.600000	-393.593140	-10.194664
5412.666667	-393.597046	-10.207351
5412.733333	-393.560791	-10.176227
5412.800000	-393.553619	-10.193905
5412.866667	-393.573822	-10.263158
5412.933333	-393.506317	-10.203671
5413.000000	-393.510956	-10.220814
5413.066667	-393.518463	-10.270029
5413.133333	-393.516418	-10.197679
5413.200000	-393.523590	-10.246974
5413.266667	-393.506989	-10.217026
5413.333333	-393.493195	-10.282851
5413.400000	-393.468719	-10.251841
5413.466667	-393.430298	-10.198250
5413.533333	-393.464386	-10.214592
5413.600000	-393.436401	-10.243030
5413.666667	-393.420929	-10.243030
5413.733333	-393.437622	-10.281513
5413.800000	-393.371033	-10.199121
5413.866667	-393.398712	-10.196369
5413.933333	-393.372833	-10.167195
5414.000000	-393.348083	-10.145748
5414.066667	-393.336304	-10.104010
5414.133333	-393.284729	-10.087285
5414.200000	-393.286896	-10.089071
5414.266667	-393.308716	-10.036631
5414.333333	-393.287872	-10.086322
5414.400000	-393.312561	-10.054392
5414.466667	-393.263611	-10.033402
5414.533333	-393.260162	-10.049006
5414.600000	-393.234375	-10.055602
5414.666667	-393.249268	-9.983055
5414.733333	-393.234192	-9.978251
5414.800000	-393.237274	-10.025996
5414.866667	-393.225586	-10.071561
5414.933333	-393.186096	-10.054584
5415.000000	-393.148163	-10.048442
5415.066667	-393.143616	-10.077801
5415.133333	-393.139771	-10.043784
5415.200000	-393.139282	-10.084488
5415.266667	-393.121429	-10.150496
5415.333333	-393.100708	-10.116858
5415.400000	-393.102264	-10.172164
5415.466667	-393.104950	-10.195830
5415.533333	-393.068665	-10.241944
5415.600000	-393.082733	-10.238547
5415.666667	-393.069275	-10.233659
5415.733333	-393.066772	-10.202552
5415.800000	-393.066772	-10.202552
5415.866667	-393.057922	-10.166912
5415.933333	-392.998291	-10.151666
5416.000000	-392.997467	-10.102715
5416.066667	-392.971649	-10.111958
5416.133333	-392.971191	-10.041662
5416.200000	-392.971191	-10.041662
5416.266667	-392.958313	-10.058659
5416.333333	-392.955170	-10.060299
5416.400000	-392.938232	-10.048387
5416.466667	-392.933899	-10.082778
5416.533333	-392.919861	-9.975176
5416.600000	-392.919861	-9.975176
5416.666667	-392.886444	-10.004163
5416.733333	-392.869385	-10.023969
5416.800000	-392.897095	-10.019003
5416.866667	-392.864197	-10.033013
5416.933333	-392.817169	-10.055007
5417.000000	-392.768555	-10.123281
5417.066667	-392.768555	-10.123281
5417.133333	-392.777344	-10.144730
5417.200000	-392.760284	-10.125770
5417.266667	-392.723297	-10.144732
5417.333333	-392.671967	-10.191235
5417.400000	-392.663269	-10.214748
5417.466667	-392.663269	-10.214748
5417.533333	-392.621033	-10.225039
5417.600000	-392.628143	-10.232023
5417.666667	-392.608429	-10.278546
5417.733333	-392.576263	-10.260550
5417.800000	-392.555939	-10.228722
5417.866667	-392.555939	-10.228722
5417.933333	-392.554871	-10.276899
5418.000000	-392.522980	-10.234479
5418.066667	-392.560333	-10.222322
5418.133333	-392.519318	-10.182029
5418.200000	-392.536774	-10.163329
5418.266667	-392.536774	-10.163329
5418.333333	-392.505981	-10.165112
5418.400000	-392.460449	-10.115225
5418.466667	-392.485413	-10.127313
5418.533333	-392.505280	-10.089597
5418.600000	-392.479004	-10.090811
5418.666667	-392.464111	-10.048515
5418.733333	-392.464111	-10.048515
5418.800000	-392.435303	-9.978184
5418.866667	-392.429474	-10.055800
5418.933333	-392.372955	-10.043188
5419.000000	-392.365570	-10.014915
5419.066667	-392.365204	-10.057027
5419.133333	-392.365204	-10.057027
5419.200000	-392.348755	-10.106618
5419.266667	-392.326599	-10.078367
5419.333333	-392.293701	-10.117675
5419.400000	-392.294586	-10.092350
5419.466667	-392.289520	-10.192365
5419.533333	-392.289520	-10.192365
5419.600000	-392.224396	-10.160807
5419.666667	-392.233582	-10.201927
5419.733333	-392.182159	-10.130349
5419.800000	-392.162445	-10.154066
5419.866667	-392.172668	-10.149890
5419.933333	-392.170532	-10.219132
5420.000000	-392.170532	-10.219132
5420.066667	-392.153595	-10.117746
5420.133333	-392.167206	-10.135489
5420.200000	-392.127716	-10.099029
5420.266667	-392.139648	-10.106507
5420.333333	-392.124512	-10.082296
5420.400000	-392.124512	-10.082296
5420.466667	-392.132294	-10.015367
5420.533333	-392.130768	-10.046155
5420.600000	-392.116882	-10.037434
5420.666667	-392.127106	-10.021370
5420.733333	-392.112885	-10.007240
5420.800000	-392.112885	-10.007240
5420.866667	-392.105469	-9.981318
5420.933333	-392.059937	-9.980057
5421.000000	-392.040710	-9.986974
5421.066667	-392.014862	-9.978317
5421.133333	-391.995270	-9.996802
5421.200000	-391.996979	-10.021940
5421.266667	-391.996979	-10.021940
5421.333333	-391.914581	-10.005634
5421.400000	-391.870087	-10.064406
5421.466667	-391.872772	-10.029350
5421.533333	-391.853088	-10.111805
5421.600000	-391.831055	-10.146662
5421.666667	-391.831055	-10.146662
5421.733333	-391.800293	-10.180929
5421.800000	-391.789764	-10.178747
5421.866667	-391.797241	-10.213627
5421.933333	-391.760529	-10.164705
5422.000000	-391.767426	-10.155207
5422.066667	-391.767426	-10.155207
5422.133333	-391.737915	-10.176402
5422.200000	-391.749542	-10.151352
5422.266667	-391.735168	-10.148772
5422.333333	-391.689453	-10.130011
5422.400000	-391.677002	-10.131504
5422.466667	-391.677002	-10.131504
5422.533333	-391.636017	-10.082778
5422.600000	-391.682312	-10.112236
5422.666667	-391.648621	-10.065530
5422.733333	-391.608429	-10.014235
5422.800000	-391.605011	-9.970929
5422.866667	-391.605316	-10.003853
5422.933333	-391.619324	-10.026570
5423.000000	-391.608032	-9.980165
5423.066667	-391.586914	-9.981726
5423.133333	-391.578430	-9.988277
5423.200000	-391.567383	-10.014121
5423.266667	-391.575287	-9.990583
5423.333333	-391.552338	-10.060897
5423.400000	-391.555450	-10.017796
5423.466667	-391.517822	-10.071236
5423.533333	-391.538696	-10.091295
5423.600000	-391.492645	-10.133767
5423.666667	-391.442078	-10.094484
5423.733333	-391.434845	-10.090549
5423.800000	-391.335388	-10.125130
5423.866667	-391.345154	-10.192998
5423.933333	-391.321777	-10.165337
5424.000000	-391.313538	-10.138474
5424.066667	-391.281403	-10.194140
5424.133333	-391.259857	-10.155256
5424.200000	-391.265808	-10.164575
5424.266667	-391.265167	-10.160305
5424.333333	-391.243591	-10.139769
5424.400000	-391.251923	-10.162189
5424.466667	-391.219910	-10.118768
5424.533333	-391.222107	-10.100677
5424.600000	-391.232635	-10.095598
5424.666667	-391.213867	-10.060739
5424.733333	-391.227966	-10.064640
5424.800000	-391.276489	-10.009659
5424.866667	-391.227753	-9.982282
5424.933333	-391.218475	-9.998716
5425.000000	-391.206848	-10.018024
5425.066667	-391.211243	-9.966850
5425.133333	-391.159058	-9.952634
5425.200000	-391.167236	-9.983719
5425.266667	-391.155914	-9.968719
5425.333333	-391.174896	-9.990490
5425.400000	-391.097351	-9.955746
5425.466667	-391.068970	-9.966332
5425.533333	-391.083649	-9.968826
5425.600000	-391.071442	-9.914862
5425.666667	-391.018921	-9.976220
5425.733333	-391.006592	-10.016657
5425.800000	-391.001221	-10.018313
5425.866667	-390.971405	-10.042748
5425.933333	-390.976807	-10.039395
5426.000000	-390.947021	-10.036812
5426.066667	-390.952362	-10.023115
5426.133333	-390.916626	-10.042716
5426.200000	-390.902679	-9.979510
5426.266667	-390.917175	-10.044927
5426.333333	-390.882080	-10.003610
5426.400000	-390.905212	-10.013600
5426.466667	-390.869415	-10.020134
5426.533333	-390.873291	-10.007589
5426.600000	-390.885620	-10.021377
5426.666667	-390.855682	-9.981686
5426.733333	-390.866302	-9.939480
5426.800000	-390.821503	-9.943027
5426.866667	-390.863098	-9.922929
5426.933333	-390.825195	-9.863708
5427.000000	-390.831696	-9.900336
5427.066667	-390.804840	-9.901557
5427.133333	-390.802185	-9.868197
5427.200000	-390.824860	-9.890532
5427.266667	-390.802734	-9.883227
5427.333333	-390.785919	-9.855247
5427.400000	-390.764313	-9.852098
5427.466667	-390.763550	-9.893698
5427.533333	-390.768707	-9.909966
5427.600000	-390.760132	-9.938052
5427.666667	-390.756012	-9.903999
5427.733333	-390.746918	-9.944657
5427.800000	-390.682251	-9.930511
5427.866667	-390.669861	-9.901052
5427.933333	-390.682007	-9.934178
5428.000000	-390.660828	-9.959440
5428.066667	-390.622864	-9.969621
5428.133333	-390.645538	-9.987360
5428.200000	-390.612335	-9.998288
5428.266667	-390.596771	-10.009490
5428.333333	-390.601959	-10.010751
5428.400000	-390.581146	-9.973125
5428.466667	-390.566315	-9.966249
5428.533333	-390.576202	-9.969654
5428.600000	-390.575195	-9.942304
5428.666667	-390.586761	-9.943880
5428.733333	-390.547760	-9.991848
5428.800000	-390.573212	-9.912102
5428.866667	-390.580566	-9.915479
5428.933333	-390.557770	-9.904605
5429.000000	-390.567413	-9.917911
5429.066667	-390.576691	-9.879987
5429.133333	-390.562103	-9.841284
5429.200000	-390.516510	-9.842563
5429.266667	-390.548340	-9.846752
5429.333333	-390.532043	-9.774994
5429.400000	-390.505524	-9.798243
5429.466667	-390.509888	-9.760470
5429.533333	-390.480469	-9.838450
5429.600000	-390.504608	-9.829578
5429.666667	-390.497284	-9.820022
5429.733333	-390.500275	-9.812583
5429.800000	-390.468658	-9.918875
5429.866667	-390.419983	-9.937162
5429.933333	-390.400208	-9.911169
5430.000000	-390.393921	-9.922770
5430.066667	-390.365387	-9.963397
5430.133333	-390.334290	-9.993812
5430.200000	-390.324463	-9.970463
5430.266667	-390.321777	-10.020555
5430.333333	-390.294434	-9.943234
5430.400000	-390.271698	-9.967283
5430.466667	-390.252869	-9.967377
5430.533333	-390.276703	-9.984491
5430.600000	-390.258240	-9.981561
5430.666667	-390.257843	-9.991848
5430.733333	-390.245483	-9.947021
5430.800000	-390.227905	-9.945968
5430.866667	-390.260712	-9.889055
5430.933333	-390.268097	-9.950641
5431.000000	-390.219604	-9.874289
5431.066667	-390.242706	-9.875894
5431.133333	-390.219391	-9.855864
5431.200000	-390.218018	-9.814537
5431.266667	-390.252136	-9.813827
5431.333333	-390.195221	-9.738521
5431.400000	-390.208649	-9.709091
5431.466667	-390.188660	-9.748123
5431.533333	-390.225403	-9.723026
5431.600000	-390.213226	-9.708831
5431.666667	-390.170135	-9.728646
5431.733333	-390.230011	-9.744739
5431.800000	-390.156921	-9.789228
5431.866667	-390.212494	-9.732120
5431.933333	-390.181152	-9.806152
5432.000000	-390.159882	-9.788187
5432.066667	-390.184204	-9.830225
5432.133333	-390.206421	-9.818709
5432.200000	-390.169922	-9.862814
5432.266667	-390.183350	-9.866069
5432.333333	-390.189545	-9.872218
5432.400000	-390.163025	-9.883697
5432.466667	-390.167145	-9.925941
5432.533333	-390.165771	-9.908783
5432.600000	-390.151337	-9.930395
5432.666667	-390.184082	-9.903347
5432.733333	-390.139679	-9.925622
5432.800000	-390.144196	-9.871780
5432.866667	-390.129547	-9.871790
5432.933333	-390.099518	-9.798182
5433.000000	-390.149933	-9.809826
5433.066667	-390.078125	-9.869705
5433.133333	-390.107727	-9.863669
5433.200000	-390.087433	-9.826662
5433.266667	-390.091492	-9.778700
5433.333333	-390.108124	-9.808017
5433.400000	-390.052124	-9.790536
5433.466667	-390.044617	-9.794458
5433.533333	-390.077698	-9.818979
5433.600000	-390.057831	-9.736959
5433.666667	-390.029449	-9.762505
5433.733333	-390.061432	-9.765525
5433.800000	-390.061829	-9.787347
5433.866667	-390.017120	-9.810155
5433.933333	-390.000671	-9.821109
5434.000000	-390.009857	-9.794157
5434.066667	-390.014130	-9.831161
5434.133333	-389.984253	-9.851530
5434.200000	-389.976044	-9.855074
5434.266667	-389.934021	-9.890617
5434.333333	-389.943268	-9.858165
5434.400000	-389.922333	-9.836603
5434.466667	-389.913177	-9.852497
5434.533333	-389.910278	-9.955106
5434.600000	-389.892303	-9.888982
5434.666667	-389.894440	-9.912877
5434.733333	-389.882050	-9.923787
5434.800000	-389.875244	-9.913398
5434.866667	-389.880890	-9.925728
5434.933333	-389.899658	-9.915600
5435.000000	-389.851044	-9.874223
5435.066667	-389.879852	-9.849974
5435.133333	-389.869415	-9.892253
5435.200000	-389.860046	-9.859975
5435.266667	-389.910309	-9.861955
5435.333333	-389.869965	-9.872576
5435.400000	-389.904602	-9.883235
5435.466667	-389.876495	-9.894638
5435.533333	-389.871552	-9.881638
5435.600000	-389.893341	-9.847645
5435.666667	-389.877899	-9.828289
5435.733333	-389.889465	-9.830978
5435.800000	-389.882202	-9.825044
5435.866667	-389.850189	-9.856030
5435.933333	-389.835724	-9.839648
5436.000000	-389.808624	-9.858988
5436.066667	-389.798584	-9.841373
5436.133333	-389.765076	-9.873422
5436.200000	-389.760071	-9.828000
5436.266667	-389.744385	-9.865988
5436.333333	-389.716827	-9.842196
5436.400000	-389.690491	-9.807532
5436.466667	-389.679474	-9.820013
5436.533333	-389.717651	-9.850042
5436.600000	-389.734283	-9.871410
5436.666667	-389.664276	-9.820631
5436.733333	-389.696930	-9.876315
5436.800000	-389.665588	-9.835019
5436.866667	-389.685577	-9.906594
5436.933333	-389.672729	-9.888136
5437.000000	-389.667450	-9.849939
5437.066667	-389.659180	-9.838474
5437.133333	-389.653412	-9.853654
5437.200000	-389.658112	-9.825171
5437.266667	-389.634705	-9.848424
5437.333333	-389.666107	-9.850785
5437.400000	-389.652649	-9.781089
5437.466667	-389.661133	-9.818409
5437.533333	-389.618591	-9.848388
5437.600000	-389.679413	-9.872644
5437.666667	-389.701324	-9.871449
5437.733333	-389.673035	-9.857037
5437.800000	-389.694244	-9.846285
5437.866667	-389.665649	-9.854666
5437.933333	-389.690887	-9.891858
5438.000000	-389.664734	-9.842587
5438.066667	-389.665649	-9.829169
5438.133333	-389.626190	-9.861777
5438.200000	-389.677460	-9.862547
5438.266667	-389.643402	-9.867067
5438.333333	-389.641479	-9.845226
5438.400000	-389.637299	-9.890126
5438.466667	-389.614532	-9.886873
5438.533333	-389.610443	-9.840199
5438.600000	-389.618988	-9.871074
5438.666667	-389.562897	-9.841883
5438.733333	-389.561676	-9.826128
5438.800000	-389.554962	-9.881976
5438.866667	-389.560181	-9.838285
5438.933333	-389.547699	-9.925555
5439.000000	-389.533112	-9.888729
5439.066667	-389.548157	-9.879987
5439.133333	-389.543762	-9.856756
5439.200000	-389.538849	-9.910232
5439.266667	-389.527039	-9.937513
5439.333333	-389.556213	-9.939338
5439.400000	-389.531647	-9.907315
5439.466667	-389.562225	-9.863050
5439.533333	-389.540985	-9.933135
5439.600000	-389.565186	-9.849427
5439.666667	-389.549286	-9.857576
5439.733333	-389.548065	-9.872678
5439.800000	-389.549286	-9.848278
5439.866667	-389.559052	-9.874276
5439.933333	-389.548889	-9.875125
5440.000000	-389.550537	-9.849339
5440.066667	-389.533569	-9.887657
5440.133333	-389.528168	-9.880393
5440.200000	-389.539581	-9.861756
5440.266667	-389.522522	-9.862547
5440.333333	-389.535522	-9.867414
5440.400000	-389.500580	-9.856842
5440.466667	-389.478241	-9.858872
5440.533333	-389.493927	-9.866244
5440.600000	-389.464539	-9.897508
5440.666667	-389.484985	-9.960163
5440.733333	-389.475677	-9.997742
5440.800000	-389.466156	-9.949024
5440.866667	-389.440094	-9.914332
5440.933333	-389.428741	-9.931604
5441.000000	-389.431122	-9.915028
5441.066667	-389.405243	-9.925308
5441.133333	-389.428131	-9.923227
5441.200000	-389.424438	-9.922411
5441.266667	-389.442902	-9.929524
5441.333333	-389.475677	-9.960943
5441.400000	-389.434113	-9.879175
5441.466667	-389.416016	-9.890460
5441.533333	-389.419678	-9.884038
5441.600000	-389.416687	-9.874309
5441.666667	-389.441010	-9.881204
5441.733333	-389.444214	-9.869917
5441.800000	-389.427277	-9.786133
5441.866667	-389.429291	-9.823997
5441.933333	-389.451965	-9.843373
5442.000000	-389.422638	-9.819038
5442.066667	-389.431824	-9.775422
5442.133333	-389.446289	-9.746956
5442.200000	-389.421936	-9.759019
5442.266667	-389.423065	-9.778824
5442.333333	-389.415771	-9.784631
5442.400000	-389.420929	-9.771170
5442.466667	-389.415222	-9.748379
5442.533333	-389.374084	-9.713698
5442.600000	-389.399902	-9.837290
5442.666667	-389.381165	-9.840960
5442.733333	-389.384857	-9.832885
5442.800000	-389.376526	-9.895028
5442.866667	-389.372894	-9.943112
5442.933333	-389.368164	-9.859591
5443.000000	-389.342285	-9.871528
5443.066667	-389.337891	-9.928234
5443.133333	-389.349274	-9.917792
5443.200000	-389.299927	-9.954959
5443.266667	-389.316895	-9.912139
5443.333333	-389.294067	-9.923136
5443.400000	-389.342468	-9.928938
5443.466667	-389.319061	-9.879583
5443.533333	-389.316498	-9.887313
5443.600000	-389.307892	-9.838807
5443.666667	-389.330231	-9.835930
5443.733333	-389.315033	-9.799334
5443.800000	-389.312347	-9.779802
5443.866667	-389.310608	-9.761028
5443.933333	-389.336395	-9.779171
5444.000000	-389.306061	-9.776444
5444.066667	-389.315826	-9.734408
5444.133333	-389.317841	-9.763038
5444.200000	-389.313812	-9.765057
5444.266667	-389.328674	-9.753022
5444.333333	-389.328156	-9.741092
5444.400000	-389.288330	-9.704357
5444.466667	-389.299469	-9.707783
5444.533333	-389.318665	-9.768664
5444.600000	-389.274078	-9.756305
5444.666667	-389.259186	-9.740532
5444.733333	-389.253693	-9.778069
5444.800000	-389.236481	-9.763867
5444.866667	-389.236603	-9.832939
5444.933333	-389.209839	-9.852813
5445.000000	-389.215179	-9.855947
5445.066667	-389.200104	-9.875525
5445.133333	-389.213806	-9.855791
5445.200000	-389.194061	-9.913784
5445.266667	-389.197662	-9.949262
5445.333333	-389.184601	-9.906064
5445.400000	-389.186249	-9.914620
5445.466667	-389.169098	-9.894264
5445.533333	-389.172577	-9.869870
5445.600000	-389.200500	-9.906441
5445.666667	-389.182953	-9.814718
5445.733333	-389.173676	-9.816164
5445.800000	-389.193604	-9.802521
5445.866667	-389.150391	-9.753880
5445.933333	-389.170807	-9.716605
5446.000000	-389.196442	-9.726323
5446.066667	-389.190674	-9.749815
5446.133333	-389.201324	-9.753007
5446.200000	-389.180664	-9.737144
5446.266667	-389.184357	-9.711422
5446.333333	-389.165131	-9.704371
5446.400000	-389.167572	-9.706811
5446.466667	-389.151764	-9.711615
5446.533333	-389.168213	-9.730205
5446.600000	-389.153961	-9.734716
5446.666667	-389.154419	-9.728416
5446.733333	-389.163666	-9.721767
5446.800000	-389.142151	-9.723612
5446.866667	-389.132385	-9.762912
5446.933333	-389.160797	-9.789646
5447.000000	-389.152161	-9.796204
5447.066667	-389.130829	-9.756326
5447.133333	-389.127899	-9.845306
5447.200000	-389.108948	-9.842311
5447.266667	-389.139862	-9.859373
5447.333333	-389.137695	-9.879176
5447.400000	-389.076691	-9.861777
5447.466667	-389.111664	-9.845760
5447.533333	-389.081665	-9.892197
5447.600000	-389.082733	-9.868656
5447.666667	-389.093292	-9.846285
5447.733333	-389.105255	-9.807245
5447.800000	-389.092865	-9.818075
5447.866667	-389.107574	-9.791873
5447.933333	-389.112396	-9.798341
5448.000000	-389.105560	-9.765318
5448.066667	-389.147583	-9.779868
5448.133333	-389.102905	-9.740860
5448.200000	-389.121368	-9.722938
5448.266667	-389.111053	-9.770127
5448.333333	-389.124847	-9.776181
5448.400000	-389.102936	-9.712909
5448.466667	-389.106781	-9.709366
5448.533333	-389.099792	-9.723296
5448.600000	-389.096954	-9.737058
5448.666667	-389.097900	-9.751417
5448.733333	-389.123779	-9.739086
5448.800000	-389.092804	-9.730083
5448.866667	-389.066803	-9.720370
5448.933333	-389.079285	-9.742296
5449.000000	-389.067535	-9.768431
5449.066667	-389.092010	-9.775945
5449.133333	-389.099640	-9.834614
5449.200000	-389.110748	-9.855511
5449.266667	-389.050720	-9.818532
5449.333333	-389.059357	-9.876336
5449.400000	-389.072937	-9.830104
5449.466667	-389.043396	-9.867097
5449.533333	-389.039154	-9.881617
5449.600000	-389.052216	-9.906724
5449.666667	-389.035492	-9.864468
5449.733333	-389.046265	-9.830328
5449.800000	-389.056519	-9.926629
5449.866667	-389.063171	-9.810311
5449.933333	-389.050262	-9.834470
5450.000000	-389.031982	-9.786405
5450.066667	-389.044586	-9.819704
5450.133333	-389.066528	-9.791873
5450.200000	-389.069336	-9.767330
5450.266667	-389.046692	-9.748217
5450.333333	-389.063477	-9.748221
5450.400000	-389.126312	-9.740849
5450.466667	-389.070648	-9.736828
5450.533333	-389.101593	-9.768880
5450.600000	-389.077606	-9.725054
5450.666667	-389.061066	-9.755093
5450.733333	-389.048492	-9.728763
5450.800000	-389.092010	-9.759814
5450.866667	-389.046844	-9.737706
5450.933333	-389.076172	-9.783022
5451.000000	-389.076172	-9.783022
5451.066667	-389.056030	-9.726219
5451.133333	-389.035553	-9.739569
5451.200000	-389.042267	-9.781252
5451.266667	-389.023682	-9.756972
5451.333333	-388.964722	-9.797709
5451.400000	-388.964722	-9.797709
5451.466667	-389.017975	-9.838617
5451.533333	-389.007141	-9.875908
5451.600000	-389.003571	-9.859684
5451.666667	-388.995880	-9.891265
5451.733333	-388.983978	-9.843358
5451.800000	-388.983978	-9.843358
5451.866667	-389.006561	-9.866948
5451.933333	-389.010010	-9.789835
5452.000000	-388.999054	-9.825857
5452.066667	-389.011261	-9.829114
5452.133333	-389.031403	-9.772418
5452.200000	-388.983154	-9.802253
5452.266667	-388.983154	-9.802253
5452.333333	-389.027313	-9.786726
5452.400000	-389.032379	-9.769795
5452.466667	-389.007690	-9.742562
5452.533333	-388.997498	-9.741019
5452.600000	-389.022858	-9.742405
5452.666667	-389.022858	-9.742405
5452.733333	-389.028320	-9.702545
5452.800000	-388.996460	-9.716664
5452.866667	-389.053741	-9.730424
5452.933333	-389.029510	-9.755781
5453.000000	-389.014801	-9.731011
5453.066667	-389.014801	-9.731011
5453.133333	-389.024078	-9.717412
5453.200000	-389.007080	-9.778419
5453.266667	-389.018585	-9.796147
5453.333333	-388.983459	-9.774898
5453.400000	-389.010803	-9.771070
5453.466667	-389.010803	-9.771070
5453.533333	-389.019989	-9.804257
5453.600000	-388.972687	-9.771540
5453.666667	-388.961334	-9.843316
5453.733333	-389.008331	-9.865268
5453.800000	-388.982544	-9.865808
5453.866667	-388.979706	-9.835003
5453.933333	-388.979706	-9.835003
5454.000000	-388.978394	-9.843848
5454.066667	-388.971100	-9.803793
5454.133333	-388.989349	-9.796012
5454.200000	-389.027130	-9.759778
5454.266667	-388.988556	-9.748833
5454.333333	-388.988556	-9.748833
5454.400000	-389.009064	-9.800899
5454.466667	-388.993011	-9.787813
5454.533333	-389.036591	-9.796012
5454.600000	-389.013184	-9.749180
5454.666667	-389.040741	-9.812505
5454.733333	-389.040741	-9.812505
5454.800000	-389.014862	-9.698757
5454.866667	-389.022247	-9.735214
5454.933333	-389.033752	-9.739894
5455.000000	-389.013184	-9.721322
5455.066667	-389.004883	-9.754688
5455.133333	-389.011658	-9.796584
5455.200000	-389.011658	-9.796584
5455.266667	-389.069489	-9.774940
5455.333333	-388.991241	-9.755161
5455.400000	-389.005188	-9.766293
5455.466667	-388.995941	-9.767529
5455.533333	-388.968506	-9.811206
5455.600000	-388.968506	-9.811206
5455.666667	-388.967438	-9.843848
5455.733333	-388.963776	-9.810958
5455.800000	-388.971375	-9.858009
5455.866667	-388.918945	-9.813571
5455.933333	-388.967010	-9.861777
5456.000000	-388.967010	-9.861777
5456.066667	-388.977905	-9.832612
5456.133333	-388.964172	-9.837611
5456.200000	-388.979706	-9.837854
5456.266667	-388.999969	-9.833803
5456.333333	-388.982788	-9.819694
5456.400000	-389.015137	-9.790353
5456.466667	-388.998688	-9.769135
5456.533333	-389.002380	-9.778309
5456.600000	-388.988464	-9.735526
5456.666667	-388.986938	-9.779056
5456.733333	-389.004608	-9.768452
5456.800000	-389.041138	-9.726729
5456.866667	-388.987976	-9.717875
5456.933333	-388.990387	-9.718680
5457.000000	-388.995911	-9.740626
5457.066667	-389.006226	-9.703964
5457.133333	-389.041901	-9.695157
5457.200000	-389.002258	-9.741508
5457.266667	-388.978088	-9.753185
5457.333333	-388.967712	-9.783124
5457.400000	-388.985718	-9.746017
5457.466667	-388.981598	-9.820360
5457.533333	-388.943176	-9.808440
5457.600000	-388.970703	-9.802710
5457.666667	-388.919769	-9.787495
5457.733333	-388.963623	-9.921523
5457.800000	-388.921936	-9.844254
5457.866667	-388.925842	-9.883633
5457.933333	-388.900085	-9.873889
5458.000000	-388.919037	-9.871064
5458.066667	-388.933929	-9.846207
5458.133333	-388.931061	-9.869765
5458.200000	-388.927673	-9.857757
5458.266667	-388.905579	-9.896711
5458.333333	-388.917053	-9.845273
5458.400000	-388.947876	-9.846303
5458.466667	-388.949097	-9.842397
5458.533333	-388.898468	-9.776711
5458.600000	-388.907135	-9.793796
5458.666667	-388.964172	-9.801484
5458.733333	-388.916290	-9.782689
5458.800000	-388.954651	-9.720711
5458.866667	-388.952606	-9.723570
5458.933333	-388.947876	-9.736563
5459.000000	-388.899261	-9.757797
5459.066667	-388.948059	-9.719819
5459.133333	-388.960907	-9.774048
5459.200000	-388.956177	-9.745023
5459.266667	-388.919281	-9.684227
5459.333333	-388.930603	-9.774777
5459.400000	-388.916840	-9.736349
5459.466667	-388.933136	-9.852439
5459.533333	-388.933716	-9.800807
5459.600000	-388.927765	-9.817670
5459.666667	-388.880890	-9.786265
5459.733333	-388.881104	-9.806968
5459.800000	-388.895020	-9.854258
5459.866667	-388.867584	-9.829114
5459.933333	-388.885986	-9.905686
5460.000000	-388.881256	-9.879167
