3900.066667	-411.480957	-12.732055
3900.133333	-411.476135	-12.764438
3900.200000	-411.460938	-12.615673
3900.266667	-411.430481	-12.609280
3900.333333	-411.445282	-12.476708
3900.400000	-411.496979	-12.366606
3900.466667	-411.531677	-12.331654
3900.533333	-411.554169	-12.156347
3900.600000	-411.554169	-12.156347
3900.733333	-411.608246	-12.088441
3900.800000	-411.685547	-11.925522
3900.866667	-411.694672	-11.891680
3900.933333	-411.722443	-11.841127
3901.000000	-411.718414	-11.857987
3901.066667	-411.718414	-11.857987
3901.133333	-411.715759	-11.893126
3901.200000	-411.634796	-11.983656
3901.266667	-411.565216	-11.956715
3901.333333	-411.513794	-12.022872
3901.400000	-411.457764	-12.138039
3901.466667	-411.416260	-12.157970
3901.533333	-411.422333	-12.230812
3901.600000	-411.428986	-12.289407
3901.666667	-411.296967	-12.427327
3901.733333	-411.266663	-12.416049
3901.800000	-411.270325	-12.518192
3901.866667	-411.204010	-12.582176
3901.933333	-411.210815	-12.719534
3902.000000	-411.162415	-12.743701
3902.066667	-411.180298	-12.848427
3902.133333	-411.114807	-12.780614
3902.200000	-411.124084	-12.755443
3902.266667	-411.142426	-12.735229
3902.333333	-411.123230	-12.638270
3902.400000	-411.130585	-12.506557
3902.466667	-411.148132	-12.490974
3902.533333	-411.157074	-12.466846
3902.600000	-411.133270	-12.247771
3902.666667	-411.157013	-12.156627
3902.733333	-411.205902	-12.154679
3902.800000	-411.260681	-12.102643
3902.866667	-411.257416	-12.013538
3902.933333	-411.258118	-11.920674
3903.000000	-411.249786	-11.901165
3903.066667	-411.285492	-11.830923
3903.133333	-411.264771	-11.874247
3903.200000	-411.253693	-11.852097
3903.266667	-411.228546	-11.868747
3903.333333	-411.199097	-11.914559
3903.400000	-411.210663	-11.903603
3903.466667	-411.180817	-12.003481
3903.533333	-411.131317	-12.201333
3903.600000	-411.099274	-12.283206
3903.666667	-411.026459	-12.234385
3903.733333	-410.983032	-12.319084
3903.800000	-410.949280	-12.406016
3903.866667	-410.908600	-12.479225
3903.933333	-410.885925	-12.519053
3904.000000	-410.878052	-12.680622
3904.066667	-410.814789	-12.719933
3904.133333	-410.833130	-12.816517
3904.200000	-410.785309	-12.735620
3904.266667	-410.748474	-12.724602
3904.333333	-410.717529	-12.703222
3904.400000	-410.743805	-12.621763
3904.466667	-410.765259	-12.494716
3904.533333	-410.769073	-12.467350
3904.600000	-410.774384	-12.432761
3904.666667	-410.800903	-12.462654
3904.733333	-410.888733	-12.354517
3904.800000	-410.919678	-12.275718
3904.866667	-410.938385	-12.179028
3904.933333	-410.965424	-12.011861
3905.000000	-410.904968	-11.866216
3905.066667	-410.907837	-11.847419
3905.133333	-410.934174	-11.841599
3905.200000	-410.945892	-11.805554
3905.266667	-410.952911	-11.801816
3905.333333	-410.890320	-11.708597
3905.400000	-410.915161	-11.777346
3905.466667	-410.863220	-11.771795
3905.533333	-410.828735	-11.905241
3905.600000	-410.751038	-11.964392
3905.666667	-410.744263	-12.088014
3905.733333	-410.738342	-12.249705
3905.800000	-410.685272	-12.362898
3905.866667	-410.630463	-12.398100
3905.933333	-410.600861	-12.548537
3906.000000	-410.569000	-12.578526
3906.066667	-410.499847	-12.554904
3906.133333	-410.466187	-12.660241
3906.200000	-410.420990	-12.704361
3906.266667	-410.432709	-12.738544
3906.333333	-410.446747	-12.738544
3906.400000	-410.372681	-12.711907
3906.466667	-410.388397	-12.740003
3906.533333	-410.470612	-12.701316
3906.600000	-410.433655	-12.612911
3906.666667	-410.485992	-12.579265
3906.733333	-410.441833	-12.476166
3906.800000	-410.471313	-12.438942
3906.866667	-410.447723	-12.358701
3906.933333	-410.468140	-12.242640
3907.000000	-410.457336	-12.004587
3907.066667	-410.503052	-11.980412
3907.133333	-410.458649	-11.770022
3907.200000	-410.455383	-11.685247
3907.266667	-410.484741	-11.749102
3907.333333	-410.498779	-11.746443
3907.400000	-410.472839	-11.765457
3907.466667	-410.461365	-11.803379
3907.533333	-410.428436	-11.746996
3907.600000	-410.386078	-11.721111
3907.666667	-410.348846	-11.795388
3907.733333	-410.303497	-11.947086
3907.800000	-410.283813	-12.072873
3907.866667	-410.279816	-12.215435
3907.933333	-410.208405	-12.297624
3908.000000	-410.163330	-12.350740
3908.066667	-410.116119	-12.437634
3908.133333	-410.111633	-12.529826
3908.200000	-410.113464	-12.678866
3908.266667	-410.063324	-12.705866
3908.333333	-410.049744	-12.781968
3908.400000	-410.014832	-12.838614
3908.466667	-410.027069	-12.847416
3908.533333	-410.006714	-12.798863
3908.600000	-409.985565	-12.812466
3908.666667	-409.991882	-12.682817
3908.733333	-409.984619	-12.700543
3908.800000	-409.997772	-12.486561
3908.866667	-410.009766	-12.356174
3908.933333	-409.947021	-12.294679
3909.000000	-409.946564	-12.234538
3909.066667	-409.934662	-12.086868
3909.133333	-409.996338	-12.080508
3909.200000	-409.979004	-11.918839
3909.266667	-409.982971	-11.761638
3909.333333	-410.007416	-11.771419
3909.400000	-409.987885	-11.678090
3909.466667	-409.975067	-11.671968
3909.533333	-409.996094	-11.724482
3909.600000	-409.960022	-11.684780
3909.666667	-409.918091	-11.663937
3909.733333	-409.932831	-11.763139
3909.800000	-409.864594	-11.791263
3909.866667	-409.831177	-11.985661
3909.933333	-409.811981	-12.089079
3910.000000	-409.778564	-12.223694
3910.066667	-409.739227	-12.188273
3910.133333	-409.672791	-12.239861
3910.200000	-409.687134	-12.377514
3910.266667	-409.643097	-12.530770
3910.333333	-409.646912	-12.573896
3910.400000	-409.629303	-12.632884
3910.466667	-409.571594	-12.756627
3910.533333	-409.574707	-12.751309
3910.600000	-409.559845	-12.774653
3910.666667	-409.519867	-12.735788
3910.733333	-409.529572	-12.715087
3910.800000	-409.492493	-12.620610
3910.866667	-409.494934	-12.559027
3910.933333	-409.491882	-12.484460
3911.000000	-409.451385	-12.327929
3911.066667	-409.466736	-12.228712
3911.133333	-409.556854	-12.240231
3911.200000	-409.582336	-12.147598
3911.266667	-409.608673	-12.084024
3911.333333	-409.614349	-11.964567
3911.400000	-409.597443	-11.801053
3911.466667	-409.582123	-11.771358
3911.533333	-409.576324	-11.725180
3911.600000	-409.524628	-11.652468
3911.666667	-409.527557	-11.654363
3911.733333	-409.527557	-11.677516
3911.800000	-409.534454	-11.786624
3911.866667	-409.518066	-11.747962
3911.933333	-409.467987	-11.862200
3912.000000	-409.407898	-11.912949
3912.066667	-409.384308	-12.133642
3912.133333	-409.240784	-12.170675
3912.200000	-409.206451	-12.152446
3912.266667	-409.243408	-12.325768
3912.333333	-409.197662	-12.392264
3912.400000	-409.193054	-12.407069
3912.466667	-409.128357	-12.464234
3912.533333	-409.069458	-12.485315
3912.600000	-409.090912	-12.638021
3912.666667	-409.054596	-12.649722
3912.733333	-409.034912	-12.669395
3912.800000	-408.984344	-12.663465
3912.866667	-408.988525	-12.598404
3912.933333	-409.012909	-12.503793
3913.000000	-409.023834	-12.381852
3913.066667	-409.052826	-12.357646
3913.133333	-409.071991	-12.311671
3913.200000	-409.085449	-12.207298
3913.266667	-409.047546	-12.091948
3913.333333	-409.043945	-12.008772
3913.400000	-409.073456	-11.860099
3913.466667	-409.111267	-11.931841
3913.533333	-409.072784	-11.743237
3913.600000	-409.056702	-11.620972
3913.666667	-409.041534	-11.529582
3913.733333	-409.023315	-11.472600
3913.800000	-409.006470	-11.518929
3913.866667	-408.980774	-11.477226
3913.933333	-408.950256	-11.562783
3914.000000	-408.945221	-11.680451
3914.066667	-408.922272	-11.777916
3914.133333	-408.889709	-11.825837
3914.200000	-408.798187	-11.917725
3914.266667	-408.756317	-12.115911
3914.333333	-408.697784	-12.181644
3914.400000	-408.674896	-12.212397
3914.466667	-408.637451	-12.300018
3914.533333	-408.611877	-12.404565
3914.600000	-408.533264	-12.410407
3914.666667	-408.458649	-12.505870
3914.733333	-408.438110	-12.498474
3914.800000	-408.397675	-12.563383
3914.866667	-408.361877	-12.567630
3914.933333	-408.386017	-12.454123
3915.000000	-408.360962	-12.428853
3915.066667	-408.347046	-12.526974
3915.133333	-408.329803	-12.478911
3915.200000	-408.349823	-12.325356
3915.266667	-408.400604	-12.185291
3915.333333	-408.421204	-12.113592
3915.400000	-408.436432	-12.101477
3915.466667	-408.413574	-11.940577
3915.533333	-408.458466	-11.776402
3915.600000	-408.473633	-11.712589
3915.666667	-408.453308	-11.638173
3915.733333	-408.479340	-11.612574
3915.800000	-408.488861	-11.632050
3915.866667	-408.460785	-11.511138
3915.933333	-408.435455	-11.547966
3916.000000	-408.403625	-11.529737
3916.066667	-408.419556	-11.587145
3916.133333	-408.365570	-11.640023
3916.200000	-408.345947	-11.621000
3916.266667	-408.227783	-11.760732
3916.333333	-408.172455	-11.879637
3916.400000	-408.163239	-12.045955
3916.466667	-408.108337	-12.146682
3916.533333	-408.093933	-12.151429
3916.600000	-407.995911	-12.266980
3916.666667	-407.902679	-12.340749
3916.733333	-407.878387	-12.405515
3916.800000	-407.832367	-12.423414
3916.866667	-407.831268	-12.449746
3916.933333	-407.792267	-12.469654
3917.000000	-407.777405	-12.475265
3917.066667	-407.819885	-12.472245
3917.133333	-407.754486	-12.435606
3917.200000	-407.800781	-12.376621
3917.266667	-407.805939	-12.258986
3917.333333	-407.806000	-12.241119
3917.400000	-407.767487	-12.086496
3917.466667	-407.795990	-12.057991
3917.533333	-407.800781	-11.833150
3917.600000	-407.801880	-11.708808
3917.666667	-407.858307	-11.616474
3917.733333	-407.808197	-11.555572
3917.800000	-407.840820	-11.460155
3917.866667	-407.842468	-11.377685
3917.933333	-407.809265	-11.316894
3918.000000	-407.784943	-11.378950
3918.066667	-407.810028	-11.408515
3918.133333	-407.744873	-11.388939
3918.200000	-407.732574	-11.379915
3918.266667	-407.713654	-11.448366
3918.333333	-407.629456	-11.486145
3918.400000	-407.614899	-11.660446
3918.466667	-407.525238	-11.783824
3918.533333	-407.422760	-11.768672
3918.600000	-407.384125	-11.933714
3918.666667	-407.327362	-12.051293
3918.733333	-407.292480	-12.184294
3918.800000	-407.225189	-12.226141
3918.866667	-407.189789	-12.314774
3918.933333	-407.111267	-12.295017
3919.000000	-407.159088	-12.442841
3919.066667	-407.114868	-12.403446
3919.133333	-407.070251	-12.346948
3919.200000	-407.079865	-12.339302
3919.266667	-407.064117	-12.306210
3919.333333	-407.008759	-12.253784
3919.400000	-407.009430	-12.057380
3919.466667	-407.034058	-12.053082
3919.533333	-407.052704	-12.025294
3919.600000	-407.049438	-11.813094
3919.666667	-407.009827	-11.673738
3919.733333	-407.060944	-11.652272
3919.800000	-407.043945	-11.522844
3919.866667	-407.044006	-11.418642
3919.933333	-407.033966	-11.330918
3920.000000	-406.986176	-11.195944
3920.066667	-406.946045	-11.177140
3920.133333	-406.976593	-11.198536
3920.200000	-406.926117	-11.176476
3920.266667	-406.905273	-11.205953
3920.333333	-406.838074	-11.271769
3920.400000	-406.810059	-11.388328
3920.466667	-406.712341	-11.340135
3920.533333	-406.678558	-11.474210
3920.600000	-406.644867	-11.615588
3920.666667	-406.600281	-11.685291
3920.733333	-406.580109	-11.862705
3920.800000	-406.503418	-11.989910
3920.866667	-406.499512	-12.117376
3920.933333	-406.446259	-12.143229
3921.000000	-406.391205	-12.251441
3921.066667	-406.357849	-12.269000
3921.133333	-406.318481	-12.285094
3921.200000	-406.278015	-12.369820
3921.266667	-406.261719	-12.370092
3921.333333	-406.240540	-12.337028
3921.400000	-406.226349	-12.237971
3921.466667	-406.244385	-12.099299
3921.533333	-406.193054	-12.013337
3921.600000	-406.191223	-11.885758
3921.666667	-406.213959	-11.922720
3921.733333	-406.220551	-11.681373
3921.800000	-406.260468	-11.573927
3921.866667	-406.263855	-11.432248
3921.933333	-406.249023	-11.405843
3922.000000	-406.236969	-11.339564
3922.066667	-406.209778	-11.230860
3922.133333	-406.194977	-11.168176
3922.200000	-406.172729	-11.061007
3922.266667	-406.121490	-11.053869
3922.333333	-406.079742	-11.125023
3922.400000	-406.034363	-11.163939
3922.466667	-406.007751	-11.187203
3922.533333	-405.971558	-11.236951
3922.600000	-405.930969	-11.358027
3922.666667	-405.889038	-11.391084
3922.733333	-405.823853	-11.565730
3922.800000	-405.701904	-11.642742
3922.866667	-405.642883	-11.764924
3922.933333	-405.629150	-11.887341
3923.000000	-405.536346	-12.006174
3923.066667	-405.489655	-11.980306
3923.133333	-405.468689	-12.070639
3923.200000	-405.462097	-12.081859
3923.266667	-405.391968	-12.102083
3923.333333	-405.382507	-12.099443
3923.400000	-405.373505	-12.087093
3923.466667	-405.369171	-11.981246
3923.533333	-405.349030	-11.974693
3923.600000	-405.329895	-11.995581
3923.666667	-405.339020	-11.955074
3923.733333	-405.356598	-11.817623
3923.800000	-405.326996	-11.640427
3923.866667	-405.359528	-11.561132
3923.933333	-405.335663	-11.358119
3924.000000	-405.324615	-11.435027
3924.066667	-405.315857	-11.262296
3924.133333	-405.290802	-11.172537
3924.200000	-405.256073	-11.120422
3924.266667	-405.235199	-11.007773
3924.333333	-405.185150	-10.930657
3924.400000	-405.167023	-10.947911
3924.466667	-405.176971	-10.976119
3924.533333	-405.141846	-10.980536
3924.600000	-405.109528	-11.024986
3924.666667	-405.022644	-11.170283
3924.733333	-405.001404	-11.243993
3924.800000	-404.932526	-11.389868
3924.866667	-404.877441	-11.461447
3924.933333	-404.842834	-11.562755
3925.000000	-404.773590	-11.633080
3925.066667	-404.748322	-11.692471
3925.133333	-404.718842	-11.820699
3925.200000	-404.650330	-11.918632
3925.266667	-404.643707	-11.964642
3925.333333	-404.613220	-11.994888
3925.400000	-404.573669	-12.065013
3925.466667	-404.546417	-12.107863
3925.533333	-404.480286	-12.030750
3925.600000	-404.465942	-11.967532
3925.666667	-404.512543	-11.972922
3925.733333	-404.504791	-11.938254
3925.800000	-404.478333	-11.815860
3925.866667	-404.498108	-11.686598
3925.933333	-404.465424	-11.615711
3926.000000	-404.422180	-11.447571
3926.066667	-404.362427	-11.406139
3926.133333	-404.366547	-11.360393
3926.200000	-404.402557	-11.246311
3926.266667	-404.385864	-11.233804
3926.333333	-404.421509	-11.056301
3926.400000	-404.374878	-11.013543
3926.466667	-404.380463	-10.964694
3926.533333	-404.350708	-10.946113
3926.600000	-404.270996	-10.910433
3926.666667	-404.277679	-11.008902
3926.733333	-404.241058	-11.052405
3926.800000	-404.202423	-11.201025
3926.866667	-404.173889	-11.322246
3926.933333	-404.127472	-11.324553
3927.000000	-404.086487	-11.359270
3927.066667	-404.063812	-11.442799
3927.133333	-403.954132	-11.576757
3927.200000	-403.938049	-11.575060
3927.266667	-403.842926	-11.683814
3927.333333	-403.782104	-11.822219
3927.400000	-403.718048	-11.870342
3927.466667	-403.699310	-11.922741
3927.533333	-403.625305	-11.965465
3927.600000	-403.569855	-11.931541
3927.666667	-403.569855	-11.925021
3927.733333	-403.552826	-11.862469
3927.800000	-403.564941	-11.809518
3927.866667	-403.593994	-11.794253
3927.933333	-403.585754	-11.695217
3928.000000	-403.566956	-11.580860
3928.066667	-403.553406	-11.426955
3928.133333	-403.563568	-11.393250
3928.200000	-403.613708	-11.310257
3928.266667	-403.630219	-11.208759
3928.333333	-403.598480	-11.117009
3928.400000	-403.563690	-11.028522
3928.466667	-403.553894	-10.978595
3928.533333	-403.549927	-10.997614
3928.600000	-403.557037	-10.910990
3928.666667	-403.508057	-10.905303
3928.733333	-403.473633	-10.995410
3928.800000	-403.417358	-10.967807
3928.866667	-403.411804	-11.012861
3928.933333	-403.387604	-11.042381
3929.000000	-403.363831	-11.224308
3929.066667	-403.318878	-11.237669
3929.133333	-403.272644	-11.382425
3929.200000	-403.201080	-11.443175
3929.266667	-403.128357	-11.581868
3929.333333	-403.032654	-11.701591
3929.400000	-402.959290	-11.805414
3929.466667	-402.929962	-11.880269
3929.533333	-402.928192	-11.858030
3929.600000	-402.928192	-11.858030
3929.666667	-402.840057	-11.896257
3929.733333	-402.824554	-11.959388
3929.800000	-402.841583	-11.880507
3929.866667	-402.792419	-11.819765
3929.933333	-402.785706	-11.724720
3930.000000	-402.785706	-11.724720
3930.066667	-402.784760	-11.711037
3930.133333	-402.812378	-11.631118
3930.200000	-402.843445	-11.532187
3930.266667	-402.784027	-11.370899
3930.333333	-402.789948	-11.113143
3930.400000	-402.789948	-11.113143
3930.466667	-402.806000	-11.033098
3930.533333	-402.844452	-11.013292
3930.600000	-402.794525	-10.974294
3930.666667	-402.778595	-10.943421
3930.733333	-402.740814	-10.912584
3930.800000	-402.749939	-10.960054
3930.866667	-402.749939	-10.960054
3930.933333	-402.699310	-10.979271
3931.000000	-402.669556	-11.023932
3931.066667	-402.644196	-11.008019
3931.133333	-402.519592	-11.091877
3931.200000	-402.451935	-11.308304
3931.266667	-402.451935	-11.308304
3931.333333	-402.399750	-11.411251
3931.400000	-402.286621	-11.470845
3931.466667	-402.239471	-11.558290
3931.533333	-402.148468	-11.763350
3931.600000	-402.109711	-11.743784
3931.666667	-402.109711	-11.743784
3931.733333	-402.095337	-11.740071
3931.800000	-402.047821	-11.784316
3931.866667	-402.021606	-11.801054
3931.933333	-402.019775	-11.740837
3932.000000	-402.001770	-11.586990
3932.066667	-402.001770	-11.586990
3932.133333	-401.992065	-11.580081
3932.200000	-401.963928	-11.460366
3932.266667	-401.950653	-11.344268
3932.333333	-402.022095	-11.264614
3932.400000	-401.993622	-11.017051
3932.466667	-402.015289	-11.083636
3932.533333	-402.015289	-11.083636
3932.600000	-402.003448	-11.028254
3932.666667	-402.039185	-10.945606
3932.733333	-402.005463	-10.776553
3932.800000	-401.988129	-10.696598
3932.866667	-401.925537	-10.750687
3932.933333	-401.925537	-10.750687
3933.000000	-401.908539	-10.715758
3933.066667	-401.885651	-10.795716
3933.133333	-401.835815	-10.861849
3933.200000	-401.791412	-10.992701
3933.266667	-401.708008	-11.029185
3933.333333	-401.708008	-11.029185
3933.400000	-401.707916	-11.118342
3933.466667	-401.632751	-11.167689
3933.533333	-401.542084	-11.404871
3933.600000	-401.522522	-11.438904
3933.666667	-401.479553	-11.511010
3933.733333	-401.450562	-11.665904
3933.800000	-401.450562	-11.665904
3933.866667	-401.475220	-11.689969
3933.933333	-401.384674	-11.759534
3934.000000	-401.378723	-11.694838
3934.066667	-401.302460	-11.638302
3934.133333	-401.335052	-11.569592
3934.200000	-401.335052	-11.569592
3934.266667	-401.296570	-11.415799
3934.333333	-401.323181	-11.157009
3934.400000	-401.381409	-11.165045
3934.466667	-401.361908	-11.012428
3934.533333	-401.413757	-11.002781
3934.600000	-401.413757	-11.002781
3934.666667	-401.423950	-10.926846
3934.733333	-401.473602	-10.702804
3934.800000	-401.463165	-10.714430
3934.866667	-401.459991	-10.660490
3934.933333	-401.465851	-10.583776
3935.000000	-401.442444	-10.628470
3935.066667	-401.442444	-10.628470
3935.133333	-401.401398	-10.622503
3935.200000	-401.324615	-10.771171
3935.266667	-401.307251	-10.895786
3935.333333	-401.235657	-10.925886
3935.400000	-401.114655	-11.033688
3935.466667	-401.114655	-11.033688
3935.533333	-400.976044	-11.257665
3935.600000	-400.868256	-11.273175
3935.666667	-400.821106	-11.412168
3935.733333	-400.786438	-11.527535
3935.800000	-400.698608	-11.553707
3935.866667	-400.698608	-11.553707
3935.933333	-400.630249	-11.592688
3936.000000	-400.628204	-11.556431
3936.066667	-400.599518	-11.511763
3936.133333	-400.602692	-11.527150
3936.200000	-400.626770	-11.553270
3936.266667	-400.626770	-11.553270
3936.333333	-400.653900	-11.477127
3936.400000	-400.660706	-11.390363
3936.466667	-400.708893	-11.221215
3936.533333	-400.695068	-11.099186
3936.600000	-400.720276	-11.060117
3936.666667	-400.707947	-10.979612
3936.733333	-400.779510	-10.933733
3936.800000	-400.806335	-10.918020
3936.866667	-400.805145	-10.841642
3936.933333	-400.793854	-10.683841
3937.000000	-400.785370	-10.688680
3937.066667	-400.730682	-10.562802
3937.133333	-400.735718	-10.629713
3937.200000	-400.682129	-10.589786
3937.266667	-400.685089	-10.800131
3937.333333	-400.604340	-10.808981
3937.400000	-400.582947	-10.944844
3937.466667	-400.506470	-11.036924
3937.533333	-400.463318	-11.118517
3937.600000	-400.373840	-11.103771
3937.666667	-400.325165	-11.177013
3937.733333	-400.277435	-11.248437
3937.800000	-400.196594	-11.274154
3937.866667	-400.145294	-11.335278
3937.933333	-400.146484	-11.356670
3938.000000	-400.141815	-11.415401
3938.066667	-400.110107	-11.452194
3938.133333	-400.085815	-11.507592
3938.200000	-400.060272	-11.416481
3938.266667	-400.072662	-11.473247
3938.333333	-400.023895	-11.326853
3938.400000	-400.061890	-11.373197
3938.466667	-400.071564	-11.383080
3938.533333	-400.023499	-11.305058
3938.600000	-400.057556	-11.264241
3938.666667	-400.011261	-11.182267
3938.733333	-400.008209	-11.074611
3938.800000	-400.037781	-11.018921
3938.866667	-400.057129	-10.878195
3938.933333	-400.051727	-10.743111
3939.000000	-400.025696	-10.635524
3939.066667	-400.051056	-10.577459
3939.133333	-400.022705	-10.531270
3939.200000	-400.040100	-10.551951
3939.266667	-400.054993	-10.596913
3939.333333	-400.021332	-10.629294
3939.400000	-399.987427	-10.689657
3939.466667	-399.948151	-10.708529
3939.533333	-399.952820	-10.893938
3939.600000	-399.884399	-10.956032
3939.666667	-399.839630	-11.001172
3939.733333	-399.809967	-11.172436
3939.800000	-399.780182	-11.288394
3939.866667	-399.704285	-11.343773
3939.933333	-399.654144	-11.378562
3940.000000	-399.594025	-11.571446
3940.066667	-399.544464	-11.510584
3940.133333	-399.587433	-11.573624
3940.200000	-399.572235	-11.592945
3940.266667	-399.529968	-11.560719
3940.333333	-399.504761	-11.528530
3940.400000	-399.512024	-11.520284
3940.466667	-399.544586	-11.540488
3940.533333	-399.507294	-11.446372
3940.600000	-399.498169	-11.374352
3940.666667	-399.553223	-11.255280
3940.733333	-399.462158	-11.162599
3940.800000	-399.480316	-11.039684
3940.866667	-399.485626	-10.890372
3940.933333	-399.515900	-10.816084
3941.000000	-399.475494	-10.766267
3941.066667	-399.503784	-10.765500
3941.133333	-399.512115	-10.632948
3941.200000	-399.541870	-10.607847
3941.266667	-399.531464	-10.552256
3941.333333	-399.506317	-10.472176
3941.400000	-399.472473	-10.488180
3941.466667	-399.482147	-10.593264
3941.533333	-399.425934	-10.661339
3941.600000	-399.392273	-10.699172
3941.666667	-399.336731	-10.775272
3941.733333	-399.304626	-10.766025
3941.800000	-399.248993	-10.962204
3941.866667	-399.229187	-11.090885
3941.933333	-399.130035	-11.046446
3942.000000	-399.047333	-11.083829
3942.066667	-398.982086	-11.231314
3942.133333	-398.984924	-11.383641
3942.200000	-398.956665	-11.442010
3942.266667	-398.936310	-11.484423
3942.333333	-398.919922	-11.532667
3942.400000	-398.885895	-11.518434
3942.466667	-398.879913	-11.457530
3942.533333	-398.813629	-11.339632
3942.600000	-398.800262	-11.310497
3942.666667	-398.779572	-11.244740
3942.733333	-398.824646	-11.078568
3942.800000	-398.809296	-11.057660
3942.866667	-398.888519	-11.025928
3942.933333	-398.908508	-10.970835
3943.000000	-398.926666	-10.887029
3943.066667	-398.978027	-10.706573
3943.133333	-398.988342	-10.487474
3943.200000	-398.988403	-10.390622
3943.266667	-398.957153	-10.353951
3943.333333	-398.954620	-10.350958
3943.400000	-398.970825	-10.325582
3943.466667	-398.884888	-10.230564
3943.533333	-398.880920	-10.257321
3943.600000	-398.904083	-10.354841
3943.666667	-398.804382	-10.358945
3943.733333	-398.790436	-10.413242
3943.800000	-398.746735	-10.621558
3943.866667	-398.669220	-10.838169
3943.933333	-398.662964	-10.964137
3944.000000	-398.593658	-10.907663
3944.066667	-398.551788	-10.979342
3944.133333	-398.544159	-11.113496
3944.200000	-398.474365	-11.145652
3944.266667	-398.468964	-11.197626
3944.333333	-398.471008	-11.301680
3944.400000	-398.431183	-11.360451
3944.466667	-398.419525	-11.346931
3944.533333	-398.397491	-11.321902
3944.600000	-398.403748	-11.324858
3944.666667	-398.352081	-11.241857
3944.733333	-398.324005	-11.162760
3944.800000	-398.375549	-11.167578
3944.866667	-398.374817	-11.011883
3944.933333	-398.436798	-10.907367
3945.000000	-398.435913	-10.873213
3945.066667	-398.440704	-10.779639
3945.133333	-398.384796	-10.652347
3945.200000	-398.319916	-10.510562
3945.266667	-398.340149	-10.465349
3945.333333	-398.356201	-10.419868
3945.400000	-398.338715	-10.340785
3945.466667	-398.357300	-10.255177
3945.533333	-398.301056	-10.212829
3945.600000	-398.308990	-10.251806
3945.666667	-398.271057	-10.263934
3945.733333	-398.279083	-10.372109
3945.800000	-398.209778	-10.437463
3945.866667	-398.136963	-10.490858
3945.933333	-398.014862	-10.545789
3946.000000	-398.003174	-10.570684
3946.066667	-397.927063	-10.636698
3946.133333	-397.942322	-10.745289
3946.200000	-397.945312	-10.909439
3946.266667	-397.907898	-10.980655
3946.333333	-397.837646	-11.057199
3946.400000	-397.811371	-11.175066
3946.466667	-397.778198	-11.198717
3946.533333	-397.800507	-11.296777
3946.600000	-397.804260	-11.276648
3946.666667	-397.722260	-11.258368
3946.733333	-397.725067	-11.249434
3946.800000	-397.719330	-11.145586
3946.866667	-397.677032	-11.062114
3946.933333	-397.741455	-11.022552
3947.000000	-397.715454	-10.977386
3947.066667	-397.734680	-10.969240
3947.133333	-397.701416	-10.756805
3947.200000	-397.720245	-10.790744
3947.266667	-397.758331	-10.736333
3947.333333	-397.779510	-10.515356
3947.400000	-397.813751	-10.502653
3947.466667	-397.831116	-10.483856
3947.533333	-397.801697	-10.291278
3947.600000	-397.805695	-10.308619
3947.666667	-397.813324	-10.284435
3947.733333	-397.794586	-10.317018
3947.800000	-397.756836	-10.327685
3947.866667	-397.698639	-10.312919
3947.933333	-397.665741	-10.349841
3948.000000	-397.672455	-10.461471
3948.066667	-397.552979	-10.458916
3948.133333	-397.546051	-10.669857
3948.200000	-397.486603	-10.796581
3948.266667	-397.396301	-10.787760
3948.333333	-397.415680	-10.913407
3948.400000	-397.353638	-11.038610
3948.466667	-397.308289	-11.110074
3948.533333	-397.252014	-11.112719
3948.600000	-397.191223	-11.188184
3948.666667	-397.155853	-11.225748
3948.733333	-397.131622	-11.247354
3948.800000	-397.141327	-11.258883
3948.866667	-397.124969	-11.188750
3948.933333	-397.118988	-11.108171
3949.000000	-397.137543	-11.092038
3949.066667	-397.152100	-11.050503
3949.133333	-397.215149	-10.971495
3949.200000	-397.225586	-10.906958
3949.266667	-397.215424	-10.806518
3949.333333	-397.225525	-10.589527
3949.400000	-397.230286	-10.504680
3949.466667	-397.256805	-10.434157
3949.533333	-397.243896	-10.376791
3949.600000	-397.270660	-10.297166
3949.666667	-397.323242	-10.316454
3949.733333	-397.342682	-10.315957
3949.800000	-397.294098	-10.280141
3949.866667	-397.298279	-10.337131
3949.933333	-397.258545	-10.351207
3950.000000	-397.215485	-10.387546
3950.066667	-397.183441	-10.338926
3950.133333	-397.152679	-10.443346
3950.200000	-397.090210	-10.558063
3950.266667	-397.033112	-10.602941
3950.333333	-396.978699	-10.711501
3950.400000	-396.972015	-10.844612
3950.466667	-396.935364	-10.935872
3950.533333	-396.875824	-10.971051
3950.600000	-396.751038	-11.086882
3950.666667	-396.700653	-11.117316
3950.733333	-396.663330	-11.158407
3950.800000	-396.677551	-11.131844
3950.866667	-396.657196	-11.072399
3950.933333	-396.608185	-11.101563
3951.000000	-396.603058	-11.060218
3951.066667	-396.646942	-11.137475
3951.133333	-396.651855	-11.092762
3951.200000	-396.652405	-11.045357
3951.266667	-396.631531	-10.818265
3951.333333	-396.656708	-10.796482
3951.400000	-396.699097	-10.742396
3951.466667	-396.695679	-10.578444
3951.533333	-396.765472	-10.480191
3951.600000	-396.717712	-10.373986
3951.666667	-396.704926	-10.276617
3951.733333	-396.708191	-10.220869
3951.800000	-396.647278	-10.104225
3951.866667	-396.650421	-10.041540
3951.933333	-396.639343	-10.085414
3952.000000	-396.617981	-10.105889
3952.066667	-396.587982	-10.108968
3952.133333	-396.541626	-10.111691
3952.200000	-396.521637	-10.191242
3952.266667	-396.492371	-10.296686
3952.333333	-396.504852	-10.436928
3952.400000	-396.438080	-10.519849
3952.466667	-396.424194	-10.674011
3952.533333	-396.381531	-10.690424
3952.600000	-396.361053	-10.827857
3952.666667	-396.304413	-10.838175
3952.733333	-396.283386	-10.920025
3952.800000	-396.278168	-11.050984
3952.866667	-396.217102	-11.041122
3952.933333	-396.215851	-11.034825
3953.000000	-396.189636	-11.068801
3953.066667	-396.171173	-11.058344
3953.133333	-396.135437	-11.031575
3953.200000	-396.170776	-11.034582
3953.266667	-396.117035	-10.896866
3953.333333	-396.128113	-10.962004
3953.400000	-396.130188	-10.774564
3953.466667	-396.149445	-10.620483
3953.533333	-396.104431	-10.673914
3953.600000	-396.127167	-10.512481
3953.666667	-396.145691	-10.448713
3953.733333	-396.151031	-10.316315
3953.800000	-396.169434	-10.245661
3953.866667	-396.168213	-10.149483
3953.933333	-396.158844	-10.118785
3954.000000	-396.161041	-10.107551
3954.066667	-396.188141	-10.189923
3954.133333	-396.160248	-10.158937
3954.200000	-396.114777	-10.104738
3954.266667	-396.057373	-10.089732
3954.333333	-396.001129	-10.135751
3954.400000	-395.938629	-10.286271
3954.466667	-395.870544	-10.345133
3954.533333	-395.870575	-10.336267
3954.600000	-395.821472	-10.414433
3954.666667	-395.744690	-10.592074
3954.733333	-395.738861	-10.755774
3954.800000	-395.699127	-10.801188
3954.866667	-395.660583	-10.884617
3954.933333	-395.619690	-10.957911
3955.000000	-395.600494	-10.963574
3955.066667	-395.573090	-11.027606
3955.133333	-395.542938	-10.973430
3955.200000	-395.551941	-10.991804
3955.266667	-395.546722	-10.979587
3955.333333	-395.491608	-10.903382
3955.400000	-395.507812	-10.842458
3955.466667	-395.526031	-10.780086
3955.533333	-395.552704	-10.688383
3955.600000	-395.544037	-10.561599
3955.666667	-395.552338	-10.360170
3955.733333	-395.600983	-10.194676
3955.800000	-395.590759	-10.204123
3955.866667	-395.571442	-10.198008
3955.933333	-395.621613	-10.109981
3956.000000	-395.594727	-10.030574
3956.066667	-395.601135	-9.975746
3956.133333	-395.581573	-9.888132
3956.200000	-395.561218	-9.866259
3956.266667	-395.543457	-9.947673
3956.333333	-395.503876	-9.932878
3956.400000	-395.477264	-10.008060
3956.466667	-395.465515	-10.109963
3956.533333	-395.379639	-10.119079
3956.600000	-395.351227	-10.174850
3956.666667	-395.320435	-10.267721
3956.733333	-395.321320	-10.343507
3956.800000	-395.303436	-10.478017
3956.866667	-395.215027	-10.575456
3956.933333	-395.197937	-10.666309
3957.000000	-395.113922	-10.770494
3957.066667	-395.135254	-10.833426
3957.133333	-395.069153	-10.866537
3957.200000	-395.031860	-10.904038
3957.266667	-395.027283	-10.895123
3957.333333	-395.003937	-10.877240
3957.400000	-395.012207	-10.828932
3957.466667	-395.057190	-10.726465
3957.533333	-395.068054	-10.715980
3957.600000	-395.059784	-10.581894
3957.666667	-395.094147	-10.506791
3957.733333	-395.127258	-10.407588
3957.800000	-395.132965	-10.390760
3957.866667	-395.132568	-10.208418
3957.933333	-395.121490	-10.152562
3958.000000	-395.120300	-10.025012
3958.066667	-395.156067	-9.935463
3958.133333	-395.170776	-9.887157
3958.200000	-395.226776	-9.936140
3958.266667	-395.197205	-9.889820
3958.333333	-395.205597	-9.882663
3958.400000	-395.185089	-9.876201
3958.466667	-395.165344	-9.925467
3958.533333	-395.123230	-9.932858
3958.600000	-395.076721	-9.941169
3958.666667	-395.007629	-10.002100
3958.733333	-395.007355	-10.194885
3958.800000	-394.977539	-10.207667
3958.866667	-394.899048	-10.374828
3958.933333	-394.858246	-10.404574
3959.000000	-394.821167	-10.458459
3959.066667	-394.757721	-10.517976
3959.133333	-394.737762	-10.604795
3959.200000	-394.632812	-10.666595
3959.266667	-394.591003	-10.627716
3959.333333	-394.576721	-10.699425
3959.400000	-394.587036	-10.735314
3959.466667	-394.552765	-10.656737
3959.533333	-394.565796	-10.592710
3959.600000	-394.583038	-10.541059
3959.666667	-394.636292	-10.514038
3959.733333	-394.718994	-10.420749
3959.800000	-394.673462	-10.428832
3959.866667	-394.675812	-10.333771
3959.933333	-394.659302	-10.220797
3960.000000	-394.665314	-10.058944
