7200.066667	-376.495758	-7.786738
7200.133333	-376.450043	-7.843671
7200.200000	-376.441864	-7.834708
7200.266667	-376.440186	-7.881855
7200.333333	-376.472687	-7.830650
7200.400000	-376.441864	-7.845303
7200.466667	-376.410187	-7.823573
7200.533333	-376.460724	-7.854328
7200.600000	-376.446320	-7.815540
7200.666667	-376.422058	-7.783493
7200.733333	-376.426849	-7.808932
7200.800000	-376.412506	-7.795681
7200.866667	-376.435333	-7.821814
7200.933333	-376.393005	-7.823283
7201.000000	-376.427216	-7.789592
7201.066667	-376.427307	-7.773624
7201.133333	-376.393372	-7.731066
7201.200000	-376.409607	-7.780630
7201.266667	-376.421936	-7.794796
7201.333333	-376.418976	-7.773267
7201.400000	-376.369751	-7.739260
7201.466667	-376.410797	-7.746808
7201.533333	-376.397522	-7.769424
7201.600000	-376.450897	-7.770866
7201.666667	-376.416687	-7.746380
7201.733333	-376.417603	-7.769433
7201.800000	-376.405975	-7.760967
7201.866667	-376.418823	-7.774168
7201.933333	-376.384369	-7.733599
7202.000000	-376.391357	-7.732493
7202.066667	-376.403442	-7.799464
7202.133333	-376.387878	-7.810338
7202.200000	-376.414490	-7.766171
7202.266667	-376.398590	-7.798038
7202.333333	-376.397919	-7.785993
7202.400000	-376.367706	-7.798747
7202.466667	-376.365265	-7.842050
7202.533333	-376.382812	-7.754752
7202.600000	-376.330383	-7.800636
7202.666667	-376.342194	-7.808666
7202.733333	-376.305603	-7.751997
7202.800000	-376.318604	-7.751163
7202.866667	-376.291504	-7.799768
7202.933333	-376.297699	-7.752619
7203.000000	-376.342896	-7.798833
7203.066667	-376.330017	-7.785657
7203.133333	-376.320465	-7.807012
7203.200000	-376.295898	-7.767994
7203.266667	-376.294037	-7.775014
7203.333333	-376.306244	-7.745577
7203.400000	-376.301880	-7.780048
7203.466667	-376.324921	-7.792329
7203.533333	-376.259888	-7.747525
7203.600000	-376.258514	-7.737874
7203.666667	-376.292297	-7.764243
7203.733333	-376.254517	-7.802514
7203.800000	-376.254547	-7.822575
7203.866667	-376.226440	-7.792672
7203.933333	-376.268494	-7.816212
7204.000000	-376.234802	-7.818731
7204.066667	-376.229614	-7.798824
7204.133333	-376.200012	-7.794171
7204.200000	-376.229309	-7.824094
7204.266667	-376.219727	-7.818512
7204.333333	-376.246826	-7.876925
7204.400000	-376.203949	-7.822967
7204.466667	-376.192535	-7.846467
7204.533333	-376.195953	-7.830493
7204.600000	-376.191620	-7.843709
7204.666667	-376.156677	-7.850946
7204.733333	-376.178284	-7.857493
7204.800000	-376.163971	-7.795341
7204.866667	-376.149353	-7.802463
7204.933333	-376.166077	-7.834960
7205.000000	-376.156219	-7.784413
7205.066667	-376.124176	-7.807640
7205.133333	-376.149353	-7.807873
7205.200000	-376.150696	-7.794008
7205.266667	-376.154327	-7.783335
7205.333333	-376.136505	-7.760101
7205.400000	-376.134247	-7.788866
7205.466667	-376.130981	-7.772942
7205.533333	-376.143402	-7.755581
7205.600000	-376.118744	-7.773345
7205.666667	-376.152527	-7.758739
7205.733333	-376.137939	-7.799177
7205.800000	-376.122406	-7.746435
7205.866667	-376.115875	-7.760555
7205.933333	-376.141541	-7.806954
7206.000000	-376.134674	-7.780238
7206.066667	-376.102417	-7.775595
7206.133333	-376.062592	-7.803473
7206.200000	-376.068573	-7.799096
7206.266667	-376.061218	-7.823102
7206.333333	-376.057678	-7.853112
7206.400000	-376.035736	-7.870061
7206.466667	-376.051422	-7.827044
7206.533333	-376.030792	-7.842171
7206.600000	-376.021515	-7.807863
7206.666667	-376.045105	-7.838263
7206.733333	-376.028656	-7.831597
7206.800000	-376.005066	-7.830862
7206.866667	-376.020508	-7.811341
7206.933333	-376.039398	-7.824953
7207.000000	-375.981598	-7.839375
7207.066667	-375.990570	-7.800931
7207.133333	-376.020508	-7.824735
7207.200000	-376.003601	-7.818197
7207.266667	-376.027893	-7.790558
7207.333333	-375.991669	-7.749435
7207.400000	-375.983215	-7.721882
7207.466667	-375.992523	-7.737709
7207.533333	-375.992279	-7.736129
7207.600000	-376.007996	-7.750711
7207.666667	-375.986267	-7.715768
7207.733333	-375.969940	-7.721828
7207.800000	-375.951508	-7.731108
7207.866667	-375.951508	-7.731108
7207.933333	-375.931396	-7.748561
7208.000000	-375.980652	-7.745600
7208.066667	-375.945831	-7.727144
7208.133333	-375.937500	-7.727841
7208.200000	-375.951294	-7.724625
7208.266667	-375.951294	-7.724625
7208.333333	-375.956970	-7.735490
7208.400000	-375.936340	-7.740112
7208.466667	-375.944458	-7.780630
7208.533333	-375.958191	-7.746358
7208.600000	-375.911865	-7.770845
7208.666667	-375.911865	-7.770845
7208.733333	-375.937103	-7.769942
7208.800000	-375.922913	-7.735413
7208.866667	-375.887451	-7.756189
7208.933333	-375.884125	-7.812984
7209.000000	-375.863861	-7.666103
7209.066667	-375.891541	-7.694826
7209.133333	-375.891541	-7.694826
7209.200000	-375.854309	-7.693789
7209.266667	-375.861328	-7.697188
7209.333333	-375.886047	-7.724327
7209.400000	-375.869354	-7.702857
7209.466667	-375.891815	-7.687539
7209.533333	-375.891815	-7.687539
7209.600000	-375.881287	-7.652755
7209.666667	-375.881042	-7.683124
7209.733333	-375.855011	-7.670981
7209.800000	-375.857025	-7.662097
7209.866667	-375.803070	-7.613418
7209.933333	-375.803070	-7.613418
7210.000000	-375.850250	-7.669307
7210.066667	-375.823578	-7.648646
7210.133333	-375.847412	-7.653162
7210.200000	-375.854034	-7.643670
7210.266667	-375.796051	-7.661633
7210.333333	-375.796051	-7.661633
7210.400000	-375.792358	-7.646320
7210.466667	-375.797028	-7.687970
7210.533333	-375.828430	-7.714581
7210.600000	-375.794220	-7.692276
7210.666667	-375.785370	-7.676614
7210.733333	-375.799805	-7.722866
7210.800000	-375.799805	-7.722866
7210.866667	-375.802704	-7.758142
7210.933333	-375.770447	-7.680809
7211.000000	-375.812347	-7.692647
7211.066667	-375.734650	-7.713578
7211.133333	-375.765350	-7.726537
7211.200000	-375.765350	-7.726537
7211.266667	-375.758820	-7.677849
7211.333333	-375.763214	-7.659256
7211.400000	-375.708527	-7.595170
7211.466667	-375.738983	-7.687859
7211.533333	-375.748871	-7.631046
7211.600000	-375.748871	-7.631046
7211.666667	-375.734802	-7.673931
7211.733333	-375.699799	-7.645992
7211.800000	-375.718170	-7.632091
7211.866667	-375.688477	-7.647058
7211.933333	-375.715118	-7.634283
7212.000000	-375.685150	-7.606431
7212.066667	-375.685150	-7.606431
7212.133333	-375.683624	-7.645381
7212.200000	-375.651031	-7.736233
7212.266667	-375.621429	-7.655336
7212.333333	-375.636200	-7.685458
7212.400000	-375.647064	-7.712570
7212.466667	-375.647064	-7.712570
7212.533333	-375.634308	-7.648444
7212.600000	-375.622375	-7.708810
7212.666667	-375.646790	-7.698356
7212.733333	-375.610657	-7.756897
7212.800000	-375.657745	-7.695308
7212.866667	-375.657745	-7.695308
7212.933333	-375.625763	-7.714792
7213.000000	-375.613617	-7.727377
7213.066667	-375.593201	-7.740822
7213.133333	-375.570343	-7.754185
7213.200000	-375.587799	-7.653543
7213.266667	-375.584045	-7.638608
7213.333333	-375.584045	-7.638608
7213.400000	-375.568390	-7.654521
7213.466667	-375.570557	-7.729284
7213.533333	-375.584198	-7.708982
7213.600000	-375.595154	-7.672921
7213.666667	-375.567688	-7.621976
7213.733333	-375.567688	-7.621976
7213.800000	-375.553650	-7.647785
7213.866667	-375.571411	-7.653749
7213.933333	-375.536133	-7.658449
7214.000000	-375.555878	-7.613455
7214.066667	-375.589539	-7.669631
7214.133333	-375.589539	-7.669631
7214.200000	-375.603455	-7.631488
7214.266667	-375.563721	-7.658876
7214.333333	-375.556976	-7.605158
7214.400000	-375.552032	-7.618014
7214.466667	-375.561188	-7.604061
7214.533333	-375.561188	-7.604061
7214.600000	-375.548218	-7.628770
7214.666667	-375.533325	-7.654839
7214.733333	-375.504272	-7.688108
7214.800000	-375.542084	-7.648875
7214.866667	-375.565613	-7.666779
7214.933333	-375.543854	-7.677456
7215.000000	-375.528625	-7.654275
7215.066667	-375.532654	-7.673371
7215.133333	-375.530884	-7.620976
7215.200000	-375.531616	-7.642784
7215.266667	-375.533722	-7.676331
7215.333333	-375.537262	-7.650988
7215.400000	-375.538940	-7.678833
7215.466667	-375.505280	-7.657846
7215.533333	-375.533051	-7.640687
7215.600000	-375.493713	-7.561795
7215.666667	-375.535400	-7.634371
7215.733333	-375.490234	-7.595846
7215.800000	-375.497772	-7.612199
7215.866667	-375.503479	-7.516793
7215.933333	-375.481415	-7.609627
7216.000000	-375.484863	-7.590500
7216.066667	-375.488892	-7.563523
7216.133333	-375.498535	-7.545051
7216.200000	-375.459137	-7.591548
7216.266667	-375.468719	-7.579001
7216.333333	-375.497467	-7.521915
7216.400000	-375.486694	-7.579451
7216.466667	-375.460907	-7.589318
7216.533333	-375.478241	-7.593854
7216.600000	-375.465454	-7.583284
7216.666667	-375.493805	-7.606171
7216.733333	-375.468231	-7.590010
7216.800000	-375.458893	-7.561150
7216.866667	-375.475311	-7.597165
7216.933333	-375.471741	-7.623137
7217.000000	-375.449371	-7.585072
7217.066667	-375.439941	-7.584174
7217.133333	-375.442200	-7.626373
7217.200000	-375.443542	-7.608219
7217.266667	-375.463501	-7.599781
7217.333333	-375.438141	-7.581894
7217.400000	-375.456543	-7.563328
7217.466667	-375.440826	-7.593135
7217.533333	-375.435455	-7.612647
7217.600000	-375.423279	-7.573124
7217.666667	-375.419373	-7.516876
7217.733333	-375.456970	-7.575434
7217.800000	-375.385376	-7.537448
7217.866667	-375.412872	-7.566224
7217.933333	-375.412598	-7.566466
7218.000000	-375.408295	-7.614041
7218.066667	-375.426941	-7.581711
7218.133333	-375.375702	-7.575043
7218.200000	-375.374634	-7.541473
7218.266667	-375.374542	-7.512777
7218.333333	-375.382812	-7.522001
7218.400000	-375.408112	-7.531046
7218.466667	-375.386993	-7.606219
7218.533333	-375.390747	-7.545945
7218.600000	-375.403351	-7.551400
7218.666667	-375.385559	-7.514344
7218.733333	-375.378906	-7.497099
7218.800000	-375.354614	-7.479317
7218.866667	-375.403442	-7.543479
7218.933333	-375.373108	-7.569934
7219.000000	-375.394440	-7.622775
7219.066667	-375.389709	-7.555755
7219.133333	-375.351837	-7.587525
7219.200000	-375.359070	-7.597084
7219.266667	-375.351044	-7.575308
7219.333333	-375.382782	-7.640877
7219.400000	-375.319366	-7.571512
7219.466667	-375.338287	-7.615525
7219.533333	-375.307556	-7.595494
7219.600000	-375.355835	-7.592425
7219.666667	-375.340973	-7.604778
7219.733333	-375.323059	-7.534840
7219.800000	-375.330902	-7.558935
7219.866667	-375.362976	-7.606219
7219.933333	-375.331787	-7.548739
7220.000000	-375.372833	-7.573975
7220.066667	-375.322754	-7.585309
7220.133333	-375.329163	-7.504234
7220.200000	-375.335205	-7.556459
7220.266667	-375.316620	-7.531998
7220.333333	-375.318176	-7.614416
7220.400000	-375.325439	-7.524946
7220.466667	-375.353851	-7.564225
7220.533333	-375.309692	-7.532218
7220.600000	-375.309814	-7.520699
7220.666667	-375.289490	-7.512962
7220.733333	-375.303253	-7.520314
7220.800000	-375.295319	-7.532800
7220.866667	-375.280762	-7.538220
7220.933333	-375.275543	-7.575726
7221.000000	-375.267761	-7.544603
7221.066667	-375.283081	-7.530006
7221.133333	-375.277893	-7.575644
7221.200000	-375.262177	-7.572882
7221.266667	-375.279266	-7.571993
7221.333333	-375.275177	-7.617394
7221.400000	-375.254425	-7.575988
7221.466667	-375.264618	-7.578612
7221.533333	-375.255890	-7.616497
7221.600000	-375.252594	-7.602254
7221.666667	-375.253479	-7.656677
7221.733333	-375.233582	-7.644484
7221.800000	-375.237610	-7.577631
7221.866667	-375.232941	-7.584857
7221.933333	-375.257721	-7.618051
7222.000000	-375.236603	-7.583526
7222.066667	-375.222778	-7.519698
7222.133333	-375.244904	-7.571847
7222.200000	-375.254303	-7.614063
7222.266667	-375.230835	-7.574776
7222.333333	-375.258118	-7.573848
7222.400000	-375.245148	-7.605673
7222.466667	-375.260803	-7.521442
7222.533333	-375.206482	-7.525834
7222.600000	-375.218292	-7.504990
7222.666667	-375.159454	-7.532703
7222.733333	-375.148010	-7.535882
7222.800000	-375.167114	-7.530489
7222.866667	-375.154083	-7.587759
7222.933333	-375.142578	-7.541857
7223.000000	-375.150909	-7.562712
7223.066667	-375.145233	-7.548339
7223.133333	-375.149719	-7.560957
7223.200000	-375.123138	-7.549691
7223.266667	-375.101257	-7.624812
7223.333333	-375.115936	-7.583489
7223.400000	-375.116913	-7.558658
7223.466667	-375.086182	-7.598609
7223.533333	-375.063324	-7.521515
7223.600000	-375.069214	-7.564422
7223.666667	-375.047791	-7.575906
7223.733333	-375.071564	-7.620242
7223.800000	-375.017059	-7.580240
7223.866667	-375.040100	-7.613136
7223.933333	-375.023407	-7.552049
7224.000000	-375.023651	-7.516349
7224.066667	-375.027435	-7.518806
7224.133333	-375.040741	-7.504972
7224.200000	-375.026611	-7.588266
7224.266667	-375.010925	-7.515985
7224.333333	-375.028198	-7.487134
7224.400000	-375.004395	-7.519339
7224.466667	-375.013611	-7.492156
7224.533333	-374.996368	-7.509769
7224.600000	-374.994629	-7.507520
7224.666667	-375.000000	-7.456252
7224.733333	-374.991730	-7.523067
7224.800000	-374.945312	-7.499466
7224.866667	-374.999786	-7.505025
7224.933333	-374.972198	-7.493873
7225.000000	-374.990906	-7.465608
7225.066667	-374.973938	-7.529142
7225.133333	-375.004211	-7.508283
7225.200000	-374.951935	-7.560566
7225.266667	-374.947144	-7.587786
7225.333333	-374.966583	-7.597602
7225.400000	-374.951172	-7.606784
7225.466667	-374.940155	-7.639853
7225.533333	-374.917297	-7.661246
7225.600000	-374.918396	-7.595512
7225.666667	-374.938934	-7.688756
7225.733333	-374.898071	-7.648889
7225.800000	-374.941040	-7.655738
7225.866667	-374.912506	-7.646303
7225.933333	-374.931854	-7.666571
7226.000000	-374.920898	-7.676490
7226.066667	-374.909515	-7.678179
7226.133333	-374.907898	-7.571217
7226.200000	-374.912994	-7.616518
7226.266667	-374.902435	-7.564936
7226.333333	-374.877747	-7.615671
7226.400000	-374.881531	-7.616473
7226.466667	-374.865936	-7.531696
7226.533333	-374.870789	-7.597875
7226.600000	-374.884491	-7.528823
7226.666667	-374.894287	-7.503206
7226.733333	-374.890137	-7.511004
7226.800000	-374.857635	-7.565702
7226.866667	-374.839813	-7.506888
7226.933333	-374.875214	-7.513879
7227.000000	-374.871063	-7.536208
7227.066667	-374.860352	-7.528823
7227.133333	-374.840820	-7.555176
7227.200000	-374.847565	-7.503963
7227.266667	-374.843140	-7.557932
7227.333333	-374.855408	-7.526992
7227.400000	-374.836304	-7.534229
7227.466667	-374.861267	-7.569792
7227.533333	-374.821075	-7.543004
7227.600000	-374.834320	-7.573497
7227.666667	-374.803619	-7.563143
7227.733333	-374.823273	-7.519197
7227.800000	-374.799286	-7.567231
7227.866667	-374.808472	-7.568682
7227.933333	-374.764893	-7.568776
7228.000000	-374.761841	-7.530522
7228.066667	-374.782593	-7.522495
7228.133333	-374.768188	-7.614544
7228.200000	-374.774323	-7.564744
7228.266667	-374.775146	-7.537837
7228.333333	-374.765015	-7.562986
7228.400000	-374.728729	-7.512581
7228.466667	-374.762817	-7.563847
7228.533333	-374.765015	-7.579526
7228.600000	-374.741119	-7.585271
7228.666667	-374.732391	-7.570674
7228.733333	-374.743530	-7.558830
7228.800000	-374.715271	-7.591274
7228.866667	-374.750946	-7.507362
7228.933333	-374.747589	-7.601370
7229.000000	-374.759888	-7.566608
7229.066667	-374.737946	-7.536573
7229.133333	-374.731934	-7.619759
7229.200000	-374.707367	-7.609834
7229.266667	-374.710815	-7.616282
7229.333333	-374.693756	-7.626673
7229.400000	-374.682373	-7.677787
7229.466667	-374.697693	-7.694460
7229.533333	-374.661621	-7.599452
7229.600000	-374.658508	-7.662635
7229.666667	-374.663666	-7.650763
7229.733333	-374.650909	-7.685645
7229.800000	-374.641052	-7.725753
7229.866667	-374.600891	-7.695702
7229.933333	-374.633881	-7.710126
7230.000000	-374.602386	-7.695061
7230.066667	-374.619415	-7.710313
7230.133333	-374.633240	-7.666952
7230.200000	-374.626801	-7.700796
7230.266667	-374.601288	-7.702236
7230.333333	-374.586212	-7.684175
7230.400000	-374.581543	-7.682695
7230.466667	-374.571747	-7.726002
7230.533333	-374.580658	-7.678990
7230.600000	-374.555481	-7.668783
7230.666667	-374.573486	-7.645072
7230.733333	-374.578094	-7.680343
7230.800000	-374.569397	-7.635308
7230.866667	-374.568024	-7.702222
7230.933333	-374.564362	-7.584547
7231.000000	-374.524780	-7.637261
7231.066667	-374.513306	-7.566608
7231.133333	-374.491699	-7.657223
7231.200000	-374.537842	-7.597929
7231.266667	-374.501984	-7.608472
7231.333333	-374.513947	-7.630759
7231.400000	-374.503357	-7.666020
7231.466667	-374.490234	-7.650724
7231.533333	-374.475372	-7.600749
7231.600000	-374.494904	-7.712709
7231.666667	-374.491150	-7.683702
7231.733333	-374.458130	-7.639702
7231.800000	-374.421295	-7.588555
7231.866667	-374.448364	-7.701108
7231.933333	-374.406158	-7.681894
7232.000000	-374.422272	-7.693141
7232.066667	-374.414154	-7.654093
7232.133333	-374.389954	-7.667262
7232.200000	-374.437744	-7.655891
7232.266667	-374.421509	-7.715673
7232.333333	-374.407257	-7.667340
7232.400000	-374.377563	-7.635665
7232.466667	-374.375244	-7.683750
7232.533333	-374.351318	-7.629410
7232.600000	-374.362335	-7.580697
7232.666667	-374.357849	-7.556503
7232.733333	-374.357666	-7.559586
7232.800000	-374.355927	-7.541604
7232.866667	-374.355713	-7.586894
7232.933333	-374.330597	-7.563385
7233.000000	-374.347900	-7.576984
7233.066667	-374.350250	-7.561417
7233.133333	-374.338531	-7.560272
7233.200000	-374.377136	-7.555869
7233.266667	-374.300415	-7.514663
7233.333333	-374.333313	-7.569037
7233.400000	-374.309967	-7.540466
7233.466667	-374.309784	-7.590049
7233.533333	-374.334198	-7.599770
7233.600000	-374.317017	-7.572590
7233.666667	-374.296387	-7.557211
7233.733333	-374.313904	-7.574210
7233.800000	-374.250336	-7.542490
7233.866667	-374.268250	-7.523134
7233.933333	-374.251617	-7.540268
7234.000000	-374.260590	-7.584021
7234.066667	-374.249390	-7.571296
7234.133333	-374.265381	-7.546072
7234.200000	-374.256592	-7.554013
7234.266667	-374.268585	-7.585218
7234.333333	-374.241425	-7.519299
7234.400000	-374.230469	-7.523564
7234.466667	-374.248413	-7.624585
7234.533333	-374.259125	-7.592917
7234.600000	-374.270508	-7.551613
7234.666667	-374.225220	-7.581116
7234.733333	-374.285309	-7.545891
7234.800000	-374.280518	-7.558180
7234.866667	-374.253113	-7.519833
7234.933333	-374.231628	-7.501112
7235.000000	-374.244141	-7.507146
7235.066667	-374.260406	-7.529537
7235.133333	-374.251526	-7.519332
7235.200000	-374.275543	-7.572884
7235.266667	-374.308228	-7.569454
7235.333333	-374.273468	-7.499535
7235.400000	-374.283081	-7.523271
7235.466667	-374.256195	-7.521137
7235.533333	-374.254120	-7.515992
7235.600000	-374.257019	-7.571171
7235.666667	-374.223236	-7.507098
7235.733333	-374.245605	-7.535259
7235.800000	-374.200867	-7.537907
7235.866667	-374.239685	-7.538610
7235.933333	-374.239105	-7.527125
7236.000000	-374.200439	-7.519629
7236.066667	-374.206696	-7.543715
7236.133333	-374.208618	-7.507764
7236.200000	-374.192566	-7.588609
7236.266667	-374.181641	-7.502821
7236.333333	-374.183044	-7.581057
7236.400000	-374.180969	-7.573556
7236.466667	-374.171051	-7.567885
7236.533333	-374.184937	-7.549491
7236.600000	-374.161530	-7.533370
7236.666667	-374.179626	-7.563972
7236.733333	-374.174164	-7.630585
7236.800000	-374.150024	-7.536768
7236.866667	-374.193970	-7.595503
7236.933333	-374.209991	-7.639802
7237.000000	-374.164337	-7.566815
7237.066667	-374.172058	-7.552563
7237.133333	-374.137512	-7.530282
7237.200000	-374.169678	-7.534082
7237.266667	-374.167969	-7.521443
7237.333333	-374.160553	-7.573833
7237.400000	-374.159088	-7.527767
7237.466667	-374.173553	-7.557368
7237.533333	-374.148376	-7.497491
7237.600000	-374.135529	-7.553606
7237.666667	-374.170258	-7.582349
7237.733333	-374.132446	-7.502101
7237.800000	-374.140320	-7.587603
7237.866667	-374.162476	-7.556262
7237.933333	-374.122528	-7.540835
7238.000000	-374.120300	-7.579796
7238.066667	-374.097961	-7.584516
7238.133333	-374.127777	-7.586898
7238.200000	-374.131836	-7.578290
7238.266667	-374.100739	-7.622278
7238.333333	-374.083191	-7.616622
7238.400000	-374.093445	-7.650122
7238.466667	-374.065491	-7.628808
7238.533333	-374.040741	-7.572088
7238.600000	-374.067230	-7.585947
7238.666667	-374.089844	-7.586179
7238.733333	-374.058014	-7.596880
7238.800000	-374.077271	-7.549633
7238.866667	-374.079498	-7.580942
7238.933333	-374.051392	-7.557133
7239.000000	-374.075500	-7.512907
7239.066667	-374.073425	-7.579495
7239.133333	-374.062744	-7.585231
7239.200000	-374.068695	-7.550282
7239.266667	-374.026184	-7.523559
7239.333333	-374.058746	-7.505752
7239.400000	-374.095245	-7.546246
7239.466667	-374.060608	-7.526980
7239.533333	-374.049622	-7.499493
7239.600000	-374.061798	-7.521119
7239.666667	-374.061432	-7.524633
7239.733333	-374.059723	-7.507297
7239.800000	-374.056366	-7.500091
7239.866667	-374.050232	-7.543962
7239.933333	-374.046570	-7.542311
7240.000000	-374.029968	-7.589256
7240.066667	-374.051941	-7.547504
7240.133333	-374.004639	-7.554788
7240.200000	-374.036530	-7.592064
7240.266667	-374.047516	-7.613452
7240.333333	-374.011597	-7.592535
7240.400000	-374.011536	-7.666484
7240.466667	-374.002167	-7.563099
7240.533333	-374.013947	-7.585477
7240.600000	-374.010498	-7.601378
7240.666667	-374.023804	-7.582393
7240.733333	-374.014404	-7.572521
7240.800000	-374.020050	-7.580286
7240.866667	-373.997131	-7.605865
7240.933333	-374.007233	-7.594234
7241.000000	-374.014374	-7.557368
7241.066667	-374.015320	-7.561888
7241.133333	-374.013977	-7.605917
7241.200000	-374.019043	-7.601636
7241.266667	-374.023865	-7.572631
7241.333333	-374.014465	-7.591807
7241.400000	-373.988129	-7.589003
7241.466667	-374.044678	-7.559859
7241.533333	-374.043274	-7.657275
7241.600000	-374.015808	-7.541132
7241.666667	-374.004852	-7.518452
7241.733333	-374.008850	-7.543541
7241.800000	-373.983734	-7.559814
7241.866667	-373.984894	-7.565773
7241.933333	-373.989502	-7.555838
7242.000000	-373.975983	-7.559672
7242.066667	-373.996582	-7.535910
7242.133333	-373.996582	-7.550005
7242.200000	-373.962036	-7.533113
7242.266667	-373.977997	-7.577207
7242.333333	-373.957977	-7.586652
7242.400000	-373.938904	-7.572267
7242.466667	-373.972107	-7.584047
7242.533333	-373.962585	-7.631880
7242.600000	-373.945618	-7.586654
7242.666667	-373.951904	-7.611487
7242.733333	-373.908875	-7.604061
7242.800000	-373.906952	-7.584034
7242.866667	-373.933716	-7.594910
7242.933333	-373.932831	-7.593926
7243.000000	-373.935547	-7.594569
7243.066667	-373.935547	-7.594569
7243.133333	-373.924744	-7.595228
7243.200000	-373.951141	-7.577632
7243.266667	-373.927307	-7.571855
7243.333333	-373.964417	-7.583807
7243.400000	-373.936249	-7.559978
7243.466667	-373.936249	-7.559978
7243.533333	-373.897064	-7.545778
7243.600000	-373.920868	-7.537384
7243.666667	-373.905579	-7.519286
7243.733333	-373.919098	-7.507167
7243.800000	-373.934692	-7.548356
7243.866667	-373.934692	-7.548356
7243.933333	-373.912354	-7.519959
7244.000000	-373.899963	-7.556656
7244.066667	-373.901031	-7.512587
7244.133333	-373.930054	-7.518525
7244.200000	-373.935791	-7.584028
7244.266667	-373.923126	-7.526004
7244.333333	-373.923126	-7.526004
7244.400000	-373.904236	-7.560600
7244.466667	-373.873322	-7.493323
7244.533333	-373.870300	-7.530000
7244.600000	-373.922394	-7.551993
7244.666667	-373.896271	-7.568990
7244.733333	-373.896271	-7.568990
7244.800000	-373.876038	-7.550659
7244.866667	-373.879333	-7.517978
7244.933333	-373.915924	-7.559350
7245.000000	-373.872559	-7.557410
7245.066667	-373.916992	-7.589530
7245.133333	-373.916992	-7.589530
7245.200000	-373.884552	-7.527768
7245.266667	-373.868286	-7.539814
7245.333333	-373.877869	-7.578312
7245.400000	-373.871735	-7.554384
7245.466667	-373.877380	-7.500684
7245.533333	-373.883209	-7.550081
7245.600000	-373.883209	-7.550081
7245.666667	-373.873962	-7.553053
7245.733333	-373.889404	-7.505446
7245.800000	-373.854004	-7.472093
7245.866667	-373.871948	-7.529837
7245.933333	-373.852600	-7.506310
7246.000000	-373.852600	-7.506310
7246.066667	-373.836060	-7.487354
7246.133333	-373.863159	-7.473753
7246.200000	-373.894104	-7.483581
7246.266667	-373.859802	-7.551900
7246.333333	-373.866852	-7.538864
7246.400000	-373.866852	-7.538864
7246.466667	-373.868164	-7.540695
7246.533333	-373.830231	-7.535059
7246.600000	-373.806519	-7.534222
7246.666667	-373.805389	-7.529675
7246.733333	-373.801086	-7.579266
7246.800000	-373.801086	-7.579266
7246.866667	-373.805878	-7.579743
7246.933333	-373.792023	-7.560669
7247.000000	-373.794739	-7.500834
7247.066667	-373.784698	-7.594546
7247.133333	-373.794098	-7.555508
7247.200000	-373.799225	-7.555537
7247.266667	-373.799225	-7.555537
7247.333333	-373.800751	-7.533157
7247.400000	-373.820007	-7.557173
7247.466667	-373.797272	-7.533490
7247.533333	-373.795197	-7.582150
7247.600000	-373.810699	-7.498085
7247.666667	-373.810699	-7.498085
7247.733333	-373.812988	-7.462318
7247.800000	-373.792816	-7.515800
7247.866667	-373.795044	-7.469429
7247.933333	-373.780304	-7.502246
7248.000000	-373.762024	-7.507167
7248.066667	-373.762024	-7.507167
7248.133333	-373.824432	-7.518784
7248.200000	-373.778687	-7.483422
7248.266667	-373.803314	-7.480942
7248.333333	-373.773712	-7.478840
7248.400000	-373.767395	-7.483442
7248.466667	-373.783630	-7.491309
7248.533333	-373.783630	-7.491309
7248.600000	-373.768036	-7.493823
7248.666667	-373.798859	-7.521268
7248.733333	-373.772247	-7.514104
7248.800000	-373.768921	-7.522923
7248.866667	-373.798065	-7.524752
7248.933333	-373.798065	-7.524752
7249.000000	-373.748627	-7.504243
7249.066667	-373.765320	-7.566391
7249.133333	-373.754730	-7.540466
7249.200000	-373.773987	-7.513045
7249.266667	-373.743225	-7.510806
7249.333333	-373.743225	-7.510806
7249.400000	-373.771606	-7.516689
7249.466667	-373.778259	-7.507346
7249.533333	-373.759552	-7.446541
7249.600000	-373.754791	-7.498559
7249.666667	-373.750244	-7.481226
7249.733333	-373.748810	-7.440653
7249.800000	-373.768188	-7.462523
7249.866667	-373.757324	-7.476151
7249.933333	-373.729797	-7.437278
7250.000000	-373.743988	-7.422321
7250.066667	-373.709412	-7.410940
7250.133333	-373.720154	-7.437424
7250.200000	-373.724396	-7.458236
7250.266667	-373.749207	-7.410939
7250.333333	-373.731842	-7.465680
7250.400000	-373.722382	-7.454333
7250.466667	-373.730865	-7.461881
7250.533333	-373.721802	-7.490912
7250.600000	-373.696533	-7.500927
7250.666667	-373.710358	-7.502773
7250.733333	-373.726562	-7.467399
7250.800000	-373.745605	-7.454566
7250.866667	-373.716187	-7.483953
7250.933333	-373.721008	-7.508603
7251.000000	-373.727356	-7.459324
7251.066667	-373.711395	-7.465432
7251.133333	-373.725891	-7.511347
7251.200000	-373.696625	-7.452352
7251.266667	-373.700531	-7.514488
7251.333333	-373.698792	-7.440653
7251.400000	-373.737915	-7.526517
7251.466667	-373.720306	-7.526043
7251.533333	-373.685974	-7.496099
7251.600000	-373.690216	-7.461605
7251.666667	-373.672882	-7.498321
7251.733333	-373.690735	-7.497028
7251.800000	-373.677551	-7.447330
7251.866667	-373.677063	-7.429516
7251.933333	-373.651947	-7.441179
7252.000000	-373.674744	-7.412794
7252.066667	-373.653442	-7.398877
7252.133333	-373.651978	-7.435559
7252.200000	-373.688812	-7.413744
7252.266667	-373.621094	-7.431263
7252.333333	-373.645386	-7.444950
7252.400000	-373.631989	-7.396973
7252.466667	-373.614441	-7.382416
7252.533333	-373.651428	-7.431432
7252.600000	-373.629883	-7.399708
7252.666667	-373.599731	-7.420177
7252.733333	-373.613007	-7.403490
7252.800000	-373.604462	-7.436179
7252.866667	-373.565918	-7.460464
7252.933333	-373.589569	-7.402542
7253.000000	-373.567596	-7.456637
7253.066667	-373.612061	-7.473597
7253.133333	-373.550781	-7.450383
7253.200000	-373.550323	-7.469419
7253.266667	-373.543945	-7.485868
7253.333333	-373.540924	-7.495194
7253.400000	-373.538177	-7.516266
7253.466667	-373.555756	-7.506474
7253.533333	-373.492310	-7.468337
7253.600000	-373.513214	-7.474062
7253.666667	-373.529938	-7.476437
7253.733333	-373.528442	-7.440813
7253.800000	-373.505005	-7.470716
7253.866667	-373.522339	-7.462163
7253.933333	-373.516907	-7.440733
7254.000000	-373.520355	-7.427247
7254.066667	-373.489166	-7.421446
7254.133333	-373.482452	-7.461976
7254.200000	-373.499695	-7.440393
7254.266667	-373.493011	-7.463034
7254.333333	-373.493500	-7.454957
7254.400000	-373.498322	-7.448124
7254.466667	-373.461578	-7.430206
7254.533333	-373.484497	-7.457898
7254.600000	-373.464325	-7.498663
7254.666667	-373.470673	-7.456515
7254.733333	-373.447723	-7.497520
7254.800000	-373.453247	-7.440653
7254.866667	-373.475098	-7.451854
7254.933333	-373.470337	-7.472885
7255.000000	-373.455261	-7.454899
7255.066667	-373.451111	-7.498891
7255.133333	-373.447571	-7.465992
7255.200000	-373.428589	-7.419108
7255.266667	-373.451385	-7.453755
7255.333333	-373.438293	-7.455638
7255.400000	-373.412292	-7.457711
7255.466667	-373.386353	-7.448384
7255.533333	-373.351868	-7.469030
7255.600000	-373.417297	-7.497972
7255.666667	-373.403687	-7.451340
7255.733333	-373.362640	-7.501522
7255.800000	-373.376160	-7.408166
7255.866667	-373.374878	-7.403080
7255.933333	-373.358612	-7.425591
7256.000000	-373.362579	-7.430558
7256.066667	-373.330048	-7.409085
7256.133333	-373.337036	-7.395307
7256.200000	-373.367218	-7.408159
7256.266667	-373.327911	-7.395211
7256.333333	-373.308990	-7.345038
7256.400000	-373.319611	-7.394450
7256.466667	-373.315460	-7.360305
7256.533333	-373.299835	-7.410909
7256.600000	-373.294830	-7.367776
7256.666667	-373.278351	-7.388910
7256.733333	-373.295044	-7.362184
7256.800000	-373.276520	-7.377912
7256.866667	-373.287292	-7.397075
7256.933333	-373.270508	-7.337950
7257.000000	-373.262085	-7.357038
7257.066667	-373.266907	-7.365081
7257.133333	-373.268585	-7.373234
7257.200000	-373.265472	-7.345708
7257.266667	-373.280640	-7.389369
7257.333333	-373.289612	-7.397536
7257.400000	-373.214539	-7.352175
7257.466667	-373.242249	-7.372945
7257.533333	-373.218445	-7.391054
7257.600000	-373.199097	-7.391731
7257.666667	-373.201080	-7.384819
7257.733333	-373.213776	-7.317060
7257.800000	-373.187622	-7.344460
7257.866667	-373.181305	-7.380126
7257.933333	-373.143402	-7.384687
7258.000000	-373.183228	-7.366229
7258.066667	-373.211029	-7.391128
7258.133333	-373.199188	-7.373551
7258.200000	-373.165161	-7.328879
7258.266667	-373.171143	-7.340335
7258.333333	-373.175568	-7.345710
7258.400000	-373.211243	-7.371404
7258.466667	-373.166870	-7.300959
7258.533333	-373.162079	-7.314848
7258.600000	-373.155151	-7.299895
7258.666667	-373.143646	-7.291915
7258.733333	-373.133698	-7.298829
7258.800000	-373.153992	-7.348804
7258.866667	-373.170197	-7.355882
7258.933333	-373.117584	-7.293437
7259.000000	-373.129944	-7.308978
7259.066667	-373.160675	-7.322927
7259.133333	-373.121582	-7.252457
7259.200000	-373.089722	-7.271796
7259.266667	-373.100952	-7.330749
7259.333333	-373.088501	-7.273386
7259.400000	-373.083069	-7.400176
7259.466667	-373.073090	-7.294375
7259.533333	-373.021851	-7.296889
7259.600000	-373.085236	-7.383852
7259.666667	-373.067719	-7.369956
7259.733333	-373.095978	-7.332978
7259.800000	-373.091980	-7.332568
7259.866667	-373.053772	-7.321081
7259.933333	-373.060272	-7.372551
7260.000000	-373.086029	-7.297188
