8820.066667	-388.963531	-8.678136
8820.133333	-388.980652	-8.693105
8820.200000	-389.012726	-8.729460
8820.266667	-388.962158	-8.665061
8820.333333	-388.990936	-8.650400
8820.400000	-388.977936	-8.648235
8820.466667	-388.967102	-8.659060
8820.533333	-388.988312	-8.643892
8820.600000	-388.969269	-8.659060
8820.666667	-388.993988	-8.666770
8820.733333	-388.978729	-8.664592
8820.800000	-388.975006	-8.668655
8820.866667	-388.970032	-8.666770
8820.933333	-388.955811	-8.758029
8821.000000	-388.980103	-8.734826
8821.066667	-388.990936	-8.704519
8821.133333	-388.989624	-8.775676
8821.200000	-388.998077	-8.815078
8821.266667	-388.934113	-8.720293
8821.333333	-389.002136	-8.828116
8821.400000	-388.975769	-8.793275
8821.466667	-388.975952	-8.768488
8821.533333	-388.932983	-8.803991
8821.600000	-388.964935	-8.810593
8821.666667	-388.995819	-8.786131
8821.733333	-388.962738	-8.768488
8821.800000	-388.976776	-8.777032
8821.866667	-388.980377	-8.786131
8821.933333	-388.999878	-8.733737
8822.000000	-388.957764	-8.679414
8822.066667	-388.971558	-8.682480
8822.133333	-388.980927	-8.690729
8822.200000	-389.008026	-8.683342
8822.266667	-389.031006	-8.664592
8822.333333	-389.012421	-8.698684
8822.400000	-388.978149	-8.680274
8822.466667	-389.025574	-8.648235
8822.533333	-388.977356	-8.661426
8822.600000	-388.990936	-8.680707
8822.666667	-388.970795	-8.637318
8822.733333	-389.007050	-8.675482
8822.800000	-388.967102	-8.685037
8822.866667	-388.954132	-8.685037
8822.933333	-389.014954	-8.747465
8823.000000	-388.987061	-8.690967
8823.066667	-388.990082	-8.752621
8823.133333	-388.967804	-8.695244
8823.200000	-389.022247	-8.778985
8823.266667	-389.019012	-8.746901
8823.333333	-388.977356	-8.766625
8823.400000	-388.990509	-8.768817
8823.466667	-388.972839	-8.791295
8823.533333	-388.992706	-8.821417
8823.600000	-389.021118	-8.767477
8823.666667	-388.990936	-8.784616
8823.733333	-388.993103	-8.804098
8823.800000	-388.981201	-8.825855
8823.866667	-388.982056	-8.747719
8823.933333	-389.017944	-8.773498
8824.000000	-388.970032	-8.684195
8824.066667	-388.993225	-8.723153
8824.133333	-388.992706	-8.696492
8824.200000	-389.059326	-8.765229
8824.266667	-389.001465	-8.687726
8824.333333	-389.044586	-8.680720
8824.400000	-389.000214	-8.719971
8824.466667	-389.049988	-8.697140
8824.533333	-388.995819	-8.667042
8824.600000	-389.014496	-8.654975
8824.666667	-389.017853	-8.664837
8824.733333	-388.996735	-8.683825
8824.800000	-389.001465	-8.657043
8824.866667	-389.003906	-8.689366
8824.933333	-389.026703	-8.714220
8825.000000	-389.008026	-8.681150
8825.066667	-389.013306	-8.687421
8825.133333	-389.018799	-8.703039
8825.200000	-389.011230	-8.678069
8825.266667	-389.015656	-8.702328
8825.333333	-389.057495	-8.825970
8825.400000	-389.003113	-8.760735
8825.466667	-389.000214	-8.825828
8825.533333	-389.014496	-8.808102
8825.600000	-389.030029	-8.836951
8825.666667	-389.042572	-8.819155
8825.733333	-389.048065	-8.846139
8825.800000	-388.994904	-8.771008
8825.866667	-389.049347	-8.739988
8825.933333	-389.023346	-8.798942
8826.000000	-389.025574	-8.743744
8826.066667	-389.032257	-8.772593
8826.133333	-389.045563	-8.734867
8826.200000	-389.076508	-8.769393
8826.266667	-389.049042	-8.720920
8826.333333	-389.027893	-8.721251
8826.400000	-389.040924	-8.714025
8826.466667	-389.055359	-8.656015
8826.533333	-389.043335	-8.712675
8826.600000	-389.069153	-8.678488
8826.666667	-389.084808	-8.784993
8826.733333	-389.069153	-8.696354
8826.800000	-389.052582	-8.695557
8826.866667	-389.060669	-8.751298
8826.933333	-389.061554	-8.673082
8827.000000	-389.061554	-8.682072
8827.066667	-389.042328	-8.698586
8827.133333	-389.062927	-8.724154
8827.200000	-389.049988	-8.763717
8827.266667	-389.054810	-8.738259
8827.333333	-389.066895	-8.743252
8827.400000	-389.057495	-8.764504
8827.466667	-389.041565	-8.766781
8827.533333	-389.052948	-8.794099
8827.600000	-389.059296	-8.786595
8827.666667	-389.052582	-8.812427
8827.733333	-389.051270	-8.767818
8827.800000	-389.030029	-8.790347
8827.866667	-389.062439	-8.785685
8827.933333	-389.025604	-8.816922
8828.000000	-389.015533	-8.812484
8828.066667	-389.069153	-8.787918
8828.133333	-389.036987	-8.744016
8828.200000	-389.091644	-8.757675
8828.266667	-389.058411	-8.724154
8828.333333	-389.087006	-8.714220
8828.400000	-389.083282	-8.739988
8828.466667	-389.068878	-8.741739
8828.533333	-389.096863	-8.739988
8828.600000	-389.109833	-8.691656
8828.666667	-389.097137	-8.745311
8828.733333	-389.104248	-8.736012
8828.800000	-389.090057	-8.694750
8828.866667	-389.104675	-8.686232
8828.933333	-389.110992	-8.700052
8829.000000	-389.111542	-8.713727
8829.066667	-389.118805	-8.714894
8829.133333	-389.085541	-8.721893
8829.200000	-389.085602	-8.687654
8829.266667	-389.077179	-8.711435
8829.333333	-389.074249	-8.701536
8829.400000	-389.106354	-8.738392
8829.466667	-389.068878	-8.741739
8829.533333	-389.123505	-8.766781
8829.600000	-389.114410	-8.755399
8829.666667	-389.096191	-8.762228
8829.733333	-389.055603	-8.713023
8829.800000	-389.085541	-8.796535
8829.866667	-389.086273	-8.776466
8829.933333	-389.110382	-8.763381
8830.000000	-389.094116	-8.786595
8830.066667	-389.097137	-8.731473
8830.133333	-389.087738	-8.772593
8830.200000	-389.111542	-8.768718
8830.266667	-389.059753	-8.737186
8830.333333	-389.107574	-8.757675
8830.400000	-389.128052	-8.759952
8830.466667	-389.081757	-8.695396
8830.533333	-389.133148	-8.711587
8830.600000	-389.148895	-8.715107
8830.666667	-389.114410	-8.700763
8830.733333	-389.153107	-8.728081
8830.800000	-389.139038	-8.683940
8830.866667	-389.122498	-8.673817
8830.933333	-389.107574	-8.673445
8831.000000	-389.101746	-8.664592
8831.066667	-389.175537	-8.678429
8831.133333	-389.115509	-8.695557
8831.200000	-389.146271	-8.689380
8831.266667	-389.155670	-8.681179
8831.333333	-389.129425	-8.689960
8831.400000	-389.112122	-8.668892
8831.466667	-389.125793	-8.712145
8831.533333	-389.108643	-8.664592
8831.600000	-389.118408	-8.729766
8831.666667	-389.144348	-8.730941
8831.733333	-389.116119	-8.727474
8831.800000	-389.163757	-8.761060
8831.866667	-389.115021	-8.723917
8831.933333	-389.120178	-8.761455
8832.000000	-389.162201	-8.753122
8832.066667	-389.131714	-8.747617
8832.133333	-389.131256	-8.756416
8832.200000	-389.136322	-8.752229
8832.266667	-389.108154	-8.717369
8832.333333	-389.131256	-8.730881
8832.400000	-389.168182	-8.713924
8832.466667	-389.180145	-8.736085
8832.533333	-389.191803	-8.723528
8832.600000	-389.136749	-8.741222
8832.666667	-389.231293	-8.765333
8832.733333	-389.256989	-8.748976
8832.800000	-389.173401	-8.699979
8832.866667	-389.175385	-8.670524
8832.933333	-389.268677	-8.739629
8833.000000	-389.212433	-8.696879
8833.066667	-389.221802	-8.698381
8833.133333	-389.178284	-8.681179
8833.200000	-389.255890	-8.720600
8833.266667	-389.250305	-8.722617
8833.333333	-389.253723	-8.739803
8833.400000	-389.250305	-8.701446
8833.466667	-389.230896	-8.715329
8833.533333	-389.230896	-8.713023
8833.600000	-389.237793	-8.736085
8833.666667	-389.295471	-8.777598
8833.733333	-389.262878	-8.783270
8833.800000	-389.260925	-8.792612
8833.866667	-389.216644	-8.762981
8833.933333	-389.247345	-8.779631
8834.000000	-389.309296	-8.837561
8834.066667	-389.311615	-8.851398
8834.133333	-389.277191	-8.783270
8834.200000	-389.292114	-8.802214
8834.266667	-389.303040	-8.816773
8834.333333	-389.279572	-8.790422
8834.400000	-389.304413	-8.804950
8834.466667	-389.306305	-8.805378
8834.533333	-389.312958	-8.771349
8834.600000	-389.327271	-8.790422
8834.666667	-389.308594	-8.752679
8834.733333	-389.353821	-8.800245
8834.800000	-389.300720	-8.761060
8834.866667	-389.330292	-8.736732
8834.933333	-389.361511	-8.769393
8835.000000	-389.429230	-8.812192
8835.066667	-389.378479	-8.771334
8835.133333	-389.376190	-8.784516
8835.200000	-389.438446	-8.770679
8835.266667	-389.409424	-8.748096
8835.333333	-389.447662	-8.802967
8835.400000	-389.381989	-8.721596
8835.466667	-389.426086	-8.788917
8835.533333	-389.431519	-8.779904
8835.600000	-389.418579	-8.805378
8835.666667	-389.434601	-8.759552
8835.733333	-389.452942	-8.823817
8835.800000	-389.427582	-8.826090
8835.866667	-389.444641	-8.830703
8835.933333	-389.443207	-8.830826
8836.000000	-389.443207	-8.835531
8836.066667	-389.477142	-8.846952
8836.133333	-389.478638	-8.825970
8836.200000	-389.440765	-8.839867
8836.266667	-389.489197	-8.816804
8836.333333	-389.452942	-8.828291
8836.400000	-389.491882	-8.839746
8836.466667	-389.494965	-8.853084
8836.533333	-389.477661	-8.826029
8836.600000	-389.475342	-8.823723
8836.666667	-389.509644	-8.816773
8836.733333	-389.504700	-8.821417
8836.800000	-389.512238	-8.802967
8836.866667	-389.535431	-8.812252
8836.933333	-389.542511	-8.760735
8837.000000	-389.533417	-8.769393
8837.066667	-389.537628	-8.766067
8837.133333	-389.556030	-8.798652
8837.200000	-389.583344	-8.784993
8837.266667	-389.592224	-8.782965
8837.333333	-389.592712	-8.782465
8837.400000	-389.587921	-8.750845
8837.466667	-389.597015	-8.757675
8837.533333	-389.610321	-8.796535
8837.600000	-389.655243	-8.800660
8837.666667	-389.595276	-8.775291
8837.733333	-389.613739	-8.826029
8837.800000	-389.636261	-8.809960
8837.866667	-389.637878	-8.807396
8837.933333	-389.705322	-8.849834
8838.000000	-389.644287	-8.856238
8838.066667	-389.640808	-8.844940
8838.133333	-389.669830	-8.860881
8838.200000	-389.641968	-8.844631
8838.266667	-389.672943	-8.835438
8838.333333	-389.665070	-8.864043
8838.400000	-389.651917	-8.844785
8838.466667	-389.699615	-8.873169
8838.533333	-389.706665	-8.891988
8838.600000	-389.737335	-8.850027
8838.666667	-389.737244	-8.868464
8838.733333	-389.741943	-8.847293
8838.800000	-389.706665	-8.830826
8838.866667	-389.706665	-8.833179
8838.933333	-389.760773	-8.859055
8839.000000	-389.751648	-8.830954
8839.066667	-389.732574	-8.828569
8839.133333	-389.759399	-8.842448
8839.200000	-389.754730	-8.791039
8839.266667	-389.760773	-8.840236
8839.333333	-389.767822	-8.814360
8839.400000	-389.788239	-8.823738
8839.466667	-389.780243	-8.792807
8839.533333	-389.766418	-8.819080
8839.600000	-389.813141	-8.840111
8839.666667	-389.802704	-8.780331
8839.733333	-389.777863	-8.828569
8839.800000	-389.808868	-8.814264
8839.866667	-389.813019	-8.814216
8839.933333	-389.784302	-8.819064
8840.000000	-389.827942	-8.838106
8840.066667	-389.825562	-8.830954
8840.133333	-389.824280	-8.837883
8840.200000	-389.814270	-8.835626
8840.266667	-389.843109	-8.899045
8840.333333	-389.844635	-8.833338
8840.400000	-389.897278	-8.891521
8840.466667	-389.868469	-8.861948
8840.533333	-389.870605	-8.879026
8840.600000	-389.940002	-8.892941
8840.666667	-389.920746	-8.906102
8840.733333	-389.901917	-8.910807
8840.800000	-389.946869	-8.911407
8840.866667	-389.968201	-8.849834
8840.933333	-389.988220	-8.907830
8841.000000	-390.007111	-8.886847
8841.066667	-390.007446	-8.862224
8841.133333	-390.028931	-8.889636
8841.200000	-390.062164	-8.849274
8841.266667	-390.073883	-8.864951
8841.333333	-390.057159	-8.856703
8841.400000	-390.087677	-8.856238
8841.466667	-390.088745	-8.830523
8841.533333	-390.146454	-8.846786
8841.600000	-390.098236	-8.856469
8841.666667	-390.167236	-8.895217
8841.733333	-390.154755	-8.864670
8841.800000	-390.148041	-8.874809
8841.866667	-390.144104	-8.871179
8841.933333	-390.200653	-8.868464
8842.000000	-390.155701	-8.865235
8842.066667	-390.187988	-8.955179
8842.133333	-390.196808	-8.928203
8842.200000	-390.203766	-8.895702
8842.266667	-390.205383	-8.910807
8842.333333	-390.210083	-8.929626
8842.400000	-390.232330	-8.927726
8842.466667	-390.240906	-8.981595
8842.533333	-390.282684	-8.960702
8842.600000	-390.211670	-8.960283
8842.666667	-390.289459	-8.973629
8842.733333	-390.266632	-8.931088
8842.800000	-390.304779	-8.931088
8842.866667	-390.310547	-8.958381
8842.933333	-390.306824	-8.885357
8843.000000	-390.367493	-8.929434
8843.066667	-390.342926	-8.883405
8843.133333	-390.388214	-8.938241
8843.200000	-390.375519	-8.887725
8843.266667	-390.389984	-8.874587
8843.333333	-390.429993	-8.904303
8843.400000	-390.391510	-8.852622
8843.466667	-390.417908	-8.857423
8843.533333	-390.446716	-8.893428
8843.600000	-390.435913	-8.840752
8843.666667	-390.433472	-8.857669
8843.733333	-390.472656	-8.848372
8843.800000	-390.469208	-8.826352
8843.866667	-390.472168	-8.881838
8843.933333	-390.493134	-8.883405
8844.000000	-390.532806	-8.868629
8844.066667	-390.491486	-8.884254
8844.133333	-390.460083	-8.852836
8844.200000	-390.534180	-8.925616
8844.266667	-390.486816	-8.958771
8844.333333	-390.540314	-8.936635
8844.400000	-390.527649	-8.967264
8844.466667	-390.522339	-8.942193
8844.533333	-390.522339	-8.942193
8844.600000	-390.559509	-8.994245
8844.666667	-390.552307	-8.939035
8844.733333	-390.588806	-9.009607
8844.800000	-390.564331	-8.934235
8844.866667	-390.600067	-8.953738
8844.933333	-390.600067	-8.953738
8845.000000	-390.633636	-8.963507
8845.066667	-390.586121	-8.900094
8845.133333	-390.607635	-8.943740
8845.200000	-390.658875	-8.929234
8845.266667	-390.661346	-8.924334
8845.333333	-390.636505	-8.891504
8845.400000	-390.681946	-8.855022
8845.466667	-390.699341	-8.906006
8845.533333	-390.719604	-8.883405
8845.600000	-390.767578	-8.929626
8845.666667	-390.723511	-8.886671
8845.733333	-390.757355	-8.877004
8845.800000	-390.757355	-8.877004
8845.866667	-390.762177	-8.901172
8845.933333	-390.779236	-8.933473
8846.000000	-390.791199	-8.921883
8846.066667	-390.785217	-8.923248
8846.133333	-390.769684	-8.928704
8846.200000	-390.769684	-8.928704
8846.266667	-390.788757	-8.940625
8846.333333	-390.816742	-8.984461
8846.400000	-390.773163	-8.946237
8846.466667	-390.828369	-8.953438
8846.533333	-390.894135	-9.039288
8846.600000	-390.894135	-9.039288
8846.666667	-390.874603	-8.993076
8846.733333	-390.884125	-9.000229
8846.800000	-390.887024	-8.994293
8846.866667	-390.887024	-8.994293
8846.933333	-390.950775	-9.049454
8847.000000	-390.927032	-9.026455
8847.066667	-390.927032	-9.026455
8847.133333	-390.960358	-9.024430
8847.200000	-390.965179	-9.006023
8847.266667	-390.988861	-9.001397
8847.333333	-390.979584	-8.999045
8847.400000	-390.977112	-8.947778
8847.466667	-390.977112	-8.947778
8847.533333	-391.045715	-9.020343
8847.600000	-391.029999	-8.970241
8847.666667	-391.051605	-8.948637
8847.733333	-391.055176	-8.958771
8847.800000	-391.122559	-8.964467
8847.866667	-391.122559	-8.964467
8847.933333	-391.038605	-8.965875
8848.000000	-391.114746	-8.956951
8848.066667	-391.146454	-8.980927
8848.133333	-391.134277	-8.963539
8848.200000	-391.170624	-8.961593
8848.266667	-391.169220	-8.996645
8848.333333	-391.169220	-8.996645
8848.400000	-391.137970	-8.999062
8848.466667	-391.164124	-8.999029
8848.533333	-391.204468	-9.026847
8848.600000	-391.192535	-9.039288
8848.666667	-391.179321	-8.972293
8848.733333	-391.179321	-8.972293
8848.800000	-391.218964	-9.019596
8848.866667	-391.195709	-8.995493
8848.933333	-391.235321	-9.057466
8849.000000	-391.237183	-9.076258
8849.066667	-391.208527	-9.045299
8849.133333	-391.208527	-9.045299
8849.200000	-391.232269	-9.037051
8849.266667	-391.234741	-9.002746
8849.333333	-391.289032	-9.065516
8849.400000	-391.279388	-9.000262
8849.466667	-391.325500	-9.042573
8849.533333	-391.325500	-9.042573
8849.600000	-391.334747	-8.985924
8849.666667	-391.376862	-8.992945
8849.733333	-391.437286	-8.999062
8849.800000	-391.406250	-8.971620
8849.866667	-391.446350	-8.971936
8849.933333	-391.419220	-8.986741
8850.000000	-391.419220	-8.986741
8850.066667	-391.425110	-8.947958
8850.133333	-391.468933	-8.967426
8850.200000	-391.461151	-8.999079
8850.266667	-391.444580	-9.008796
8850.333333	-391.472717	-8.995428
8850.400000	-391.472717	-8.995428
8850.466667	-391.499359	-8.997845
8850.533333	-391.457703	-8.983143
8850.600000	-391.502991	-9.023396
8850.666667	-391.515442	-9.026221
8850.733333	-391.498230	-8.989086
8850.800000	-391.498230	-8.989086
8850.866667	-391.545227	-9.067933
8850.933333	-391.528259	-9.049147
8851.000000	-391.533142	-9.041348
8851.066667	-391.562897	-9.047053
8851.133333	-391.596344	-9.027664
8851.200000	-391.613678	-9.102748
8851.266667	-391.613678	-9.102748
8851.333333	-391.634888	-9.087859
8851.400000	-391.695068	-9.084851
8851.466667	-391.619812	-9.037997
8851.533333	-391.685516	-9.072066
8851.600000	-391.688049	-9.054204
8851.666667	-391.688049	-9.054204
8851.733333	-391.745819	-9.084851
8851.800000	-391.725739	-9.064602
8851.866667	-391.764008	-9.071357
8851.933333	-391.685699	-9.036092
8852.000000	-391.739990	-9.036092
8852.066667	-391.739990	-9.036092
8852.133333	-391.763489	-9.026624
8852.200000	-391.775269	-9.032634
8852.266667	-391.764832	-9.044808
8852.333333	-391.789337	-9.033625
8852.400000	-391.764008	-9.044402
8852.466667	-391.764008	-9.044402
8852.533333	-391.800110	-9.079847
8852.600000	-391.760956	-9.050165
8852.666667	-391.800110	-9.079847
8852.733333	-391.811554	-9.092845
8852.800000	-391.825287	-9.081159
8852.866667	-391.818329	-9.101768
8852.933333	-391.849823	-9.119605
8853.000000	-391.830414	-9.135604
8853.066667	-391.824219	-9.113436
8853.133333	-391.859741	-9.166819
8853.200000	-391.817322	-9.145469
8853.266667	-391.839966	-9.142418
8853.333333	-391.849823	-9.119605
8853.400000	-391.851044	-9.139728
8853.466667	-391.891449	-9.135067
8853.533333	-391.862030	-9.127716
8853.600000	-391.849854	-9.098661
8853.666667	-391.895447	-9.122456
8853.733333	-391.871826	-9.108112
8853.800000	-391.890503	-9.055832
8853.866667	-391.897034	-9.087301
8853.933333	-391.894135	-9.083058
8854.000000	-391.915955	-9.039502
8854.066667	-391.932465	-9.060767
8854.133333	-391.897217	-9.035564
8854.200000	-391.966156	-9.049454
8854.266667	-391.991669	-9.078040
8854.333333	-391.961761	-9.062218
8854.400000	-392.006500	-9.063234
8854.466667	-391.969482	-9.112585
8854.533333	-391.977509	-9.069633
8854.600000	-391.937988	-9.051754
8854.666667	-391.956665	-9.062452
8854.733333	-391.979034	-9.117121
8854.800000	-392.016357	-9.137260
8854.866667	-391.991211	-9.129228
8854.933333	-392.011505	-9.135067
8855.000000	-392.039215	-9.161395
8855.066667	-391.993500	-9.133947
8855.133333	-392.023773	-9.132325
8855.200000	-392.028778	-9.171771
8855.266667	-392.055847	-9.181676
8855.333333	-392.054230	-9.179351
8855.400000	-392.036285	-9.184283
8855.466667	-392.094330	-9.144029
8855.533333	-392.099915	-9.164119
8855.600000	-392.095367	-9.148705
8855.666667	-392.091797	-9.111263
8855.733333	-392.106781	-9.122383
8855.800000	-392.154816	-9.093620
8855.866667	-392.134521	-9.133064
8855.933333	-392.135468	-9.146350
8856.000000	-392.162384	-9.093620
8856.066667	-392.178925	-9.049147
8856.133333	-392.216217	-9.087910
8856.200000	-392.202637	-9.034601
8856.266667	-392.205170	-9.054997
8856.333333	-392.175690	-9.029700
8856.400000	-392.227509	-9.069907
8856.466667	-392.245850	-9.097780
8856.533333	-392.256500	-9.111711
8856.600000	-392.200195	-9.083539
8856.666667	-392.201447	-9.049147
8856.733333	-392.223633	-9.087910
8856.800000	-392.303619	-9.196175
8856.866667	-392.300659	-9.157121
8856.933333	-392.270752	-9.128906
8857.000000	-392.294617	-9.149425
8857.066667	-392.321564	-9.151751
8857.133333	-392.290924	-9.169232
8857.200000	-392.278320	-9.141508
8857.266667	-392.293457	-9.174273
8857.333333	-392.349274	-9.211547
8857.400000	-392.363922	-9.219967
8857.466667	-392.303528	-9.171753
8857.533333	-392.357025	-9.213480
8857.600000	-392.339874	-9.157121
8857.666667	-392.353943	-9.164192
8857.733333	-392.391632	-9.226827
8857.800000	-392.364014	-9.184355
8857.866667	-392.404541	-9.179351
8857.933333	-392.376617	-9.133947
8858.000000	-392.356750	-9.137000
8858.066667	-392.384003	-9.137260
8858.133333	-392.444183	-9.156755
8858.200000	-392.482208	-9.166547
8858.266667	-392.412140	-9.100656
8858.333333	-392.463562	-9.115464
8858.400000	-392.477417	-9.136467
8858.466667	-392.449707	-9.141508
8858.533333	-392.466095	-9.151261
8858.600000	-392.460388	-9.118425
8858.666667	-392.471924	-9.133064
8858.733333	-392.506073	-9.171735
8858.800000	-392.510803	-9.189183
8858.866667	-392.512329	-9.161936
8858.933333	-392.470551	-9.156504
8859.000000	-392.492523	-9.205180
8859.066667	-392.461700	-9.184283
8859.133333	-392.504242	-9.219319
8859.200000	-392.479950	-9.204518
8859.266667	-392.512726	-9.204518
8859.333333	-392.497589	-9.191916
8859.400000	-392.487518	-9.204518
8859.466667	-392.524902	-9.222856
8859.533333	-392.495941	-9.230122
8859.600000	-392.511749	-9.249350
8859.666667	-392.560608	-9.199477
8859.733333	-392.535156	-9.184501
8859.800000	-392.549286	-9.189288
8859.866667	-392.555542	-9.209062
8859.933333	-392.540253	-9.164045
8860.000000	-392.554321	-9.179351
8860.066667	-392.558075	-9.151589
8860.133333	-392.553040	-9.144029
8860.200000	-392.573212	-9.166712
8860.266667	-392.568176	-9.151589
8860.333333	-392.605957	-9.146549
8860.400000	-392.568390	-9.107793
8860.466667	-392.554321	-9.071250
8860.533333	-392.605957	-9.146549
8860.600000	-392.585815	-9.141508
8860.666667	-392.599335	-9.104202
8860.733333	-392.597473	-9.159042
8860.800000	-392.570953	-9.118021
8860.866667	-392.586823	-9.131730
8860.933333	-392.615234	-9.161581
8861.000000	-392.627930	-9.192043
8861.066667	-392.627930	-9.192043
8861.133333	-392.605072	-9.199658
8861.200000	-392.645081	-9.199842
8861.266667	-392.617920	-9.171679
8861.333333	-392.593964	-9.176830
8861.400000	-392.618561	-9.194437
8861.466667	-392.651337	-9.242324
8861.533333	-392.632996	-9.225044
8861.600000	-392.600922	-9.171753
8861.666667	-392.631592	-9.197453
8861.733333	-392.632294	-9.212627
8861.800000	-392.684692	-9.213772
8861.866667	-392.627930	-9.192043
8861.933333	-392.673615	-9.202197
8862.000000	-392.678711	-9.194582
8862.066667	-392.681244	-9.161581
8862.133333	-392.656830	-9.161301
8862.200000	-392.660431	-9.179387
8862.266667	-392.650787	-9.181889
8862.333333	-392.687225	-9.174273
8862.400000	-392.698792	-9.192172
8862.466667	-392.696228	-9.166602
8862.533333	-392.719238	-9.187058
8862.600000	-392.737305	-9.148136
8862.666667	-392.739990	-9.116342
8862.733333	-392.760376	-9.153668
8862.800000	-392.747894	-9.124242
8862.866667	-392.718872	-9.145090
8862.933333	-392.779510	-9.179540
8863.000000	-392.721680	-9.130166
8863.066667	-392.732056	-9.174273
8863.133333	-392.750397	-9.184729
8863.200000	-392.737305	-9.158591
8863.266667	-392.755798	-9.219039
8863.333333	-392.776184	-9.210597
8863.400000	-392.698578	-9.194879
8863.466667	-392.737213	-9.197453
8863.533333	-392.744934	-9.189727
8863.600000	-392.750397	-9.195184
8863.666667	-392.779144	-9.216093
8863.733333	-392.765808	-9.195029
8863.800000	-392.763458	-9.197797
8863.866667	-392.795319	-9.197972
8863.933333	-392.810272	-9.247000
8864.000000	-392.792206	-9.197797
8864.066667	-392.773590	-9.208002
8864.133333	-392.824280	-9.200606
8864.200000	-392.794830	-9.176888
8864.266667	-392.783966	-9.176867
8864.333333	-392.820953	-9.169045
8864.400000	-392.804169	-9.184576
8864.466667	-392.803772	-9.158355
8864.533333	-392.822876	-9.140545
8864.600000	-392.817688	-9.099425
8864.666667	-392.825714	-9.126157
8864.733333	-392.820374	-9.139523
8864.800000	-392.826904	-9.126875
8864.866667	-392.828369	-9.088733
8864.933333	-392.844482	-9.158591
8865.000000	-392.863770	-9.147941
8865.066667	-392.823578	-9.166432
8865.133333	-392.815002	-9.152888
8865.200000	-392.864136	-9.115015
8865.266667	-392.816376	-9.171640
8865.333333	-392.817688	-9.184651
8865.400000	-392.864777	-9.163661
8865.466667	-392.846222	-9.148328
8865.533333	-392.831421	-9.203025
8865.600000	-392.842712	-9.163740
8865.666667	-392.829529	-9.190073
8865.733333	-392.885132	-9.241732
8865.800000	-392.823761	-9.193129
8865.866667	-392.844482	-9.182115
8865.933333	-392.890106	-9.211139
8866.000000	-392.891296	-9.222029
8866.066667	-392.842712	-9.190073
8866.133333	-392.871674	-9.174273
8866.200000	-392.903259	-9.200606
8866.266667	-392.867432	-9.155702
8866.333333	-392.909821	-9.221321
8866.400000	-392.893951	-9.153049
8866.466667	-392.917847	-9.142437
8866.533333	-392.942780	-9.192706
8866.600000	-392.897766	-9.095559
8866.666667	-392.873230	-9.140295
8866.733333	-392.864136	-9.125790
8866.800000	-392.934021	-9.189615
8866.866667	-392.916443	-9.158474
8866.933333	-392.921936	-9.123484
8867.000000	-392.945984	-9.152888
8867.066667	-392.931091	-9.153049
8867.133333	-392.929596	-9.153208
8867.200000	-392.949036	-9.132453
8867.266667	-392.948669	-9.115464
8867.333333	-392.896606	-9.126518
8867.400000	-392.955414	-9.181889
8867.466667	-392.876038	-9.122702
8867.533333	-392.903137	-9.141193
8867.600000	-392.955933	-9.197972
8867.666667	-392.923157	-9.182233
8867.733333	-392.908569	-9.128830
8867.800000	-392.915192	-9.182233
8867.866667	-392.945404	-9.224305
8867.933333	-392.941193	-9.195184
8868.000000	-392.949677	-9.190191
8868.066667	-392.954254	-9.239617
8868.133333	-392.917664	-9.210866
8868.200000	-392.975159	-9.229162
8868.266667	-393.002747	-9.208763
8868.333333	-392.957642	-9.192844
8868.400000	-392.984161	-9.192844
8868.466667	-392.959473	-9.184729
8868.533333	-393.009613	-9.203902
8868.600000	-393.032654	-9.200411
8868.666667	-393.016998	-9.176888
8868.733333	-393.056396	-9.231353
8868.800000	-393.037567	-9.190073
8868.866667	-393.046783	-9.187950
8868.933333	-393.077087	-9.229162
8869.000000	-392.986084	-9.126157
8869.066667	-392.992065	-9.141450
8869.133333	-393.012817	-9.174273
8869.200000	-393.108856	-9.198151
8869.266667	-393.058624	-9.216406
8869.333333	-393.052917	-9.179620
8869.400000	-393.071808	-9.174273
8869.466667	-393.045990	-9.189840
8869.533333	-393.074310	-9.198332
8869.600000	-393.015503	-9.176947
8869.666667	-393.058075	-9.220064
8869.733333	-393.060608	-9.223130
8869.800000	-393.040802	-9.220975
8869.866667	-393.076904	-9.220416
8869.933333	-393.034576	-9.232640
8870.000000	-393.024384	-9.240105
8870.066667	-393.071960	-9.272865
8870.133333	-393.093109	-9.252387
8870.200000	-393.074432	-9.255904
8870.266667	-393.052246	-9.215303
8870.333333	-393.082336	-9.257914
8870.400000	-393.136627	-9.261130
8870.466667	-393.136627	-9.261130
8870.533333	-393.111969	-9.257773
8870.600000	-393.192108	-9.281437
8870.666667	-393.128113	-9.233532
8870.733333	-393.115814	-9.220634
8870.800000	-393.151306	-9.280396
8870.866667	-393.151855	-9.225785
8870.933333	-393.144745	-9.214988
8871.000000	-393.183502	-9.210597
8871.066667	-393.152374	-9.241612
8871.133333	-393.142883	-9.240105
8871.200000	-393.213013	-9.270982
8871.266667	-393.219696	-9.247000
8871.333333	-393.151825	-9.249122
8871.400000	-393.198151	-9.241612
8871.466667	-393.222382	-9.228145
8871.533333	-393.128113	-9.160806
8871.600000	-393.150177	-9.255702
8871.666667	-393.213318	-9.265161
8871.733333	-393.176422	-9.242231
8871.800000	-393.238556	-9.271241
8871.866667	-393.142883	-9.245372
8871.933333	-393.216248	-9.282449
8872.000000	-393.158905	-9.267274
8872.066667	-393.154510	-9.241102
8872.133333	-393.185791	-9.267131
8872.200000	-393.220856	-9.323257
8872.266667	-393.179047	-9.297120
8872.333333	-393.205170	-9.289279
8872.400000	-393.219849	-9.293622
8872.466667	-393.206085	-9.274337
8872.533333	-393.213013	-9.299733
8872.600000	-393.229584	-9.271518
8872.666667	-393.197266	-9.254468
8872.733333	-393.230469	-9.244306
8872.800000	-393.243713	-9.179744
8872.866667	-393.228424	-9.199083
8872.933333	-393.269440	-9.249122
8873.000000	-393.268341	-9.212568
8873.066667	-393.228912	-9.193274
8873.133333	-393.274811	-9.203678
8873.200000	-393.257416	-9.147338
8873.266667	-393.265381	-9.150395
8873.333333	-393.258759	-9.174273
8873.400000	-393.262848	-9.171538
8873.466667	-393.232758	-9.119567
8873.533333	-393.228912	-9.166130
8873.600000	-393.311432	-9.248005
8873.666667	-393.314056	-9.219039
8873.733333	-393.304199	-9.278526
8873.800000	-393.285889	-9.239416
8873.866667	-393.301514	-9.275853
8873.933333	-393.300110	-9.251461
8874.000000	-393.235870	-9.244306
8874.066667	-393.321198	-9.296416
8874.133333	-393.296753	-9.282845
8874.200000	-393.281647	-9.265855
8874.266667	-393.337463	-9.288273
8874.333333	-393.319397	-9.339675
8874.400000	-393.317566	-9.300098
8874.466667	-393.297241	-9.267131
8874.533333	-393.323914	-9.296416
8874.600000	-393.292419	-9.284709
8874.666667	-393.349731	-9.292811
8874.733333	-393.346283	-9.282016
8874.800000	-393.346313	-9.257914
8874.866667	-393.314819	-9.223509
8874.933333	-393.426788	-9.283491
8875.000000	-393.333618	-9.192986
8875.066667	-393.303894	-9.160597
8875.133333	-393.396301	-9.235398
8875.200000	-393.353760	-9.201416
8875.266667	-393.362457	-9.179661
8875.333333	-393.392426	-9.184966
8875.400000	-393.421173	-9.202278
8875.466667	-393.446045	-9.217702
8875.533333	-393.415894	-9.193570
8875.600000	-393.437927	-9.268001
8875.666667	-393.379059	-9.241102
8875.733333	-393.435181	-9.218381
8875.800000	-393.424408	-9.241612
8875.866667	-393.443512	-9.268739
8875.933333	-393.408051	-9.244844
8876.000000	-393.452118	-9.290010
8876.066667	-393.424072	-9.240955
8876.133333	-393.415100	-9.294761
8876.200000	-393.421600	-9.247559
8876.266667	-393.418762	-9.291892
8876.333333	-393.409973	-9.275089
8876.400000	-393.423889	-9.340821
8876.466667	-393.437927	-9.321980
8876.533333	-393.435181	-9.332643
8876.600000	-393.396301	-9.274296
8876.666667	-393.449066	-9.310415
8876.733333	-393.443726	-9.310863
8876.800000	-393.435181	-9.274296
8876.866667	-393.457947	-9.310863
8876.933333	-393.469055	-9.258959
8877.000000	-393.446198	-9.232164
8877.066667	-393.495361	-9.250862
8877.133333	-393.471008	-9.254217
8877.200000	-393.451843	-9.218728
8877.266667	-393.507996	-9.213480
8877.333333	-393.484802	-9.256974
8877.400000	-393.490326	-9.204597
8877.466667	-393.515747	-9.154824
8877.533333	-393.518372	-9.165668
8877.600000	-393.503571	-9.155127
8877.666667	-393.517059	-9.129107
8877.733333	-393.509613	-9.185300
8877.800000	-393.549103	-9.190944
8877.866667	-393.511780	-9.204362
8877.933333	-393.549103	-9.188166
8878.000000	-393.520630	-9.229407
8878.066667	-393.551880	-9.249290
8878.133333	-393.536407	-9.275503
8878.200000	-393.511414	-9.239199
8878.266667	-393.512360	-9.254217
8878.333333	-393.525513	-9.242022
8878.400000	-393.535217	-9.268739
8878.466667	-393.498810	-9.295749
8878.533333	-393.519196	-9.252686
8878.600000	-393.518524	-9.293744
8878.666667	-393.516388	-9.224682
8878.733333	-393.554657	-9.318750
8878.800000	-393.549194	-9.258416
8878.866667	-393.531921	-9.265333
8878.933333	-393.507996	-9.280690
8879.000000	-393.560577	-9.267591
8879.066667	-393.594269	-9.295749
8879.133333	-393.571777	-9.234032
8879.200000	-393.641266	-9.233553
8879.266667	-393.582428	-9.177052
8879.333333	-393.582428	-9.177052
8879.400000	-393.631866	-9.200304
8879.466667	-393.652771	-9.183095
8879.533333	-393.622986	-9.157200
8879.600000	-393.607513	-9.215303
8879.666667	-393.620148	-9.179965
8879.733333	-393.620148	-9.179965
8879.800000	-393.662659	-9.209268
8879.866667	-393.633118	-9.180011
8879.933333	-393.667633	-9.213480
8880.000000	-393.631226	-9.196677
