3180.066667	-465.769470	-18.522997
3180.133333	-465.743958	-18.473671
3180.200000	-465.774292	-18.396030
3180.266667	-465.729950	-18.359844
3180.333333	-465.723602	-18.542942
3180.400000	-465.759888	-18.568645
3180.466667	-465.738281	-18.607807
3180.533333	-465.714050	-18.850113
3180.600000	-465.611084	-19.046448
3180.666667	-465.489746	-19.343727
3180.733333	-465.426819	-19.595989
3180.800000	-465.348785	-19.838827
3180.866667	-465.262970	-19.960011
3180.933333	-465.141388	-20.140654
3181.000000	-465.051392	-20.355808
3181.066667	-465.139099	-20.580502
3181.133333	-465.102448	-20.684042
3181.200000	-465.044769	-20.803736
3181.266667	-465.060028	-20.790264
3181.333333	-465.063416	-20.823158
3181.400000	-465.064667	-20.684860
3181.466667	-465.031494	-20.592127
3181.533333	-465.084198	-20.424957
3181.600000	-465.102844	-20.352404
3181.666667	-465.149414	-20.097654
3181.733333	-465.237640	-19.862457
3181.800000	-465.306061	-19.675076
3181.866667	-465.446198	-19.453928
3181.933333	-465.482300	-19.175873
3182.000000	-465.615387	-19.012671
3182.066667	-465.703827	-18.808384
3182.133333	-465.725830	-18.545500
3182.200000	-465.756744	-18.559647
3182.266667	-465.728546	-18.508858
3182.333333	-465.723694	-18.445812
3182.400000	-465.712708	-18.460779
3182.466667	-465.720398	-18.442844
3182.533333	-465.695129	-18.584372
3182.600000	-465.735565	-18.758949
3182.666667	-465.542603	-19.143246
3182.733333	-465.542603	-19.143246
3182.800000	-465.368286	-19.368345
3182.866667	-465.281616	-19.602613
3182.933333	-465.265869	-19.833216
3183.000000	-465.126221	-19.980455
3183.066667	-465.104584	-20.257334
3183.133333	-465.036896	-20.426153
3183.200000	-465.000427	-20.552738
3183.266667	-464.992889	-20.704746
3183.333333	-464.967224	-20.789978
3183.400000	-464.966064	-20.815607
3183.466667	-465.014008	-20.707026
3183.533333	-465.001160	-20.599499
3183.600000	-465.001160	-20.599499
3183.666667	-465.018311	-20.458170
3183.733333	-465.050934	-20.353622
3183.800000	-465.118195	-20.039476
3183.866667	-465.268219	-19.703499
3183.933333	-465.329285	-19.482666
3184.000000	-465.329285	-19.482666
3184.066667	-465.421021	-19.165852
3184.133333	-465.566711	-18.989746
3184.200000	-465.567200	-18.793627
3184.266667	-465.656128	-18.528296
3184.333333	-465.647888	-18.504051
3184.400000	-465.647888	-18.504051
3184.466667	-465.622681	-18.473240
3184.533333	-465.651123	-18.506207
3184.600000	-465.596375	-18.511915
3184.666667	-465.536163	-18.722734
3184.733333	-465.470978	-19.002579
3184.800000	-465.470978	-19.002579
3184.866667	-465.357788	-19.109060
3184.933333	-465.239960	-19.383921
3185.000000	-465.172546	-19.625109
3185.066667	-465.029266	-20.019241
3185.133333	-464.986023	-20.306688
3185.200000	-464.919250	-20.486217
3185.266667	-464.919250	-20.486217
3185.333333	-464.917755	-20.616001
3185.400000	-464.867615	-20.727539
3185.466667	-464.862366	-20.890398
3185.533333	-464.850708	-20.821974
3185.600000	-464.867767	-20.709972
3185.666667	-464.867767	-20.709972
3185.733333	-464.867401	-20.549925
3185.800000	-464.901093	-20.451555
3185.866667	-464.985413	-19.999899
3185.933333	-465.005493	-19.810879
3186.000000	-465.086273	-19.642208
3186.066667	-465.086273	-19.642208
3186.133333	-465.233185	-19.399237
3186.200000	-465.230591	-19.113144
3186.266667	-465.333923	-18.773155
3186.333333	-465.374603	-18.582458
3186.400000	-465.400879	-18.526321
3186.466667	-465.451263	-18.490755
3186.533333	-465.451263	-18.490755
3186.600000	-465.443604	-18.507288
3186.666667	-465.414368	-18.553446
3186.733333	-465.306152	-18.566343
3186.800000	-465.255066	-18.748896
3186.866667	-465.233063	-19.003916
3186.933333	-465.233063	-19.003916
3187.000000	-465.173187	-19.183344
3187.066667	-465.040161	-19.709690
3187.133333	-464.979156	-19.862764
3187.200000	-464.933960	-20.016636
3187.266667	-464.864136	-20.233053
3187.333333	-464.864136	-20.233053
3187.400000	-464.755585	-20.494730
3187.466667	-464.659180	-20.713722
3187.533333	-464.659668	-20.707254
3187.600000	-464.614441	-20.727356
3187.666667	-464.659943	-20.774546
3187.733333	-464.659943	-20.774546
3187.800000	-464.621399	-20.671810
3187.866667	-464.688324	-20.410065
3187.933333	-464.753967	-20.203352
3188.000000	-464.847504	-19.969551
3188.066667	-464.895782	-19.860605
3188.133333	-465.017181	-19.661957
3188.200000	-465.017181	-19.661957
3188.266667	-465.158264	-19.246521
3188.333333	-465.147095	-18.931684
3188.400000	-465.165161	-18.687679
3188.466667	-465.229889	-18.648365
3188.533333	-465.240845	-18.539660
3188.600000	-465.240845	-18.539660
3188.666667	-465.204224	-18.495932
3188.733333	-465.222290	-18.556719
3188.800000	-465.173767	-18.530821
3188.866667	-465.105652	-18.592363
3188.933333	-465.091278	-18.779076
3189.000000	-465.091278	-18.779076
3189.066667	-464.942444	-19.184027
3189.133333	-464.865448	-19.505180
3189.200000	-464.712677	-19.702612
3189.266667	-464.583038	-19.906301
3189.333333	-464.596497	-19.966206
3189.400000	-464.512299	-20.286842
3189.466667	-464.473511	-20.510992
3189.533333	-464.521637	-20.643402
3189.600000	-464.491974	-20.743694
3189.666667	-464.453857	-20.845358
3189.733333	-464.438263	-20.872404
3189.800000	-464.420746	-20.797663
3189.866667	-464.390503	-20.674114
3189.933333	-464.410736	-20.548216
3190.000000	-464.486176	-20.429396
3190.066667	-464.485901	-20.116333
3190.133333	-464.564941	-19.858015
3190.200000	-464.568329	-19.827694
3190.266667	-464.607208	-19.582886
3190.333333	-464.693604	-19.343283
3190.400000	-464.703796	-19.025854
3190.466667	-464.728180	-18.853703
3190.533333	-464.841187	-18.644772
3190.600000	-464.826996	-18.544960
3190.666667	-464.808624	-18.458897
3190.733333	-464.867554	-18.389879
3190.800000	-464.823578	-18.359253
3190.866667	-464.783508	-18.426765
3190.933333	-464.763306	-18.510471
3191.000000	-464.689148	-18.625605
3191.066667	-464.705627	-18.798439
3191.133333	-464.659882	-18.976826
3191.200000	-464.591492	-19.295712
3191.266667	-464.528290	-19.470791
3191.333333	-464.436096	-19.685019
3191.400000	-464.478058	-19.941364
3191.466667	-464.377838	-20.036810
3191.533333	-464.285919	-20.434643
3191.600000	-464.233856	-20.559725
3191.666667	-464.187042	-20.667688
3191.733333	-464.131226	-20.679052
3191.800000	-464.129639	-20.809874
3191.866667	-464.079071	-20.704359
3191.933333	-464.053040	-20.668180
3192.000000	-464.024109	-20.590452
3192.066667	-464.036041	-20.512127
3192.133333	-464.099365	-20.310925
3192.200000	-464.164551	-20.115019
3192.266667	-464.194489	-19.844410
3192.333333	-464.264496	-19.635796
3192.400000	-464.336426	-19.471514
3192.466667	-464.371674	-19.243416
3192.533333	-464.399445	-18.920088
3192.600000	-464.419617	-18.829638
3192.666667	-464.435120	-18.675594
3192.733333	-464.445129	-18.482094
3192.800000	-464.538757	-18.482243
3192.866667	-464.490143	-18.383366
3192.933333	-464.455200	-18.369650
3193.000000	-464.385223	-18.376909
3193.066667	-464.369110	-18.474779
3193.133333	-464.334045	-18.628857
3193.200000	-464.289246	-18.798223
3193.266667	-464.246857	-18.941294
3193.333333	-464.183167	-19.315958
3193.400000	-464.137390	-19.468445
3193.466667	-464.030304	-19.716362
3193.533333	-464.007385	-19.782213
3193.600000	-463.829651	-19.994484
3193.666667	-463.762939	-20.244055
3193.733333	-463.730560	-20.424696
3193.800000	-463.700623	-20.484303
3193.866667	-463.693665	-20.597902
3193.933333	-463.623230	-20.604717
3194.000000	-463.608856	-20.636833
3194.066667	-463.598602	-20.587683
3194.133333	-463.606201	-20.495199
3194.200000	-463.627167	-20.382414
3194.266667	-463.704010	-20.214384
3194.333333	-463.782806	-20.061609
3194.400000	-463.846832	-19.841770
3194.466667	-463.859131	-19.622702
3194.533333	-463.899231	-19.360155
3194.600000	-463.942322	-19.183094
3194.666667	-463.915283	-18.799345
3194.733333	-463.937561	-18.704538
3194.800000	-464.051239	-18.518181
3194.866667	-464.056244	-18.488802
3194.933333	-463.988281	-18.332903
3195.000000	-464.003510	-18.237391
3195.066667	-463.966034	-18.275072
3195.133333	-463.952881	-18.325497
3195.200000	-463.942719	-18.353827
3195.266667	-463.924255	-18.636227
3195.333333	-463.861359	-18.664331
3195.400000	-463.767303	-18.889771
3195.466667	-463.751282	-19.216652
3195.533333	-463.686035	-19.377285
3195.600000	-463.558167	-19.633648
3195.666667	-463.548309	-19.762543
3195.733333	-463.428101	-20.098543
3195.800000	-463.353363	-20.262762
3195.866667	-463.297668	-20.458103
3195.933333	-463.188721	-20.485825
3196.000000	-463.200867	-20.534943
3196.066667	-463.182007	-20.611650
3196.133333	-463.161163	-20.561279
3196.200000	-463.145325	-20.500883
3196.266667	-463.203583	-20.536963
3196.333333	-463.225159	-20.381298
3196.400000	-463.216858	-20.166611
3196.466667	-463.259064	-19.939844
3196.533333	-463.342499	-19.630608
3196.600000	-463.403748	-19.561520
3196.666667	-463.403839	-19.259480
3196.733333	-463.472839	-19.011688
3196.800000	-463.610718	-18.799690
3196.866667	-463.622925	-18.593140
3196.933333	-463.602173	-18.419296
3197.000000	-463.648743	-18.363733
3197.066667	-463.695923	-18.202599
3197.133333	-463.639984	-18.206345
3197.200000	-463.626556	-18.208115
3197.266667	-463.616241	-18.318697
3197.333333	-463.570068	-18.363380
3197.400000	-463.524811	-18.471104
3197.466667	-463.532013	-18.684343
3197.533333	-463.455841	-18.881395
3197.600000	-463.327728	-19.085075
3197.666667	-463.261169	-19.345694
3197.733333	-463.189423	-19.655552
3197.800000	-463.052185	-19.860727
3197.866667	-462.991394	-20.085180
3197.933333	-462.947937	-20.225676
3198.000000	-462.813873	-20.412758
3198.066667	-462.738922	-20.598225
3198.133333	-462.769562	-20.554010
3198.200000	-462.755280	-20.566628
3198.266667	-462.710510	-20.576723
3198.333333	-462.736511	-20.517227
3198.400000	-462.670685	-20.430973
3198.466667	-462.696045	-20.325785
3198.533333	-462.836334	-20.115467
3198.600000	-462.838409	-19.892845
3198.666667	-462.928040	-19.672518
3198.733333	-462.958160	-19.395638
3198.800000	-463.054077	-19.122822
3198.866667	-463.043579	-18.824482
3198.933333	-463.069183	-18.729216
3199.000000	-463.099854	-18.525850
3199.066667	-463.135651	-18.382111
3199.133333	-463.113312	-18.158411
3199.200000	-463.154114	-18.158926
3199.266667	-463.100616	-18.172340
3199.333333	-463.081116	-18.137371
3199.400000	-463.066315	-18.237329
3199.466667	-463.001678	-18.299290
3199.533333	-462.949707	-18.414267
3199.600000	-462.912811	-18.635103
3199.666667	-462.835999	-18.791142
3199.733333	-462.788025	-18.985538
3199.800000	-462.600433	-19.348753
3199.866667	-462.537750	-19.587101
3199.933333	-462.530701	-19.728226
3200.000000	-462.504395	-20.007782
3200.066667	-462.471649	-20.261873
3200.133333	-462.352722	-20.374353
3200.200000	-462.295929	-20.491430
3200.266667	-462.213074	-20.529722
3200.333333	-462.220032	-20.569546
3200.400000	-462.226288	-20.562645
3200.466667	-462.220001	-20.527536
3200.533333	-462.312103	-20.409000
3200.600000	-462.289734	-20.218908
3200.666667	-462.345154	-20.000113
3200.733333	-462.427887	-19.762167
3200.800000	-462.471191	-19.605434
3200.866667	-462.509216	-19.379084
3200.933333	-462.471344	-19.111753
3201.000000	-462.479065	-18.861753
3201.066667	-462.555878	-18.549807
3201.133333	-462.597687	-18.418686
3201.200000	-462.567505	-18.193987
3201.266667	-462.570068	-18.040552
3201.333333	-462.590759	-17.902401
3201.400000	-462.561371	-17.809631
3201.466667	-462.553497	-17.897507
3201.533333	-462.511108	-18.067127
3201.600000	-462.439331	-18.140575
3201.666667	-462.432129	-18.350285
3201.733333	-462.379578	-18.592999
3201.800000	-462.297852	-18.848534
3201.866667	-462.241364	-19.070080
3201.933333	-462.201019	-19.205421
3202.000000	-462.149323	-19.571550
3202.066667	-462.050201	-19.718227
3202.133333	-461.917786	-19.962854
3202.200000	-461.842560	-20.121500
3202.266667	-461.755585	-20.299097
3202.333333	-461.734192	-20.420605
3202.400000	-461.672943	-20.514221
3202.466667	-461.667053	-20.511806
3202.533333	-461.682587	-20.507044
3202.600000	-461.652557	-20.376604
3202.666667	-461.628204	-20.254929
3202.733333	-461.668732	-20.059078
3202.800000	-461.733856	-19.914213
3202.866667	-461.841431	-19.727150
3202.933333	-461.895996	-19.588612
3203.000000	-461.974579	-19.145725
3203.066667	-461.953247	-18.933773
3203.133333	-462.032043	-18.754513
3203.200000	-462.132874	-18.475281
3203.266667	-462.113647	-18.328197
3203.333333	-462.063629	-18.166916
3203.400000	-462.165466	-17.993946
3203.466667	-462.140411	-17.876316
3203.533333	-462.144928	-17.954048
3203.600000	-462.138184	-18.018713
3203.666667	-462.057953	-18.011831
3203.733333	-461.993134	-18.183075
3203.800000	-461.944550	-18.329412
3203.866667	-461.848358	-18.407581
3203.933333	-461.756958	-18.708958
3204.000000	-461.706879	-18.973145
3204.066667	-461.581482	-19.260130
3204.133333	-461.483521	-19.552258
3204.200000	-461.405182	-19.786160
3204.266667	-461.338928	-19.858547
3204.333333	-461.260132	-20.117664
3204.400000	-461.173645	-20.265982
3204.466667	-461.116699	-20.295826
3204.533333	-461.110016	-20.375708
3204.600000	-461.088165	-20.340551
3204.666667	-461.084106	-20.313707
3204.733333	-461.116608	-20.289259
3204.800000	-461.123627	-20.239069
3204.866667	-461.173706	-20.024940
3204.933333	-461.249878	-19.796566
3205.000000	-461.230438	-19.561682
3205.066667	-461.363007	-19.423622
3205.133333	-461.358276	-19.111553
3205.200000	-461.380432	-18.758200
3205.266667	-461.422638	-18.501303
3205.333333	-461.463379	-18.297770
3205.400000	-461.483673	-18.040234
3205.466667	-461.543976	-18.001820
3205.533333	-461.589020	-17.837336
3205.600000	-461.589813	-17.817757
3205.666667	-461.568817	-17.778450
3205.733333	-461.499084	-17.783115
3205.800000	-461.427399	-17.884865
3205.866667	-461.343842	-18.069860
3205.933333	-461.351990	-18.152040
3206.000000	-461.297180	-18.406624
3206.066667	-461.151428	-18.626770
3206.133333	-461.076294	-18.868921
3206.200000	-460.998199	-19.088640
3206.266667	-460.908966	-19.416391
3206.333333	-460.832123	-19.563745
3206.400000	-460.825897	-19.753273
3206.466667	-460.781738	-19.980509
3206.533333	-460.709900	-20.150444
3206.600000	-460.646454	-20.161297
3206.666667	-460.596161	-20.213453
3206.733333	-460.551117	-20.135277
3206.800000	-460.544830	-20.157722
3206.866667	-460.567719	-20.170895
3206.933333	-460.544983	-19.967882
3207.000000	-460.575714	-19.707228
3207.066667	-460.662506	-19.600241
3207.133333	-460.604767	-19.411121
3207.200000	-460.685242	-19.105745
3207.266667	-460.796417	-18.876938
3207.333333	-460.867798	-18.655720
3207.400000	-460.880371	-18.390839
3207.466667	-460.905060	-18.198359
3207.533333	-460.951172	-18.074780
3207.600000	-460.951630	-17.924595
3207.666667	-460.999695	-17.890566
3207.733333	-461.000885	-17.831755
3207.800000	-460.980286	-17.873835
3207.866667	-460.966156	-17.881001
3207.933333	-460.896881	-17.910669
3208.000000	-460.799255	-18.038500
3208.066667	-460.772003	-18.199999
3208.133333	-460.640656	-18.278324
3208.200000	-460.591888	-18.552576
3208.266667	-460.468994	-18.817528
3208.333333	-460.431915	-19.017441
3208.400000	-460.385223	-19.351473
3208.466667	-460.246796	-19.518377
3208.533333	-460.220551	-19.648235
3208.600000	-460.130493	-19.725317
3208.666667	-460.058777	-19.788851
3208.733333	-460.033875	-19.949594
3208.800000	-459.975739	-20.018019
3208.866667	-459.962036	-20.046698
3208.933333	-459.966766	-19.980005
3209.000000	-459.996979	-19.858414
3209.066667	-460.022858	-19.796492
3209.133333	-460.057983	-19.700869
3209.200000	-460.098633	-19.573400
3209.266667	-460.126404	-19.355959
3209.333333	-460.139191	-18.976513
3209.400000	-460.161987	-18.777790
3209.466667	-460.164307	-18.593369
3209.533333	-460.236664	-18.339466
3209.600000	-460.339600	-18.402832
3209.666667	-460.397644	-18.052744
3209.733333	-460.412415	-17.792919
3209.800000	-460.441162	-17.720852
3209.866667	-460.395386	-17.677896
3209.933333	-460.402283	-17.691195
3210.000000	-460.335846	-17.766798
3210.066667	-460.286865	-17.856592
3210.133333	-460.228912	-18.097317
3210.200000	-460.149719	-18.351139
3210.266667	-460.069855	-18.369101
3210.333333	-460.006744	-18.671270
3210.400000	-459.891174	-18.829477
3210.466667	-459.790741	-19.039200
3210.533333	-459.709503	-19.305256
3210.600000	-459.666687	-19.564804
3210.666667	-459.579041	-19.653687
3210.733333	-459.552460	-19.753904
3210.800000	-459.407288	-19.787615
3210.866667	-459.351501	-19.969687
3210.933333	-459.301178	-19.989891
3211.000000	-459.336243	-20.044327
3211.066667	-459.296753	-19.922201
3211.133333	-459.332581	-19.752123
3211.200000	-459.337463	-19.749136
3211.266667	-459.389954	-19.595884
3211.333333	-459.435272	-19.398951
3211.400000	-459.510834	-19.206846
3211.466667	-459.557373	-18.976044
3211.533333	-459.544006	-18.667879
3211.600000	-459.584106	-18.494724
3211.666667	-459.652740	-18.254683
3211.733333	-459.678711	-18.104361
3211.800000	-459.666565	-17.874235
3211.866667	-459.689453	-17.741234
3211.933333	-459.642639	-17.721727
3212.000000	-459.653046	-17.733431
3212.066667	-459.624634	-17.663919
3212.133333	-459.615356	-17.699135
3212.200000	-459.558014	-17.675179
3212.266667	-459.519653	-17.830019
3212.333333	-459.505066	-18.021858
3212.400000	-459.470947	-18.245417
3212.466667	-459.393372	-18.577427
3212.533333	-459.288849	-18.790586
3212.600000	-459.203369	-18.957439
3212.666667	-459.161438	-19.323000
3212.733333	-459.030670	-19.430870
3212.800000	-458.952423	-19.559536
3212.866667	-458.815796	-19.718771
3212.933333	-458.725494	-19.851147
3213.000000	-458.697540	-19.967588
3213.066667	-458.735138	-19.970373
3213.133333	-458.740326	-19.982094
3213.200000	-458.707062	-19.903845
3213.266667	-458.709290	-19.769190
3213.333333	-458.725464	-19.632456
3213.400000	-458.853607	-19.481859
3213.466667	-458.829285	-19.408405
3213.533333	-458.903229	-19.088846
3213.600000	-458.968201	-18.831778
3213.666667	-458.988403	-18.567108
3213.733333	-459.070374	-18.419203
3213.800000	-459.114258	-18.138453
3213.866667	-459.130524	-18.042391
3213.933333	-459.172424	-17.941404
3214.000000	-459.156281	-17.824568
3214.066667	-459.172943	-17.638908
3214.133333	-459.180908	-17.634411
3214.200000	-459.097046	-17.634874
3214.266667	-459.094757	-17.728401
3214.333333	-459.054657	-17.841261
3214.400000	-459.006836	-17.973307
3214.466667	-458.908051	-18.142349
3214.533333	-458.809387	-18.306908
3214.600000	-458.778656	-18.598558
3214.666667	-458.715759	-18.782152
3214.733333	-458.555359	-19.028574
3214.800000	-458.505493	-19.293564
3214.866667	-458.405396	-19.429197
3214.933333	-458.342804	-19.611448
3215.000000	-458.248688	-19.756931
3215.066667	-458.200470	-19.853010
3215.133333	-458.174530	-19.960382
3215.200000	-458.167816	-19.979765
3215.266667	-458.127960	-19.917875
3215.333333	-458.115479	-19.882427
3215.400000	-458.102081	-19.808090
3215.466667	-458.108337	-19.608326
3215.533333	-458.149445	-19.462788
3215.600000	-458.242065	-19.370775
3215.666667	-458.288513	-19.075775
3215.733333	-458.357361	-18.804249
3215.800000	-458.380951	-18.568754
3215.866667	-458.406677	-18.315533
3215.933333	-458.405457	-18.146854
3216.000000	-458.452515	-17.940914
3216.066667	-458.512268	-17.830568
3216.133333	-458.506866	-17.610950
3216.200000	-458.501343	-17.590399
3216.266667	-458.485260	-17.590843
3216.333333	-458.417053	-17.605488
3216.400000	-458.418640	-17.703613
3216.466667	-458.355743	-17.836418
3216.533333	-458.308624	-17.922125
3216.600000	-458.260315	-18.063414
3216.666667	-458.212799	-18.371872
3216.733333	-458.147736	-18.534622
3216.800000	-458.124573	-18.868979
3216.866667	-458.070435	-18.910360
3216.933333	-458.005829	-19.129599
3217.000000	-457.904053	-19.389799
3217.066667	-457.737854	-19.587030
3217.133333	-457.588226	-19.592173
3217.200000	-457.586700	-19.720768
3217.266667	-457.558228	-19.802637
3217.333333	-457.546631	-19.834030
3217.400000	-457.561859	-19.767853
3217.466667	-457.543579	-19.530834
3217.533333	-457.543579	-19.530834
3217.600000	-457.536316	-19.466719
3217.666667	-457.594177	-19.264660
3217.733333	-457.644653	-19.071686
3217.800000	-457.759979	-18.810570
3217.866667	-457.852234	-18.420654
3217.933333	-457.852234	-18.420654
3218.000000	-457.845245	-18.243631
3218.066667	-457.896912	-18.011196
3218.133333	-457.969696	-17.935970
3218.200000	-457.974121	-17.862900
3218.266667	-458.030090	-17.636448
3218.333333	-458.030090	-17.636448
3218.400000	-457.995697	-17.650017
3218.466667	-457.958801	-17.649500
3218.533333	-457.882019	-17.672758
3218.600000	-457.859650	-17.834051
3218.666667	-457.653412	-18.087942
3218.733333	-457.627014	-18.227240
3218.800000	-457.627014	-18.227240
3218.866667	-457.592590	-18.441900
3218.933333	-457.526367	-18.701838
3219.000000	-457.431274	-18.946022
3219.066667	-457.238007	-19.302317
3219.133333	-457.197021	-19.446466
3219.200000	-457.197021	-19.446466
3219.266667	-457.076263	-19.633953
3219.333333	-457.076721	-19.806471
3219.400000	-457.040924	-19.818424
3219.466667	-457.019348	-19.759115
3219.533333	-457.004547	-19.753511
3219.600000	-457.004547	-19.753511
3219.666667	-457.007782	-19.513735
3219.733333	-457.126251	-19.357443
3219.800000	-457.167938	-19.182571
3219.866667	-457.164246	-18.724112
3219.933333	-457.229614	-18.593140
3220.000000	-457.229614	-18.593140
3220.066667	-457.310486	-18.311222
3220.133333	-457.316132	-17.990915
3220.200000	-457.345703	-17.894691
3220.266667	-457.383087	-17.699257
3220.333333	-457.350586	-17.612894
3220.400000	-457.369720	-17.595556
3220.466667	-457.369720	-17.595556
3220.533333	-457.382324	-17.561470
3220.600000	-457.375793	-17.564137
3220.666667	-457.326416	-17.739105
3220.733333	-457.196259	-17.738354
3220.800000	-457.184906	-18.023935
3220.866667	-457.184906	-18.023935
3220.933333	-457.123413	-18.154062
3221.000000	-457.020233	-18.419384
3221.066667	-456.886322	-18.697874
3221.133333	-456.765198	-18.987408
3221.200000	-456.675659	-19.231121
3221.266667	-456.675659	-19.231121
3221.333333	-456.592163	-19.407990
3221.400000	-456.578491	-19.628189
3221.466667	-456.452972	-19.717596
3221.533333	-456.402374	-19.721056
3221.600000	-456.387848	-19.609739
3221.666667	-456.450989	-19.532797
3221.733333	-456.450989	-19.532797
3221.800000	-456.462616	-19.400068
3221.866667	-456.502563	-19.035210
3221.933333	-456.528259	-18.757790
3222.000000	-456.615143	-18.608751
3222.066667	-456.635864	-18.435371
3222.133333	-456.635864	-18.435371
3222.200000	-456.699005	-18.167362
3222.266667	-456.735352	-17.797476
3222.333333	-456.797607	-17.613075
3222.400000	-456.811432	-17.396353
3222.466667	-456.803833	-17.427319
3222.533333	-456.803833	-17.427319
3222.600000	-456.789001	-17.394447
3222.666667	-456.783905	-17.417624
3222.733333	-456.752686	-17.454327
3222.800000	-456.690369	-17.513750
3222.866667	-456.606720	-17.736786
3222.933333	-456.516388	-17.977648
3223.000000	-456.516388	-17.977648
3223.066667	-456.324097	-18.284981
3223.133333	-456.263092	-18.484838
3223.200000	-456.183411	-18.726732
3223.266667	-456.100037	-18.912409
3223.333333	-456.031769	-19.158222
3223.400000	-456.031769	-19.158222
3223.466667	-455.886169	-19.473463
3223.533333	-455.910004	-19.612772
3223.600000	-455.817108	-19.619339
3223.666667	-455.860931	-19.614935
3223.733333	-455.867676	-19.647213
3223.800000	-455.867676	-19.647213
3223.866667	-455.955139	-19.378391
3223.933333	-455.980438	-19.154388
3224.000000	-456.013947	-19.019464
3224.066667	-456.069244	-18.798561
3224.133333	-456.028564	-18.474133
3224.200000	-456.028564	-18.474133
3224.266667	-456.121582	-18.107414
3224.333333	-456.142303	-17.923409
3224.400000	-456.188629	-17.697021
3224.466667	-456.206177	-17.544697
3224.533333	-456.260498	-17.418524
3224.600000	-456.280518	-17.355000
3224.666667	-456.230103	-17.259808
3224.733333	-456.187775	-17.271635
3224.800000	-456.154694	-17.341805
3224.866667	-456.085358	-17.450445
3224.933333	-456.018494	-17.483229
3225.000000	-456.023651	-17.711561
3225.066667	-455.985443	-17.934454
3225.133333	-455.925873	-18.112881
3225.200000	-455.860901	-18.365635
3225.266667	-455.769684	-18.535769
3225.333333	-455.646667	-18.694389
3225.400000	-455.575500	-18.838306
3225.466667	-455.514740	-19.106422
3225.533333	-455.464233	-19.278011
3225.600000	-455.416260	-19.417187
3225.666667	-455.355713	-19.498024
3225.733333	-455.307007	-19.538902
3225.800000	-455.305420	-19.501326
3225.866667	-455.290710	-19.420153
3225.933333	-455.291992	-19.310211
3226.000000	-455.319611	-19.174355
3226.066667	-455.330200	-19.036289
3226.133333	-455.390045	-18.755825
3226.200000	-455.382660	-18.541254
3226.266667	-455.434174	-18.386526
3226.333333	-455.462097	-18.166578
3226.400000	-455.560181	-18.057205
3226.466667	-455.510223	-17.641100
3226.533333	-455.512970	-17.432154
3226.600000	-455.586487	-17.327433
3226.666667	-455.621979	-17.269398
3226.733333	-455.612793	-17.162949
3226.800000	-455.635956	-17.116282
3226.866667	-455.646606	-17.109758
3226.933333	-455.617126	-17.198889
3227.000000	-455.479004	-17.342476
3227.066667	-455.429443	-17.344656
3227.133333	-455.374054	-17.444962
3227.200000	-455.344208	-17.787825
3227.266667	-455.263519	-18.050074
3227.333333	-455.166901	-18.165348
3227.400000	-455.082611	-18.337303
3227.466667	-455.026489	-18.602325
3227.533333	-455.051819	-18.820892
3227.600000	-454.895813	-18.994209
3227.666667	-454.847595	-19.173634
3227.733333	-454.767029	-19.277981
3227.800000	-454.727203	-19.369387
3227.866667	-454.730591	-19.387207
3227.933333	-454.719269	-19.394424
3228.000000	-454.716614	-19.327618
3228.066667	-454.692047	-19.183598
3228.133333	-454.688690	-19.098368
3228.200000	-454.753723	-18.957832
3228.266667	-454.791992	-18.674854
3228.333333	-454.843597	-18.389713
3228.400000	-454.853973	-18.233158
3228.466667	-454.909637	-18.130924
3228.533333	-454.988098	-18.003672
3228.600000	-455.072205	-17.799086
3228.666667	-455.057251	-17.544817
3228.733333	-455.067902	-17.325476
3228.800000	-455.051971	-17.369764
3228.866667	-455.022064	-17.165989
3228.933333	-455.045319	-17.102186
3229.000000	-455.001892	-17.141115
3229.066667	-454.986694	-17.200377
3229.133333	-454.933868	-17.313761
3229.200000	-454.930573	-17.497690
3229.266667	-454.797485	-17.606346
3229.333333	-454.766235	-17.822712
3229.400000	-454.607208	-18.013948
3229.466667	-454.562592	-18.254679
3229.533333	-454.488434	-18.427917
3229.600000	-454.411224	-18.633232
3229.666667	-454.329071	-18.824356
3229.733333	-454.286011	-19.036682
3229.800000	-454.236023	-19.102163
3229.866667	-454.157043	-19.232170
3229.933333	-454.138855	-19.233873
3230.000000	-454.091980	-19.288345
3230.066667	-454.130432	-19.293097
3230.133333	-454.086853	-19.233707
3230.200000	-454.106934	-19.158241
3230.266667	-454.105286	-19.175423
3230.333333	-454.094116	-18.919432
3230.400000	-454.175720	-18.661537
3230.466667	-454.204620	-18.500441
3230.533333	-454.209137	-18.148041
3230.600000	-454.220673	-17.990601
3230.666667	-454.328278	-17.773010
3230.733333	-454.434540	-17.614910
3230.800000	-454.429047	-17.437635
3230.866667	-454.447937	-17.315485
3230.933333	-454.481110	-17.305840
3231.000000	-454.461121	-17.203394
3231.066667	-454.490784	-17.208548
3231.133333	-454.478943	-17.179708
3231.200000	-454.443481	-17.293041
3231.266667	-454.381439	-17.388357
3231.333333	-454.341400	-17.472956
3231.400000	-454.292236	-17.627810
3231.466667	-454.183289	-17.832275
3231.533333	-454.057861	-17.888374
3231.600000	-453.974945	-18.161291
3231.666667	-453.797974	-18.410151
3231.733333	-453.713593	-18.608149
3231.800000	-453.690430	-18.754648
3231.866667	-453.600983	-18.903978
3231.933333	-453.545685	-19.083410
3232.000000	-453.452179	-19.224028
3232.066667	-453.419525	-19.248806
3232.133333	-453.409210	-19.287636
3232.200000	-453.394684	-19.240108
3232.266667	-453.356323	-19.124832
3232.333333	-453.369110	-18.966045
3232.400000	-453.412964	-18.861673
3232.466667	-453.409607	-18.743195
3232.533333	-453.535461	-18.507929
3232.600000	-453.543884	-18.376692
3232.666667	-453.565308	-18.043295
3232.733333	-453.542999	-17.700815
3232.800000	-453.642242	-17.532749
3232.866667	-453.705627	-17.478449
3232.933333	-453.774109	-17.337166
3233.000000	-453.780457	-17.157072
3233.066667	-453.831848	-17.148834
3233.133333	-453.841858	-17.079035
3233.200000	-453.788513	-17.116941
3233.266667	-453.777527	-17.137587
3233.333333	-453.716278	-17.110573
3233.400000	-453.625549	-17.166965
3233.466667	-453.529022	-17.313557
3233.533333	-453.470612	-17.515770
3233.600000	-453.355499	-17.781092
3233.666667	-453.300110	-17.788872
3233.733333	-453.256775	-18.014151
3233.800000	-453.199066	-18.301725
3233.866667	-453.103088	-18.502129
3233.933333	-452.989166	-18.558376
3234.000000	-452.908508	-18.670038
3234.066667	-452.868835	-18.948061
3234.133333	-452.826630	-19.147484
3234.200000	-452.800354	-19.161823
3234.266667	-452.742096	-19.174345
3234.333333	-452.751526	-19.174952
3234.400000	-452.700317	-19.057741
3234.466667	-452.718109	-18.871807
3234.533333	-452.722015	-18.645758
3234.600000	-452.731293	-18.444742
3234.666667	-452.819397	-18.352377
3234.733333	-452.848114	-18.124916
3234.800000	-452.886719	-17.839514
3234.866667	-452.965973	-17.672688
3234.933333	-452.952545	-17.526184
3235.000000	-453.008179	-17.409533
3235.066667	-452.959381	-17.217184
3235.133333	-452.995697	-17.058825
3235.200000	-453.006256	-16.949038
3235.266667	-453.040283	-16.897261
3235.333333	-453.007080	-16.910009
3235.400000	-452.953003	-16.865118
3235.466667	-452.866516	-16.992138
3235.533333	-452.835876	-17.099222
3235.600000	-452.778656	-17.209913
3235.666667	-452.732391	-17.399498
3235.733333	-452.627716	-17.446112
3235.800000	-452.554840	-17.675560
3235.866667	-452.470764	-17.877510
3235.933333	-452.340057	-18.135353
3236.000000	-452.317444	-18.383621
3236.066667	-452.279175	-18.612455
3236.133333	-452.244476	-18.680450
3236.200000	-452.129883	-18.812019
3236.266667	-452.078522	-18.937485
3236.333333	-452.008545	-18.934542
3236.400000	-451.974854	-18.958973
3236.466667	-451.987030	-18.951551
3236.533333	-451.960541	-18.904348
3236.600000	-451.933838	-18.740425
3236.666667	-451.932007	-18.643366
3236.733333	-451.971100	-18.421782
3236.800000	-451.968842	-18.150400
3236.866667	-452.013092	-17.841881
3236.933333	-452.090363	-17.777531
3237.000000	-452.219421	-17.525911
3237.066667	-452.266724	-17.326681
3237.133333	-452.269440	-17.161627
3237.200000	-452.336853	-17.069441
3237.266667	-452.288635	-16.901340
3237.333333	-452.302002	-16.801594
3237.400000	-452.265564	-16.757799
3237.466667	-452.259766	-16.848700
3237.533333	-452.234406	-16.907715
3237.600000	-452.208038	-16.885714
3237.666667	-452.141235	-17.016989
3237.733333	-452.070038	-17.201551
3237.800000	-451.994263	-17.242088
3237.866667	-451.851349	-17.402439
3237.933333	-451.741455	-17.768795
3238.066667	-451.670593	-18.190527
3238.133333	-451.534302	-18.343267
3238.200000	-451.408691	-18.729969
3238.266667	-451.313568	-18.841393
3238.333333	-451.268799	-18.868284
3238.400000	-451.257172	-18.878670
3238.466667	-451.256134	-18.885340
3238.533333	-451.253448	-18.848742
3238.600000	-451.206177	-18.829292
3238.666667	-451.206177	-18.829292
3238.733333	-451.204376	-18.721434
3238.800000	-451.262939	-18.602903
3238.866667	-451.239838	-18.384621
3238.933333	-451.264526	-18.032789
3239.000000	-451.324188	-17.951834
3239.066667	-451.379578	-17.555414
3239.133333	-451.434204	-17.502914
3239.200000	-451.463867	-17.408691
3239.266667	-451.454132	-17.119476
3239.333333	-451.481323	-17.012325
3239.400000	-451.499573	-16.756075
3239.466667	-451.499573	-16.639496
3239.533333	-451.431458	-16.604834
3239.600000	-451.449127	-16.583866
3239.666667	-451.401794	-16.619865
3239.733333	-451.371704	-16.740288
3239.800000	-451.260590	-16.919397
3239.866667	-451.237610	-17.228022
3239.933333	-451.151001	-17.270487
3240.000000	-451.097137	-17.399511
