4740.066667	-392.235077	-9.986034
4740.133333	-392.254395	-9.977300
4740.200000	-392.286774	-9.906747
4740.266667	-392.289246	-9.932023
4740.333333	-392.304138	-9.884946
4740.400000	-392.293488	-9.877678
4740.466667	-392.316254	-9.857308
4740.533333	-392.327148	-9.765589
4740.600000	-392.314972	-9.794084
4740.666667	-392.297516	-9.752803
4740.733333	-392.309265	-9.763009
4740.800000	-392.289185	-9.853291
4740.866667	-392.285156	-9.846309
4740.933333	-392.302826	-9.949946
4741.000000	-392.285034	-9.970787
4741.066667	-392.260132	-9.925813
4741.133333	-392.227356	-9.963928
4741.200000	-392.215424	-10.007259
4741.266667	-392.169128	-10.025732
4741.333333	-392.117828	-10.087323
4741.400000	-392.097595	-10.157064
4741.466667	-392.124359	-10.182937
4741.533333	-392.130280	-10.278161
4741.600000	-392.093628	-10.292235
4741.666667	-392.110626	-10.322022
4741.733333	-392.093414	-10.272695
4741.800000	-392.065857	-10.249300
4741.866667	-392.091705	-10.267391
4741.933333	-392.087585	-10.186802
4742.000000	-392.104279	-10.083453
4742.066667	-392.120880	-10.088528
4742.133333	-392.153412	-10.029419
4742.200000	-392.166656	-9.948195
4742.266667	-392.200195	-9.921229
4742.333333	-392.235382	-9.901535
4742.400000	-392.276947	-9.919621
4742.466667	-392.271729	-9.899654
4742.533333	-392.285400	-9.907427
4742.600000	-392.268280	-9.839748
4742.666667	-392.280640	-9.841515
4742.733333	-392.283051	-9.794209
4742.800000	-392.276672	-9.813753
4742.866667	-392.251404	-9.830517
4742.933333	-392.237000	-9.869631
4743.066667	-392.264496	-9.920302
4743.133333	-392.233002	-9.925927
4743.200000	-392.204803	-9.962808
4743.266667	-392.172852	-9.961415
4743.333333	-392.166412	-10.052029
4743.400000	-392.117584	-10.066905
4743.466667	-392.116364	-10.165397
4743.533333	-392.059784	-10.192616
4743.600000	-392.074554	-10.239770
4743.666667	-392.035553	-10.290258
4743.733333	-392.024139	-10.283581
4743.800000	-392.014160	-10.301497
4743.866667	-392.013794	-10.289224
4743.933333	-392.042084	-10.287775
4744.000000	-392.044617	-10.256805
4744.066667	-392.038086	-10.229745
4744.133333	-392.050232	-10.123919
4744.200000	-392.125610	-10.172497
4744.266667	-392.115997	-10.061007
4744.333333	-392.147858	-10.012117
4744.400000	-392.164062	-9.951470
4744.466667	-392.197662	-9.963080
4744.533333	-392.231689	-9.927910
4744.600000	-392.230499	-9.904533
4744.666667	-392.269226	-9.873850
4744.733333	-392.287140	-9.888895
4744.800000	-392.263275	-9.820983
4744.866667	-392.270538	-9.790606
4744.933333	-392.242249	-9.803651
4745.000000	-392.265137	-9.836168
4745.066667	-392.275574	-9.854727
4745.133333	-392.259521	-9.947948
4745.200000	-392.225342	-9.904560
4745.266667	-392.235382	-9.940731
4745.333333	-392.199036	-9.986153
4745.400000	-392.183411	-9.963819
4745.466667	-392.134918	-10.018541
4745.533333	-392.126190	-10.131539
4745.600000	-392.084167	-10.069986
4745.666667	-392.076202	-10.195823
4745.733333	-392.023010	-10.182871
4745.800000	-392.053528	-10.257578
4745.866667	-391.974548	-10.315484
4745.933333	-392.031799	-10.317897
4746.000000	-392.009155	-10.311938
4746.066667	-392.054291	-10.327145
4746.133333	-392.047241	-10.233997
4746.200000	-392.081024	-10.189794
4746.266667	-392.092560	-10.172939
4746.333333	-392.089691	-10.104426
4746.400000	-392.130676	-10.057942
4746.466667	-392.165985	-9.973267
4746.533333	-392.188873	-9.985575
4746.600000	-392.230255	-9.932858
4746.666667	-392.258606	-9.926028
4746.733333	-392.264282	-9.880759
4746.800000	-392.282654	-9.898780
4746.866667	-392.246521	-9.811654
4746.933333	-392.264984	-9.783576
4747.000000	-392.248901	-9.803127
4747.066667	-392.244598	-9.761199
4747.133333	-392.257965	-9.861112
4747.200000	-392.280243	-9.885746
4747.266667	-392.272461	-9.886521
4747.333333	-392.237762	-9.883822
4747.400000	-392.257965	-9.914656
4747.466667	-392.205566	-9.955874
4747.533333	-392.196930	-9.975943
4747.600000	-392.165802	-10.031536
4747.666667	-392.156708	-10.143959
4747.733333	-392.095551	-10.076189
4747.800000	-392.095642	-10.153277
4747.866667	-392.063995	-10.177673
4747.933333	-392.053436	-10.245024
4748.000000	-392.049133	-10.252062
4748.066667	-392.044678	-10.252995
4748.133333	-392.044678	-10.252995
4748.200000	-392.038391	-10.211271
4748.266667	-392.056427	-10.138287
4748.333333	-392.097046	-10.091701
4748.400000	-392.145721	-10.033669
4748.466667	-392.166809	-10.032574
4748.533333	-392.244568	-9.939306
4748.600000	-392.235870	-9.924861
4748.666667	-392.288605	-9.942256
4748.733333	-392.311127	-9.893854
4748.800000	-392.308655	-9.905081
4748.866667	-392.295074	-9.852547
4748.933333	-392.295074	-9.852547
4749.000000	-392.288300	-9.831608
4749.066667	-392.297607	-9.820338
4749.133333	-392.317993	-9.797146
4749.200000	-392.328644	-9.814874
4749.266667	-392.317535	-9.874158
4749.333333	-392.317535	-9.874158
4749.400000	-392.331726	-9.886177
4749.466667	-392.311493	-9.954696
4749.533333	-392.294434	-9.963690
4749.600000	-392.250854	-9.932361
4749.666667	-392.181427	-9.961503
4749.733333	-392.180756	-10.074291
4749.800000	-392.180756	-10.074291
4749.866667	-392.208954	-10.127415
4749.933333	-392.141632	-10.158926
4750.000000	-392.126923	-10.223465
4750.066667	-392.157440	-10.277534
4750.133333	-392.143066	-10.256160
4750.200000	-392.143066	-10.256160
4750.266667	-392.189117	-10.316690
4750.333333	-392.197876	-10.276082
4750.400000	-392.162750	-10.252532
4750.466667	-392.197662	-10.149773
4750.533333	-392.213806	-10.039713
4750.600000	-392.213806	-10.039713
4750.666667	-392.265503	-10.031321
4750.733333	-392.283020	-9.924094
4750.800000	-392.312378	-9.956828
4750.866667	-392.345581	-9.945118
4750.933333	-392.363159	-9.936167
4751.000000	-392.384308	-9.854646
4751.066667	-392.384308	-9.854646
4751.133333	-392.363586	-9.852785
4751.200000	-392.348328	-9.785943
4751.266667	-392.418121	-9.850005
4751.333333	-392.375092	-9.838859
4751.400000	-392.395721	-9.903307
4751.466667	-392.395721	-9.903307
4751.533333	-392.338226	-9.868960
4751.600000	-392.357697	-9.926176
4751.666667	-392.326752	-9.940128
4751.733333	-392.301147	-10.008758
4751.800000	-392.313812	-10.013762
4751.866667	-392.313812	-10.013762
4751.933333	-392.313354	-10.119106
4752.000000	-392.292297	-10.122380
4752.066667	-392.255524	-10.191832
4752.133333	-392.297272	-10.265587
4752.200000	-392.296906	-10.318029
4752.266667	-392.297333	-10.301337
4752.333333	-392.297333	-10.301337
4752.400000	-392.269714	-10.276999
4752.466667	-392.251648	-10.186802
4752.533333	-392.278564	-10.166469
4752.600000	-392.318451	-10.163890
4752.666667	-392.364685	-10.085467
4752.733333	-392.364685	-10.085467
4752.800000	-392.391479	-10.082707
4752.866667	-392.441467	-10.020748
4752.933333	-392.467377	-9.997984
4753.000000	-392.489441	-9.925273
4753.066667	-392.475708	-9.918184
4753.133333	-392.475708	-9.918184
4753.200000	-392.503296	-9.938043
4753.266667	-392.493744	-9.868313
4753.333333	-392.507751	-9.886051
4753.400000	-392.510071	-9.884098
4753.466667	-392.488098	-9.908231
4753.533333	-392.488098	-9.908231
4753.600000	-392.494232	-9.905326
4753.666667	-392.481873	-9.904098
4753.733333	-392.467957	-9.903008
4753.800000	-392.469604	-10.002070
4753.866667	-392.471710	-10.081237
4753.933333	-392.413971	-10.076061
4754.000000	-392.413971	-10.076061
4754.066667	-392.400024	-10.184849
4754.133333	-392.422729	-10.242751
4754.200000	-392.440277	-10.280599
4754.266667	-392.425110	-10.339005
4754.333333	-392.450562	-10.328762
4754.400000	-392.450562	-10.328762
4754.466667	-392.418823	-10.335506
4754.533333	-392.429596	-10.297241
4754.600000	-392.463593	-10.230150
4754.666667	-392.458160	-10.200766
4754.733333	-392.503845	-10.152893
4754.800000	-392.503845	-10.152893
4754.866667	-392.470184	-10.136958
4754.933333	-392.576477	-10.051034
4755.000000	-392.579773	-9.930777
4755.066667	-392.620605	-9.962570
4755.133333	-392.680573	-9.900300
4755.200000	-392.679504	-9.943024
4755.266667	-392.698303	-9.892750
4755.333333	-392.688110	-9.869182
4755.400000	-392.730591	-9.931633
4755.466667	-392.717468	-9.850363
4755.533333	-392.748566	-9.907706
4755.600000	-392.703217	-9.847363
4755.666667	-392.719666	-9.881495
4755.733333	-392.700989	-9.885606
4755.800000	-392.690338	-9.886758
4755.866667	-392.711060	-9.977022
4755.933333	-392.686127	-9.949949
4756.000000	-392.685455	-10.042517
4756.066667	-392.656647	-10.161963
4756.133333	-392.649872	-10.209115
4756.200000	-392.670471	-10.226331
4756.266667	-392.679840	-10.288216
4756.333333	-392.642517	-10.388391
4756.400000	-392.686554	-10.339953
4756.466667	-392.664642	-10.324893
4756.533333	-392.664246	-10.348809
4756.600000	-392.685547	-10.345880
4756.666667	-392.659210	-10.300817
4756.733333	-392.728699	-10.341327
4756.800000	-392.724457	-10.225917
4756.866667	-392.736420	-10.214353
4756.933333	-392.751617	-10.126753
4757.000000	-392.777802	-10.014226
4757.066667	-392.780975	-9.981846
4757.133333	-392.845062	-9.924764
4757.200000	-392.803986	-9.911377
4757.266667	-392.796967	-9.794412
4757.333333	-392.780518	-9.814559
4757.400000	-392.796112	-9.814488
4757.466667	-392.793793	-9.803246
4757.533333	-392.816559	-9.788350
4757.600000	-392.829132	-9.815449
4757.666667	-392.812683	-9.825526
4757.733333	-392.838898	-9.792444
4757.800000	-392.841736	-9.812012
4757.866667	-392.857605	-9.866903
4757.933333	-392.836853	-9.848495
4758.000000	-392.831818	-9.936551
4758.066667	-392.851562	-9.969449
4758.133333	-392.849365	-9.981238
4758.200000	-392.847473	-10.108351
4758.266667	-392.824463	-10.167248
4758.333333	-392.820068	-10.169765
4758.400000	-392.807373	-10.304571
4758.466667	-392.843597	-10.309450
4758.533333	-392.839478	-10.351366
4758.600000	-392.829041	-10.327447
4758.666667	-392.845551	-10.360104
4758.733333	-392.864471	-10.374370
4758.800000	-392.863556	-10.346705
4758.866667	-392.887512	-10.264217
4758.933333	-392.883606	-10.202093
4759.000000	-392.920929	-10.131532
4759.066667	-392.927338	-10.039576
4759.133333	-392.971924	-9.959515
4759.200000	-393.036530	-9.960340
4759.266667	-393.064087	-9.948307
4759.333333	-393.064301	-9.888220
4759.400000	-393.043610	-9.887420
4759.466667	-393.076447	-9.866627
4759.533333	-393.099213	-9.853267
4759.600000	-393.114899	-9.848587
4759.666667	-393.134186	-9.863611
4759.733333	-393.140289	-9.856645
4759.800000	-393.105804	-9.851430
4759.866667	-393.176941	-9.958701
4759.933333	-393.166962	-9.928297
4760.000000	-393.168396	-9.882334
4760.066667	-393.158600	-9.925756
4760.133333	-393.144745	-9.960199
4760.200000	-393.114441	-9.963404
4760.266667	-393.076050	-10.051519
4760.333333	-393.075714	-10.137424
4760.400000	-393.114960	-10.188931
4760.466667	-393.129913	-10.315254
4760.533333	-393.114532	-10.329888
4760.600000	-393.101135	-10.326051
4760.666667	-393.111816	-10.366766
4760.733333	-393.157104	-10.359031
4760.800000	-393.137207	-10.263762
4760.866667	-393.131195	-10.312333
4760.933333	-393.175171	-10.340015
4761.000000	-393.192078	-10.291589
4761.066667	-393.234283	-10.261600
4761.133333	-393.239594	-10.171817
4761.200000	-393.298676	-10.203341
4761.266667	-393.264862	-10.069593
4761.333333	-393.304047	-10.052871
4761.400000	-393.352234	-9.996437
4761.466667	-393.378540	-9.974790
4761.533333	-393.391266	-9.949774
4761.600000	-393.377106	-9.943540
4761.666667	-393.382111	-9.956491
4761.733333	-393.416443	-9.918630
4761.800000	-393.413086	-9.915273
4761.866667	-393.437134	-9.935108
4761.933333	-393.451141	-9.933344
4762.000000	-393.427856	-9.938281
4762.066667	-393.406433	-9.937112
4762.133333	-393.409363	-9.942577
4762.200000	-393.429749	-9.983746
4762.266667	-393.421173	-10.060309
4762.333333	-393.435181	-10.153053
4762.400000	-393.425903	-10.144340
4762.466667	-393.444122	-10.210329
4762.533333	-393.476654	-10.219934
4762.600000	-393.453888	-10.286980
4762.666667	-393.475220	-10.320764
4762.733333	-393.450684	-10.298011
4762.800000	-393.441071	-10.348367
4762.866667	-393.483795	-10.301063
4762.933333	-393.473419	-10.307752
4763.000000	-393.530243	-10.305214
4763.066667	-393.570526	-10.363894
4763.133333	-393.567017	-10.281313
4763.200000	-393.589294	-10.206835
4763.266667	-393.584198	-10.198997
4763.333333	-393.592316	-10.170850
4763.400000	-393.625580	-10.148313
4763.466667	-393.666016	-10.067137
4763.533333	-393.685120	-10.097814
4763.600000	-393.696106	-10.060719
4763.666667	-393.707581	-10.068022
4763.733333	-393.704468	-10.016951
4763.800000	-393.790009	-10.064034
4763.866667	-393.768829	-10.031266
4763.933333	-393.772522	-9.967619
4764.000000	-393.767242	-10.004025
4764.066667	-393.801331	-10.012845
4764.133333	-393.765198	-10.061644
4764.200000	-393.737701	-10.017488
4764.266667	-393.753876	-10.058910
4764.333333	-393.755371	-10.038733
4764.400000	-393.763306	-10.099618
4764.466667	-393.744507	-10.162423
4764.533333	-393.736725	-10.186074
4764.600000	-393.740936	-10.202457
4764.666667	-393.737030	-10.297662
4764.733333	-393.723419	-10.276043
4764.800000	-393.734406	-10.311001
4764.866667	-393.773285	-10.298446
4764.933333	-393.757385	-10.320195
4765.000000	-393.755676	-10.349564
4765.066667	-393.746826	-10.342629
4765.133333	-393.776154	-10.346631
4765.200000	-393.773682	-10.276660
4765.266667	-393.786896	-10.310150
4765.333333	-393.788055	-10.222872
4765.400000	-393.846161	-10.173970
4765.466667	-393.800873	-10.155510
4765.533333	-393.894440	-10.116883
4765.600000	-393.887970	-10.061028
4765.666667	-393.944214	-10.091315
4765.733333	-393.937378	-10.015017
4765.800000	-393.967163	-10.068357
4765.866667	-394.042114	-10.034122
4765.933333	-394.044464	-10.014777
4766.000000	-394.028931	-10.068769
4766.066667	-394.081757	-10.092315
4766.133333	-394.055084	-10.041986
4766.200000	-394.127838	-10.047190
4766.266667	-394.090973	-10.091931
4766.333333	-394.116943	-10.139315
4766.400000	-394.096405	-10.069957
4766.466667	-394.064606	-10.017876
4766.533333	-394.040680	-10.028148
4766.600000	-394.028351	-10.022921
4766.666667	-394.049469	-10.186733
4766.733333	-394.072418	-10.207695
4766.800000	-394.070648	-10.315660
4766.866667	-394.068848	-10.399285
4766.933333	-394.071655	-10.393796
4767.000000	-394.029297	-10.394978
4767.066667	-394.009399	-10.444793
4767.133333	-394.082794	-10.494247
4767.200000	-394.132294	-10.473943
4767.266667	-394.113251	-10.473534
4767.333333	-394.117645	-10.427999
4767.400000	-394.187714	-10.317188
4767.466667	-394.179718	-10.279425
4767.533333	-394.205383	-10.253944
4767.600000	-394.218933	-10.195990
4767.666667	-394.254364	-10.133360
4767.733333	-394.245117	-10.199275
4767.800000	-394.227173	-10.107323
4767.866667	-394.291016	-10.088581
4767.933333	-394.316742	-10.076719
4768.000000	-394.314392	-10.013236
4768.066667	-394.351196	-9.964970
4768.133333	-394.357300	-9.953183
4768.200000	-394.333282	-9.923749
4768.266667	-394.371765	-9.936810
4768.333333	-394.363251	-9.973030
4768.400000	-394.367584	-9.986435
4768.466667	-394.348267	-10.043331
4768.533333	-394.370850	-10.084167
4768.600000	-394.368835	-10.123551
4768.666667	-394.292969	-10.125179
4768.733333	-394.315582	-10.133639
4768.800000	-394.321838	-10.239123
4768.866667	-394.325714	-10.292239
4768.933333	-394.308136	-10.365312
4769.000000	-394.342743	-10.427605
4769.066667	-394.332306	-10.453773
4769.133333	-394.350159	-10.480669
4769.200000	-394.354095	-10.516466
4769.266667	-394.361053	-10.559315
4769.333333	-394.375732	-10.522549
4769.400000	-394.374847	-10.464052
4769.466667	-394.415436	-10.446456
4769.533333	-394.411682	-10.410065
4769.600000	-394.453888	-10.406903
4769.666667	-394.423737	-10.266280
4769.733333	-394.482208	-10.249949
4769.800000	-394.471222	-10.263303
4769.866667	-394.502869	-10.230865
4769.933333	-394.465088	-10.069956
4770.000000	-394.509949	-10.120625
4770.066667	-394.535339	-10.020179
4770.133333	-394.547607	-10.040772
4770.200000	-394.539948	-10.053652
4770.266667	-394.566223	-10.004642
4770.333333	-394.570251	-10.019552
4770.400000	-394.566925	-9.987584
4770.466667	-394.582367	-10.049263
4770.533333	-394.593323	-10.063725
4770.600000	-394.586243	-10.060185
4770.666667	-394.588531	-10.083098
4770.733333	-394.616394	-10.251831
4770.800000	-394.612976	-10.309932
4770.866667	-394.587646	-10.275409
4770.933333	-394.600494	-10.407679
4771.000000	-394.596039	-10.375572
4771.066667	-394.570892	-10.451430
4771.133333	-394.560364	-10.423402
4771.200000	-394.562439	-10.556493
4771.266667	-394.558319	-10.520356
4771.333333	-394.566772	-10.541642
4771.400000	-394.571960	-10.511080
4771.466667	-394.616547	-10.607158
4771.533333	-394.596039	-10.544071
4771.600000	-394.615845	-10.595974
4771.666667	-394.636414	-10.582104
4771.733333	-394.627563	-10.473607
4771.800000	-394.657898	-10.400946
4771.866667	-394.648987	-10.297034
4771.933333	-394.673126	-10.308651
4772.000000	-394.684296	-10.244605
4772.066667	-394.704132	-10.178286
4772.133333	-394.732391	-10.171614
4772.200000	-394.752167	-10.240616
4772.266667	-394.783020	-10.161801
4772.333333	-394.746124	-10.128493
4772.400000	-394.819733	-10.181824
4772.466667	-394.832397	-10.220173
4772.533333	-394.801636	-10.180109
4772.600000	-394.797974	-10.192694
4772.666667	-394.779358	-10.184533
4772.733333	-394.800323	-10.173841
4772.800000	-394.765167	-10.238634
4772.866667	-394.811646	-10.309718
4772.933333	-394.819092	-10.414050
4773.000000	-394.827148	-10.434093
4773.066667	-394.874176	-10.484665
4773.133333	-394.836243	-10.560770
4773.200000	-394.872772	-10.584139
4773.266667	-394.850861	-10.657585
4773.333333	-394.858551	-10.619177
4773.400000	-394.871185	-10.660572
4773.466667	-394.873840	-10.607486
4773.533333	-394.888550	-10.699437
4773.600000	-394.871307	-10.662441
4773.666667	-394.897644	-10.640615
4773.733333	-394.902679	-10.606050
4773.800000	-394.913269	-10.639721
4773.866667	-394.933197	-10.517293
4773.933333	-394.982880	-10.470654
4774.000000	-394.928497	-10.480838
4774.066667	-394.984406	-10.366449
4774.133333	-394.978546	-10.351236
4774.200000	-394.977966	-10.307310
4774.266667	-394.989868	-10.268849
4774.333333	-395.040894	-10.193680
4774.400000	-395.022095	-10.166035
4774.466667	-395.052673	-10.124655
4774.533333	-395.086121	-10.170165
4774.600000	-395.096222	-10.193637
4774.666667	-395.088623	-10.200626
4774.733333	-395.086609	-10.202698
4774.800000	-395.094513	-10.217737
4774.866667	-395.081604	-10.211973
4774.933333	-395.088043	-10.305195
4775.000000	-395.060303	-10.334534
4775.066667	-395.102386	-10.401567
4775.133333	-395.071716	-10.433706
4775.200000	-395.032440	-10.355443
4775.266667	-395.054932	-10.518819
4775.333333	-395.070709	-10.615297
4775.400000	-395.042816	-10.656348
4775.466667	-395.069458	-10.619747
4775.533333	-395.059418	-10.661562
4775.600000	-395.082764	-10.753931
4775.666667	-395.103699	-10.724129
4775.733333	-395.062469	-10.621486
4775.800000	-395.090851	-10.654268
4775.866667	-395.117218	-10.685253
4775.933333	-395.157898	-10.616098
4776.000000	-395.171967	-10.522178
4776.066667	-395.177368	-10.425945
4776.133333	-395.144012	-10.369595
4776.200000	-395.196777	-10.426606
4776.266667	-395.195618	-10.318361
4776.333333	-395.243866	-10.335792
4776.400000	-395.291290	-10.258520
4776.466667	-395.275238	-10.242170
4776.533333	-395.251648	-10.170234
4776.600000	-395.246643	-10.150382
4776.666667	-395.308533	-10.147551
4776.733333	-395.295135	-10.211540
4776.800000	-395.303040	-10.129267
4776.866667	-395.331055	-10.159865
4776.933333	-395.333679	-10.279917
4777.000000	-395.312622	-10.363247
4777.066667	-395.339539	-10.339629
4777.133333	-395.305542	-10.290884
4777.200000	-395.324402	-10.374293
4777.266667	-395.356934	-10.490521
4777.333333	-395.291107	-10.528914
4777.400000	-395.301086	-10.575854
4777.466667	-395.309265	-10.623995
4777.533333	-395.316559	-10.663897
4777.600000	-395.316833	-10.722164
4777.666667	-395.317352	-10.738708
4777.733333	-395.320587	-10.693614
4777.800000	-395.354980	-10.745912
4777.866667	-395.317230	-10.656816
4777.933333	-395.328705	-10.702932
4778.000000	-395.381134	-10.665064
4778.066667	-395.376282	-10.622554
4778.133333	-395.371948	-10.505363
4778.200000	-395.396240	-10.523109
4778.266667	-395.428589	-10.423324
4778.333333	-395.465363	-10.299610
4778.400000	-395.467712	-10.281970
4778.466667	-395.477203	-10.314508
4778.533333	-395.498291	-10.266431
4778.600000	-395.536407	-10.227408
4778.666667	-395.573029	-10.241050
4778.733333	-395.569824	-10.274035
4778.800000	-395.554688	-10.248900
4778.866667	-395.637115	-10.293020
4778.933333	-395.610046	-10.227808
4779.000000	-395.615417	-10.240243
4779.066667	-395.605530	-10.231301
4779.133333	-395.598175	-10.293707
4779.200000	-395.616058	-10.297348
4779.266667	-395.563049	-10.327578
4779.333333	-395.569794	-10.368319
4779.400000	-395.589844	-10.443319
4779.466667	-395.612946	-10.517632
4779.533333	-395.589233	-10.598653
4779.600000	-395.606842	-10.599332
4779.666667	-395.602844	-10.660692
4779.733333	-395.568420	-10.734850
4779.800000	-395.563263	-10.727546
4779.933333	-395.631012	-10.715392
4780.000000	-395.664551	-10.754223
4780.066667	-395.660614	-10.653244
4780.200000	-395.714874	-10.610353
4780.266667	-395.726990	-10.489751
4780.333333	-395.728760	-10.386409
4780.466667	-395.724731	-10.356976
4780.533333	-395.776459	-10.254682
4780.666667	-395.808411	-10.157315
4780.733333	-395.820282	-10.211812
4780.800000	-395.820282	-10.211812
4780.866667	-395.845520	-10.232063
4780.933333	-395.858978	-10.254970
4781.000000	-395.842316	-10.236380
4781.066667	-395.817566	-10.219876
4781.133333	-395.855560	-10.242222
4781.200000	-395.845917	-10.256858
4781.266667	-395.877625	-10.284472
4781.333333	-395.862244	-10.317963
4781.400000	-395.866241	-10.403819
4781.466667	-395.839844	-10.466497
4781.533333	-395.892578	-10.508821
4781.600000	-395.885986	-10.554762
4781.666667	-395.876343	-10.639370
4781.733333	-395.860046	-10.712085
4781.800000	-395.894104	-10.718368
4781.866667	-395.879547	-10.690572
4781.933333	-395.872772	-10.727159
4782.000000	-395.862457	-10.688812
4782.066667	-395.865448	-10.758784
4782.133333	-395.899261	-10.665339
4782.200000	-395.886536	-10.664289
4782.266667	-395.956848	-10.637357
4782.333333	-395.925690	-10.569535
4782.400000	-395.962860	-10.562627
4782.466667	-395.967651	-10.563821
4782.533333	-395.996368	-10.495296
4782.600000	-396.020813	-10.441547
4782.666667	-396.017242	-10.394967
4782.733333	-396.031494	-10.330728
4782.800000	-396.006836	-10.325805
4782.866667	-396.041412	-10.303977
4782.933333	-396.068634	-10.304358
4783.000000	-396.080811	-10.353225
4783.066667	-396.093201	-10.294073
4783.133333	-396.112488	-10.338267
4783.200000	-396.131042	-10.348352
4783.266667	-396.144897	-10.303652
4783.333333	-396.143982	-10.343753
4783.400000	-396.111115	-10.382540
4783.466667	-396.135498	-10.452780
4783.533333	-396.086212	-10.450820
4783.600000	-396.088074	-10.519742
4783.666667	-396.088196	-10.529355
4783.733333	-396.077332	-10.544595
4783.800000	-396.068390	-10.610961
4783.866667	-396.108643	-10.637367
4783.933333	-396.078217	-10.759940
4784.000000	-396.135742	-10.791399
4784.066667	-396.137756	-10.801023
4784.133333	-396.115784	-10.845048
4784.200000	-396.142273	-10.801312
4784.266667	-396.189850	-10.787845
4784.333333	-396.226105	-10.727402
4784.400000	-396.219055	-10.739287
4784.466667	-396.266296	-10.624293
4784.533333	-396.265991	-10.603561
4784.600000	-396.265991	-10.603561
4784.666667	-396.313477	-10.534217
4784.733333	-396.347137	-10.487883
4784.800000	-396.335999	-10.398729
4784.866667	-396.347839	-10.390910
4784.933333	-396.387817	-10.402722
4785.000000	-396.387817	-10.402722
4785.066667	-396.355957	-10.384690
4785.133333	-396.378418	-10.381643
4785.200000	-396.386871	-10.419258
4785.266667	-396.387848	-10.372098
4785.333333	-396.416626	-10.492927
4785.400000	-396.416626	-10.492927
4785.466667	-396.397430	-10.441133
4785.533333	-396.364441	-10.465281
4785.600000	-396.411560	-10.417955
4785.666667	-396.416565	-10.505452
4785.733333	-396.388611	-10.619121
4785.800000	-396.437225	-10.731411
4785.866667	-396.411591	-10.767169
4785.933333	-396.430939	-10.809568
4786.000000	-396.462769	-10.848210
4786.066667	-396.471863	-10.863390
4786.133333	-396.433502	-10.858979
4786.200000	-396.434845	-10.835281
4786.266667	-396.434845	-10.835281
4786.333333	-396.435822	-10.825627
4786.400000	-396.432709	-10.818468
4786.466667	-396.445190	-10.838743
4786.533333	-396.495087	-10.789720
4786.600000	-396.546570	-10.732081
4786.666667	-396.546570	-10.732081
4786.733333	-396.551880	-10.725445
4786.800000	-396.556274	-10.603518
4786.866667	-396.571747	-10.495112
4786.933333	-396.602631	-10.442119
4787.000000	-396.606506	-10.408872
4787.066667	-396.606506	-10.408872
4787.133333	-396.659241	-10.340339
4787.200000	-396.682800	-10.360941
4787.266667	-396.678986	-10.354711
4787.333333	-396.721558	-10.380402
4787.400000	-396.681549	-10.355093
4787.466667	-396.688080	-10.401514
4787.533333	-396.642456	-10.412035
4787.600000	-396.660858	-10.473809
4787.666667	-396.653564	-10.574241
4787.733333	-396.690460	-10.584518
4787.866667	-396.618805	-10.650251
4787.933333	-396.613281	-10.733685
4788.000000	-396.598022	-10.804284
4788.066667	-396.617615	-10.822125
4788.133333	-396.596680	-10.801992
4788.266667	-396.620819	-10.821202
4788.333333	-396.610901	-10.813221
4788.400000	-396.621277	-10.831582
4788.466667	-396.620453	-10.829036
4788.533333	-396.683533	-10.858777
4788.600000	-396.666870	-10.788126
4788.666667	-396.708710	-10.778959
4788.733333	-396.740509	-10.720420
4788.800000	-396.795380	-10.669095
4788.866667	-396.765442	-10.614086
4788.933333	-396.791290	-10.584110
4789.000000	-396.794342	-10.502792
4789.066667	-396.804169	-10.437741
4789.133333	-396.813324	-10.345170
4789.200000	-396.813324	-10.345170
4789.266667	-396.884735	-10.322934
4789.333333	-396.915100	-10.325013
4789.400000	-396.927399	-10.300055
4789.533333	-396.981995	-10.372004
4789.600000	-396.981995	-10.372004
4789.666667	-396.947968	-10.444795
4789.733333	-396.968109	-10.546977
4789.800000	-396.940826	-10.741384
4789.866667	-396.930237	-10.728814
4789.933333	-396.919647	-10.763309
4790.000000	-396.919647	-10.763309
4790.066667	-396.888000	-10.725822
4790.133333	-396.868866	-10.735215
4790.200000	-396.846405	-10.792452
4790.266667	-396.874451	-10.755609
4790.333333	-396.898590	-10.821592
4790.400000	-396.866547	-10.814224
4790.466667	-396.938538	-10.807496
4790.533333	-396.898407	-10.842075
4790.600000	-396.977112	-10.818060
4790.666667	-396.914429	-10.763312
4790.733333	-396.929688	-10.694964
4790.800000	-396.992371	-10.729629
4790.866667	-397.018280	-10.703319
4790.933333	-397.042938	-10.713120
4791.000000	-397.082031	-10.672932
4791.066667	-397.093353	-10.642188
4791.133333	-397.126801	-10.629564
4791.200000	-397.130859	-10.496320
4791.266667	-397.130859	-10.496320
4791.333333	-397.156403	-10.491918
4791.400000	-397.191345	-10.407910
4791.466667	-397.207550	-10.461460
4791.533333	-397.186310	-10.405935
4791.600000	-397.174774	-10.406341
4791.666667	-397.178040	-10.394049
4791.733333	-397.178040	-10.394049
4791.800000	-397.130737	-10.466640
4791.866667	-397.135681	-10.530088
4791.933333	-397.109985	-10.547277
4792.000000	-397.139984	-10.591561
4792.066667	-397.113586	-10.640076
4792.133333	-397.080719	-10.674109
4792.200000	-397.091064	-10.745233
4792.266667	-397.113739	-10.787784
4792.333333	-397.120087	-10.878304
4792.400000	-397.102203	-10.896787
4792.466667	-397.123749	-10.973011
4792.533333	-397.124542	-10.957170
4792.600000	-397.119110	-10.927033
4792.666667	-397.156555	-10.924586
4792.733333	-397.127960	-10.884604
4792.800000	-397.179016	-10.821464
4792.866667	-397.160004	-10.763714
4792.933333	-397.225616	-10.633169
4793.000000	-397.266541	-10.684263
4793.066667	-397.233246	-10.624819
4793.133333	-397.259766	-10.660692
4793.200000	-397.288391	-10.625834
4793.266667	-397.264954	-10.584110
4793.333333	-397.305420	-10.496886
4793.400000	-397.309509	-10.429576
4793.466667	-397.301819	-10.378867
4793.533333	-397.338196	-10.407505
4793.600000	-397.334045	-10.410262
4793.666667	-397.389221	-10.368618
4793.733333	-397.359100	-10.391374
4793.800000	-397.375549	-10.382552
4793.866667	-397.360809	-10.525563
4793.933333	-397.367523	-10.593657
4794.000000	-397.380341	-10.654934
4794.066667	-397.377197	-10.639163
4794.133333	-397.376068	-10.646347
4794.200000	-397.381470	-10.733017
4794.266667	-397.334137	-10.674109
4794.333333	-397.367584	-10.751151
4794.400000	-397.379303	-10.774941
4794.466667	-397.373779	-10.848667
4794.533333	-397.376678	-10.873360
4794.600000	-397.358368	-10.899963
4794.666667	-397.374573	-10.851632
4794.733333	-397.382904	-10.825674
4794.800000	-397.391113	-10.855763
4794.866667	-397.430664	-10.786599
4794.933333	-397.438171	-10.791731
4795.000000	-397.465668	-10.788692
4795.066667	-397.433563	-10.759781
4795.133333	-397.491272	-10.742263
4795.200000	-397.487000	-10.702412
4795.266667	-397.512604	-10.714011
4795.333333	-397.539307	-10.657448
4795.400000	-397.562775	-10.612271
4795.466667	-397.561188	-10.539865
4795.533333	-397.587250	-10.558950
4795.600000	-397.572296	-10.544003
4795.666667	-397.624176	-10.464505
4795.733333	-397.620758	-10.500280
4795.800000	-397.618317	-10.530988
4795.866667	-397.644714	-10.503969
4795.933333	-397.653442	-10.520052
4796.000000	-397.664398	-10.590763
4796.066667	-397.652283	-10.629856
4796.133333	-397.644867	-10.678988
4796.200000	-397.621368	-10.737488
4796.266667	-397.618164	-10.710029
4796.333333	-397.591278	-10.791598
4796.400000	-397.615326	-10.821201
4796.466667	-397.648071	-10.832819
4796.533333	-397.625397	-10.919452
4796.600000	-397.584625	-10.984447
4796.666667	-397.569489	-10.928519
4796.733333	-397.634186	-10.944438
4796.800000	-397.605743	-10.931173
4796.866667	-397.612854	-10.928018
4796.933333	-397.607941	-10.956472
4797.000000	-397.611053	-10.926872
4797.066667	-397.654510	-10.868458
4797.133333	-397.652863	-10.849155
4797.200000	-397.690674	-10.866145
4797.266667	-397.701447	-10.781909
4797.333333	-397.726196	-10.729959
4797.400000	-397.777679	-10.713397
4797.466667	-397.819000	-10.702272
4797.533333	-397.821198	-10.579865
4797.600000	-397.860107	-10.601261
4797.666667	-397.881653	-10.589974
4797.733333	-397.917603	-10.594296
4797.800000	-397.924774	-10.578619
4797.866667	-397.918152	-10.609981
4797.933333	-397.952057	-10.592726
4798.000000	-397.919708	-10.557503
4798.066667	-397.909363	-10.612574
4798.133333	-397.928986	-10.650680
4798.200000	-397.906403	-10.659327
4798.266667	-397.884979	-10.693847
4798.333333	-397.865997	-10.718568
4798.400000	-397.857117	-10.753708
4798.466667	-397.839142	-10.828091
4798.533333	-397.867828	-10.924072
4798.600000	-397.864563	-10.949797
4798.666667	-397.874329	-10.983509
4798.733333	-397.883240	-11.000988
4798.800000	-397.891937	-10.995971
4798.866667	-397.901276	-10.976137
4798.933333	-397.859894	-10.991386
4799.000000	-397.918915	-10.994603
4799.066667	-397.901154	-10.982368
4799.133333	-397.898499	-10.952052
4799.200000	-397.929657	-10.984892
4799.266667	-397.953979	-10.927367
4799.333333	-397.943787	-10.862776
4799.400000	-397.973328	-10.791599
4799.466667	-398.004089	-10.793053
4799.533333	-398.034698	-10.699061
4799.600000	-398.039825	-10.681572
4799.666667	-398.054962	-10.534168
4799.733333	-398.069336	-10.527220
4799.800000	-398.071289	-10.497486
4799.866667	-398.068878	-10.533189
4799.933333	-398.103363	-10.527874
4800.000000	-398.093994	-10.505080
