5340.066667	-397.438538	-10.615660
5340.133333	-397.445801	-10.550163
5340.200000	-397.444000	-10.584023
5340.266667	-397.457245	-10.561278
5340.333333	-397.458496	-10.573910
5340.400000	-397.446198	-10.579011
5340.466667	-397.437561	-10.559330
5340.533333	-397.478363	-10.561394
5340.600000	-397.443665	-10.571119
5340.666667	-397.440887	-10.593207
5340.733333	-397.436157	-10.590282
5340.800000	-397.409302	-10.567744
5340.866667	-397.432831	-10.631526
5340.933333	-397.397949	-10.567765
5341.000000	-397.426025	-10.616183
5341.066667	-397.426056	-10.697216
5341.133333	-397.417542	-10.655196
5341.200000	-397.394989	-10.662390
5341.266667	-397.397919	-10.686276
5341.333333	-397.401306	-10.665404
5341.400000	-397.404297	-10.672156
5341.466667	-397.408813	-10.686336
5341.533333	-397.449402	-10.663692
5341.600000	-397.402527	-10.708324
5341.666667	-397.432281	-10.699297
5341.733333	-397.399261	-10.663321
5341.800000	-397.400787	-10.636286
5341.866667	-397.433655	-10.634123
5341.933333	-397.427795	-10.648635
5342.000000	-397.454895	-10.586538
5342.066667	-397.399628	-10.616420
5342.133333	-397.428375	-10.606137
5342.200000	-397.465973	-10.610455
5342.266667	-397.460510	-10.575273
5342.333333	-397.460083	-10.592791
5342.400000	-397.490112	-10.516134
5342.466667	-397.466675	-10.629122
5342.533333	-397.483551	-10.588651
5342.600000	-397.459015	-10.578559
5342.666667	-397.446777	-10.571050
5342.733333	-397.459930	-10.595339
5342.800000	-397.458679	-10.628446
5342.866667	-397.468719	-10.614615
5342.933333	-397.475983	-10.589861
5343.000000	-397.454895	-10.604558
5343.066667	-397.409393	-10.614277
5343.133333	-397.400848	-10.613228
5343.200000	-397.431580	-10.642558
5343.266667	-397.422638	-10.676219
5343.333333	-397.458679	-10.692563
5343.400000	-397.429169	-10.621112
5343.466667	-397.455231	-10.656271
5343.533333	-397.442352	-10.690421
5343.600000	-397.450134	-10.669415
5343.666667	-397.436188	-10.693073
5343.733333	-397.423309	-10.667193
5343.800000	-397.415924	-10.687119
5343.866667	-397.449829	-10.667129
5343.933333	-397.422272	-10.609920
5344.000000	-397.438995	-10.685374
5344.066667	-397.468536	-10.618349
5344.133333	-397.456573	-10.603614
5344.200000	-397.466278	-10.616638
5344.266667	-397.450562	-10.594909
5344.333333	-397.486755	-10.625093
5344.400000	-397.474396	-10.580258
5344.466667	-397.509308	-10.564571
5344.533333	-397.529663	-10.497381
5344.600000	-397.517456	-10.539382
5344.666667	-397.489441	-10.493797
5344.733333	-397.526733	-10.589886
5344.800000	-397.497681	-10.568817
5344.866667	-397.529236	-10.593653
5344.933333	-397.495544	-10.529545
5345.000000	-397.503265	-10.533085
5345.066667	-397.482605	-10.550665
5345.133333	-397.477997	-10.604932
5345.200000	-397.477905	-10.587773
5345.266667	-397.481567	-10.661283
5345.333333	-397.477783	-10.621613
5345.400000	-397.481812	-10.635633
5345.466667	-397.481842	-10.628458
5345.533333	-397.487793	-10.661823
5345.600000	-397.468964	-10.697878
5345.666667	-397.448151	-10.705006
5345.733333	-397.497223	-10.697592
5345.800000	-397.464020	-10.662535
5345.866667	-397.520508	-10.709283
5345.933333	-397.461029	-10.690762
5346.000000	-397.483459	-10.668089
5346.066667	-397.491791	-10.679492
5346.133333	-397.516876	-10.680185
5346.200000	-397.496582	-10.631002
5346.266667	-397.523712	-10.642409
5346.333333	-397.575745	-10.644164
5346.400000	-397.552277	-10.562596
5346.466667	-397.577087	-10.605257
5346.533333	-397.565277	-10.578559
5346.600000	-397.577972	-10.610994
5346.666667	-397.566193	-10.516717
5346.733333	-397.604706	-10.568036
5346.800000	-397.614288	-10.574830
5346.866667	-397.606750	-10.575248
5346.933333	-397.580933	-10.582343
5347.000000	-397.573578	-10.590326
5347.066667	-397.595581	-10.617970
5347.133333	-397.580414	-10.641258
5347.200000	-397.609375	-10.636047
5347.266667	-397.592194	-10.679541
5347.333333	-397.573334	-10.684317
5347.400000	-397.577301	-10.651600
5347.466667	-397.558075	-10.676720
5347.533333	-397.572632	-10.746543
5347.600000	-397.553925	-10.730107
5347.666667	-397.564453	-10.742385
5347.733333	-397.565704	-10.741545
5347.800000	-397.551971	-10.766086
5347.866667	-397.590546	-10.775700
5347.933333	-397.596558	-10.783501
5348.000000	-397.573425	-10.777788
5348.066667	-397.592255	-10.725183
5348.133333	-397.578278	-10.717808
5348.200000	-397.616455	-10.777396
5348.266667	-397.669891	-10.722756
5348.333333	-397.669891	-10.722756
5348.400000	-397.680054	-10.713202
5348.466667	-397.725891	-10.667388
5348.533333	-397.710541	-10.648561
5348.600000	-397.702637	-10.664252
5348.666667	-397.668610	-10.572096
5348.733333	-397.668610	-10.572096
5348.800000	-397.737335	-10.579798
5348.866667	-397.746033	-10.595008
5348.933333	-397.728424	-10.619806
5349.000000	-397.732605	-10.611300
5349.066667	-397.716064	-10.621706
5349.133333	-397.716064	-10.621706
5349.200000	-397.753571	-10.651623
5349.266667	-397.730804	-10.676241
5349.333333	-397.728210	-10.693813
5349.400000	-397.701477	-10.705168
5349.466667	-397.710327	-10.789157
5349.533333	-397.716125	-10.791391
5349.600000	-397.716125	-10.791391
5349.666667	-397.699615	-10.789516
5349.733333	-397.734741	-10.855783
5349.800000	-397.696533	-10.803168
5349.866667	-397.683502	-10.814419
5349.933333	-397.713776	-10.832870
5350.000000	-397.713776	-10.832870
5350.066667	-397.735474	-10.806976
5350.133333	-397.735168	-10.808422
5350.200000	-397.730682	-10.803791
5350.266667	-397.746002	-10.745548
5350.333333	-397.783417	-10.767000
5350.400000	-397.783417	-10.767000
5350.466667	-397.784393	-10.695994
5350.533333	-397.791748	-10.700771
5350.600000	-397.827087	-10.704868
5350.666667	-397.848206	-10.718917
5350.733333	-397.851562	-10.695468
5350.800000	-397.851562	-10.695468
5350.866667	-397.863159	-10.606753
5350.933333	-397.901672	-10.685277
5351.000000	-397.892822	-10.641855
5351.066667	-397.897888	-10.650007
5351.133333	-397.924042	-10.647481
5351.200000	-397.901917	-10.645903
5351.266667	-397.901917	-10.645903
5351.333333	-397.912476	-10.678492
5351.400000	-397.929565	-10.708799
5351.466667	-397.889374	-10.759620
5351.533333	-397.884888	-10.767398
5351.600000	-397.901581	-10.783385
5351.666667	-397.901581	-10.783385
5351.733333	-397.882507	-10.811311
5351.800000	-397.875641	-10.788949
5351.866667	-397.863403	-10.854664
5351.933333	-397.922791	-10.817408
5352.000000	-397.899353	-10.823614
5352.066667	-397.899353	-10.823614
5352.133333	-397.913025	-10.857650
5352.200000	-397.948975	-10.864360
5352.266667	-397.914642	-10.790937
5352.333333	-397.951324	-10.761495
5352.400000	-397.984253	-10.769185
5352.466667	-397.980530	-10.753264
5352.533333	-397.980530	-10.753264
5352.600000	-397.983826	-10.684279
5352.666667	-398.016846	-10.708102
5352.733333	-398.036652	-10.705705
5352.800000	-397.990356	-10.637851
5352.866667	-398.021912	-10.626769
5352.933333	-398.021912	-10.626769
5353.000000	-398.053070	-10.599174
5353.066667	-398.054474	-10.671587
5353.133333	-398.038300	-10.668132
5353.200000	-398.060699	-10.610573
5353.266667	-398.066742	-10.625470
5353.333333	-398.066742	-10.625470
5353.400000	-398.069366	-10.653751
5353.466667	-398.073700	-10.676144
5353.533333	-398.124054	-10.722453
5353.600000	-398.070007	-10.711057
5353.666667	-398.091614	-10.763198
5353.733333	-398.095367	-10.804847
5353.800000	-398.109039	-10.856082
5353.866667	-398.055298	-10.885311
5353.933333	-398.083832	-10.860097
5354.000000	-398.071442	-10.873197
5354.066667	-398.079773	-10.940259
5354.133333	-398.072418	-10.874975
5354.200000	-398.084473	-10.912167
5354.266667	-398.103424	-10.884206
5354.333333	-398.115112	-10.881095
5354.400000	-398.144196	-10.888027
5354.466667	-398.147614	-10.899350
5354.533333	-398.163818	-10.824185
5354.600000	-398.175751	-10.793718
5354.666667	-398.193420	-10.802352
5354.733333	-398.200470	-10.774061
5354.800000	-398.221619	-10.735825
5354.866667	-398.225952	-10.685613
5354.933333	-398.235626	-10.725241
5355.000000	-398.243744	-10.654346
5355.066667	-398.259827	-10.660920
5355.133333	-398.269989	-10.699687
5355.200000	-398.273407	-10.697479
5355.266667	-398.266937	-10.711990
5355.333333	-398.274292	-10.704575
5355.400000	-398.257965	-10.713365
5355.466667	-398.237518	-10.690752
5355.533333	-398.293915	-10.810552
5355.600000	-398.254181	-10.746320
5355.666667	-398.264832	-10.742619
5355.733333	-398.253601	-10.824622
5355.800000	-398.239624	-10.845546
5355.866667	-398.246002	-10.841981
5355.933333	-398.238159	-10.858458
5356.000000	-398.255463	-10.948253
5356.066667	-398.261688	-10.912103
5356.133333	-398.243011	-10.917579
5356.200000	-398.266266	-10.950333
5356.266667	-398.250092	-10.919540
5356.333333	-398.254181	-10.947865
5356.400000	-398.247284	-10.928849
5356.466667	-398.231934	-10.875967
5356.533333	-398.280243	-10.898231
5356.600000	-398.264130	-10.909222
5356.666667	-398.257965	-10.899211
5356.733333	-398.267731	-10.838219
5356.800000	-398.334991	-10.794018
5356.866667	-398.316010	-10.840932
5356.933333	-398.353058	-10.759831
5357.000000	-398.360718	-10.779069
5357.066667	-398.358704	-10.700296
5357.133333	-398.389587	-10.682046
5357.200000	-398.391937	-10.690250
5357.266667	-398.372314	-10.702773
5357.333333	-398.382935	-10.741709
5357.400000	-398.403320	-10.744791
5357.466667	-398.416016	-10.720295
5357.533333	-398.402344	-10.736807
5357.600000	-398.444672	-10.778579
5357.666667	-398.414490	-10.771953
5357.733333	-398.417297	-10.846151
5357.800000	-398.388245	-10.773346
5357.866667	-398.395386	-10.870542
5357.933333	-398.398254	-10.848694
5358.000000	-398.385101	-10.899304
5358.066667	-398.374756	-10.920769
5358.133333	-398.354828	-10.959753
5358.200000	-398.371033	-10.919964
5358.266667	-398.403656	-10.932366
5358.333333	-398.385864	-10.975116
5358.400000	-398.441040	-10.993639
5358.466667	-398.378845	-10.917320
5358.533333	-398.419952	-10.927465
5358.600000	-398.421906	-10.894706
5358.666667	-398.404449	-10.928801
5358.733333	-398.459717	-10.931614
5358.800000	-398.465027	-10.875900
5358.866667	-398.488312	-10.892816
5358.933333	-398.464417	-10.819172
5359.000000	-398.484161	-10.809730
5359.066667	-398.515442	-10.823767
5359.133333	-398.503784	-10.772507
5359.200000	-398.546295	-10.768240
5359.266667	-398.544830	-10.799217
5359.333333	-398.546722	-10.813350
5359.400000	-398.545502	-10.789835
5359.466667	-398.554047	-10.819304
5359.533333	-398.543030	-10.757228
5359.600000	-398.522156	-10.746089
5359.666667	-398.541168	-10.828570
5359.733333	-398.531677	-10.790178
5359.800000	-398.528717	-10.791094
5359.866667	-398.563141	-10.737675
5359.933333	-398.559906	-10.851252
5360.000000	-398.586975	-10.861725
5360.066667	-398.558533	-10.856441
5360.133333	-398.594788	-10.920221
5360.200000	-398.554840	-10.945452
5360.266667	-398.582489	-10.973720
5360.333333	-398.583954	-10.991872
5360.400000	-398.576630	-10.983732
5360.466667	-398.579865	-11.003643
5360.533333	-398.598541	-11.017653
5360.600000	-398.576355	-10.987621
5360.666667	-398.616425	-11.032516
5360.733333	-398.585175	-10.951173
5360.800000	-398.608521	-10.993030
5360.866667	-398.598114	-10.954392
5360.933333	-398.619080	-10.959696
5361.000000	-398.608246	-10.890477
5361.066667	-398.629852	-10.841189
5361.133333	-398.669037	-10.863378
5361.200000	-398.633789	-10.861218
5361.266667	-398.652039	-10.844785
5361.333333	-398.672607	-10.847510
5361.400000	-398.663300	-10.795310
5361.466667	-398.669159	-10.832578
5361.533333	-398.682617	-10.732116
5361.600000	-398.695435	-10.804912
5361.666667	-398.681000	-10.814854
5361.733333	-398.693268	-10.797091
5361.800000	-398.708832	-10.816854
5361.866667	-398.700073	-10.819452
5361.933333	-398.715820	-10.859601
5362.000000	-398.707336	-10.890698
5362.066667	-398.708527	-10.886930
5362.133333	-398.715393	-10.907962
5362.200000	-398.723114	-10.941419
5362.266667	-398.698822	-10.942207
5362.333333	-398.687256	-10.907873
5362.400000	-398.691589	-10.999729
5362.466667	-398.717560	-10.958720
5362.533333	-398.687225	-10.985039
5362.600000	-398.665588	-10.988443
5362.666667	-398.676361	-11.011631
5362.733333	-398.699066	-10.987643
5362.800000	-398.680450	-10.955897
5362.866667	-398.701385	-10.998308
5362.933333	-398.702271	-10.971951
5363.000000	-398.714233	-10.900432
5363.066667	-398.713470	-10.886821
5363.133333	-398.768127	-10.869282
5363.200000	-398.741425	-10.861496
5363.266667	-398.736572	-10.854505
5363.333333	-398.749268	-10.865454
5363.400000	-398.773865	-10.823777
5363.466667	-398.792755	-10.838438
5363.533333	-398.766022	-10.826655
5363.600000	-398.766113	-10.810540
5363.666667	-398.732483	-10.814186
5363.733333	-398.770325	-10.814162
5363.800000	-398.771484	-10.799282
5363.866667	-398.783875	-10.796928
5363.933333	-398.773010	-10.836747
5364.000000	-398.779724	-10.854178
5364.066667	-398.788483	-10.802968
5364.133333	-398.800659	-10.906738
5364.200000	-398.770660	-10.890608
5364.266667	-398.759552	-10.848019
5364.333333	-398.734497	-10.936940
5364.400000	-398.766388	-10.909489
5364.466667	-398.767700	-10.977404
5364.533333	-398.743073	-11.000277
5364.600000	-398.764252	-11.008558
5364.666667	-398.751160	-10.999394
5364.733333	-398.752441	-11.017512
5364.800000	-398.775238	-10.994314
5364.866667	-398.799835	-10.994933
5364.933333	-398.772003	-10.988616
5365.000000	-398.821228	-10.997976
5365.066667	-398.769440	-10.982410
5365.133333	-398.782562	-10.956464
5365.200000	-398.773560	-10.897470
5365.266667	-398.795929	-10.845871
5365.333333	-398.799500	-10.855793
5365.400000	-398.801819	-10.879277
5365.466667	-398.819489	-10.819184
5365.533333	-398.840942	-10.823635
5365.600000	-398.849060	-10.844027
5365.666667	-398.848083	-10.817704
5365.733333	-398.848907	-10.802281
5365.800000	-398.840790	-10.758478
5365.866667	-398.828430	-10.843888
5365.933333	-398.856201	-10.782408
5366.000000	-398.857330	-10.830606
5366.066667	-398.838318	-10.797013
5366.133333	-398.845245	-10.842175
5366.200000	-398.829620	-10.839431
5366.266667	-398.827576	-10.843464
5366.333333	-398.806824	-10.833390
5366.400000	-398.777283	-10.848929
5366.466667	-398.769196	-10.878253
5366.533333	-398.776398	-10.962134
5366.600000	-398.776184	-10.922371
5366.666667	-398.767059	-10.967420
5366.733333	-398.759003	-10.991666
5366.800000	-398.795105	-11.001161
5366.866667	-398.767700	-11.017869
5366.933333	-398.782257	-11.001682
5367.000000	-398.763031	-10.999713
5367.066667	-398.779724	-10.974085
5367.133333	-398.771332	-10.949887
5367.200000	-398.760712	-10.950252
5367.266667	-398.748383	-10.893788
5367.333333	-398.769226	-10.865482
5367.400000	-398.777161	-10.898764
5367.466667	-398.787323	-10.882116
5367.533333	-398.742188	-10.797333
5367.600000	-398.781982	-10.833917
5367.666667	-398.773102	-10.814305
5367.733333	-398.819000	-10.806185
5367.800000	-398.783875	-10.808259
5367.866667	-398.794952	-10.831078
5367.933333	-398.811981	-10.797984
5368.000000	-398.767151	-10.737681
5368.066667	-398.767975	-10.797577
5368.133333	-398.781647	-10.800094
5368.200000	-398.747833	-10.801941
5368.266667	-398.761078	-10.805164
5368.333333	-398.742828	-10.830112
5368.400000	-398.735809	-10.871346
5368.466667	-398.732117	-10.868393
5368.533333	-398.744293	-10.815382
5368.600000	-398.733307	-10.898091
5368.666667	-398.719971	-10.895761
5368.733333	-398.721527	-10.939775
5368.800000	-398.700562	-10.945024
5368.866667	-398.702820	-10.947906
5368.933333	-398.703827	-10.945815
5369.000000	-398.701080	-10.990423
5369.066667	-398.708282	-10.972835
5369.133333	-398.699158	-10.988965
5369.200000	-398.691010	-10.954651
5369.266667	-398.716705	-10.933290
5369.333333	-398.696625	-10.923464
5369.400000	-398.703522	-10.975721
5369.466667	-398.677795	-10.891969
5369.533333	-398.708466	-10.889197
5369.600000	-398.718323	-10.853985
5369.666667	-398.713043	-10.879747
5369.733333	-398.690216	-10.819060
5369.800000	-398.719910	-10.887742
5369.866667	-398.702820	-10.844651
5369.933333	-398.684692	-10.787274
5370.000000	-398.693817	-10.867660
5370.066667	-398.697327	-10.797091
5370.133333	-398.698792	-10.833390
5370.200000	-398.688110	-10.738496
5370.266667	-398.685486	-10.797576
5370.333333	-398.681152	-10.826596
5370.400000	-398.637695	-10.804868
5370.466667	-398.661041	-10.804967
5370.533333	-398.679321	-10.856688
5370.600000	-398.640533	-10.865299
5370.666667	-398.592041	-10.857285
5370.733333	-398.626740	-10.904659
5370.800000	-398.589294	-10.922117
5370.866667	-398.624481	-10.965356
5370.933333	-398.585205	-10.955552
5371.000000	-398.574219	-10.947843
5371.066667	-398.603729	-10.963907
5371.133333	-398.591217	-11.005942
5371.200000	-398.580902	-10.977489
5371.266667	-398.583618	-10.969559
5371.333333	-398.574341	-10.974621
5371.400000	-398.557129	-10.989257
5371.466667	-398.599365	-10.936098
5371.533333	-398.576569	-10.936510
5371.600000	-398.575226	-10.881513
5371.666667	-398.552826	-10.818924
5371.733333	-398.537476	-10.812594
5371.800000	-398.553436	-10.806791
5371.866667	-398.521484	-10.727166
5371.933333	-398.565399	-10.760912
5372.000000	-398.539642	-10.760302
5372.066667	-398.554657	-10.739644
5372.133333	-398.531403	-10.744791
5372.200000	-398.526001	-10.724322
5372.266667	-398.569855	-10.779974
5372.333333	-398.518616	-10.761924
5372.400000	-398.534668	-10.765188
5372.466667	-398.497833	-10.729939
5372.533333	-398.515259	-10.756647
5372.600000	-398.505585	-10.784737
5372.666667	-398.493347	-10.786865
5372.733333	-398.489807	-10.825138
5372.800000	-398.502197	-10.892407
5372.866667	-398.468719	-10.916811
5372.933333	-398.401215	-10.949545
5373.000000	-398.410828	-10.875444
5373.066667	-398.404236	-10.895985
5373.133333	-398.391296	-10.919550
5373.200000	-398.376831	-10.891096
5373.266667	-398.366089	-10.929478
5373.333333	-398.372711	-10.987028
5373.400000	-398.369354	-10.922745
5373.466667	-398.370575	-10.927700
5373.533333	-398.380585	-10.928594
5373.600000	-398.332794	-10.896580
5373.666667	-398.412231	-10.872268
5373.733333	-398.406982	-10.865837
5373.800000	-398.376434	-10.784260
5373.866667	-398.403595	-10.798155
5373.933333	-398.395752	-10.769531
5374.000000	-398.375580	-10.770511
5374.066667	-398.381775	-10.718845
5374.133333	-398.400665	-10.782691
5374.200000	-398.380890	-10.711633
5374.266667	-398.371094	-10.722171
5374.333333	-398.372711	-10.677929
5374.400000	-398.376434	-10.681257
5374.466667	-398.375580	-10.704964
5374.533333	-398.378052	-10.713600
5374.600000	-398.338287	-10.714794
5374.666667	-398.347870	-10.724691
5374.733333	-398.317963	-10.740101
5374.800000	-398.314514	-10.815535
5374.866667	-398.303528	-10.790249
5374.933333	-398.297363	-10.828289
5375.000000	-398.260773	-10.917260
5375.066667	-398.256317	-10.966919
5375.133333	-398.290833	-10.879260
5375.200000	-398.251984	-10.871924
5375.266667	-398.275787	-10.921576
5375.333333	-398.262421	-10.908491
5375.400000	-398.256165	-10.961606
5375.466667	-398.253784	-10.922594
5375.533333	-398.254639	-10.935637
5375.600000	-398.264221	-10.933552
5375.666667	-398.252167	-10.893254
5375.733333	-398.236786	-10.895494
5375.800000	-398.234711	-10.910799
5375.866667	-398.297607	-10.897664
5375.933333	-398.282898	-10.835414
5376.000000	-398.287292	-10.774476
5376.066667	-398.305115	-10.755797
5376.133333	-398.283081	-10.738060
5376.200000	-398.272797	-10.740520
5376.266667	-398.244690	-10.707375
5376.333333	-398.243500	-10.703037
5376.400000	-398.272675	-10.702189
5376.466667	-398.272491	-10.689630
5376.533333	-398.223999	-10.735194
5376.600000	-398.247284	-10.708179
5376.666667	-398.272125	-10.711029
5376.733333	-398.221313	-10.700368
5376.800000	-398.218170	-10.726252
5376.866667	-398.265533	-10.707940
5376.933333	-398.209778	-10.725231
5377.000000	-398.205078	-10.741496
5377.066667	-398.164124	-10.745975
5377.133333	-398.162292	-10.875320
5377.200000	-398.158966	-10.876785
5377.266667	-398.169800	-10.878973
5377.333333	-398.146057	-10.934716
5377.400000	-398.161591	-10.909258
5377.466667	-398.128296	-10.900675
5377.533333	-398.125275	-10.902673
5377.600000	-398.142639	-10.941554
5377.666667	-398.125000	-10.906018
5377.733333	-398.122406	-10.868155
5377.800000	-398.120728	-10.898267
5377.866667	-398.128601	-10.902411
5377.933333	-398.103088	-10.846729
5378.000000	-398.118347	-10.773490
5378.066667	-398.106079	-10.748099
5378.133333	-398.126465	-10.711964
5378.200000	-398.102234	-10.696234
5378.266667	-398.112762	-10.674445
5378.333333	-398.115417	-10.696658
5378.400000	-398.103302	-10.640244
5378.466667	-398.080933	-10.621533
5378.533333	-398.085938	-10.655678
5378.600000	-398.070618	-10.647545
5378.666667	-398.081207	-10.664065
5378.733333	-398.103516	-10.652020
5378.800000	-398.059326	-10.670235
5378.866667	-398.077545	-10.644720
5378.933333	-398.071350	-10.643950
5379.000000	-398.023163	-10.729766
5379.066667	-398.038330	-10.727348
5379.133333	-398.027832	-10.778668
5379.200000	-397.992065	-10.807076
5379.266667	-398.001007	-10.786845
5379.333333	-397.989777	-10.802908
5379.400000	-397.971375	-10.812021
5379.466667	-397.956512	-10.874015
5379.533333	-397.986359	-10.812053
5379.600000	-397.971985	-10.909786
5379.666667	-397.934113	-10.858825
5379.733333	-397.938751	-10.840213
5379.800000	-397.962524	-10.804963
5379.866667	-397.952759	-10.863914
5379.933333	-397.947021	-10.835746
5380.000000	-397.926208	-10.803992
5380.066667	-397.955231	-10.795885
5380.133333	-397.964142	-10.781161
5380.200000	-397.951569	-10.768444
5380.266667	-397.966675	-10.748849
5380.333333	-397.931885	-10.679541
5380.400000	-397.931824	-10.723756
5380.466667	-397.922882	-10.705696
5380.533333	-397.904144	-10.696284
5380.600000	-397.940918	-10.638986
5380.666667	-397.909058	-10.619929
5380.733333	-397.919952	-10.656854
5380.800000	-397.925476	-10.664862
5380.866667	-397.877136	-10.677586
5380.933333	-397.852661	-10.726252
5381.000000	-397.854767	-10.713590
5381.066667	-397.866211	-10.696126
5381.133333	-397.797638	-10.753908
5381.200000	-397.781616	-10.717181
5381.266667	-397.776703	-10.765119
5381.333333	-397.801727	-10.793916
5381.400000	-397.771423	-10.783706
5381.466667	-397.750397	-10.788678
5381.533333	-397.738068	-10.819366
5381.600000	-397.745270	-10.797671
5381.666667	-397.705811	-10.863280
5381.733333	-397.691681	-10.819798
5381.800000	-397.714172	-10.862367
5381.866667	-397.714172	-10.862367
5381.933333	-397.711761	-10.853119
5382.000000	-397.670746	-10.832357
5382.066667	-397.695435	-10.814269
5382.133333	-397.689850	-10.798433
5382.200000	-397.698120	-10.708024
5382.266667	-397.698120	-10.708024
5382.333333	-397.745361	-10.742525
5382.400000	-397.685669	-10.710137
5382.466667	-397.707672	-10.654913
5382.533333	-397.683044	-10.683245
5382.600000	-397.746826	-10.702610
5382.666667	-397.746826	-10.702610
5382.733333	-397.746826	-10.702610
5382.800000	-397.677826	-10.596152
5382.866667	-397.672424	-10.604716
5382.933333	-397.660950	-10.597604
5383.000000	-397.613617	-10.644933
5383.066667	-397.613617	-10.644933
5383.133333	-397.641083	-10.642886
5383.200000	-397.599304	-10.663412
5383.266667	-397.581055	-10.628026
5383.333333	-397.549042	-10.672550
5383.400000	-397.530090	-10.657703
5383.466667	-397.492218	-10.700545
5383.533333	-397.492218	-10.700545
5383.600000	-397.489288	-10.675162
5383.666667	-397.480713	-10.756073
5383.733333	-397.476044	-10.697724
5383.800000	-397.477386	-10.711392
5383.866667	-397.439301	-10.666221
5383.933333	-397.439301	-10.666221
5384.000000	-397.435059	-10.749616
5384.066667	-397.429596	-10.702899
5384.133333	-397.411591	-10.670959
5384.200000	-397.433685	-10.676197
5384.266667	-397.401276	-10.643675
5384.333333	-397.401276	-10.643675
5384.400000	-397.402435	-10.600281
5384.466667	-397.378784	-10.576459
5384.533333	-397.406616	-10.604117
5384.600000	-397.391418	-10.561179
5384.666667	-397.392548	-10.603033
5384.733333	-397.392181	-10.581524
5384.800000	-397.392181	-10.581524
5384.866667	-397.381195	-10.561954
5384.933333	-397.391693	-10.556504
5385.000000	-397.349701	-10.578668
5385.066667	-397.362732	-10.559101
5385.133333	-397.336060	-10.614656
5385.200000	-397.336060	-10.614656
5385.266667	-397.324066	-10.584869
5385.333333	-397.318665	-10.625873
5385.400000	-397.295197	-10.598876
5385.466667	-397.248932	-10.589827
5385.533333	-397.257385	-10.669773
5385.600000	-397.257385	-10.669773
5385.666667	-397.244965	-10.624997
5385.733333	-397.266388	-10.638814
5385.800000	-397.234650	-10.636928
5385.866667	-397.232635	-10.679602
5385.933333	-397.248657	-10.656930
5386.000000	-397.218445	-10.669498
5386.066667	-397.218445	-10.669498
5386.133333	-397.212616	-10.694240
5386.200000	-397.205566	-10.612843
5386.266667	-397.205627	-10.599367
5386.333333	-397.181030	-10.602036
5386.400000	-397.170441	-10.551938
5386.466667	-397.170441	-10.551938
5386.533333	-397.165497	-10.565688
5386.600000	-397.148590	-10.530784
5386.666667	-397.154999	-10.517432
5386.733333	-397.141815	-10.504837
5386.800000	-397.133209	-10.510205
5386.866667	-397.133209	-10.510205
5386.933333	-397.107941	-10.486292
5387.000000	-397.055939	-10.429056
5387.066667	-397.103729	-10.439919
5387.133333	-397.085632	-10.489766
5387.200000	-397.077515	-10.495425
5387.266667	-397.077515	-10.495425
5387.333333	-397.020294	-10.476336
5387.400000	-397.009766	-10.496151
5387.466667	-396.999176	-10.499236
5387.533333	-396.998291	-10.591046
5387.600000	-396.987732	-10.509999
5387.666667	-396.971466	-10.581234
5387.733333	-396.917999	-10.588967
5387.800000	-396.929993	-10.550703
5387.866667	-396.930176	-10.607804
5387.933333	-396.902954	-10.595148
5388.000000	-396.862305	-10.574199
5388.066667	-396.860809	-10.598052
5388.133333	-396.842560	-10.603363
5388.200000	-396.865906	-10.565232
5388.266667	-396.845856	-10.597489
5388.333333	-396.849701	-10.619345
5388.400000	-396.877350	-10.643837
5388.466667	-396.861115	-10.620863
5388.533333	-396.873505	-10.587326
5388.600000	-396.865295	-10.607576
5388.666667	-396.864960	-10.555211
5388.733333	-396.840942	-10.603302
5388.800000	-396.858490	-10.594975
5388.866667	-396.869598	-10.602598
5388.933333	-396.871490	-10.580440
5389.000000	-396.865723	-10.599069
5389.066667	-396.844635	-10.512527
5389.133333	-396.847626	-10.585293
5389.200000	-396.820740	-10.554506
5389.266667	-396.858643	-10.582033
5389.333333	-396.816589	-10.593830
5389.400000	-396.800262	-10.566277
5389.466667	-396.772156	-10.601868
5389.533333	-396.785309	-10.588930
5389.600000	-396.772400	-10.615576
5389.666667	-396.733582	-10.627401
5389.733333	-396.711426	-10.626073
5389.800000	-396.698181	-10.628335
5389.866667	-396.648071	-10.649158
5389.933333	-396.657776	-10.696447
5390.000000	-396.634735	-10.687555
5390.066667	-396.620239	-10.710094
5390.133333	-396.608856	-10.746387
5390.200000	-396.608490	-10.754072
5390.266667	-396.594727	-10.736058
5390.333333	-396.557068	-10.751203
5390.400000	-396.557892	-10.691276
5390.466667	-396.564240	-10.740632
5390.533333	-396.566284	-10.678535
5390.600000	-396.569275	-10.671792
5390.666667	-396.525757	-10.674809
5390.733333	-396.532898	-10.672114
5390.800000	-396.522186	-10.605371
5390.866667	-396.522186	-10.649747
5390.933333	-396.540955	-10.637250
5391.000000	-396.555786	-10.598387
5391.066667	-396.544098	-10.536212
5391.133333	-396.541138	-10.627236
5391.200000	-396.555573	-10.582492
5391.266667	-396.520752	-10.550940
5391.333333	-396.518585	-10.590096
5391.400000	-396.519501	-10.623620
5391.466667	-396.503937	-10.576383
5391.533333	-396.508179	-10.617119
5391.600000	-396.525635	-10.636050
5391.666667	-396.486603	-10.668420
5391.733333	-396.480591	-10.687673
5391.800000	-396.438690	-10.636395
5391.866667	-396.440491	-10.688985
5391.933333	-396.436890	-10.714675
5392.000000	-396.412903	-10.707083
5392.066667	-396.416809	-10.692491
5392.133333	-396.425171	-10.677750
5392.200000	-396.415009	-10.705752
5392.266667	-396.386261	-10.723330
5392.333333	-396.397980	-10.734101
5392.400000	-396.383087	-10.681122
5392.466667	-396.398224	-10.759711
5392.533333	-396.388824	-10.661079
5392.600000	-396.396332	-10.659110
5392.666667	-396.370667	-10.755265
5392.733333	-396.378113	-10.645120
5392.800000	-396.385010	-10.698435
5392.866667	-396.375793	-10.671266
5392.933333	-396.345734	-10.584877
5393.000000	-396.386353	-10.664661
5393.066667	-396.350983	-10.591457
5393.133333	-396.338593	-10.590607
5393.200000	-396.350708	-10.569076
5393.266667	-396.314423	-10.540090
5393.333333	-396.298340	-10.453535
5393.400000	-396.344910	-10.530269
5393.466667	-396.298767	-10.559791
5393.533333	-396.275879	-10.549584
5393.600000	-396.258881	-10.522823
5393.666667	-396.259308	-10.571887
5393.733333	-396.275360	-10.568799
5393.800000	-396.195221	-10.549915
5393.866667	-396.167145	-10.608838
5393.933333	-396.205322	-10.651705
5394.000000	-396.184479	-10.629339
5394.066667	-396.171143	-10.676270
5394.133333	-396.186310	-10.655354
5394.200000	-396.151123	-10.687692
5394.266667	-396.133972	-10.650005
5394.333333	-396.140686	-10.692378
5394.400000	-396.143982	-10.679164
5394.466667	-396.130707	-10.684286
5394.533333	-396.133820	-10.662462
5394.600000	-396.110046	-10.635166
5394.666667	-396.122192	-10.658176
5394.733333	-396.116486	-10.603033
5394.800000	-396.126282	-10.601758
5394.866667	-396.125092	-10.642439
5394.933333	-396.122650	-10.669401
5395.000000	-396.118042	-10.610404
5395.066667	-396.109894	-10.600144
5395.133333	-396.086182	-10.544089
5395.200000	-396.056061	-10.538708
5395.266667	-396.097687	-10.524280
5395.333333	-396.088623	-10.492127
5395.400000	-396.089447	-10.487181
5395.466667	-396.067444	-10.492865
5395.533333	-396.042114	-10.463255
5395.600000	-396.091736	-10.484177
5395.666667	-396.022675	-10.505747
5395.733333	-396.058594	-10.511674
5395.800000	-396.029785	-10.503449
5395.866667	-396.012299	-10.522601
5395.933333	-395.974091	-10.535764
5396.000000	-395.966278	-10.529593
5396.066667	-395.918793	-10.549013
5396.133333	-395.931091	-10.592280
5396.200000	-395.946899	-10.595616
5396.266667	-395.942322	-10.615415
5396.333333	-395.913361	-10.655699
5396.400000	-395.902313	-10.674323
5396.466667	-395.845825	-10.592659
5396.533333	-395.855286	-10.636809
5396.600000	-395.842651	-10.664880
5396.666667	-395.839172	-10.657004
5396.733333	-395.801361	-10.619769
5396.800000	-395.816254	-10.552658
5396.866667	-395.801544	-10.585700
5396.933333	-395.778412	-10.548363
5397.000000	-395.796112	-10.521657
5397.066667	-395.755554	-10.496249
5397.133333	-395.770386	-10.442249
5397.200000	-395.774719	-10.422524
5397.266667	-395.766998	-10.459034
5397.333333	-395.747070	-10.417300
5397.400000	-395.722595	-10.362800
5397.466667	-395.736023	-10.403259
5397.533333	-395.737640	-10.382590
5397.600000	-395.698181	-10.352666
5397.666667	-395.717102	-10.356426
5397.733333	-395.686615	-10.332420
5397.800000	-395.669128	-10.352118
5397.866667	-395.620575	-10.328132
5397.933333	-395.641266	-10.393957
5398.000000	-395.614380	-10.371421
5398.066667	-395.608978	-10.343242
5398.133333	-395.592133	-10.394137
5398.200000	-395.604095	-10.374404
5398.266667	-395.564392	-10.432339
5398.333333	-395.558990	-10.446721
5398.400000	-395.560638	-10.512967
5398.466667	-395.532379	-10.562841
5398.533333	-395.529175	-10.544333
5398.600000	-395.508331	-10.518035
5398.666667	-395.531982	-10.549999
5398.733333	-395.507080	-10.480095
5398.800000	-395.517029	-10.515544
5398.866667	-395.513428	-10.541851
5398.933333	-395.490417	-10.497383
5399.000000	-395.494690	-10.472504
5399.066667	-395.484894	-10.448752
5399.133333	-395.478851	-10.428049
5399.200000	-395.481354	-10.388431
5399.266667	-395.451813	-10.346907
5399.333333	-395.430450	-10.323013
5399.400000	-395.446503	-10.294298
5399.466667	-395.429565	-10.310239
5399.533333	-395.450409	-10.296701
5399.600000	-395.420502	-10.222200
5399.666667	-395.382202	-10.197517
5399.733333	-395.431549	-10.302264
5399.800000	-395.376709	-10.291106
5399.866667	-395.396973	-10.345642
5399.933333	-395.393616	-10.246447
5400.000000	-395.355103	-10.328132
