4380.066667	-389.044891	-9.437458
4380.133333	-388.983215	-9.355085
4380.200000	-389.030670	-9.332513
4380.266667	-389.006165	-9.413621
4380.333333	-389.016479	-9.348883
4380.400000	-389.028473	-9.389261
4380.466667	-389.021515	-9.430427
4380.533333	-388.967010	-9.494654
4380.600000	-388.975983	-9.528249
4380.666667	-388.942871	-9.665779
4380.733333	-388.888000	-9.815390
4380.800000	-388.901154	-9.806815
4380.866667	-388.840607	-9.818701
4380.933333	-388.853302	-9.869873
4381.000000	-388.827698	-9.945581
4381.066667	-388.804901	-9.974311
4381.133333	-388.751984	-9.999009
4381.200000	-388.776093	-9.989231
4381.266667	-388.807068	-10.046263
4381.333333	-388.794647	-9.990231
4381.400000	-388.814606	-10.039502
4381.466667	-388.807373	-9.965919
4381.533333	-388.805176	-9.968390
4381.600000	-388.810974	-9.881110
4381.666667	-388.849182	-9.867625
4381.733333	-388.867889	-9.774467
4381.800000	-388.844330	-9.702629
4381.866667	-388.880249	-9.686314
4381.933333	-388.866211	-9.609286
4382.000000	-388.888214	-9.523040
4382.066667	-388.873779	-9.458764
4382.133333	-388.883484	-9.400899
4382.200000	-388.892426	-9.317878
4382.266667	-388.907166	-9.274404
4382.333333	-388.887177	-9.283526
4382.400000	-388.907898	-9.337131
4382.466667	-388.869507	-9.308907
4382.533333	-388.906616	-9.340694
4382.600000	-388.849152	-9.407411
4382.666667	-388.823578	-9.498134
4382.733333	-388.820953	-9.603495
4382.800000	-388.812286	-9.654934
4382.866667	-388.803711	-9.714268
4382.933333	-388.759827	-9.751231
4383.000000	-388.800354	-9.873172
4383.066667	-388.743134	-9.894705
4383.133333	-388.706146	-9.918515
4383.200000	-388.700867	-9.999619
4383.266667	-388.689148	-10.011831
4383.333333	-388.707825	-10.018279
4383.400000	-388.695129	-10.073427
4383.466667	-388.702881	-10.110803
4383.533333	-388.705383	-10.063319
4383.600000	-388.723938	-9.962473
4383.666667	-388.670288	-9.941386
4383.733333	-388.692200	-9.935840
4383.800000	-388.725616	-9.866343
4383.866667	-388.739410	-9.796805
4383.933333	-388.765167	-9.709262
4384.000000	-388.757568	-9.670383
4384.066667	-388.765015	-9.588266
4384.133333	-388.773346	-9.489217
4384.200000	-388.749695	-9.466022
4384.266667	-388.801575	-9.395878
4384.333333	-388.818542	-9.356863
4384.400000	-388.795227	-9.259624
4384.466667	-388.817474	-9.277594
4384.533333	-388.822144	-9.349951
4384.600000	-388.778229	-9.368812
4384.666667	-388.784668	-9.330640
4384.733333	-388.735168	-9.414993
4384.800000	-388.720795	-9.470448
4384.866667	-388.765930	-9.567253
4384.933333	-388.761047	-9.660998
4385.000000	-388.708862	-9.735534
4385.066667	-388.684937	-9.795575
4385.133333	-388.694763	-9.830283
4385.200000	-388.661530	-9.972102
4385.266667	-388.619995	-9.987016
4385.333333	-388.625824	-9.992810
4385.400000	-388.620178	-10.003448
4385.466667	-388.619507	-9.983077
4385.533333	-388.593079	-10.000641
4385.600000	-388.632080	-10.011168
4385.666667	-388.604553	-10.016024
4385.733333	-388.621429	-10.023077
4385.800000	-388.635864	-9.992916
4385.866667	-388.643036	-9.892942
4385.933333	-388.670319	-9.844288
4386.000000	-388.684662	-9.766150
4386.066667	-388.680176	-9.696858
4386.133333	-388.744476	-9.609848
4386.200000	-388.727692	-9.543525
4386.266667	-388.730682	-9.506881
4386.333333	-388.706970	-9.440777
4386.400000	-388.749878	-9.386582
4386.466667	-388.742340	-9.345177
4386.533333	-388.754822	-9.346988
4386.600000	-388.765686	-9.306363
4386.666667	-388.742279	-9.283385
4386.733333	-388.736725	-9.353113
4386.800000	-388.729919	-9.407144
4386.866667	-388.720337	-9.474108
4386.933333	-388.719330	-9.477364
4387.000000	-388.710754	-9.545939
4387.066667	-388.700104	-9.612909
4387.133333	-388.695648	-9.700344
4387.200000	-388.654205	-9.798209
4387.266667	-388.644257	-9.763374
4387.333333	-388.624237	-9.932135
4387.400000	-388.640656	-9.986717
4387.466667	-388.628662	-10.019532
4387.533333	-388.565826	-10.016369
4387.600000	-388.594849	-10.007916
4387.666667	-388.578735	-10.039059
4387.733333	-388.597748	-10.023885
4387.800000	-388.604401	-10.012499
4387.866667	-388.615082	-10.021206
4387.933333	-388.631744	-9.978786
4388.000000	-388.629120	-9.901234
4388.066667	-388.630524	-9.791773
4388.133333	-388.678986	-9.813566
4388.200000	-388.681000	-9.721952
4388.266667	-388.682495	-9.628858
4388.333333	-388.699524	-9.510753
4388.400000	-388.708771	-9.479216
4388.466667	-388.700226	-9.395273
4388.533333	-388.716339	-9.406172
4388.600000	-388.690887	-9.353296
4388.666667	-388.687103	-9.329707
4388.733333	-388.719696	-9.307426
4388.800000	-388.728821	-9.271587
4388.866667	-388.696228	-9.421236
4388.933333	-388.704620	-9.399998
4389.000000	-388.719757	-9.469498
4389.066667	-388.724182	-9.565297
4389.133333	-388.678284	-9.544921
4389.200000	-388.705170	-9.708082
4389.266667	-388.707275	-9.776205
4389.333333	-388.657867	-9.742128
4389.400000	-388.661316	-9.843327
4389.466667	-388.666443	-9.939371
4389.533333	-388.667816	-9.990254
4389.600000	-388.605774	-9.950333
4389.666667	-388.619781	-10.020902
4389.733333	-388.640656	-10.028498
4389.800000	-388.595367	-10.036727
4389.866667	-388.597351	-9.981020
4389.933333	-388.598236	-10.072385
4390.000000	-388.617340	-10.014625
4390.066667	-388.608917	-9.977835
4390.133333	-388.603333	-9.842804
4390.200000	-388.651520	-9.755538
4390.266667	-388.683990	-9.774168
4390.333333	-388.704132	-9.701116
4390.400000	-388.699982	-9.573727
4390.466667	-388.708099	-9.533458
4390.533333	-388.739410	-9.456334
4390.600000	-388.766724	-9.464093
4390.666667	-388.727356	-9.370019
4390.733333	-388.740814	-9.333819
4390.800000	-388.766907	-9.335464
4390.866667	-388.743042	-9.313042
4390.933333	-388.748169	-9.371414
4391.000000	-388.742737	-9.395964
4391.066667	-388.737000	-9.433233
4391.133333	-388.733551	-9.436203
4391.200000	-388.724731	-9.514873
4391.266667	-388.721802	-9.639112
4391.333333	-388.723938	-9.695122
4391.400000	-388.678223	-9.756468
4391.466667	-388.678223	-9.756468
4391.533333	-388.668610	-9.843200
4391.600000	-388.658661	-9.912376
4391.666667	-388.606506	-9.928069
4391.733333	-388.638245	-9.997226
4391.800000	-388.608215	-9.999515
4391.866667	-388.608215	-9.999515
4391.933333	-388.641083	-9.961001
4392.000000	-388.630859	-10.015261
4392.066667	-388.641724	-9.994325
4392.133333	-388.641479	-9.967158
4392.200000	-388.712463	-9.878847
4392.266667	-388.712463	-9.878847
4392.333333	-388.689545	-9.819780
4392.400000	-388.736115	-9.748329
4392.466667	-388.747131	-9.667972
4392.533333	-388.750458	-9.533887
4392.600000	-388.762543	-9.443884
4392.666667	-388.762543	-9.443884
4392.733333	-388.789368	-9.416445
4392.800000	-388.812836	-9.351443
4392.866667	-388.830627	-9.255816
4392.933333	-388.831573	-9.336843
4393.000000	-388.830078	-9.350514
4393.066667	-388.798645	-9.310216
4393.133333	-388.798645	-9.310216
4393.200000	-388.844299	-9.356695
4393.266667	-388.764069	-9.440893
4393.333333	-388.802155	-9.499669
4393.400000	-388.800537	-9.690364
4393.466667	-388.763489	-9.718026
4393.533333	-388.763489	-9.718026
4393.600000	-388.706818	-9.738392
4393.666667	-388.744232	-9.821811
4393.733333	-388.731934	-9.936157
4393.800000	-388.747620	-10.048014
4393.866667	-388.683746	-10.017335
4393.933333	-388.683746	-10.017335
4394.000000	-388.703308	-10.048544
4394.066667	-388.700256	-10.094490
4394.133333	-388.703796	-10.014769
4394.200000	-388.743225	-10.019002
4394.266667	-388.772949	-9.873194
4394.333333	-388.782684	-9.877342
4394.400000	-388.782684	-9.877342
4394.466667	-388.795746	-9.791208
4394.533333	-388.766724	-9.719597
4394.600000	-388.830078	-9.632650
4394.666667	-388.864136	-9.531989
4394.733333	-388.873688	-9.414587
4394.800000	-388.873688	-9.414587
4394.866667	-388.929382	-9.370387
4394.933333	-388.893921	-9.325920
4395.000000	-388.903839	-9.287335
4395.066667	-388.886169	-9.297755
4395.133333	-388.901306	-9.295591
4395.200000	-388.901306	-9.295591
4395.266667	-388.932739	-9.329159
4395.333333	-388.929871	-9.376064
4395.400000	-388.886200	-9.505122
4395.466667	-388.857788	-9.658373
4395.533333	-388.879425	-9.721294
4395.600000	-388.879425	-9.721294
4395.666667	-388.875458	-9.745226
4395.733333	-388.880249	-9.826422
4395.800000	-388.837219	-9.851205
4395.866667	-388.848419	-9.975976
4395.933333	-388.828430	-10.031815
4396.000000	-388.814545	-10.017123
4396.066667	-388.814545	-10.017123
4396.133333	-388.829895	-10.060276
4396.200000	-388.819580	-10.043909
4396.266667	-388.848419	-9.968392
4396.333333	-388.843109	-9.989520
4396.400000	-388.850677	-9.901031
4396.466667	-388.850677	-9.901031
4396.533333	-388.894806	-9.854014
4396.600000	-388.921967	-9.851235
4396.666667	-388.931305	-9.681247
4396.733333	-388.968506	-9.542375
4396.800000	-388.987854	-9.466419
4396.866667	-388.987854	-9.466419
4396.933333	-389.039246	-9.420215
4397.000000	-389.014587	-9.399751
4397.066667	-389.020660	-9.371683
4397.133333	-389.022827	-9.360026
4397.200000	-389.004059	-9.355805
4397.266667	-389.047852	-9.387959
4397.333333	-389.047852	-9.387959
4397.400000	-389.047272	-9.365404
4397.466667	-389.064392	-9.432569
4397.533333	-389.043304	-9.535700
4397.600000	-389.046021	-9.624444
4397.666667	-389.030457	-9.770699
4397.733333	-389.030457	-9.770699
4397.800000	-388.943787	-9.777951
4397.866667	-388.922089	-9.828521
4397.933333	-388.958771	-9.923906
4398.000000	-388.877319	-9.934793
4398.066667	-388.890015	-9.969631
4398.133333	-388.890015	-9.969631
4398.200000	-388.906464	-9.975599
4398.266667	-388.885406	-9.936972
4398.333333	-388.922363	-9.949719
4398.400000	-388.929901	-9.927742
4398.466667	-388.961945	-9.926886
4398.533333	-389.018433	-9.911654
4398.600000	-389.020691	-9.854620
4398.666667	-389.046173	-9.778470
4398.733333	-389.096802	-9.754291
4398.800000	-389.097260	-9.659966
4398.866667	-389.095459	-9.527130
4398.933333	-389.120819	-9.500189
4399.000000	-389.120819	-9.500189
4399.066667	-389.118622	-9.451752
4399.133333	-389.145081	-9.427148
4399.200000	-389.154388	-9.442096
4399.266667	-389.139191	-9.425484
4399.333333	-389.143005	-9.397053
4399.400000	-389.143005	-9.397053
4399.466667	-389.135834	-9.446686
4399.533333	-389.138611	-9.424929
4399.600000	-389.132599	-9.508737
4399.666667	-389.167389	-9.567424
4399.733333	-389.167847	-9.586762
4399.800000	-389.167847	-9.586762
4399.866667	-389.114014	-9.755763
4399.933333	-389.116333	-9.841549
4400.000000	-389.065277	-9.900009
4400.066667	-389.077789	-9.965133
4400.133333	-389.014038	-9.940731
4400.200000	-389.006714	-9.918979
4400.266667	-388.989044	-9.961592
4400.333333	-389.046082	-9.953724
4400.400000	-389.010315	-9.966478
4400.466667	-389.058594	-9.919756
4400.533333	-389.075836	-9.937510
4400.600000	-389.125244	-9.917250
4400.666667	-389.132111	-9.883830
4400.733333	-389.145996	-9.833797
4400.800000	-389.200134	-9.751640
4400.866667	-389.261902	-9.729256
4400.933333	-389.242828	-9.629133
4401.000000	-389.264709	-9.637659
4401.066667	-389.260895	-9.567253
4401.133333	-389.275238	-9.486750
4401.200000	-389.249786	-9.487143
4401.266667	-389.256226	-9.401911
4401.333333	-389.257782	-9.400340
4401.400000	-389.248627	-9.401374
4401.466667	-389.265686	-9.381989
4401.533333	-389.225891	-9.429359
4401.600000	-389.230438	-9.423783
4401.666667	-389.299286	-9.531601
4401.733333	-389.282623	-9.566671
4401.800000	-389.240814	-9.596798
4401.866667	-389.282532	-9.651870
4401.933333	-389.265900	-9.742361
4402.000000	-389.274017	-9.761118
4402.066667	-389.249329	-9.816828
4402.133333	-389.245239	-9.853307
4402.200000	-389.212616	-9.909454
4402.266667	-389.177856	-9.875831
4402.333333	-389.175659	-9.911368
4402.400000	-389.160767	-9.881123
4402.466667	-389.143219	-9.957008
4402.533333	-389.181549	-9.874290
4402.600000	-389.160675	-9.892128
4402.666667	-389.200897	-9.917089
4402.733333	-389.211090	-9.855860
4402.800000	-389.257477	-9.888602
4402.866667	-389.275208	-9.785145
4402.933333	-389.308533	-9.717772
4403.000000	-389.308228	-9.663461
4403.066667	-389.307037	-9.610751
4403.133333	-389.293732	-9.541034
4403.200000	-389.314758	-9.443817
4403.266667	-389.308258	-9.436664
4403.333333	-389.328064	-9.376915
4403.400000	-389.331360	-9.366401
4403.466667	-389.360779	-9.309698
4403.533333	-389.363220	-9.337709
4403.600000	-389.349884	-9.323993
4403.666667	-389.340607	-9.382146
4403.733333	-389.347900	-9.377888
4403.800000	-389.334106	-9.431338
4403.866667	-389.324432	-9.550855
4403.933333	-389.324219	-9.623502
4404.000000	-389.342896	-9.667967
4404.066667	-389.350830	-9.702422
4404.133333	-389.337708	-9.675898
4404.200000	-389.368347	-9.811064
4404.266667	-389.333130	-9.862756
4404.333333	-389.346497	-9.901922
4404.400000	-389.309540	-9.891381
4404.466667	-389.356842	-9.926028
4404.533333	-389.344177	-9.958484
4404.600000	-389.362274	-9.983746
4404.666667	-389.373138	-9.983858
4404.733333	-389.377533	-9.976396
4404.800000	-389.351471	-9.876565
4404.866667	-389.339081	-9.858406
4404.933333	-389.377899	-9.846542
4405.000000	-389.389923	-9.798067
4405.066667	-389.378082	-9.703558
4405.133333	-389.413300	-9.608646
4405.200000	-389.448639	-9.602107
4405.266667	-389.452240	-9.480772
4405.333333	-389.478149	-9.433187
4405.400000	-389.459198	-9.335711
4405.466667	-389.489655	-9.314657
4405.533333	-389.486053	-9.257854
4405.600000	-389.440399	-9.233583
4405.666667	-389.492828	-9.227315
4405.733333	-389.494263	-9.214191
4405.800000	-389.427429	-9.281269
4405.866667	-389.475098	-9.319006
4405.933333	-389.482727	-9.366916
4406.000000	-389.446411	-9.456713
4406.066667	-389.460693	-9.583992
4406.133333	-389.467072	-9.685916
4406.200000	-389.461060	-9.723967
4406.266667	-389.455475	-9.765506
4406.333333	-389.485077	-9.860740
4406.400000	-389.471161	-9.948503
4406.466667	-389.471649	-9.970110
4406.533333	-389.463531	-9.995942
4406.600000	-389.491547	-10.087323
4406.666667	-389.451141	-10.029124
4406.733333	-389.478027	-10.056415
4406.800000	-389.476288	-10.098988
4406.866667	-389.452850	-10.039785
4406.933333	-389.483734	-9.989058
4407.000000	-389.478363	-9.885345
4407.066667	-389.531342	-9.889493
4407.133333	-389.493256	-9.720388
4407.200000	-389.499390	-9.702798
4407.266667	-389.536316	-9.572497
4407.333333	-389.551422	-9.520081
4407.400000	-389.508698	-9.443924
4407.466667	-389.543854	-9.432731
4407.533333	-389.483276	-9.342319
4407.600000	-389.514587	-9.280739
4407.666667	-389.576111	-9.318521
4407.733333	-389.612274	-9.218241
4407.800000	-389.609741	-9.271470
4407.866667	-389.554504	-9.269823
4407.933333	-389.535461	-9.228441
4408.000000	-389.520844	-9.382849
4408.066667	-389.546051	-9.443742
4408.133333	-389.540344	-9.512172
4408.200000	-389.517792	-9.548797
4408.266667	-389.480347	-9.644494
4408.333333	-389.476349	-9.662035
4408.400000	-389.537781	-9.729632
4408.466667	-389.510773	-9.952170
4408.533333	-389.493347	-10.008437
4408.600000	-389.493225	-10.006475
4408.666667	-389.493347	-10.025258
4408.733333	-389.513031	-10.079063
4408.800000	-389.489349	-10.095664
4408.866667	-389.519714	-10.071732
4408.933333	-389.513519	-10.073847
4409.000000	-389.484497	-9.991415
4409.066667	-389.535736	-10.056031
4409.133333	-389.534149	-9.913079
4409.200000	-389.522705	-9.932612
4409.266667	-389.524200	-9.764010
4409.333333	-389.509033	-9.741324
4409.400000	-389.508850	-9.586130
4409.466667	-389.530731	-9.546328
4409.533333	-389.546844	-9.492612
4409.600000	-389.589050	-9.477654
4409.666667	-389.608856	-9.356865
4409.733333	-389.667694	-9.356798
4409.800000	-389.647522	-9.297642
4409.866667	-389.648682	-9.311180
4409.933333	-389.658203	-9.302274
4410.000000	-389.616943	-9.322344
4410.066667	-389.623871	-9.370517
4410.133333	-389.610779	-9.408490
4410.200000	-389.541534	-9.459082
4410.266667	-389.549561	-9.517552
4410.333333	-389.535828	-9.614199
4410.400000	-389.522949	-9.661733
4410.466667	-389.543030	-9.713531
4410.533333	-389.567078	-9.874804
4410.600000	-389.585602	-9.996200
4410.666667	-389.525055	-9.969923
4410.733333	-389.532135	-10.004683
4410.800000	-389.566467	-10.062764
4410.866667	-389.570190	-10.131918
4410.933333	-389.538391	-10.053920
4411.000000	-389.546082	-10.099465
4411.066667	-389.530273	-10.077601
4411.133333	-389.554138	-10.019050
4411.200000	-389.539948	-10.024198
4411.266667	-389.537231	-9.909200
4411.333333	-389.563629	-9.881886
4411.400000	-389.592285	-9.796117
4411.466667	-389.568817	-9.722199
4411.533333	-389.611237	-9.669710
4411.600000	-389.583557	-9.528261
4411.666667	-389.592896	-9.553839
4411.733333	-389.616089	-9.455057
4411.800000	-389.631470	-9.339142
4411.866667	-389.645966	-9.351631
4411.933333	-389.657410	-9.360991
4412.000000	-389.702087	-9.372053
4412.066667	-389.676727	-9.341731
4412.133333	-389.688232	-9.436131
4412.200000	-389.671509	-9.418011
4412.266667	-389.623291	-9.423039
4412.333333	-389.623810	-9.485640
4412.400000	-389.648071	-9.587374
4412.466667	-389.658417	-9.633289
4412.533333	-389.706451	-9.733375
4412.600000	-389.610443	-9.766997
4412.666667	-389.572388	-9.852610
4412.733333	-389.583832	-9.964870
4412.800000	-389.577209	-9.997221
4412.866667	-389.635193	-10.090150
4412.933333	-389.628815	-10.081177
4413.000000	-389.641113	-10.098735
4413.066667	-389.642548	-10.158720
4413.133333	-389.615845	-10.112140
4413.200000	-389.625946	-10.091546
4413.266667	-389.638306	-10.048694
4413.333333	-389.605988	-10.059295
4413.400000	-389.616882	-9.928276
4413.466667	-389.673126	-9.911996
4413.533333	-389.699890	-9.817200
4413.600000	-389.713470	-9.701116
4413.666667	-389.723602	-9.690218
4413.733333	-389.706329	-9.655646
4413.800000	-389.733215	-9.546860
4413.866667	-389.741425	-9.427782
4413.933333	-389.753540	-9.392709
4414.000000	-389.752136	-9.351993
4414.066667	-389.760284	-9.335279
4414.133333	-389.760834	-9.363785
4414.200000	-389.775330	-9.343242
4414.266667	-389.810089	-9.398785
4414.333333	-389.783142	-9.438729
4414.400000	-389.808716	-9.480576
4414.466667	-389.771790	-9.539759
4414.533333	-389.788116	-9.598376
4414.600000	-389.764862	-9.673022
4414.666667	-389.834320	-9.692450
4414.733333	-389.765991	-9.781971
4414.800000	-389.794586	-9.920687
4414.866667	-389.765778	-9.970136
4414.933333	-389.762634	-10.016265
4415.000000	-389.719696	-10.081401
4415.066667	-389.748627	-10.079093
4415.133333	-389.691101	-10.118785
4415.200000	-389.701538	-10.099186
4415.266667	-389.740173	-10.132137
4415.333333	-389.714294	-10.109925
4415.400000	-389.727509	-10.027203
4415.466667	-389.742737	-10.016801
4415.533333	-389.801971	-9.988822
4415.600000	-389.817078	-9.854186
4415.666667	-389.823944	-9.784723
4415.733333	-389.837402	-9.760135
4415.800000	-389.846436	-9.721731
4415.866667	-389.828003	-9.614779
4415.933333	-389.888062	-9.476398
4416.000000	-389.870758	-9.394575
4416.066667	-389.910767	-9.431102
4416.133333	-389.873016	-9.374289
4416.200000	-389.881348	-9.393301
4416.266667	-389.931122	-9.370305
4416.333333	-389.872772	-9.375529
4416.400000	-389.911530	-9.400463
4416.466667	-389.890045	-9.429596
4416.533333	-389.888733	-9.462420
4416.600000	-389.869415	-9.532015
4416.666667	-389.913025	-9.646007
4416.733333	-389.854919	-9.680365
4416.800000	-389.841125	-9.702422
4416.866667	-389.862335	-9.842127
4416.933333	-389.867401	-9.967070
4417.000000	-389.857391	-9.990917
4417.066667	-389.839111	-10.028417
4417.133333	-389.815735	-10.092852
4417.200000	-389.840698	-10.147106
4417.266667	-389.855011	-10.160208
4417.333333	-389.895996	-10.151357
4417.400000	-389.833771	-10.100003
4417.466667	-389.826660	-10.096390
4417.533333	-389.838898	-10.033520
4417.600000	-389.879822	-10.010185
4417.666667	-389.867188	-9.930395
4417.733333	-389.870972	-9.929161
4417.800000	-389.891144	-9.830118
4417.866667	-389.902435	-9.719494
4417.933333	-389.971130	-9.607186
4418.000000	-389.965118	-9.589421
4418.066667	-389.955292	-9.474277
4418.133333	-390.006622	-9.422946
4418.200000	-390.018890	-9.394618
4418.266667	-390.020142	-9.384453
4418.333333	-390.040192	-9.364097
4418.400000	-390.041321	-9.387824
4418.466667	-390.044739	-9.367396
4418.533333	-390.065186	-9.426534
4418.600000	-390.027710	-9.420694
4418.666667	-390.054077	-9.493979
4418.733333	-390.032104	-9.570857
4418.800000	-390.032623	-9.637897
4418.866667	-389.969635	-9.694776
4418.933333	-389.996735	-9.784517
4419.000000	-389.981140	-9.984171
4419.066667	-389.984833	-9.974813
4419.133333	-389.938538	-9.966587
4419.200000	-389.930237	-10.027074
4419.266667	-389.987762	-10.111731
4419.333333	-389.976105	-10.067997
4419.400000	-389.929810	-10.138165
4419.466667	-389.974884	-10.132739
4419.533333	-389.964844	-10.048124
4419.600000	-389.964966	-10.085403
4419.666667	-389.982727	-10.054493
4419.733333	-389.964905	-10.006496
4419.800000	-389.993591	-9.978696
4419.866667	-390.027008	-9.925505
4419.933333	-390.038879	-9.923949
4420.000000	-390.019867	-9.717041
4420.066667	-390.054962	-9.592503
4420.133333	-390.048676	-9.587849
4420.200000	-390.103119	-9.521013
4420.266667	-390.088562	-9.496744
4420.333333	-390.085327	-9.446661
4420.400000	-390.103210	-9.356025
4420.466667	-390.105591	-9.426313
4420.533333	-390.129059	-9.361441
4420.600000	-390.107208	-9.423595
4420.666667	-390.122253	-9.439492
4420.733333	-390.091675	-9.436900
4420.800000	-390.110352	-9.472548
4420.866667	-390.131378	-9.567113
4420.933333	-390.076477	-9.645650
4421.000000	-390.066864	-9.761068
4421.066667	-390.072632	-9.915118
4421.133333	-390.050201	-9.967055
4421.200000	-390.037201	-9.938105
4421.266667	-390.019440	-10.001531
4421.333333	-390.027069	-10.028518
4421.400000	-390.007751	-10.046645
4421.466667	-390.069427	-10.077724
4421.533333	-390.066833	-10.061434
4421.600000	-390.059937	-10.047940
4421.666667	-390.057831	-10.092009
4421.733333	-390.054230	-10.074097
4421.800000	-390.036194	-10.032312
4421.866667	-390.078674	-10.046750
4421.933333	-390.018890	-9.985386
4422.000000	-390.065918	-9.938476
4422.066667	-390.086151	-9.814456
4422.133333	-390.152100	-9.718536
4422.200000	-390.129089	-9.651326
4422.266667	-390.175323	-9.549232
4422.333333	-390.154510	-9.538363
4422.400000	-390.180054	-9.480923
4422.466667	-390.218018	-9.428069
4422.533333	-390.228638	-9.433492
4422.600000	-390.220612	-9.425388
4422.666667	-390.252197	-9.450588
4422.733333	-390.235046	-9.403535
4422.800000	-390.226410	-9.461402
4422.866667	-390.208008	-9.460848
4422.933333	-390.195068	-9.523660
4423.000000	-390.215576	-9.644490
4423.066667	-390.198212	-9.713640
4423.133333	-390.170959	-9.761724
4423.200000	-390.161224	-9.893749
4423.266667	-390.041321	-9.848222
4423.333333	-390.088776	-9.911368
4423.400000	-390.098114	-10.023037
4423.466667	-390.149933	-10.126756
4423.533333	-390.130615	-10.112796
4423.600000	-390.117188	-10.131589
4423.666667	-390.127533	-10.096686
4423.733333	-390.121704	-10.122623
4423.800000	-390.137268	-10.153153
4423.866667	-390.194366	-10.104177
4423.933333	-390.150757	-10.059897
4424.000000	-390.165771	-10.005319
4424.066667	-390.155670	-9.914459
4424.133333	-390.199371	-9.869586
4424.200000	-390.198120	-9.810183
4424.266667	-390.245453	-9.672172
4424.333333	-390.260620	-9.654497
4424.400000	-390.314575	-9.583771
4424.466667	-390.314972	-9.579146
4424.533333	-390.322968	-9.478057
4424.600000	-390.318085	-9.437662
4424.666667	-390.356842	-9.443784
4424.733333	-390.386322	-9.381927
4424.800000	-390.362671	-9.406395
4424.866667	-390.391602	-9.435780
4424.933333	-390.375031	-9.511232
4425.000000	-390.374390	-9.542657
4425.066667	-390.357300	-9.609036
4425.133333	-390.338715	-9.613702
4425.200000	-390.359070	-9.651827
4425.266667	-390.335693	-9.728707
4425.333333	-390.352570	-9.871772
4425.400000	-390.311005	-9.884248
4425.466667	-390.303528	-9.940137
4425.533333	-390.267487	-10.016552
4425.600000	-390.249908	-10.119439
4425.666667	-390.274414	-10.155919
4425.733333	-390.273987	-10.229025
4425.800000	-390.260620	-10.198250
4425.866667	-390.304047	-10.259136
4425.933333	-390.271362	-10.203342
4426.000000	-390.301422	-10.129333
4426.066667	-390.289795	-10.002853
4426.133333	-390.336212	-9.956343
4426.200000	-390.330200	-9.825107
4426.266667	-390.349060	-9.872976
4426.333333	-390.373505	-9.750555
4426.400000	-390.349823	-9.642023
4426.466667	-390.380463	-9.605327
4426.533333	-390.410919	-9.493820
4426.600000	-390.458160	-9.437382
4426.666667	-390.507874	-9.447718
4426.733333	-390.493805	-9.410544
4426.800000	-390.533966	-9.363828
4426.866667	-390.500488	-9.344936
4426.933333	-390.511566	-9.404914
4427.000000	-390.515350	-9.395531
4427.066667	-390.475586	-9.474356
4427.133333	-390.484985	-9.544005
4427.200000	-390.482239	-9.551163
4427.266667	-390.499115	-9.590543
4427.333333	-390.446716	-9.611676
4427.400000	-390.418365	-9.785866
4427.466667	-390.391571	-9.883442
4427.533333	-390.399628	-9.891381
4427.600000	-390.440491	-9.921229
4427.666667	-390.447296	-10.008988
4427.733333	-390.429260	-10.095263
4427.800000	-390.424561	-10.131757
4427.866667	-390.431488	-10.294909
4427.933333	-390.431488	-10.294909
4428.000000	-390.470673	-10.280823
4428.066667	-390.494202	-10.219971
4428.133333	-390.473999	-10.089199
4428.200000	-390.505066	-10.011781
4428.266667	-390.496735	-9.912686
4428.333333	-390.496735	-9.912686
4428.400000	-390.499451	-9.851190
4428.466667	-390.520660	-9.699321
4428.533333	-390.548004	-9.677363
4428.600000	-390.586365	-9.618400
4428.666667	-390.618011	-9.637800
4428.733333	-390.618011	-9.637800
4428.800000	-390.613098	-9.518044
4428.866667	-390.634857	-9.491844
4428.933333	-390.662415	-9.495121
4429.000000	-390.653503	-9.498692
4429.066667	-390.678070	-9.554708
4429.133333	-390.678070	-9.554708
4429.200000	-390.632874	-9.577375
4429.266667	-390.632965	-9.541641
4429.333333	-390.588959	-9.566713
4429.400000	-390.621826	-9.688556
4429.466667	-390.647308	-9.815027
4429.533333	-390.650543	-9.917048
4429.600000	-390.650543	-9.917048
4429.666667	-390.647339	-9.999658
4429.733333	-390.601654	-10.037914
4429.800000	-390.611572	-10.173280
4429.866667	-390.598053	-10.270757
4429.933333	-390.598206	-10.247339
4430.000000	-390.598206	-10.247339
4430.066667	-390.610443	-10.268547
4430.133333	-390.586884	-10.330132
4430.200000	-390.627747	-10.256893
4430.266667	-390.676178	-10.191664
4430.333333	-390.656403	-10.061875
4430.400000	-390.656403	-10.061875
4430.466667	-390.658691	-9.997983
4430.533333	-390.716614	-9.914245
4430.600000	-390.711090	-9.852639
4430.666667	-390.727661	-9.680646
4430.733333	-390.766876	-9.615439
4430.800000	-390.770264	-9.645869
4430.866667	-390.770264	-9.645869
4430.933333	-390.762329	-9.562378
4431.000000	-390.764526	-9.539531
4431.066667	-390.780518	-9.485926
4431.133333	-390.799469	-9.531559
4431.200000	-390.792358	-9.553660
4431.266667	-390.792358	-9.553660
4431.333333	-390.792542	-9.624978
4431.400000	-390.799500	-9.667595
4431.466667	-390.761078	-9.749690
4431.533333	-390.769714	-9.831304
4431.600000	-390.787811	-9.909233
4431.666667	-390.787811	-9.909233
4431.733333	-390.772034	-9.924474
4431.800000	-390.770081	-9.963767
4431.866667	-390.815125	-10.131645
4431.933333	-390.827789	-10.199727
4432.000000	-390.833374	-10.265606
4432.066667	-390.833374	-10.265606
4432.133333	-390.840363	-10.176311
4432.200000	-390.829468	-10.228319
4432.266667	-390.846069	-10.301455
4432.333333	-390.852509	-10.226014
4432.400000	-390.892700	-10.126033
4432.466667	-390.870056	-10.051812
4432.533333	-390.870056	-10.051812
4432.600000	-390.846161	-9.928815
4432.666667	-390.877930	-9.804538
4432.733333	-390.879303	-9.696997
4432.800000	-390.910431	-9.642249
4432.866667	-390.935760	-9.638166
4432.933333	-390.935760	-9.638166
4433.000000	-390.958405	-9.622986
4433.066667	-390.992371	-9.645728
4433.133333	-390.992523	-9.656079
4433.200000	-390.995758	-9.644627
4433.266667	-390.998749	-9.614883
4433.333333	-390.998749	-9.614883
4433.400000	-391.019287	-9.617023
4433.466667	-391.004303	-9.571519
4433.533333	-390.995453	-9.590674
4433.600000	-390.991425	-9.697565
4433.666667	-390.998108	-9.802680
4433.733333	-391.038300	-9.857407
4433.800000	-391.038300	-9.857407
4433.866667	-391.063263	-10.008333
4433.933333	-391.072021	-10.147671
4434.000000	-391.071350	-10.188164
4434.066667	-391.006195	-10.209856
4434.133333	-391.043671	-10.297623
4434.200000	-391.043671	-10.297623
4434.266667	-391.083710	-10.214313
4434.333333	-391.045258	-10.203249
4434.400000	-391.055817	-10.175633
4434.466667	-391.118225	-10.198325
4434.533333	-391.140472	-10.085505
4434.600000	-391.140472	-10.085505
4434.666667	-391.123169	-10.007503
4434.733333	-391.124298	-9.895974
4434.800000	-391.157440	-9.919947
4434.866667	-391.134735	-9.855394
4434.933333	-391.125092	-9.709564
4435.000000	-391.202545	-9.712746
4435.066667	-391.220917	-9.689497
4435.133333	-391.259369	-9.613849
4435.200000	-391.297089	-9.642379
4435.266667	-391.295013	-9.651187
4435.333333	-391.286682	-9.623466
4435.400000	-391.305237	-9.633062
4435.466667	-391.284485	-9.671107
4435.533333	-391.263702	-9.660754
4435.600000	-391.235382	-9.691010
4435.666667	-391.219147	-9.766113
4435.733333	-391.173401	-9.862140
4435.800000	-391.222839	-9.952425
4435.866667	-391.248657	-9.972863
4435.933333	-391.189606	-9.989017
4436.000000	-391.175842	-10.045882
4436.066667	-391.165741	-10.051137
4436.133333	-391.184113	-10.142543
4436.200000	-391.183502	-10.114214
4436.266667	-391.242035	-10.213934
4436.333333	-391.216949	-10.298455
4436.400000	-391.256348	-10.194148
4436.466667	-391.258026	-10.181947
4436.533333	-391.229919	-10.156826
4436.600000	-391.215759	-10.098871
4436.666667	-391.241791	-10.082581
4436.733333	-391.217163	-10.052103
4436.800000	-391.302704	-10.088034
4436.866667	-391.321381	-10.013049
4436.933333	-391.347290	-9.960233
4437.000000	-391.399323	-9.946288
4437.066667	-391.395264	-9.822717
4437.133333	-391.456604	-9.734433
4437.200000	-391.466064	-9.684734
4437.266667	-391.502441	-9.693377
4437.333333	-391.488464	-9.632836
4437.400000	-391.455383	-9.658094
4437.466667	-391.491119	-9.644874
4437.533333	-391.483490	-9.650946
4437.600000	-391.492432	-9.650537
4437.666667	-391.467438	-9.712941
4437.733333	-391.462891	-9.791310
4437.800000	-391.469696	-9.800465
4437.866667	-391.462799	-9.918984
4437.933333	-391.415558	-10.011265
4438.000000	-391.442078	-10.072248
4438.066667	-391.414642	-10.067978
4438.133333	-391.392670	-10.060352
4438.200000	-391.398621	-10.122128
4438.266667	-391.418335	-10.209093
4438.333333	-391.358704	-10.210625
4438.400000	-391.399017	-10.221546
4438.466667	-391.374054	-10.199612
4438.533333	-391.368134	-10.228358
4438.600000	-391.440338	-10.271461
4438.666667	-391.406555	-10.150802
4438.733333	-391.419678	-10.157663
4438.800000	-391.431854	-10.114842
4438.866667	-391.457977	-10.093678
4438.933333	-391.483429	-10.085756
4439.000000	-391.467224	-10.012497
4439.066667	-391.517426	-9.941304
4439.133333	-391.559570	-9.864137
4439.200000	-391.607697	-9.812651
4439.266667	-391.601379	-9.767325
4439.333333	-391.639038	-9.734869
4439.400000	-391.621887	-9.652108
4439.466667	-391.586609	-9.676330
4439.533333	-391.604889	-9.671107
4439.600000	-391.599060	-9.685692
4439.666667	-391.600250	-9.682694
4439.733333	-391.626465	-9.686942
4439.800000	-391.554535	-9.666259
4439.866667	-391.617096	-9.793164
4439.933333	-391.575043	-9.889421
4440.000000	-391.604889	-9.953973
