5220.066667	-424.824188	-14.076756
5220.133333	-424.795258	-14.061775
5220.200000	-424.759308	-13.999692
5220.266667	-424.765198	-14.106342
5220.333333	-424.711151	-14.143364
5220.400000	-424.686920	-14.122099
5220.466667	-424.673492	-14.184261
5220.533333	-424.632935	-14.229159
5220.600000	-424.592133	-14.215318
5220.666667	-424.595612	-14.293145
5220.733333	-424.568726	-14.274469
5220.800000	-424.516968	-14.282685
5220.866667	-424.519653	-14.278906
5220.933333	-424.445160	-14.224431
5221.000000	-424.421936	-14.229552
5221.066667	-424.397827	-14.183097
5221.133333	-424.358948	-14.168071
5221.200000	-424.340851	-14.125959
5221.266667	-424.313477	-14.054206
5221.333333	-424.301422	-14.015467
5221.400000	-424.320221	-14.023896
5221.466667	-424.313385	-13.954912
5221.533333	-424.273376	-13.927922
5221.600000	-424.268616	-13.962925
5221.666667	-424.238068	-13.862050
5221.733333	-424.251617	-13.930419
5221.800000	-424.206665	-13.890433
5221.866667	-424.207611	-13.887691
5221.933333	-424.191925	-13.838047
5222.000000	-424.146820	-13.918372
5222.066667	-424.147980	-13.926023
5222.133333	-424.072235	-13.950426
5222.200000	-424.044464	-13.941557
5222.266667	-424.045898	-13.985433
5222.333333	-424.025513	-14.019598
5222.400000	-423.999847	-14.051876
5222.466667	-423.950806	-14.076953
5222.533333	-423.950287	-14.059981
5222.600000	-423.891266	-14.066429
5222.666667	-423.872864	-14.100365
5222.733333	-423.837585	-14.154373
5222.800000	-423.842712	-14.187931
5222.866667	-423.812775	-14.197530
5222.933333	-423.743622	-14.195197
5223.000000	-423.698029	-14.215779
5223.066667	-423.653381	-14.189116
5223.133333	-423.603607	-14.154758
5223.200000	-423.623047	-14.196450
5223.266667	-423.587769	-14.104385
5223.333333	-423.566528	-14.090227
5223.400000	-423.558411	-14.027466
5223.466667	-423.523712	-14.016927
5223.533333	-423.529266	-13.958335
5223.600000	-423.481506	-13.896598
5223.666667	-423.451263	-13.843610
5223.733333	-423.456818	-13.805818
5223.800000	-423.417908	-13.852951
5223.866667	-423.408417	-13.862512
5223.933333	-423.377380	-13.904610
5224.000000	-423.367462	-13.901198
5224.066667	-423.332489	-13.851006
5224.133333	-423.335815	-13.823399
5224.200000	-423.327576	-13.903902
5224.266667	-423.300781	-13.881430
5224.333333	-423.256439	-13.892413
5224.400000	-423.236420	-13.942082
5224.466667	-423.221588	-13.959766
5224.533333	-423.202576	-13.966835
5224.600000	-423.149261	-13.982512
5224.666667	-423.124725	-14.023696
5224.733333	-423.041168	-14.032806
5224.800000	-423.029144	-14.065835
5224.866667	-423.021423	-14.051998
5224.933333	-423.005402	-14.082263
5225.000000	-422.960510	-14.090607
5225.066667	-422.925568	-14.107243
5225.133333	-422.949738	-14.112184
5225.200000	-422.872040	-14.077451
5225.266667	-422.879700	-14.055182
5225.333333	-422.853058	-14.001352
5225.400000	-422.839355	-13.998032
5225.466667	-422.826660	-13.974698
5225.533333	-422.811035	-13.926799
5225.600000	-422.828156	-13.964406
5225.666667	-422.802734	-13.937217
5225.733333	-422.776031	-13.928882
5225.800000	-422.789856	-13.957441
5225.866667	-422.737366	-13.945382
5225.933333	-422.727295	-13.934714
5226.000000	-422.695007	-13.886190
5226.066667	-422.720215	-13.870429
5226.133333	-422.650726	-13.792435
5226.200000	-422.610626	-13.804584
5226.266667	-422.607025	-13.786703
5226.333333	-422.538788	-13.819248
5226.400000	-422.534637	-13.833642
5226.466667	-422.479767	-13.772319
5226.533333	-422.389252	-13.807362
5226.600000	-422.359283	-13.853221
5226.666667	-422.321716	-13.807435
5226.733333	-422.318787	-13.853845
5226.800000	-422.292297	-13.815793
5226.866667	-422.220367	-13.882678
5226.933333	-422.243622	-13.893054
5227.000000	-422.193207	-13.952245
5227.066667	-422.119659	-13.890666
5227.133333	-422.136566	-13.925880
5227.200000	-422.122192	-13.959788
5227.266667	-422.038666	-13.910003
5227.333333	-422.066559	-13.893731
5227.400000	-422.034546	-13.919025
5227.466667	-421.977692	-13.913639
5227.533333	-421.987244	-13.850244
5227.600000	-421.941284	-13.854203
5227.666667	-421.924896	-13.851057
5227.733333	-421.917633	-13.810884
5227.800000	-421.930206	-13.776965
5227.866667	-421.937256	-13.739511
5227.933333	-421.910522	-13.711886
5228.000000	-421.883698	-13.654934
5228.066667	-421.881805	-13.639091
5228.133333	-421.876678	-13.644070
5228.200000	-421.839325	-13.640064
5228.266667	-421.819122	-13.665593
5228.333333	-421.798340	-13.656054
5228.400000	-421.746979	-13.643932
5228.466667	-421.647552	-13.595410
5228.533333	-421.615997	-13.658707
5228.600000	-421.599182	-13.596716
5228.666667	-421.554565	-13.646330
5228.733333	-421.529205	-13.667176
5228.800000	-421.467072	-13.705170
5228.866667	-421.480835	-13.738551
5228.933333	-421.428741	-13.755291
5229.000000	-421.404724	-13.779938
5229.066667	-421.362396	-13.857044
5229.133333	-421.375214	-13.921241
5229.200000	-421.359406	-13.947955
5229.266667	-421.299438	-13.978176
5229.333333	-421.250336	-14.036172
5229.400000	-421.214203	-13.967209
5229.466667	-421.174255	-13.816711
5229.533333	-421.173187	-13.813762
5229.600000	-421.127655	-13.707473
5229.666667	-421.064697	-13.731869
5229.733333	-421.079712	-13.761001
5229.800000	-421.060944	-13.724879
5229.866667	-421.068848	-13.743975
5229.933333	-421.013947	-13.709592
5230.000000	-421.033569	-13.750617
5230.066667	-420.976257	-13.729897
5230.133333	-420.949738	-13.700672
5230.200000	-420.958008	-13.662130
5230.266667	-420.978790	-13.632247
5230.333333	-420.910034	-13.621178
5230.400000	-420.860199	-13.604172
5230.466667	-420.846008	-13.543602
5230.533333	-420.791748	-13.570262
5230.600000	-420.774902	-13.630027
5230.666667	-420.728394	-13.637356
5230.733333	-420.694275	-13.654198
5230.800000	-420.641785	-13.678240
5230.866667	-420.619537	-13.652428
5230.933333	-420.604340	-13.720695
5231.000000	-420.584198	-13.634480
5231.066667	-420.558380	-13.695763
5231.133333	-420.533173	-13.740967
5231.200000	-420.461182	-13.736670
5231.266667	-420.409790	-13.741467
5231.333333	-420.380432	-13.779831
5231.400000	-420.323273	-13.819600
5231.466667	-420.289642	-13.758920
5231.533333	-420.268524	-13.769742
5231.600000	-420.211792	-13.692509
5231.666667	-420.166260	-13.654271
5231.733333	-420.143951	-13.660950
5231.800000	-420.149536	-13.648840
5231.866667	-420.123871	-13.646116
5231.933333	-420.069702	-13.538208
5232.000000	-420.026825	-13.557775
5232.066667	-419.963135	-13.481359
5232.133333	-419.995972	-13.455989
5232.200000	-419.932343	-13.427882
5232.266667	-419.925323	-13.426217
5232.333333	-419.910065	-13.435947
5232.400000	-419.900238	-13.397590
5232.466667	-419.892883	-13.358965
5232.533333	-419.868195	-13.391113
5232.600000	-419.843933	-13.387893
5232.666667	-419.828125	-13.415111
5232.733333	-419.786377	-13.404920
5232.800000	-419.806549	-13.447895
5232.866667	-419.730072	-13.365808
5232.933333	-419.678253	-13.348741
5233.000000	-419.648438	-13.356817
5233.066667	-419.582672	-13.438972
5233.133333	-419.569885	-13.538363
5233.200000	-419.524811	-13.485980
5233.266667	-419.444427	-13.472857
5233.333333	-419.397003	-13.475489
5233.400000	-419.379272	-13.479373
5233.466667	-419.381683	-13.530981
5233.533333	-419.358917	-13.535712
5233.600000	-419.352539	-13.503113
5233.666667	-419.348694	-13.532442
5233.733333	-419.318207	-13.625198
5233.800000	-419.311890	-13.521419
5233.866667	-419.252594	-13.515750
5233.933333	-419.230560	-13.451042
5234.000000	-419.227234	-13.519175
5234.066667	-419.184906	-13.424191
5234.133333	-419.209076	-13.453014
5234.200000	-419.219635	-13.451900
5234.266667	-419.196930	-13.418544
5234.333333	-419.202667	-13.403262
5234.400000	-419.138184	-13.376768
5234.466667	-419.139465	-13.347065
5234.533333	-419.077301	-13.384150
5234.600000	-419.053131	-13.294806
5234.666667	-418.975983	-13.311919
5234.733333	-418.957001	-13.309287
5234.800000	-418.938782	-13.367793
5234.866667	-418.935089	-13.386099
5234.933333	-418.877472	-13.353258
5235.000000	-418.896759	-13.344688
5235.066667	-418.788849	-13.321739
5235.133333	-418.719696	-13.305984
5235.200000	-418.703857	-13.294253
5235.266667	-418.632355	-13.302696
5235.333333	-418.601654	-13.333596
5235.400000	-418.579071	-13.338771
5235.466667	-418.519897	-13.377055
5235.533333	-418.503174	-13.409750
5235.600000	-418.432739	-13.411357
5235.666667	-418.434601	-13.452463
5235.733333	-418.376556	-13.409735
5235.800000	-418.360107	-13.502015
5235.866667	-418.347961	-13.493603
5235.933333	-418.351379	-13.425582
5236.000000	-418.332214	-13.378114
5236.066667	-418.306793	-13.403376
5236.133333	-418.316956	-13.381441
5236.200000	-418.302826	-13.359281
5236.266667	-418.298676	-13.307341
5236.333333	-418.256500	-13.362894
5236.400000	-418.213623	-13.322927
5236.466667	-418.170227	-13.351139
5236.533333	-418.127106	-13.321951
5236.600000	-418.150330	-13.233923
5236.666667	-418.120239	-13.251280
5236.733333	-418.087524	-13.309656
5236.800000	-418.051422	-13.241475
5236.866667	-418.039093	-13.289997
5236.933333	-417.974426	-13.230917
5237.000000	-417.975708	-13.269089
5237.066667	-417.939606	-13.249225
5237.133333	-417.927856	-13.249367
5237.200000	-417.867371	-13.206518
5237.266667	-417.845581	-13.199082
5237.333333	-417.823242	-13.206233
5237.400000	-417.765198	-13.208853
5237.466667	-417.759827	-13.267010
5237.533333	-417.716248	-13.266936
5237.600000	-417.687592	-13.283475
5237.666667	-417.659241	-13.316556
5237.733333	-417.568726	-13.326662
5237.800000	-417.605865	-13.406931
5237.866667	-417.550446	-13.412208
5237.933333	-417.546387	-13.407331
5238.000000	-417.520691	-13.419050
5238.066667	-417.468597	-13.407746
5238.133333	-417.409454	-13.350628
5238.200000	-417.361847	-13.276585
5238.266667	-417.349884	-13.298005
5238.333333	-417.337067	-13.286864
5238.400000	-417.318054	-13.201636
5238.466667	-417.281799	-13.217118
5238.533333	-417.276367	-13.182384
5238.600000	-417.255249	-13.144012
5238.666667	-417.238617	-13.135505
5238.733333	-417.221863	-13.119227
5238.800000	-417.208038	-13.127326
5238.866667	-417.175812	-13.098578
5238.933333	-417.165009	-13.097472
5239.000000	-417.155731	-13.124637
5239.066667	-417.096069	-13.120665
5239.133333	-417.074951	-13.153261
5239.200000	-417.068024	-13.082965
5239.266667	-417.046692	-13.183003
5239.333333	-417.016418	-13.192286
5239.400000	-416.990997	-13.230097
5239.466667	-416.883698	-13.203905
5239.533333	-416.857849	-13.228499
5239.600000	-416.770477	-13.217084
5239.666667	-416.710754	-13.244076
5239.733333	-416.672668	-13.219979
5239.800000	-416.665466	-13.194639
5239.866667	-416.589935	-13.201204
5239.933333	-416.582825	-13.259896
5240.000000	-416.541382	-13.215604
5240.066667	-416.553223	-13.215604
5240.133333	-416.513000	-13.224207
5240.200000	-416.507355	-13.254128
5240.266667	-416.495056	-13.216347
5240.333333	-416.500031	-13.254943
5240.400000	-416.471283	-13.141759
5240.466667	-416.457977	-13.181862
5240.533333	-416.398590	-13.103777
5240.600000	-416.365601	-13.028522
5240.666667	-416.315002	-12.985768
5240.733333	-416.355469	-13.007083
5240.800000	-416.364441	-12.985045
5240.866667	-416.317749	-12.925337
5240.933333	-416.281250	-12.976484
5241.000000	-416.251648	-12.912474
5241.066667	-416.214142	-12.922672
5241.133333	-416.145813	-12.878063
5241.200000	-416.137909	-12.895966
5241.266667	-416.097870	-12.904069
5241.333333	-416.049286	-12.960276
5241.400000	-416.003387	-12.987480
5241.466667	-415.950500	-13.041550
5241.533333	-415.920044	-13.060168
5241.600000	-415.870850	-13.076022
5241.666667	-415.867889	-13.100208
5241.733333	-415.864166	-13.124477
5241.800000	-415.794525	-13.085304
5241.866667	-415.744873	-13.149328
5241.933333	-415.687134	-13.133838
5242.000000	-415.685028	-13.107612
5242.066667	-415.692780	-13.146246
5242.133333	-415.703918	-13.158243
5242.200000	-415.601929	-13.062947
5242.266667	-415.581451	-13.106162
5242.333333	-415.569824	-13.065710
5242.400000	-415.510193	-13.030005
5242.466667	-415.489929	-12.971493
5242.533333	-415.467590	-12.984884
5242.600000	-415.485474	-12.967074
5242.666667	-415.483185	-12.962451
5242.733333	-415.441803	-12.935619
5242.800000	-415.393219	-12.877419
5242.866667	-415.374817	-12.878858
5242.933333	-415.346191	-12.768592
5243.000000	-415.323395	-12.790336
5243.066667	-415.261658	-12.758341
5243.133333	-415.197662	-12.755871
5243.200000	-415.195892	-12.777168
5243.266667	-415.130219	-12.752788
5243.333333	-415.124084	-12.791867
5243.400000	-415.123535	-12.707286
5243.466667	-415.070038	-12.770089
5243.533333	-415.068207	-12.788295
5243.600000	-415.037445	-12.829755
5243.666667	-414.990326	-12.888491
5243.733333	-414.968719	-12.869175
5243.800000	-414.902618	-12.985286
5243.866667	-414.890778	-13.040130
5243.933333	-414.880402	-13.068869
5244.000000	-414.824066	-13.019650
5244.066667	-414.741425	-13.002405
5244.133333	-414.763489	-13.044314
5244.200000	-414.689819	-12.979766
5244.266667	-414.696411	-13.045985
5244.333333	-414.663696	-13.054881
5244.400000	-414.639801	-12.993309
5244.466667	-414.611115	-12.938900
5244.533333	-414.590179	-12.936710
5244.600000	-414.562378	-12.961956
5244.666667	-414.553589	-12.867972
5244.733333	-414.520538	-12.849418
5244.800000	-414.518890	-12.853773
5244.866667	-414.500519	-12.783201
5244.933333	-414.486908	-12.713532
5245.000000	-414.458618	-12.724385
5245.066667	-414.414429	-12.655002
5245.133333	-414.391937	-12.614220
5245.200000	-414.355194	-12.630720
5245.266667	-414.359924	-12.648114
5245.333333	-414.289337	-12.644712
5245.400000	-414.275421	-12.702840
5245.466667	-414.215363	-12.650355
5245.533333	-414.218597	-12.678336
5245.600000	-414.133942	-12.700387
5245.666667	-414.131653	-12.685400
5245.733333	-414.142639	-12.702432
5245.800000	-414.073608	-12.705706
5245.866667	-413.997131	-12.690602
5245.933333	-413.957611	-12.764528
5246.000000	-413.926941	-12.853001
5246.066667	-413.891388	-12.771680
5246.133333	-413.856476	-12.844548
5246.200000	-413.850220	-12.891219
5246.266667	-413.795685	-12.964004
5246.333333	-413.753662	-12.944078
5246.400000	-413.721252	-12.905213
5246.466667	-413.691254	-12.876653
5246.533333	-413.637756	-12.891247
5246.600000	-413.571838	-12.877653
5246.666667	-413.552399	-12.830028
5246.733333	-413.530060	-12.773491
5246.800000	-413.465790	-12.699247
5246.866667	-413.465790	-12.699247
5246.933333	-413.459686	-12.670982
5247.000000	-413.395782	-12.621961
5247.066667	-413.364899	-12.556668
5247.133333	-413.303436	-12.488676
5247.200000	-413.285553	-12.475267
5247.266667	-413.285553	-12.475267
5247.333333	-413.268646	-12.423479
5247.400000	-413.256836	-12.462789
5247.466667	-413.230652	-12.502954
5247.533333	-413.188904	-12.443583
5247.600000	-413.084747	-12.474003
5247.666667	-413.084747	-12.474003
5247.733333	-413.011688	-12.504837
5247.800000	-412.989655	-12.562344
5247.866667	-412.950775	-12.572585
5247.933333	-412.933441	-12.604489
5248.000000	-412.903381	-12.696812
5248.066667	-412.801056	-12.692136
5248.133333	-412.801056	-12.692136
5248.200000	-412.781769	-12.725389
5248.266667	-412.738007	-12.689253
5248.333333	-412.726410	-12.745454
5248.400000	-412.661469	-12.755769
5248.466667	-412.565430	-12.743814
5248.533333	-412.565430	-12.743814
5248.600000	-412.565277	-12.747945
5248.666667	-412.492645	-12.713678
5248.733333	-412.484650	-12.693250
5248.800000	-412.436005	-12.640548
5248.866667	-412.439728	-12.672122
5248.933333	-412.439728	-12.672122
5249.000000	-412.396729	-12.551388
5249.066667	-412.367157	-12.546060
5249.133333	-412.338684	-12.534169
5249.200000	-412.237854	-12.506720
5249.266667	-412.193054	-12.478222
5249.333333	-412.162598	-12.490232
5249.400000	-412.162598	-12.490232
5249.466667	-412.172638	-12.413666
5249.533333	-412.162659	-12.444212
5249.600000	-412.129272	-12.511185
5249.666667	-412.086395	-12.406986
5249.733333	-412.059052	-12.475861
5249.800000	-412.059052	-12.475861
5249.866667	-412.022034	-12.523808
5249.933333	-411.966675	-12.509262
5250.000000	-411.867981	-12.468795
5250.066667	-411.869965	-12.502462
5250.133333	-411.805725	-12.483604
5250.200000	-411.805725	-12.483604
5250.266667	-411.759216	-12.489438
5250.333333	-411.725311	-12.516745
5250.400000	-411.596222	-12.481851
5250.466667	-411.561493	-12.503504
5250.533333	-411.513184	-12.425452
5250.600000	-411.513184	-12.425452
5250.666667	-411.515045	-12.484733
5250.733333	-411.501282	-12.495254
5250.800000	-411.418793	-12.437292
5250.866667	-411.425201	-12.438197
5250.933333	-411.373016	-12.409468
5251.000000	-411.361267	-12.408726
5251.066667	-411.361267	-12.408726
5251.133333	-411.314209	-12.304921
5251.200000	-411.253448	-12.265298
5251.266667	-411.239197	-12.256958
5251.333333	-411.164337	-12.169340
5251.400000	-411.189606	-12.241597
5251.466667	-411.189606	-12.241597
5251.533333	-411.169037	-12.226083
5251.600000	-411.112000	-12.259671
5251.666667	-411.080414	-12.240312
5251.733333	-411.049744	-12.338434
5251.800000	-410.959595	-12.264296
5251.866667	-410.959595	-12.264296
5251.933333	-410.876099	-12.223526
5252.000000	-410.779266	-12.277035
5252.066667	-410.778534	-12.274197
5252.133333	-410.765991	-12.292808
5252.200000	-410.743103	-12.336929
5252.266667	-410.658905	-12.322747
5252.333333	-410.658905	-12.322747
5252.400000	-410.617676	-12.399059
5252.466667	-410.572144	-12.343472
5252.533333	-410.609161	-12.365290
5252.600000	-410.594910	-12.440718
5252.666667	-410.533325	-12.377563
5252.733333	-410.533325	-12.377563
5252.800000	-410.483551	-12.379625
5252.866667	-410.436829	-12.406343
5252.933333	-410.442566	-12.395055
5253.000000	-410.402557	-12.329948
5253.066667	-410.338837	-12.282235
5253.133333	-410.338837	-12.282235
5253.200000	-410.301239	-12.194710
5253.266667	-410.288239	-12.249744
5253.333333	-410.239929	-12.177818
5253.400000	-410.185669	-12.125364
5253.466667	-410.144592	-12.171504
5253.533333	-410.147156	-12.100692
5253.600000	-410.123291	-12.137778
5253.666667	-410.092285	-12.128583
5253.733333	-410.049438	-12.096535
5253.800000	-410.028473	-12.132368
5253.866667	-409.969574	-12.175583
5253.933333	-409.893982	-12.170104
5254.000000	-409.884521	-12.206470
5254.066667	-409.850342	-12.143879
5254.133333	-409.852936	-12.211839
5254.200000	-409.779053	-12.222078
5254.266667	-409.771606	-12.213643
5254.333333	-409.669830	-12.268524
5254.400000	-409.646484	-12.240545
5254.466667	-409.613983	-12.314778
5254.533333	-409.603302	-12.301384
5254.600000	-409.532593	-12.336989
5254.666667	-409.448730	-12.373370
5254.733333	-409.464966	-12.389009
5254.800000	-409.376251	-12.327776
5254.866667	-409.363678	-12.334838
5254.933333	-409.327179	-12.371986
5255.000000	-409.327057	-12.253089
5255.066667	-409.261719	-12.276589
5255.133333	-409.226135	-12.225398
5255.200000	-409.229309	-12.132933
5255.266667	-409.199188	-12.185210
5255.333333	-409.158508	-12.197515
5255.400000	-409.125732	-12.101307
5255.466667	-409.111755	-12.092964
5255.533333	-409.044617	-12.057332
5255.600000	-409.086639	-12.081102
5255.666667	-409.054749	-12.104535
5255.733333	-409.021912	-12.140209
5255.800000	-408.931396	-12.051290
5255.866667	-408.931091	-12.084033
5255.933333	-408.873047	-12.087714
5256.000000	-408.769836	-12.152528
5256.066667	-408.728302	-12.145279
5256.133333	-408.714874	-12.076868
5256.200000	-408.723236	-12.074465
5256.266667	-408.636444	-12.136908
5256.333333	-408.590240	-12.179680
5256.400000	-408.580231	-12.195583
5256.466667	-408.519714	-12.211148
5256.533333	-408.489990	-12.179735
5256.600000	-408.432983	-12.198931
5256.666667	-408.434387	-12.165572
5256.733333	-408.357452	-12.198132
5256.800000	-408.346710	-12.201985
5256.866667	-408.305695	-12.219190
5256.933333	-408.297913	-12.222597
5257.000000	-408.222992	-12.178584
5257.066667	-408.239380	-12.225755
5257.133333	-408.194000	-12.169331
5257.200000	-408.188690	-12.148122
5257.266667	-408.170227	-12.113948
5257.333333	-408.171509	-12.136168
5257.400000	-408.146912	-12.142279
5257.466667	-408.081604	-12.070230
5257.533333	-408.030334	-12.021434
5257.600000	-408.042633	-12.048414
5257.666667	-407.967896	-12.048466
5257.733333	-407.983673	-12.000807
5257.800000	-407.938538	-12.019511
5257.866667	-407.969452	-11.996717
5257.933333	-407.948761	-11.972272
5258.000000	-407.896149	-11.972451
5258.066667	-407.894897	-11.985612
5258.133333	-407.844910	-11.984510
5258.200000	-407.769409	-11.910460
5258.266667	-407.726074	-11.988949
5258.333333	-407.689850	-12.019511
5258.400000	-407.662201	-12.034976
5258.466667	-407.596497	-12.024364
5258.533333	-407.561066	-12.018713
5258.600000	-407.463837	-11.986320
5258.666667	-407.419312	-12.019439
5258.733333	-407.405670	-12.038445
5258.800000	-407.367096	-12.013929
5258.866667	-407.320892	-12.038014
5258.933333	-407.319153	-12.082968
5259.000000	-407.255798	-12.052260
5259.066667	-407.260254	-12.032865
5259.133333	-407.199890	-12.041646
5259.200000	-407.171997	-12.044666
5259.266667	-407.169647	-12.046135
5259.333333	-407.123138	-12.017642
5259.400000	-407.131378	-12.003317
5259.466667	-407.102936	-12.001234
5259.533333	-407.062592	-11.928686
5259.600000	-407.023621	-11.945559
5259.666667	-406.993408	-11.853087
5259.733333	-406.965149	-11.840527
5259.800000	-406.929840	-11.822517
5259.866667	-406.914703	-11.767161
5259.933333	-406.931763	-11.757314
5260.000000	-406.884430	-11.722012
5260.066667	-406.809631	-11.714923
5260.133333	-406.812622	-11.749063
5260.200000	-406.784058	-11.740910
5260.266667	-406.724213	-11.718362
5260.333333	-406.644806	-11.706491
5260.400000	-406.599396	-11.802546
5260.466667	-406.577240	-11.788360
5260.533333	-406.513245	-11.789637
5260.600000	-406.501617	-11.838052
5260.666667	-406.451080	-11.899675
5260.733333	-406.460632	-11.831943
5260.800000	-406.444794	-11.897184
5260.866667	-406.404419	-11.884016
5260.933333	-406.356445	-11.904507
5261.000000	-406.297577	-11.859159
5261.066667	-406.274902	-11.909015
5261.133333	-406.256317	-11.945140
5261.200000	-406.198334	-11.879371
5261.266667	-406.200348	-11.926717
5261.333333	-406.129517	-11.896543
5261.400000	-406.173309	-11.912922
5261.466667	-406.116974	-11.886935
5261.533333	-406.105957	-11.846076
5261.600000	-406.083740	-11.866759
5261.666667	-405.965912	-11.807759
5261.733333	-405.924347	-11.741285
5261.800000	-405.969574	-11.748775
5261.866667	-405.936554	-11.665195
5261.933333	-405.958923	-11.721907
5262.000000	-405.905945	-11.731766
5262.066667	-405.869629	-11.680815
5262.133333	-405.865173	-11.692685
5262.200000	-405.798798	-11.656252
5262.266667	-405.737915	-11.664398
5262.333333	-405.680939	-11.596676
5262.400000	-405.671906	-11.661384
5262.466667	-405.633698	-11.638991
5262.533333	-405.575714	-11.591200
5262.600000	-405.529968	-11.573538
5262.666667	-405.493011	-11.553628
5262.733333	-405.452179	-11.615068
5262.800000	-405.373108	-11.701871
5262.866667	-405.334106	-11.682190
5262.933333	-405.280396	-11.719423
5263.000000	-405.261871	-11.743261
5263.066667	-405.208008	-11.713100
5263.133333	-405.196533	-11.775789
5263.200000	-405.135864	-11.713881
5263.266667	-405.103333	-11.782707
5263.333333	-405.131805	-11.733383
5263.400000	-405.093353	-11.714603
5263.466667	-405.054626	-11.699542
5263.533333	-405.042328	-11.717715
5263.600000	-405.006042	-11.628088
5263.666667	-404.975067	-11.595449
5263.733333	-404.929749	-11.545660
5263.800000	-404.905609	-11.470428
5263.866667	-404.866852	-11.476684
5263.933333	-404.857666	-11.506404
5264.000000	-404.799133	-11.442412
5264.066667	-404.729767	-11.403775
5264.133333	-404.693756	-11.398220
5264.200000	-404.624359	-11.379329
5264.266667	-404.603577	-11.433426
5264.333333	-404.574860	-11.435981
5264.400000	-404.483673	-11.403740
5264.466667	-404.488434	-11.447262
5264.533333	-404.452759	-11.448282
5264.600000	-404.442749	-11.495637
5264.666667	-404.417358	-11.529691
5264.733333	-404.388031	-11.529959
5264.800000	-404.379272	-11.509133
5264.866667	-404.337433	-11.584671
5264.933333	-404.300964	-11.591263
5265.000000	-404.259766	-11.605499
5265.066667	-404.226440	-11.675530
5265.133333	-404.172119	-11.614340
5265.200000	-404.102295	-11.574726
5265.266667	-404.077515	-11.613569
5265.333333	-404.024902	-11.586996
5265.400000	-404.028137	-11.601927
5265.466667	-403.989410	-11.645465
5265.533333	-403.954224	-11.580804
5265.600000	-403.922028	-11.629305
5265.666667	-403.924469	-11.604066
5265.733333	-403.876434	-11.658137
5265.800000	-403.873627	-11.558084
5265.866667	-403.790283	-11.536292
5265.933333	-403.703766	-11.468619
5266.000000	-403.749969	-11.476924
5266.066667	-403.633026	-11.450336
5266.133333	-403.667633	-11.373201
5266.200000	-403.598785	-11.288284
5266.266667	-403.563416	-11.346060
5266.333333	-403.535278	-11.311778
5266.400000	-403.516815	-11.230454
5266.466667	-403.501526	-11.334986
5266.533333	-403.455780	-11.261650
5266.600000	-403.461395	-11.257102
5266.666667	-403.400024	-11.308767
5266.733333	-403.401917	-11.392174
5266.800000	-403.338013	-11.308050
5266.866667	-403.331207	-11.336350
5266.933333	-403.240692	-11.356104
5267.000000	-403.183899	-11.412055
5267.066667	-403.172699	-11.416926
5267.133333	-403.127808	-11.466847
5267.200000	-403.076202	-11.481229
5267.266667	-403.017548	-11.433765
5267.333333	-402.960693	-11.444077
5267.400000	-402.909363	-11.381548
5267.466667	-402.874695	-11.412784
5267.533333	-402.913910	-11.445838
5267.600000	-402.842560	-11.397590
5267.666667	-402.790710	-11.320751
5267.733333	-402.789093	-11.370048
5267.800000	-402.678833	-11.323924
5267.866667	-402.710968	-11.335818
5267.933333	-402.713074	-11.320618
5268.000000	-402.687683	-11.299397
5268.066667	-402.678589	-11.235386
5268.133333	-402.646912	-11.303497
5268.200000	-402.613831	-11.273890
5268.266667	-402.618591	-11.245319
5268.333333	-402.562042	-11.246804
5268.400000	-402.494904	-11.257998
5268.533333	-402.379486	-11.164180
5268.600000	-402.379486	-11.164180
5268.666667	-402.350281	-11.162416
5268.733333	-402.301300	-11.147423
5268.800000	-402.281769	-11.187169
5268.866667	-402.253845	-11.210379
5268.933333	-402.185333	-11.270266
5269.000000	-402.118866	-11.336014
5269.066667	-402.104218	-11.307044
5269.133333	-402.078217	-11.305920
5269.200000	-402.019409	-11.319549
5269.266667	-401.979736	-11.319611
5269.333333	-401.907715	-11.230549
5269.400000	-401.837769	-11.254271
5269.466667	-401.821655	-11.313517
5269.533333	-401.788605	-11.272287
5269.600000	-401.713684	-11.300106
5269.666667	-401.656799	-11.297407
5269.733333	-401.617981	-11.316419
5269.800000	-401.549286	-11.308103
5269.866667	-401.564026	-11.302963
5269.933333	-401.531830	-11.294195
5270.000000	-401.523010	-11.290218
5270.066667	-401.471954	-11.300792
5270.133333	-401.471649	-11.246862
5270.200000	-401.447784	-11.153305
5270.266667	-401.375641	-11.123200
5270.333333	-401.373291	-11.120082
5270.400000	-401.342163	-11.080326
5270.466667	-401.358063	-11.043663
5270.533333	-401.262238	-11.041263
5270.600000	-401.234680	-11.001801
5270.666667	-401.267426	-11.058761
5270.733333	-401.175354	-11.078604
5270.800000	-401.136658	-11.071911
5270.866667	-401.063629	-11.080096
5270.933333	-400.989655	-11.133839
5271.000000	-400.954773	-11.093104
5271.066667	-400.918610	-11.096926
5271.133333	-400.870087	-11.148609
5271.200000	-400.848389	-11.114585
5271.266667	-400.747253	-11.230754
5271.333333	-400.686096	-11.172885
5271.400000	-400.665985	-11.231295
5271.466667	-400.610321	-11.257418
5271.533333	-400.572205	-11.310211
5271.600000	-400.569611	-11.300781
5271.666667	-400.502808	-11.276241
5271.733333	-400.484131	-11.287125
5271.800000	-400.449860	-11.239224
5271.866667	-400.424255	-11.228040
5271.933333	-400.364868	-11.160452
5272.000000	-400.303101	-11.126196
5272.066667	-400.257874	-11.195502
5272.133333	-400.200378	-11.146631
5272.200000	-400.184509	-11.184727
5272.266667	-400.178680	-11.165478
5272.333333	-400.133942	-11.103933
5272.400000	-400.122650	-11.092296
5272.466667	-400.129944	-11.040564
5272.533333	-400.079224	-11.069303
5272.600000	-400.043945	-11.040388
5272.666667	-399.988342	-11.058417
5272.733333	-399.990540	-10.979815
5272.800000	-399.976685	-11.039262
5272.866667	-399.941040	-11.039934
5272.933333	-399.884766	-11.021350
5273.000000	-399.816681	-11.029213
5273.066667	-399.800476	-10.997564
5273.133333	-399.723114	-11.068639
5273.200000	-399.718964	-11.079383
5273.266667	-399.648010	-11.113995
5273.333333	-399.588867	-11.125731
5273.400000	-399.580841	-11.108335
5273.466667	-399.565186	-11.099852
5273.533333	-399.500702	-11.103564
5273.600000	-399.464111	-11.126222
5273.666667	-399.439697	-11.166270
5273.733333	-399.365784	-11.135418
5273.800000	-399.285614	-11.192393
5273.866667	-399.246155	-11.141811
5273.933333	-399.216064	-11.177462
5274.000000	-399.179962	-11.158260
5274.066667	-399.151459	-11.143963
5274.133333	-399.127899	-11.049779
5274.200000	-399.115204	-11.020167
5274.266667	-399.059967	-10.930036
5274.333333	-398.996155	-10.885550
5274.400000	-398.940155	-10.864065
5274.466667	-398.881561	-10.911142
5274.533333	-398.883301	-10.857400
5274.600000	-398.901886	-10.950042
5274.666667	-398.849091	-10.854126
5274.733333	-398.804169	-10.890187
5274.800000	-398.747803	-10.906156
5274.866667	-398.712891	-10.809123
5274.933333	-398.723694	-10.833174
5275.000000	-398.692535	-10.876757
5275.066667	-398.668640	-10.851639
5275.133333	-398.628906	-10.790674
5275.200000	-398.597992	-10.820409
5275.266667	-398.594482	-10.820411
5275.333333	-398.583466	-10.862490
5275.400000	-398.529907	-10.846198
5275.466667	-398.478333	-10.861295
5275.533333	-398.404144	-10.815514
5275.600000	-398.316376	-10.798534
5275.666667	-398.280975	-10.801645
5275.733333	-398.242859	-10.854753
5275.800000	-398.183777	-10.890403
5275.866667	-398.133850	-10.903271
5275.933333	-398.097290	-10.916229
5276.000000	-398.050049	-10.946715
5276.066667	-398.009827	-10.970012
5276.133333	-397.921265	-10.892479
5276.200000	-397.930267	-10.850545
5276.266667	-397.881012	-10.856941
5276.333333	-397.867523	-10.859740
5276.400000	-397.839569	-10.825708
5276.466667	-397.814209	-10.780323
5276.533333	-397.780914	-10.757605
5276.600000	-397.721527	-10.719302
5276.666667	-397.718018	-10.739080
5276.733333	-397.686981	-10.687564
5276.800000	-397.639893	-10.663483
5276.866667	-397.590912	-10.675011
5276.933333	-397.535339	-10.589293
5277.000000	-397.559601	-10.571666
5277.066667	-397.501526	-10.657967
5277.133333	-397.461548	-10.602656
5277.200000	-397.414093	-10.660622
5277.266667	-397.359650	-10.584493
5277.333333	-397.304993	-10.587304
5277.400000	-397.228607	-10.593370
5277.466667	-397.224762	-10.563949
5277.533333	-397.210632	-10.577579
5277.600000	-397.151428	-10.603383
5277.666667	-397.088043	-10.587304
5277.733333	-397.057465	-10.676217
5277.800000	-397.012054	-10.663936
5277.866667	-397.001068	-10.727796
5277.933333	-396.909271	-10.695030
5278.000000	-396.887024	-10.726363
5278.066667	-396.839722	-10.743726
5278.133333	-396.765961	-10.741586
5278.200000	-396.715759	-10.736412
5278.266667	-396.695831	-10.747641
5278.333333	-396.626373	-10.676594
5278.400000	-396.635986	-10.683273
5278.466667	-396.601410	-10.691992
5278.533333	-396.544586	-10.652404
5278.600000	-396.590424	-10.667994
5278.666667	-396.516632	-10.685894
5278.733333	-396.509186	-10.606595
5278.800000	-396.490021	-10.566923
5278.866667	-396.410614	-10.495726
5278.933333	-396.368866	-10.481637
5279.000000	-396.334839	-10.459280
5279.066667	-396.289551	-10.441767
5279.133333	-396.211426	-10.381541
5279.200000	-396.209625	-10.488885
5279.266667	-396.135681	-10.391791
5279.333333	-396.071869	-10.410083
5279.400000	-396.073242	-10.395198
5279.466667	-396.042084	-10.412939
5279.533333	-395.994293	-10.440263
5279.600000	-395.997253	-10.449830
5279.666667	-395.963928	-10.455658
5279.733333	-395.908020	-10.461834
5279.800000	-395.845093	-10.498400
5279.866667	-395.837128	-10.474293
5279.933333	-395.707123	-10.489503
5280.000000	-395.654663	-10.505709
