1860.066667	-650.273193	57.707390
1860.133333	-650.273193	57.707390
1860.200000	-650.273193	57.707390
1860.266667	-650.273193	57.707390
1860.333333	-650.273193	57.707390
1860.400000	-650.273193	57.707390
1860.466667	-650.273193	57.707390
1860.533333	-650.273193	57.707390
1860.600000	-650.273193	57.707390
1860.666667	-650.273193	57.707390
1860.733333	-650.273193	57.707390
1860.800000	-650.273193	57.707390
1860.866667	-650.273193	57.707390
1860.933333	-650.273193	57.707390
1861.000000	-650.273193	57.707390
1861.066667	-650.273193	57.707390
1861.133333	-650.273193	57.707390
1861.200000	-650.273193	57.707390
1861.266667	-650.273193	57.707390
1861.333333	-650.273193	57.707390
1861.400000	-650.273193	57.707390
1861.466667	-650.273193	57.707390
1861.533333	-650.273193	57.707390
1861.600000	-650.273193	57.707390
1861.666667	-650.273193	57.707390
1861.733333	-650.273193	57.707390
1861.800000	-650.273193	57.707390
1861.866667	-650.273193	57.707390
1861.933333	-650.273193	57.707390
1862.000000	-650.273193	57.707390
1862.066667	-650.273193	57.707390
1862.133333	-650.273193	57.707390
1862.200000	-650.273193	57.707390
1862.266667	-650.273193	57.707390
1862.333333	-650.273193	57.707390
1862.400000	-650.273193	57.707390
1862.466667	-650.273193	57.707390
1862.533333	-650.273193	57.707390
1862.600000	-650.273193	57.707390
1862.666667	-650.273193	57.707390
1862.733333	-650.273193	57.707390
1862.800000	-650.273193	57.707390
1862.866667	-650.273193	57.707390
1862.933333	-650.273193	57.707390
1863.000000	-650.273193	57.707390
1863.066667	-650.273193	57.707390
1863.133333	-650.273193	57.707390
1863.200000	-650.273193	57.707390
1863.266667	-650.273193	57.707390
1863.333333	-650.273193	57.707390
1863.400000	-650.273193	57.707390
1863.466667	-650.273193	57.707390
1863.533333	-650.273193	57.707390
1863.600000	-650.273193	57.707390
1863.666667	-650.273193	57.707390
1863.733333	-650.273193	57.707390
1863.800000	-650.273193	57.707390
1863.866667	-650.273193	57.707390
1863.933333	-650.273193	57.707390
1864.000000	-650.273193	57.707390
1864.066667	-650.273193	57.707390
1864.133333	-650.273193	57.707390
1864.200000	-650.273193	57.707390
1864.266667	-650.273193	57.707390
1864.333333	-650.273193	57.707390
1864.400000	-650.273193	57.707390
1864.466667	-650.273193	57.707390
1864.533333	-650.273193	57.707390
1864.600000	-650.273193	57.707390
1864.666667	-650.273193	57.707390
1864.733333	-650.273193	57.707390
1864.800000	-650.273193	57.707390
1864.866667	-650.273193	57.707390
1864.933333	-650.273193	57.707390
1865.000000	-650.273193	57.707390
1865.066667	-650.273193	57.707390
1865.133333	-650.273193	57.707390
1865.200000	-650.273193	57.707390
1865.266667	-650.273193	57.707390
1865.333333	-650.273193	57.707390
1865.400000	-650.273193	57.707390
1865.466667	-650.273193	57.707390
1865.533333	-650.273193	57.707390
1865.600000	-650.273193	57.707390
1865.666667	-650.273193	57.707390
1865.733333	-650.273193	57.707390
1865.800000	-650.273193	57.707390
1865.866667	-650.273193	57.707390
1865.933333	-650.273193	57.707390
1866.000000	-650.273193	57.707390
1866.066667	-650.273193	57.707390
1866.133333	-650.273193	57.707390
1866.200000	-650.273193	57.707390
1866.266667	-650.273193	57.707390
1866.333333	-650.273193	57.707390
1866.400000	-650.273193	57.707390
1866.466667	-650.273193	57.707390
1866.533333	-650.273193	57.707390
1866.600000	-650.273193	57.707390
1866.666667	-650.273193	57.707390
1866.733333	-650.273193	57.707390
1866.800000	-650.273193	57.707390
1866.866667	-650.273193	57.707390
1866.933333	-650.273193	57.707390
1867.000000	-650.273193	57.707390
1867.066667	-650.273193	57.707390
1867.133333	-650.273193	57.707390
1867.200000	-650.273193	57.707390
1867.266667	-650.273193	57.707390
1867.333333	-650.273193	57.707390
1867.400000	-650.273193	57.707390
1867.466667	-650.273193	57.707390
1867.533333	-650.273193	57.707390
1867.600000	-650.273193	57.707390
1867.666667	-650.273193	57.707390
1867.733333	-650.273193	57.707390
1867.800000	-650.273193	57.707390
1867.866667	-650.273193	57.707390
1867.933333	-650.273193	57.707390
1868.000000	-650.273193	57.707390
1868.066667	-650.273193	57.707390
1868.133333	-650.273193	57.707390
1868.200000	-650.273193	57.707390
1868.266667	-650.273193	57.707390
1868.333333	-650.273193	57.707390
1868.400000	-650.273193	57.707390
1868.466667	-650.273193	57.707390
1868.533333	-650.273193	57.707390
1868.600000	-650.273193	57.707390
1868.666667	-650.273193	57.707390
1868.733333	-650.273193	57.707390
1868.800000	-650.273193	57.707390
1868.866667	-650.273193	57.707390
1868.933333	-650.273193	57.707390
1869.000000	-650.273193	57.707390
1869.066667	-650.273193	57.707390
1869.133333	-650.273193	57.707390
1869.200000	-650.273193	57.707390
1869.266667	-650.273193	57.707390
1869.333333	-650.273193	57.707390
1869.400000	-650.273193	57.707390
1869.466667	-650.273193	57.707390
1869.533333	-650.273193	57.707390
1869.600000	-650.273193	57.707390
1869.666667	-650.273193	57.707390
1869.733333	-650.273193	57.707390
1869.800000	-650.273193	57.707390
1869.866667	-650.273193	57.707390
1869.933333	-650.273193	57.707390
1870.000000	-650.273193	57.707390
1870.066667	-650.273193	57.707390
1870.133333	-650.273193	57.707390
1870.200000	-650.273193	57.707390
1870.266667	-650.273193	57.707390
1870.333333	-650.273193	57.707390
1870.400000	-650.273193	57.707390
1870.466667	-650.273193	57.707390
1870.533333	-650.273193	57.707390
1870.600000	-650.273193	57.707390
1870.666667	-650.273193	57.707390
1870.733333	-650.273193	57.707390
1870.800000	-650.273193	57.707390
1870.866667	-650.273193	57.707390
1870.933333	-650.273193	57.707390
1871.000000	-650.273193	57.707390
1871.066667	-650.273193	57.707390
1871.133333	-650.273193	57.707390
1871.200000	-650.273193	57.707390
1871.266667	-650.273193	57.707390
1871.333333	-650.273193	57.707390
1871.400000	-650.273193	57.707390
1871.466667	-650.273193	57.707390
1871.533333	-650.273193	57.707390
1871.600000	-650.273193	57.707390
1871.666667	-650.273193	57.707390
1871.733333	-650.273193	57.707390
1871.800000	-650.273193	57.707390
1871.866667	-650.273193	57.707390
1871.933333	-650.273193	57.707390
1872.000000	-650.273193	57.707390
1872.066667	-650.273193	57.707390
1872.133333	-650.273193	57.707390
1872.200000	-650.273193	57.707390
1872.266667	-650.273193	57.707390
1872.333333	-650.273193	57.707390
1872.400000	-650.273193	57.707390
1872.466667	-650.273193	57.707390
1872.533333	-650.273193	57.707390
1872.600000	-650.273193	57.707390
1872.666667	-650.273193	57.707390
1872.733333	-650.273193	57.707390
1872.800000	-650.273193	57.707390
1872.866667	-650.273193	57.707390
1872.933333	-650.273193	57.707390
1873.000000	-650.273193	57.707390
1873.066667	-650.273193	57.707390
1873.133333	-650.273193	57.707390
1873.200000	-650.273193	57.707390
1873.266667	-650.273193	57.707390
1873.333333	-650.273193	57.707390
1873.400000	-650.273193	57.707390
1873.466667	-650.273193	57.707390
1873.533333	-650.273193	57.707390
1873.600000	-650.273193	57.707390
1873.666667	-650.273193	57.707390
1873.733333	-650.273193	57.707390
1873.800000	-650.273193	57.707390
1873.866667	-650.273193	57.707390
1873.933333	-650.273193	57.707390
1874.000000	-650.273193	57.707390
1874.066667	-650.273193	57.707390
1874.133333	-650.273193	57.707390
1874.200000	-650.273193	57.707390
1874.266667	-650.273193	57.707390
1874.333333	-650.273193	57.707390
1874.400000	-650.273193	57.707390
1874.466667	-650.273193	57.707390
1874.533333	-650.273193	57.707390
1874.600000	-650.273193	57.707390
1874.666667	-650.273193	57.707390
1874.733333	-650.273193	57.707390
1874.800000	-650.273193	57.707390
1874.866667	-650.273193	57.707390
1874.933333	-650.273193	57.707390
1875.000000	-650.273193	57.707390
1875.066667	-650.273193	57.707390
1875.133333	-650.273193	57.707390
1875.200000	-650.273193	57.707390
1875.266667	-650.273193	57.707390
1875.333333	-650.273193	57.707390
1875.400000	-650.273193	57.707390
1875.466667	-650.273193	57.707390
1875.533333	-650.273193	57.707390
1875.600000	-650.273193	57.707390
1875.666667	-650.273193	57.707390
1875.733333	-650.273193	57.707390
1875.800000	-650.273193	57.707390
1875.866667	-650.273193	57.707390
1875.933333	-650.273193	57.707390
1876.000000	-650.273193	57.707390
1876.066667	-650.273193	57.707390
1876.133333	-650.273193	57.707390
1876.200000	-650.273193	57.707390
1876.266667	-650.273193	57.707390
1876.333333	-650.273193	57.707390
1876.400000	-650.273193	57.707390
1876.466667	-650.273193	57.707390
1876.533333	-650.273193	57.707390
1876.600000	-650.273193	57.707390
1876.666667	-650.273193	57.707390
1876.733333	-650.273193	57.707390
1876.800000	-650.273193	57.707390
1876.866667	-650.273193	57.707390
1876.933333	-650.273193	57.707390
1877.000000	-650.273193	57.707390
1877.066667	-650.273193	57.707390
1877.133333	-650.273193	57.707390
1877.200000	-650.273193	57.707390
1877.266667	-650.273193	57.707390
1877.333333	-650.273193	57.707390
1877.400000	-650.273193	57.707390
1877.466667	-650.273193	57.707390
1877.533333	-650.273193	57.707390
1877.600000	-650.273193	57.707390
1877.666667	-650.273193	57.707390
1877.733333	-650.273193	57.707390
1877.800000	-650.273193	57.707390
1877.866667	-650.273193	57.707390
1877.933333	-650.273193	57.707390
1878.000000	-650.273193	57.707390
1878.066667	-650.273193	57.707390
1878.133333	-650.273193	57.707390
1878.200000	-650.273193	57.707390
1878.266667	-650.273193	57.707390
1878.333333	-650.273193	57.707390
1878.400000	-650.273193	57.707390
1878.466667	-650.273193	57.707390
1878.533333	-650.273193	57.707390
1878.600000	-650.273193	57.707390
1878.666667	-650.273193	57.707390
1878.733333	-650.273193	57.707390
1878.800000	-650.273193	57.707390
1878.866667	-650.273193	57.707390
1878.933333	-650.273193	57.707390
1879.000000	-650.273193	57.707390
1879.066667	-650.273193	57.707390
1879.133333	-650.273193	57.707390
1879.200000	-650.273193	57.707390
1879.266667	-650.273193	57.707390
1879.333333	-650.273193	57.707390
1879.400000	-650.273193	57.707390
1879.466667	-650.273193	57.707390
1879.533333	-650.273193	57.707390
1879.600000	-650.273193	57.707390
1879.666667	-650.273193	57.707390
1879.733333	-650.273193	57.707390
1879.800000	-650.273193	57.707390
1879.866667	-650.273193	57.707390
1879.933333	-650.273193	57.707390
1880.000000	-650.273193	57.707390
1880.066667	-650.273193	57.707390
1880.133333	-650.273193	57.707390
1880.200000	-650.273193	57.707390
1880.266667	-650.273193	57.707390
1880.333333	-650.273193	57.707390
1880.400000	-650.273193	57.707390
1880.466667	-650.273193	57.707390
1880.533333	-650.273193	57.707390
1880.600000	-650.273193	57.707390
1880.666667	-650.273193	57.707390
1880.733333	-650.273193	57.707390
1880.800000	-650.273193	57.707390
1880.866667	-650.273193	57.707390
1880.933333	-650.273193	57.707390
1881.000000	-650.273193	57.707390
1881.066667	-650.273193	57.707390
1881.133333	-650.273193	57.707390
1881.200000	-650.273193	57.707390
1881.266667	-650.273193	57.707390
1881.333333	-650.273193	57.707390
1881.400000	-650.273193	57.707390
1881.466667	-650.273193	57.707390
1881.533333	-650.273193	57.707390
1881.600000	-650.273193	57.707390
1881.666667	-650.273193	57.707390
1881.733333	-650.273193	57.707390
1881.800000	-650.273193	57.707390
1881.866667	-650.273193	57.707390
1881.933333	-650.273193	57.707390
1882.000000	-650.273193	57.707390
1882.066667	-650.273193	57.707390
1882.133333	-650.273193	57.707390
1882.200000	-650.273193	57.707390
1882.266667	-650.273193	57.707390
1882.333333	-650.273193	57.707390
1882.400000	-650.273193	57.707390
1882.466667	-650.273193	57.707390
1882.533333	-650.273193	57.707390
1882.600000	-650.273193	57.707390
1882.666667	-650.273193	57.707390
1882.733333	-650.273193	57.707390
1882.800000	-650.273193	57.707390
1882.866667	-650.273193	57.707390
1882.933333	-650.273193	57.707390
1883.000000	-650.273193	57.707390
1883.066667	-650.273193	57.707390
1883.133333	-650.273193	57.707390
1883.200000	-650.273193	57.707390
1883.266667	-650.273193	57.707390
1883.333333	-650.273193	57.707390
1883.400000	-650.273193	57.707390
1883.466667	-650.273193	57.707390
1883.533333	-650.273193	57.707390
1883.600000	-650.273193	57.707390
1883.666667	-650.273193	57.707390
1883.733333	-650.273193	57.707390
1883.800000	-650.273193	57.707390
1883.866667	-650.273193	57.707390
1883.933333	-650.273193	57.707390
1884.000000	-650.273193	57.707390
1884.066667	-650.273193	57.707390
1884.133333	-650.273193	57.707390
1884.200000	-650.273193	57.707390
1884.266667	-650.273193	57.707390
1884.333333	-650.273193	57.707390
1884.400000	-650.273193	57.707390
1884.466667	-650.273193	57.707390
1884.533333	-650.273193	57.707390
1884.600000	-650.273193	57.707390
1884.666667	-650.273193	57.707390
1884.733333	-650.273193	57.707390
1884.800000	-650.273193	57.707390
1884.866667	-650.273193	57.707390
1884.933333	-650.273193	57.707390
1885.000000	-650.273193	57.707390
1885.066667	-650.273193	57.707390
1885.133333	-650.273193	57.707390
1885.200000	-650.273193	57.707390
1885.266667	-650.273193	57.707390
1885.333333	-650.273193	57.707390
1885.400000	-650.273193	57.707390
1885.466667	-650.273193	57.707390
1885.533333	-650.273193	57.707390
1885.600000	-650.273193	57.707390
1885.666667	-650.273193	57.707390
1885.733333	-650.273193	57.707390
1885.800000	-650.273193	57.707390
1885.866667	-650.273193	57.707390
1885.933333	-650.273193	57.707390
1886.000000	-650.273193	57.707390
1886.066667	-650.273193	57.707390
1886.133333	-650.273193	57.707390
1886.200000	-650.273193	57.707390
1886.266667	-650.273193	57.707390
1886.333333	-650.273193	57.707390
1886.400000	-650.273193	57.707390
1886.466667	-650.273193	57.707390
1886.533333	-650.273193	57.707390
1886.600000	-650.273193	57.707390
1886.666667	-650.273193	57.707390
1886.733333	-650.273193	57.707390
1886.800000	-650.273193	57.707390
1886.866667	-650.273193	57.707390
1886.933333	-650.273193	57.707390
1887.000000	-650.273193	57.707390
1887.066667	-650.273193	57.707390
1887.133333	-650.273193	57.707390
1887.200000	-650.273193	57.707390
1887.266667	-650.273193	57.707390
1887.333333	-650.273193	57.707390
1887.400000	-650.273193	57.707390
1887.466667	-650.273193	57.707390
1887.533333	-650.273193	57.707390
1887.600000	-650.273193	57.707390
1887.666667	-650.273193	57.707390
1887.733333	-650.273193	57.707390
1887.800000	-650.273193	57.707390
1887.866667	-650.273193	57.707390
1887.933333	-650.273193	57.707390
1888.000000	-650.273193	57.707390
1888.066667	-650.273193	57.707390
1888.133333	-650.273193	57.707390
1888.200000	-650.273193	57.707390
1888.266667	-650.273193	57.707390
1888.333333	-650.273193	57.707390
1888.400000	-650.273193	57.707390
1888.466667	-650.273193	57.707390
1888.533333	-650.273193	57.707390
1888.600000	-650.273193	57.707390
1888.666667	-650.273193	57.707390
1888.733333	-650.273193	57.707390
1888.800000	-650.273193	57.707390
1888.866667	-650.273193	57.707390
1888.933333	-650.273193	57.707390
1889.000000	-650.273193	57.707390
1889.066667	-650.273193	57.707390
1889.133333	-650.273193	57.707390
1889.200000	-650.273193	57.707390
1889.266667	-650.273193	57.707390
1889.333333	-650.273193	57.707390
1889.400000	-650.273193	57.707390
1889.466667	-650.273193	57.707390
1889.533333	-650.273193	57.707390
1889.600000	-650.273193	57.707390
1889.666667	-650.273193	57.707390
1889.733333	-650.273193	57.707390
1889.800000	-650.273193	57.707390
1889.866667	-650.273193	57.707390
1889.933333	-650.273193	57.707390
1890.000000	-650.273193	57.707390
1890.066667	-650.273193	57.707390
1890.133333	-650.273193	57.707390
1890.200000	-650.273193	57.707390
1890.266667	-650.273193	57.707390
1890.333333	-650.273193	57.707390
1890.400000	-650.273193	57.707390
1890.466667	-650.273193	57.707390
1890.533333	-650.273193	57.707390
1890.600000	-650.273193	57.707390
1890.666667	-650.273193	57.707390
1890.733333	-650.273193	57.707390
1890.800000	-650.273193	57.707390
1890.866667	-650.273193	57.707390
1890.933333	-650.273193	57.707390
1891.000000	-650.273193	57.707390
1891.066667	-650.273193	57.707390
1891.133333	-650.273193	57.707390
1891.200000	-650.273193	57.707390
1891.266667	-650.273193	57.707390
1891.333333	-650.273193	57.707390
1891.400000	-650.273193	57.707390
1891.466667	-650.273193	57.707390
1891.533333	-650.273193	57.707390
1891.600000	-650.273193	57.707390
1891.666667	-650.273193	57.707390
1891.733333	-650.273193	57.707390
1891.800000	-650.273193	57.707390
1891.866667	-650.273193	57.707390
1891.933333	-650.273193	57.707390
1892.000000	-650.273193	57.707390
1892.066667	-650.273193	57.707390
1892.133333	-650.273193	57.707390
1892.200000	-650.273193	57.707390
1892.266667	-650.273193	57.707390
1892.333333	-650.273193	57.707390
1892.400000	-650.273193	57.707390
1892.466667	-650.273193	57.707390
1892.533333	-650.273193	57.707390
1892.600000	-650.273193	57.707390
1892.666667	-650.273193	57.707390
1892.733333	-650.273193	57.707390
1892.800000	-650.273193	57.707390
1892.866667	-650.273193	57.707390
1892.933333	-650.273193	57.707390
1893.000000	-650.273193	57.707390
1893.066667	-650.273193	57.707390
1893.133333	-650.273193	57.707390
1893.200000	-650.273193	57.707390
1893.266667	-650.273193	57.707390
1893.333333	-650.273193	57.707390
1893.400000	-650.273193	57.707390
1893.466667	-650.273193	57.707390
1893.533333	-650.273193	57.707390
1893.600000	-650.273193	57.707390
1893.666667	-650.273193	57.707390
1893.733333	-650.273193	57.707390
1893.800000	-650.273193	57.707390
1893.866667	-650.273193	57.707390
1893.933333	-650.273193	57.707390
1894.000000	-650.273193	57.707390
1894.066667	-650.273193	57.707390
1894.133333	-650.273193	57.707390
1894.200000	-650.273193	57.707390
1894.266667	-650.273193	57.707390
1894.333333	-650.273193	57.707390
1894.400000	-650.273193	57.707390
1894.466667	-650.273193	57.707390
1894.533333	-650.273193	57.707390
1894.600000	-650.273193	57.707390
1894.666667	-650.273193	57.707390
1894.733333	-650.273193	57.707390
1894.800000	-650.273193	57.707390
1894.866667	-650.273193	57.707390
1894.933333	-650.273193	57.707390
1895.000000	-650.273193	57.707390
1895.066667	-650.273193	57.707390
1895.133333	-650.273193	57.707390
1895.200000	-650.273193	57.707390
1895.266667	-650.273193	57.707390
1895.333333	-650.273193	57.707390
1895.400000	-650.273193	57.707390
1895.466667	-650.273193	57.707390
1895.533333	-650.273193	57.707390
1895.600000	-650.273193	57.707390
1895.666667	-650.273193	57.707390
1895.733333	-650.273193	57.707390
1895.800000	-650.273193	57.707390
1895.866667	-650.273193	57.707390
1895.933333	-650.273193	57.707390
1896.000000	-650.273193	57.707390
1896.066667	-650.273193	57.707390
1896.133333	-650.273193	57.707390
1896.200000	-650.273193	57.707390
1896.266667	-650.273193	57.707390
1896.333333	-650.273193	57.707390
1896.400000	-650.273193	57.707390
1896.466667	-650.273193	57.707390
1896.533333	-650.273193	57.707390
1896.600000	-650.273193	57.707390
1896.666667	-650.273193	57.707390
1896.733333	-650.273193	57.707390
1896.800000	-650.273193	57.707390
1896.866667	-650.273193	57.707390
1896.933333	-650.273193	57.707390
1897.000000	-650.273193	57.707390
1897.066667	-650.273193	57.707390
1897.133333	-650.273193	57.707390
1897.200000	-650.273193	57.707390
1897.266667	-650.273193	57.707390
1897.333333	-650.273193	57.707390
1897.400000	-650.273193	57.707390
1897.466667	-650.273193	57.707390
1897.533333	-650.273193	57.707390
1897.600000	-650.273193	57.707390
1897.666667	-650.273193	57.707390
1897.733333	-650.273193	57.707390
1897.800000	-650.273193	57.707390
1897.866667	-650.273193	57.707390
1897.933333	-650.273193	57.707390
1898.000000	-650.273193	57.707390
1898.066667	-650.273193	57.707390
1898.133333	-650.273193	57.707390
1898.200000	-650.273193	57.707390
1898.266667	-650.273193	57.707390
1898.333333	-650.273193	57.707390
1898.400000	-650.273193	57.707390
1898.466667	-650.273193	57.707390
1898.533333	-650.273193	57.707390
1898.600000	-650.273193	57.707390
1898.666667	-650.273193	57.707390
1898.733333	-650.273193	57.707390
1898.800000	-650.273193	57.707390
1898.866667	-650.273193	57.707390
1898.933333	-650.273193	57.707390
1899.000000	-650.273193	57.707390
1899.066667	-650.273193	57.707390
1899.133333	-650.273193	57.707390
1899.200000	-650.273193	57.707390
1899.266667	-650.273193	57.707390
1899.333333	-650.273193	57.707390
1899.400000	-650.273193	57.707390
1899.466667	-650.273193	57.707390
1899.533333	-650.273193	57.707390
1899.600000	-650.273193	57.707390
1899.666667	-650.273193	57.707390
1899.733333	-650.273193	57.707390
1899.800000	-650.273193	57.707390
1899.866667	-650.273193	57.707390
1899.933333	-650.273193	57.707390
1900.000000	-650.273193	57.707390
1900.066667	-650.273193	57.707390
1900.133333	-650.273193	57.707390
1900.200000	-650.273193	57.707390
1900.266667	-650.273193	57.707390
1900.333333	-650.273193	57.707390
1900.400000	-650.273193	57.707390
1900.466667	-650.273193	57.707390
1900.533333	-650.273193	57.707390
1900.600000	-650.273193	57.707390
1900.666667	-650.273193	57.707390
1900.733333	-650.273193	57.707390
1900.800000	-650.273193	57.707390
1900.866667	-650.273193	57.707390
1900.933333	-650.273193	57.707390
1901.000000	-650.273193	57.707390
1901.066667	-650.273193	57.707390
1901.133333	-650.273193	57.707390
1901.200000	-650.273193	57.707390
1901.266667	-650.273193	57.707390
1901.333333	-650.273193	57.707390
1901.400000	-650.273193	57.707390
1901.466667	-650.273193	57.707390
1901.533333	-650.273193	57.707390
1901.600000	-650.273193	57.707390
1901.666667	-650.273193	57.707390
1901.733333	-650.273193	57.707390
1901.800000	-650.273193	57.707390
1901.866667	-650.273193	57.707390
1901.933333	-650.273193	57.707390
1902.000000	-650.273193	57.707390
1902.066667	-650.273193	57.707390
1902.133333	-650.273193	57.707390
1902.200000	-650.273193	57.707390
1902.266667	-650.273193	57.707390
1902.333333	-650.273193	57.707390
1902.400000	-650.273193	57.707390
1902.466667	-650.273193	57.707390
1902.533333	-650.273193	57.707390
1902.600000	-650.273193	57.707390
1902.666667	-650.273193	57.707390
1902.733333	-650.273193	57.707390
1902.800000	-650.273193	57.707390
1902.866667	-650.273193	57.707390
1902.933333	-650.273193	57.707390
1903.000000	-650.273193	57.707390
1903.066667	-650.273193	57.707390
1903.133333	-650.273193	57.707390
1903.200000	-650.273193	57.707390
1903.266667	-650.273193	57.707390
1903.333333	-650.273193	57.707390
1903.400000	-650.273193	57.707390
1903.466667	-650.273193	57.707390
1903.533333	-650.273193	57.707390
1903.600000	-650.273193	57.707390
1903.666667	-650.273193	57.707390
1903.733333	-650.273193	57.707390
1903.800000	-650.273193	57.707390
1903.866667	-650.273193	57.707390
1903.933333	-650.273193	57.707390
1904.000000	-650.273193	57.707390
1904.066667	-650.273193	57.707390
1904.133333	-650.273193	57.707390
1904.200000	-650.273193	57.707390
1904.266667	-650.273193	57.707390
1904.333333	-650.273193	57.707390
1904.400000	-650.273193	57.707390
1904.466667	-650.273193	57.707390
1904.533333	-650.273193	57.707390
1904.600000	-650.273193	57.707390
1904.666667	-650.273193	57.707390
1904.733333	-650.273193	57.707390
1904.800000	-650.273193	57.707390
1904.866667	-650.273193	57.707390
1904.933333	-650.273193	57.707390
1905.000000	-650.273193	57.707390
1905.066667	-650.273193	57.707390
1905.133333	-650.273193	57.707390
1905.200000	-650.273193	57.707390
1905.266667	-650.273193	57.707390
1905.333333	-650.273193	57.707390
1905.400000	-650.273193	57.707390
1905.466667	-650.273193	57.707390
1905.533333	-650.273193	57.707390
1905.600000	-650.273193	57.707390
1905.666667	-650.273193	57.707390
1905.733333	-650.273193	57.707390
1905.800000	-650.273193	57.707390
1905.866667	-650.273193	57.707390
1905.933333	-650.273193	57.707390
1906.000000	-650.273193	57.707390
1906.066667	-650.273193	57.707390
1906.133333	-650.273193	57.707390
1906.200000	-650.273193	57.707390
1906.266667	-650.273193	57.707390
1906.333333	-650.273193	57.707390
1906.400000	-650.273193	57.707390
1906.466667	-650.273193	57.707390
1906.533333	-650.273193	57.707390
1906.600000	-650.273193	57.707390
1906.666667	-650.273193	57.707390
1906.733333	-650.273193	57.707390
1906.800000	-650.273193	57.707390
1906.866667	-650.273193	57.707390
1906.933333	-650.273193	57.707390
1907.000000	-650.273193	57.707390
1907.066667	-650.273193	57.707390
1907.133333	-650.273193	57.707390
1907.200000	-650.273193	57.707390
1907.266667	-650.273193	57.707390
1907.333333	-650.273193	57.707390
1907.400000	-650.273193	57.707390
1907.466667	-650.273193	57.707390
1907.533333	-650.273193	57.707390
1907.600000	-650.273193	57.707390
1907.666667	-650.273193	57.707390
1907.733333	-650.273193	57.707390
1907.800000	-650.273193	57.707390
1907.866667	-650.273193	57.707390
1907.933333	-650.273193	57.707390
1908.000000	-650.273193	57.707390
1908.066667	-650.273193	57.707390
1908.133333	-650.273193	57.707390
1908.200000	-650.273193	57.707390
1908.266667	-650.273193	57.707390
1908.333333	-650.273193	57.707390
1908.400000	-650.273193	57.707390
1908.466667	-650.273193	57.707390
1908.533333	-650.273193	57.707390
1908.600000	-650.273193	57.707390
1908.666667	-650.273193	57.707390
1908.733333	-650.273193	57.707390
1908.800000	-650.273193	57.707390
1908.866667	-650.273193	57.707390
1908.933333	-650.273193	57.707390
1909.000000	-650.273193	57.707390
1909.066667	-650.273193	57.707390
1909.133333	-650.273193	57.707390
1909.200000	-650.273193	57.707390
1909.266667	-650.273193	57.707390
1909.333333	-650.273193	57.707390
1909.400000	-650.273193	57.707390
1909.466667	-650.273193	57.707390
1909.533333	-650.273193	57.707390
1909.600000	-650.273193	57.707390
1909.666667	-650.273193	57.707390
1909.733333	-650.273193	57.707390
1909.800000	-650.273193	57.707390
1909.866667	-650.273193	57.707390
1909.933333	-650.273193	57.707390
1910.000000	-650.273193	57.707390
1910.066667	-650.273193	57.707390
1910.133333	-650.273193	57.707390
1910.200000	-650.273193	57.707390
1910.266667	-650.273193	57.707390
1910.333333	-650.273193	57.707390
1910.400000	-650.273193	57.707390
1910.466667	-650.273193	57.707390
1910.533333	-650.273193	57.707390
1910.600000	-650.273193	57.707390
1910.666667	-650.273193	57.707390
1910.733333	-650.273193	57.707390
1910.800000	-650.273193	57.707390
1910.866667	-650.273193	57.707390
1910.933333	-650.273193	57.707390
1911.000000	-650.273193	57.707390
1911.066667	-650.273193	57.707390
1911.133333	-650.273193	57.707390
1911.200000	-650.273193	57.707390
1911.266667	-650.273193	57.707390
1911.333333	-650.273193	57.707390
1911.400000	-650.273193	57.707390
1911.466667	-650.273193	57.707390
1911.533333	-650.273193	57.707390
1911.600000	-650.273193	57.707390
1911.666667	-650.273193	57.707390
1911.733333	-650.273193	57.707390
1911.800000	-650.273193	57.707390
1911.866667	-650.273193	57.707390
1911.933333	-650.273193	57.707390
1912.000000	-650.273193	57.707390
1912.066667	-650.273193	57.707390
1912.133333	-650.273193	57.707390
1912.200000	-650.273193	57.707390
1912.266667	-650.273193	57.707390
1912.333333	-650.273193	57.707390
1912.400000	-650.273193	57.707390
1912.466667	-650.273193	57.707390
1912.533333	-650.273193	57.707390
1912.600000	-650.273193	57.707390
1912.666667	-650.273193	57.707390
1912.733333	-650.273193	57.707390
1912.800000	-650.273193	57.707390
1912.866667	-650.273193	57.707390
1912.933333	-650.273193	57.707390
1913.000000	-650.273193	57.707390
1913.066667	-650.273193	57.707390
1913.133333	-650.273193	57.707390
1913.200000	-650.273193	57.707390
1913.266667	-650.273193	57.707390
1913.333333	-650.273193	57.707390
1913.400000	-650.273193	57.707390
1913.466667	-650.273193	57.707390
1913.533333	-650.273193	57.707390
1913.600000	-650.273193	57.707390
1913.666667	-650.273193	57.707390
1913.733333	-650.273193	57.707390
1913.800000	-650.273193	57.707390
1913.866667	-650.273193	57.707390
1913.933333	-650.273193	57.707390
1914.000000	-650.273193	57.707390
1914.066667	-650.273193	57.707390
1914.133333	-650.273193	57.707390
1914.200000	-650.273193	57.707390
1914.266667	-650.273193	57.707390
1914.333333	-650.273193	57.707390
1914.400000	-650.273193	57.707390
1914.466667	-650.273193	57.707390
1914.533333	-650.273193	57.707390
1914.600000	-650.273193	57.707390
1914.666667	-650.273193	57.707390
1914.733333	-650.273193	57.707390
1914.800000	-650.273193	57.707390
1914.866667	-650.273193	57.707390
1914.933333	-650.273193	57.707390
1915.000000	-650.273193	57.707390
1915.066667	-650.273193	57.707390
1915.133333	-650.273193	57.707390
1915.200000	-650.273193	57.707390
1915.266667	-650.273193	57.707390
1915.333333	-650.273193	57.707390
1915.400000	-650.273193	57.707390
1915.466667	-650.273193	57.707390
1915.533333	-650.273193	57.707390
1915.600000	-650.273193	57.707390
1915.666667	-650.273193	57.707390
1915.733333	-650.273193	57.707390
1915.800000	-650.273193	57.707390
1915.866667	-650.273193	57.707390
1915.933333	-650.273193	57.707390
1916.000000	-650.273193	57.707390
1916.066667	-650.273193	57.707390
1916.133333	-650.273193	57.707390
1916.200000	-650.273193	57.707390
1916.266667	-650.273193	57.707390
1916.333333	-650.273193	57.707390
1916.400000	-650.273193	57.707390
1916.466667	-650.273193	57.707390
1916.533333	-650.273193	57.707390
1916.600000	-650.273193	57.707390
1916.666667	-650.273193	57.707390
1916.733333	-650.273193	57.707390
1916.800000	-650.273193	57.707390
1916.866667	-650.273193	57.707390
1916.933333	-650.273193	57.707390
1917.000000	-650.273193	57.707390
1917.066667	-650.273193	57.707390
1917.133333	-650.273193	57.707390
1917.200000	-650.273193	57.707390
1917.266667	-650.273193	57.707390
1917.333333	-650.273193	57.707390
1917.400000	-650.273193	57.707390
1917.466667	-650.273193	57.707390
1917.533333	-650.273193	57.707390
1917.600000	-650.273193	57.707390
1917.666667	-650.273193	57.707390
1917.733333	-650.273193	57.707390
1917.800000	-650.273193	57.707390
1917.866667	-650.273193	57.707390
1917.933333	-650.273193	57.707390
1918.000000	-650.273193	57.707390
1918.066667	-650.273193	57.707390
1918.133333	-650.273193	57.707390
1918.200000	-650.273193	57.707390
1918.266667	-650.273193	57.707390
1918.333333	-650.273193	57.707390
1918.400000	-650.273193	57.707390
1918.466667	-650.273193	57.707390
1918.533333	-650.273193	57.707390
1918.600000	-650.273193	57.707390
1918.666667	-650.273193	57.707390
1918.733333	-650.273193	57.707390
1918.800000	-650.273193	57.707390
1918.866667	-650.273193	57.707390
1918.933333	-650.273193	57.707390
1919.000000	-650.273193	57.707390
1919.066667	-650.273193	57.707390
1919.133333	-650.273193	57.707390
1919.200000	-650.273193	57.707390
1919.266667	-650.273193	57.707390
1919.333333	-650.273193	57.707390
1919.400000	-650.273193	57.707390
1919.466667	-650.273193	57.707390
1919.533333	-650.273193	57.707390
1919.600000	-650.273193	57.707390
1919.666667	-650.273193	57.707390
1919.733333	-650.273193	57.707390
1919.800000	-650.273193	57.707390
1919.866667	-650.273193	57.707390
1919.933333	-650.273193	57.707390
1920.000000	-650.273193	57.707390
