2280.066667	-363.382721	122.202606
2280.133333	-363.149475	122.239090
2280.200000	-362.896057	122.223389
2280.266667	-362.725800	122.223541
2280.333333	-362.581299	122.256088
2280.400000	-362.454315	122.073448
2280.466667	-362.057373	122.342186
2280.533333	-361.932190	122.296761
2280.600000	-361.806244	122.286827
2280.666667	-361.536774	122.298187
2280.733333	-361.328247	122.304367
2280.800000	-361.203613	122.250305
2280.866667	-360.900452	122.313011
2280.933333	-360.669922	122.309723
2281.000000	-360.590942	122.309723
2281.066667	-360.306427	122.322609
2281.133333	-360.077698	122.414543
2281.200000	-359.965515	122.369484
2281.266667	-359.968750	122.248222
2281.333333	-359.602478	122.473091
2281.400000	-359.354523	122.506088
2281.466667	-359.288544	122.390991
2281.533333	-358.935242	122.565987
2281.600000	-358.791412	122.604256
2281.666667	-358.710358	122.550430
2281.733333	-358.383484	122.766762
2281.800000	-358.333344	122.627892
2281.866667	-358.071838	122.609421
2281.933333	-357.842682	122.790627
2282.000000	-357.784637	122.704552
2282.066667	-357.448975	122.839249
2282.133333	-357.316589	122.787086
2282.200000	-357.227875	122.723854
2282.266667	-356.978241	122.765976
2282.333333	-356.732361	122.877731
2282.400000	-356.513763	122.896828
2282.466667	-356.184296	122.986984
2282.533333	-356.093903	122.939255
2282.600000	-355.992706	122.869263
2282.666667	-355.703918	122.907768
2282.733333	-355.596222	122.899277
2282.800000	-355.310852	122.985970
2282.866667	-354.983032	123.051178
2282.933333	-354.842285	122.919456
2283.000000	-354.738190	122.871521
2283.066667	-354.499268	122.954910
2283.133333	-354.267334	122.953278
2283.200000	-354.046906	122.992546
2283.266667	-353.989594	122.980774
2283.333333	-353.647247	123.046906
2283.400000	-353.551270	122.991898
2283.466667	-353.424469	123.007332
2283.533333	-353.103149	123.152718
2283.600000	-352.847168	123.243881
2283.666667	-352.696503	123.291847
2283.733333	-352.701843	123.085709
2283.800000	-352.286926	123.389771
2283.866667	-352.246979	123.287064
2283.933333	-351.974640	123.394974
2284.000000	-351.861542	123.274757
2284.066667	-351.542023	123.554825
2284.133333	-351.415344	123.451782
2284.200000	-351.234070	123.489105
2284.266667	-351.009613	123.491402
2284.333333	-350.923798	123.413971
2284.400000	-350.719391	123.459961
2284.466667	-350.347443	123.647064
2284.533333	-350.198669	123.606735
2284.600000	-350.070343	123.560463
2284.666667	-349.817230	123.581993
2284.733333	-349.595215	123.627998
2284.800000	-349.459930	123.665199
2284.866667	-349.277374	123.549202
2284.933333	-349.043396	123.609161
2285.000000	-348.881409	123.588989
2285.066667	-348.673492	123.565887
2285.133333	-348.504211	123.580399
2285.200000	-348.185272	123.627563
2285.266667	-348.131439	123.555939
2285.333333	-347.831421	123.676537
2285.400000	-347.654022	123.702225
2285.466667	-347.451172	123.654564
2285.533333	-347.296173	123.670532
2285.600000	-346.986267	123.827995
2285.666667	-346.862183	123.789696
2285.733333	-346.766632	123.706551
2285.800000	-346.499939	123.837555
2285.866667	-346.252411	123.918816
2285.933333	-346.002777	124.006721
2286.000000	-345.814392	124.097733
2286.066667	-345.634918	124.094025
2286.133333	-345.571533	123.998566
2286.200000	-345.301392	124.068840
2286.266667	-345.205627	124.054001
2286.333333	-344.886475	124.186409
2286.400000	-344.722046	124.199043
2286.466667	-344.498291	124.245621
2286.533333	-344.301483	124.229492
2286.600000	-344.216400	124.186089
2286.666667	-344.077087	124.138184
2286.733333	-343.638092	124.321693
2286.800000	-343.552368	124.267075
2286.866667	-343.274719	124.277214
2286.933333	-343.158539	124.234657
2287.000000	-342.975494	124.276688
2287.066667	-342.684784	124.356209
2287.133333	-342.536774	124.181465
2287.200000	-342.357544	124.242462
2287.266667	-342.199982	124.192909
2287.333333	-341.853302	124.303734
2287.400000	-341.813354	124.216003
2287.466667	-341.408844	124.453690
2287.533333	-341.344849	124.398300
2287.600000	-341.214844	124.318214
2287.666667	-341.002502	124.412941
2287.733333	-340.739197	124.404350
2287.800000	-340.556274	124.498291
2287.866667	-340.311096	124.568703
2287.933333	-340.166199	124.491714
2288.000000	-339.968384	124.581474
2288.066667	-339.827179	124.583458
2288.133333	-339.666748	124.564568
2288.200000	-339.476318	124.659729
2288.266667	-339.172028	124.791336
2288.333333	-338.976898	124.760735
2288.400000	-338.873901	124.717018
2288.466667	-338.721985	124.727570
2288.533333	-338.368866	124.930969
2288.600000	-338.237457	124.800156
2288.666667	-337.925018	125.053352
2288.733333	-337.816711	124.895752
2288.800000	-337.697571	124.867195
2288.866667	-337.293640	124.971764
2288.933333	-337.195709	124.971191
2289.000000	-337.061127	124.921951
2289.066667	-336.921539	124.831215
2289.133333	-336.674561	124.907753
2289.200000	-336.403320	124.948799
2289.266667	-336.292908	124.870865
2289.333333	-335.919403	124.978668
2289.400000	-335.916626	124.905479
2289.466667	-335.636017	124.914421
2289.533333	-335.489410	124.977684
2289.600000	-335.220947	124.967163
2289.666667	-335.011749	124.980728
2289.733333	-334.946320	124.977737
2289.800000	-334.575500	125.063957
2289.866667	-334.424438	125.057411
2289.933333	-334.312561	125.077888
2290.000000	-334.016144	125.249809
2290.066667	-333.837616	125.174782
2290.133333	-333.580902	125.265709
2290.200000	-333.552094	125.193802
2290.266667	-333.300049	125.311813
2290.333333	-333.128937	125.336212
2290.400000	-332.988770	125.292091
2290.466667	-332.784637	125.414795
2290.533333	-332.510132	125.456703
2290.600000	-332.401703	125.430893
2290.666667	-332.152344	125.470467
2290.733333	-331.896484	125.574821
2290.800000	-331.830444	125.487473
2290.866667	-331.561371	125.526558
2290.933333	-331.401978	125.536522
2291.000000	-331.095428	125.571548
2291.066667	-330.925751	125.545670
2291.133333	-330.685760	125.631760
2291.200000	-330.577332	125.538528
2291.266667	-330.344604	125.495499
2291.333333	-330.209412	125.477844
2291.400000	-329.922241	125.590698
2291.466667	-329.706970	125.588516
2291.533333	-329.595490	125.623680
2291.600000	-329.413208	125.613579
2291.666667	-329.202454	125.630791
2291.733333	-328.997284	125.601730
2291.800000	-328.675812	125.695076
2291.866667	-328.596680	125.628906
2291.933333	-328.395538	125.598312
2292.000000	-328.193146	125.768654
2292.066667	-327.983856	125.834145
2292.133333	-327.869019	125.715340
2292.200000	-327.718231	125.745567
2292.266667	-327.372284	125.892380
2292.333333	-327.200256	125.913139
2292.400000	-327.055176	125.920219
2292.466667	-326.957733	125.827766
2292.533333	-326.671448	126.060753
2292.600000	-326.541840	125.952805
2292.666667	-326.291626	126.105347
2292.733333	-326.204102	125.974854
2292.800000	-325.948761	126.018631
2292.866667	-325.778625	125.995598
2292.933333	-325.398010	126.125992
2293.000000	-325.274841	126.210953
2293.066667	-325.173584	126.112503
2293.133333	-324.943054	126.120590
2293.200000	-324.731750	126.110771
2293.266667	-324.493713	126.183945
2293.333333	-324.392883	126.094292
2293.400000	-324.036957	126.203850
2293.466667	-323.872040	126.159492
2293.533333	-323.750610	126.146942
2293.600000	-323.447540	126.228737
2293.666667	-323.295990	126.222122
2293.733333	-323.131470	126.201729
2293.800000	-322.962463	126.154297
2293.866667	-322.647461	126.298965
2293.933333	-322.501343	126.240135
2294.000000	-322.344940	126.196205
2294.066667	-322.097656	126.262947
2294.133333	-321.954346	126.266960
2294.200000	-321.781525	126.311890
2294.266667	-321.560211	126.398720
2294.333333	-321.327271	126.447800
2294.400000	-321.193237	126.456802
2294.466667	-321.089478	126.404556
2294.533333	-320.753632	126.508720
2294.600000	-320.598694	126.578743
2294.666667	-320.501099	126.501465
2294.733333	-320.276642	126.616272
2294.800000	-319.972137	126.705902
2294.866667	-319.770020	126.676018
2294.933333	-319.701569	126.615974
2295.000000	-319.389740	126.770164
2295.066667	-319.332794	126.601402
2295.133333	-319.071991	126.652641
2295.200000	-318.758911	126.813751
2295.266667	-318.578308	126.846375
2295.333333	-318.418823	126.811043
2295.400000	-318.190094	126.763535
2295.466667	-318.071899	126.744453
2295.533333	-317.835266	126.770287
2295.600000	-317.614075	126.773552
2295.666667	-317.430969	126.729225
2295.733333	-317.300110	126.753807
2295.800000	-317.118652	126.677483
2295.866667	-316.908203	126.729889
2295.933333	-316.709412	126.763870
2296.000000	-316.521240	126.703491
2296.066667	-316.317780	126.756844
2296.133333	-316.182892	126.825569
2296.200000	-315.998993	126.818207
2296.266667	-315.693085	126.953011
2296.333333	-315.470703	126.906204
2296.400000	-315.376831	126.913551
2296.466667	-315.155487	127.029434
2296.533333	-314.996338	126.947952
2296.600000	-314.628693	126.988457
2296.666667	-314.628693	126.988457
2296.733333	-314.455444	127.106308
2296.800000	-314.177185	127.253105
2296.866667	-314.046417	127.186928
2296.933333	-313.846130	127.257111
2297.000000	-313.418274	127.259895
2297.066667	-313.418274	127.259895
2297.133333	-313.301270	127.272957
2297.200000	-313.138580	127.238472
2297.266667	-312.867340	127.296623
2297.333333	-312.677948	127.239105
2297.400000	-312.276520	127.286041
2297.466667	-312.276520	127.286041
2297.533333	-312.144257	127.288986
2297.600000	-311.940887	127.216141
2297.666667	-311.720917	127.225800
2297.733333	-311.526642	127.218262
2297.800000	-311.082855	127.347534
2297.866667	-310.887512	127.337624
2297.933333	-310.887512	127.337624
2298.000000	-310.697021	127.360703
2298.066667	-310.458252	127.354904
2298.133333	-310.266602	127.362122
2298.200000	-309.835175	127.523026
2298.266667	-309.656036	127.495956
2298.333333	-309.656036	127.495956
2298.400000	-309.484070	127.575264
2298.466667	-309.366272	127.458008
2298.533333	-309.137329	127.538483
2298.600000	-308.825165	127.552689
2298.666667	-308.560547	127.630981
2298.733333	-308.560547	127.630981
2298.800000	-308.406342	127.650215
2298.866667	-308.212677	127.653778
2298.933333	-308.107361	127.667618
2299.000000	-307.605164	127.774689
2299.066667	-307.479462	127.793747
2299.133333	-307.280457	127.811577
2299.200000	-307.280457	127.811577
2299.266667	-307.055084	127.831505
2299.333333	-306.881012	127.827515
2299.400000	-306.472137	127.855927
2299.466667	-306.309540	127.882545
2299.533333	-306.056091	127.897583
2299.600000	-306.056091	127.897583
2299.666667	-305.952362	127.829529
2299.733333	-305.726410	127.779541
2299.800000	-305.365417	127.821114
2299.866667	-305.036407	127.890793
2299.933333	-304.905426	127.848030
2300.000000	-304.905426	127.848030
2300.066667	-304.694641	127.904778
2300.133333	-304.450043	127.926628
2300.200000	-302.999939	127.749496
2300.266667	-303.907562	128.000351
2300.333333	-303.668213	128.049545
2300.400000	-303.668213	128.049545
2300.466667	-303.509979	127.994553
2300.533333	-303.442596	127.971817
2300.600000	-303.044067	128.090988
2300.666667	-302.842651	128.165787
2300.733333	-302.616699	128.174088
2300.800000	-302.349731	128.255295
2300.866667	-302.349731	128.255295
2300.933333	-302.238434	128.276184
2301.000000	-301.840912	128.354797
2301.066667	-301.718628	128.283020
2301.133333	-301.487732	128.223526
2301.200000	-301.378845	128.251358
2301.266667	-301.378845	128.251358
2301.333333	-301.002319	128.461151
2301.400000	-300.696136	128.410278
2301.466667	-300.553467	128.342209
2301.533333	-300.368530	128.379211
2301.600000	-300.225433	128.329559
2301.666667	-300.225433	128.329559
2301.733333	-300.004211	128.340271
2301.800000	-299.618988	128.325211
2301.866667	-299.397034	128.373367
2301.933333	-299.210938	128.321274
2302.000000	-298.990723	128.391037
2302.066667	-298.852875	128.360703
2302.133333	-298.852875	128.360703
2302.200000	-298.425812	128.348267
2302.266667	-298.203644	128.465668
2302.333333	-298.003326	128.419815
2302.400000	-297.834442	128.451355
2302.466667	-297.625549	128.465958
2302.533333	-297.625549	128.465958
2302.600000	-297.256042	128.508469
2302.666667	-296.994934	128.626404
2302.733333	-296.913940	128.555817
2302.800000	-296.667175	128.618607
2302.866667	-296.445831	128.766373
2302.933333	-296.445831	128.766373
2303.000000	-296.133179	128.702652
2303.066667	-295.897430	128.804703
2303.133333	-295.767395	128.775070
2303.200000	-295.525513	128.821823
2303.266667	-295.382965	128.810104
2303.333333	-295.231812	128.850250
2303.400000	-295.073090	128.799255
2303.466667	-294.798218	128.812073
2303.533333	-294.609650	128.894150
2303.600000	-294.458191	128.909561
2303.666667	-294.220184	128.876358
2303.733333	-294.065491	128.906815
2303.800000	-293.821472	128.928253
2303.866667	-293.666718	128.916397
2303.933333	-293.387268	128.972382
2304.000000	-293.222321	128.898422
2304.066667	-292.965027	128.984558
2304.133333	-292.770966	128.941635
2304.200000	-292.620911	128.961945
2304.266667	-292.490234	128.858505
2304.333333	-292.234924	128.889969
2304.400000	-292.037506	129.027466
2304.466667	-291.816132	129.026947
2304.533333	-291.711273	128.967636
2304.600000	-291.500122	129.023590
2304.666667	-291.254822	129.023407
2304.733333	-291.073944	129.096817
2304.800000	-290.855713	129.161758
2304.866667	-290.693146	129.114395
2304.933333	-290.506622	129.175400
2305.000000	-290.358063	129.151917
2305.066667	-290.164032	129.218704
2305.133333	-290.024200	129.255356
2305.200000	-289.797729	129.300369
2305.266667	-289.559814	129.314804
2305.333333	-289.329376	129.393295
2305.400000	-289.312836	129.278000
2305.466667	-289.101715	129.337936
2305.533333	-288.907379	129.372421
2305.600000	-288.657501	129.443268
2305.666667	-288.454498	129.483200
2305.733333	-288.217468	129.472702
2305.800000	-287.966797	129.520981
2305.866667	-287.822205	129.482803
2305.933333	-287.716034	129.425842
2306.000000	-287.498322	129.435120
2306.066667	-287.295898	129.411575
2306.133333	-286.974823	129.465683
2306.200000	-286.858521	129.458069
2306.266667	-286.724823	129.422272
2306.333333	-286.473480	129.428116
2306.400000	-286.262512	129.464844
2306.466667	-286.015991	129.531616
2306.533333	-285.814392	129.512665
2306.600000	-285.667633	129.537598
2306.666667	-285.518005	129.538818
2306.733333	-285.300842	129.565460
2306.800000	-285.100494	129.596252
2306.866667	-284.888611	129.610001
2306.933333	-284.742920	129.618790
2307.000000	-284.552094	129.665421
2307.066667	-284.519501	129.586380
2307.133333	-284.227692	129.649460
2307.200000	-284.017334	129.731903
2307.266667	-283.782318	129.760727
2307.333333	-283.511749	129.914612
2307.400000	-283.544220	129.676407
2307.466667	-283.260132	129.882736
2307.533333	-283.113525	129.828247
2307.600000	-282.821960	129.946274
2307.666667	-282.666840	129.888092
2307.733333	-282.409760	129.991699
2307.800000	-282.228271	130.011551
2307.866667	-282.069153	129.940018
2307.933333	-281.967224	129.888733
2308.000000	-281.717133	129.916183
2308.066667	-281.500397	129.910355
2308.133333	-281.327057	129.962997
2308.200000	-281.122437	129.919327
2308.266667	-280.875397	129.971756
2308.333333	-280.672180	130.013641
2308.400000	-280.569275	129.921219
2308.466667	-280.372101	129.919403
2308.533333	-280.152130	129.934769
2308.600000	-279.930695	129.946762
2308.666667	-279.703339	129.938171
2308.733333	-279.503662	130.049728
2308.800000	-279.336365	130.001923
2308.866667	-279.153564	130.022949
2308.933333	-278.944550	130.098633
2309.000000	-278.758362	130.136139
2309.066667	-278.676361	130.073990
2309.133333	-278.465698	130.152069
2309.200000	-278.145477	130.256653
2309.266667	-278.026154	130.222824
2309.333333	-277.899231	130.185165
2309.400000	-277.678619	130.250641
2309.466667	-277.456329	130.311874
2309.533333	-277.303833	130.299805
2309.600000	-277.066833	130.372330
2309.666667	-276.906281	130.408722
2309.733333	-276.751678	130.350525
2309.800000	-276.566162	130.343597
2309.866667	-276.282715	130.530991
2309.933333	-276.105103	130.478333
2310.000000	-275.970459	130.386734
2310.066667	-275.680939	130.474655
2310.133333	-275.516266	130.393463
2310.200000	-275.321259	130.500366
2310.266667	-275.140717	130.404007
2310.333333	-274.936737	130.375732
2310.400000	-274.720154	130.370804
2310.466667	-274.613556	130.423157
2310.533333	-274.341156	130.451721
2310.600000	-274.105774	130.518417
2310.666667	-274.012085	130.415543
2310.733333	-273.725098	130.473953
2310.800000	-273.583466	130.477982
2310.866667	-273.393646	130.514740
2310.933333	-273.179901	130.467957
2311.000000	-273.032532	130.532074
2311.066667	-272.853271	130.487671
2311.133333	-272.649323	130.506470
2311.200000	-272.431122	130.562653
2311.266667	-272.174438	130.718430
2311.333333	-272.078308	130.668350
2311.400000	-271.820862	130.698456
2311.466667	-271.744507	130.696960
2311.533333	-271.461761	130.795807
2311.600000	-271.420746	130.689621
2311.666667	-271.066498	130.751343
2311.733333	-270.957458	130.772018
2311.800000	-270.758698	130.824890
2311.866667	-270.551788	130.897507
2311.933333	-270.306824	130.907043
2312.000000	-270.166260	130.843826
2312.066667	-269.956299	130.893600
2312.133333	-269.872650	130.825668
2312.200000	-269.617035	130.837784
2312.266667	-269.471710	130.849167
2312.333333	-269.182953	130.886765
2312.400000	-268.986694	130.852478
2312.466667	-268.809753	130.831650
2312.533333	-268.653412	130.809891
2312.600000	-268.366730	130.874832
2312.666667	-268.237183	130.839050
2312.733333	-268.025513	130.892685
2312.800000	-267.766266	130.923279
2312.866667	-267.630859	130.893539
2312.933333	-267.480438	130.897614
2313.000000	-267.162170	130.983475
2313.066667	-266.976166	130.933365
2313.133333	-266.855469	131.013153
2313.200000	-266.678162	131.004837
2313.266667	-266.518280	130.965759
2313.333333	-266.361267	130.994781
2313.400000	-266.019653	131.141464
2313.466667	-265.927032	131.115646
2313.533333	-265.726746	131.174652
2313.600000	-265.501526	131.165344
2313.666667	-265.349854	131.193344
2313.733333	-265.177094	131.149765
2313.800000	-264.902191	131.279694
2313.866667	-264.775208	131.317825
2313.933333	-264.526733	131.376465
2314.000000	-264.386353	131.279877
2314.066667	-264.246002	131.207550
2314.133333	-264.087769	131.273529
2314.200000	-263.747711	131.411072
2314.266667	-263.674530	131.331360
2314.333333	-263.473877	131.285507
2314.400000	-263.146210	131.393661
2314.466667	-263.066376	131.258240
2314.533333	-262.850952	131.374893
2314.600000	-262.586456	131.363937
2314.666667	-262.469147	131.254242
2314.733333	-262.296021	131.233459
2314.800000	-262.075439	131.260468
2314.866667	-261.790863	131.385620
2314.933333	-261.726227	131.261307
2315.000000	-261.360413	131.487473
2315.066667	-261.179321	131.300751
2315.133333	-261.090118	131.387054
2315.200000	-260.863983	131.420120
2315.266667	-260.625549	131.479645
2315.333333	-260.482941	131.451202
2315.400000	-260.277618	131.483917
2315.466667	-260.108215	131.495499
2315.533333	-259.923401	131.564209
2315.600000	-259.812134	131.516006
2315.666667	-259.572876	131.638550
2315.733333	-259.381531	131.562393
2315.800000	-259.217773	131.665466
2315.866667	-258.941803	131.706085
2315.933333	-258.785400	131.642609
2316.000000	-258.650299	131.712250
2316.066667	-258.416168	131.772614
2316.133333	-258.238464	131.687531
2316.200000	-257.990936	131.807922
2316.266667	-257.819855	131.800980
2316.333333	-257.746735	131.732162
2316.400000	-257.506042	131.751572
2316.466667	-257.296173	131.747437
2316.533333	-257.019806	131.784576
2316.600000	-256.896637	131.743408
2316.666667	-256.704407	131.761566
2316.733333	-256.478241	131.718567
2316.800000	-256.341827	131.714127
2316.866667	-256.097443	131.778671
2316.933333	-255.829926	131.805435
2317.000000	-255.732727	131.763885
2317.066667	-255.482071	131.788254
2317.133333	-255.265411	131.810196
2317.200000	-255.026062	131.869171
2317.266667	-254.958191	131.775223
2317.333333	-254.716263	131.794724
2317.400000	-254.569061	131.842621
2317.466667	-254.275360	131.894867
2317.533333	-254.062973	131.968994
2317.600000	-253.944061	131.955933
2317.666667	-253.841263	131.944656
2317.733333	-253.649979	131.990570
2317.800000	-253.432434	132.062851
2317.866667	-253.194122	132.073578
2317.933333	-253.076248	132.100723
2318.000000	-252.810776	132.176514
2318.066667	-252.741333	132.113495
2318.133333	-252.381805	132.199997
2318.200000	-252.216476	132.199081
2318.266667	-252.052750	132.240509
2318.333333	-251.971313	132.073578
2318.400000	-251.620499	132.270996
2318.466667	-251.499298	132.199997
2318.533333	-251.243774	132.252487
2318.600000	-251.174179	132.144287
2318.666667	-250.968414	132.152100
2318.733333	-250.662735	132.234024
2318.800000	-250.532745	132.160690
2318.866667	-250.302551	132.191315
2318.933333	-250.141830	132.182938
2319.000000	-250.003189	132.111084
2319.066667	-249.734863	132.234283
2319.133333	-249.425186	132.255798
2319.200000	-249.304932	132.301971
2319.266667	-249.074051	132.291397
2319.333333	-248.957825	132.263153
2319.400000	-248.741028	132.257599
2319.466667	-248.552963	132.276093
2319.533333	-248.400909	132.345490
2319.600000	-248.174881	132.340698
2319.666667	-247.999680	132.341934
2319.733333	-247.820709	132.392288
2319.800000	-247.696259	132.367874
2319.866667	-247.502228	132.403534
2319.933333	-247.286163	132.457642
2320.000000	-247.090057	132.456406
2320.066667	-246.850311	132.555054
2320.133333	-246.729492	132.532852
2320.200000	-246.545380	132.581436
2320.266667	-246.313248	132.604156
2320.333333	-246.064209	132.631531
2320.400000	-245.858963	132.711792
2320.466667	-245.774506	132.618134
2320.533333	-245.415329	132.764893
2320.600000	-245.321365	132.643417
2320.666667	-245.096924	132.754440
2320.733333	-244.920837	132.652863
2320.800000	-244.812164	132.564804
2320.866667	-244.497192	132.688339
2320.933333	-244.368011	132.685883
2321.000000	-244.050583	132.800995
2321.066667	-244.046021	132.588455
2321.133333	-243.712723	132.726120
2321.200000	-243.502945	132.656784
2321.266667	-243.441238	132.616058
2321.333333	-243.128616	132.730453
2321.400000	-242.993744	132.658585
2321.466667	-242.795486	132.654572
2321.533333	-242.580322	132.757370
2321.600000	-242.430374	132.727539
2321.666667	-242.195648	132.803131
2321.733333	-242.008530	132.825516
2321.800000	-241.772308	132.802979
2321.866667	-241.757751	132.749298
2321.933333	-241.456512	132.877853
2322.000000	-241.373749	132.841156
2322.066667	-241.190811	132.888641
2322.133333	-240.914322	133.005753
2322.200000	-240.708313	133.004257
2322.266667	-240.522644	133.073517
2322.333333	-240.306274	133.057327
2322.400000	-240.133011	133.023972
2322.466667	-239.985718	133.149734
2322.533333	-239.710419	133.133316
2322.600000	-239.594986	133.017410
2322.666667	-239.398483	133.105743
2322.733333	-239.264862	133.043472
2322.800000	-239.051956	133.036316
2322.866667	-238.829254	133.125961
2322.933333	-238.508926	133.194656
2323.000000	-238.360214	133.085953
2323.066667	-238.218277	133.110535
2323.133333	-238.071945	133.037842
2323.200000	-237.731720	133.170029
2323.266667	-237.588272	133.120514
2323.333333	-237.454544	133.053802
2323.400000	-237.145767	133.118439
2323.466667	-236.910110	133.181488
2323.533333	-236.815735	133.111649
2323.600000	-236.565811	133.151337
2323.666667	-236.338577	133.187073
2323.733333	-236.299500	133.150513
2323.800000	-236.031921	133.142242
2323.866667	-235.933990	133.180283
2323.933333	-235.679138	133.260269
2324.000000	-235.544083	133.213455
2324.066667	-235.277496	133.348709
2324.133333	-235.139877	133.391968
2324.200000	-234.913086	133.375320
2324.266667	-234.846710	133.354309
2324.333333	-234.656372	133.408279
2324.400000	-234.400131	133.486908
2324.466667	-234.269684	133.513275
2324.533333	-234.086441	133.371597
2324.600000	-233.788803	133.510239
2324.666667	-233.605804	133.522797
2324.733333	-233.414093	133.550827
2324.800000	-233.214981	133.536606
2324.866667	-233.022781	133.566727
2324.933333	-232.922470	133.510422
2325.000000	-232.639648	133.521912
2325.066667	-232.469086	133.513214
2325.133333	-232.284103	133.536423
2325.200000	-232.095779	133.443878
2325.266667	-231.873779	133.453293
2325.333333	-231.665268	133.544540
2325.400000	-231.540207	133.457260
2325.466667	-231.158554	133.606186
2325.533333	-230.985382	133.577789
2325.600000	-230.883179	133.476608
2325.666667	-230.642532	133.552399
2325.733333	-230.445068	133.575119
2325.800000	-230.338242	133.527267
2325.866667	-230.143494	133.550888
2325.933333	-229.999908	133.531937
2326.000000	-229.749573	133.642014
2326.066667	-229.552231	133.660461
2326.133333	-229.270737	133.779449
2326.200000	-229.117386	133.773666
2326.266667	-229.006119	133.808716
2326.333333	-228.827911	133.785217
2326.400000	-228.549759	133.866653
2326.466667	-228.438293	133.842194
2326.533333	-228.218491	133.912674
2326.600000	-227.983871	133.954391
2326.666667	-227.767044	133.986435
2326.733333	-227.685699	133.939819
2326.800000	-227.470734	134.029724
2326.866667	-227.237564	133.986038
2326.933333	-227.145447	133.893921
2327.000000	-226.961212	133.905197
2327.066667	-226.689362	133.966888
2327.133333	-226.395569	134.016907
2327.200000	-226.336273	133.948471
2327.266667	-226.118866	133.907288
2327.333333	-225.875504	133.987747
2327.400000	-225.716522	133.983887
2327.466667	-225.614014	133.867401
2327.533333	-225.216385	133.981018
2327.600000	-225.099731	133.976807
2327.666667	-224.947937	133.886841
2327.733333	-224.717331	134.027847
2327.800000	-224.478363	133.983109
2327.866667	-224.395035	133.974014
2327.933333	-224.181137	134.006241
2328.000000	-223.998672	133.972183
2328.066667	-223.818542	134.050674
2328.133333	-223.462646	134.205048
2328.200000	-223.373581	134.109711
2328.266667	-223.234207	134.108810
2328.333333	-223.046082	134.198624
2328.400000	-222.992874	134.099869
2328.466667	-222.596664	134.270096
2328.533333	-222.472076	134.254166
2328.600000	-222.354996	134.273300
2328.666667	-222.114944	134.379791
2328.733333	-221.866119	134.424484
2328.800000	-221.705353	134.410126
2328.866667	-221.567780	134.321426
2328.933333	-221.431396	134.303741
2329.000000	-221.195663	134.371353
2329.066667	-220.954010	134.404892
2329.133333	-220.753052	134.417725
2329.200000	-220.554413	134.417252
2329.266667	-220.416290	134.363358
2329.333333	-220.298203	134.291183
2329.400000	-219.963470	134.406204
2329.466667	-219.837997	134.341797
2329.533333	-219.655457	134.341278
2329.600000	-219.361511	134.370651
2329.666667	-219.108780	134.434586
2329.733333	-219.109421	134.291275
2329.800000	-218.776779	134.381989
2329.866667	-218.569336	134.420975
2329.933333	-218.464172	134.349564
2330.000000	-218.269653	134.446457
2330.066667	-218.020081	134.400238
2330.133333	-217.890503	134.434402
2330.200000	-217.703995	134.447678
2330.266667	-217.392776	134.523895
2330.333333	-217.310364	134.482025
2330.400000	-217.074615	134.577271
2330.466667	-216.962189	134.549957
2330.533333	-216.720428	134.648056
2330.600000	-216.478226	134.675339
2330.666667	-216.470688	134.609848
2330.733333	-216.089676	134.775269
2330.800000	-215.955673	134.772461
2330.866667	-215.767975	134.836807
2330.933333	-215.615906	134.737015
2331.000000	-215.417160	134.735580
2331.066667	-215.306885	134.730942
2331.133333	-215.094971	134.709961
2331.200000	-214.834686	134.828247
2331.266667	-214.646439	134.801300
2331.333333	-214.490173	134.799805
2331.400000	-214.163406	134.859894
2331.466667	-214.053574	134.769287
2331.533333	-213.827713	134.788284
2331.600000	-213.686035	134.737625
2331.666667	-213.441788	134.733994
2331.733333	-213.211060	134.721634
2331.800000	-212.751923	134.932373
2331.866667	-212.751923	134.932373
2331.933333	-212.633804	134.835602
2332.000000	-212.486282	134.779846
2332.066667	-212.423645	134.684433
2332.133333	-212.015762	134.842865
2332.200000	-211.712143	134.838348
2332.266667	-211.712143	134.838348
2332.333333	-211.475342	134.925278
2332.400000	-211.356415	134.910034
2332.466667	-211.086258	135.020050
2332.533333	-210.970749	135.021667
2332.600000	-210.636627	135.040298
2332.666667	-210.636627	135.040298
2332.733333	-210.376007	135.087280
2332.800000	-210.324478	135.038086
2332.866667	-210.032822	135.184662
2332.933333	-209.888870	135.160904
2333.000000	-209.612228	135.057617
2333.066667	-209.350098	135.173325
2333.133333	-209.350098	135.173325
2333.200000	-209.088608	135.147385
2333.266667	-208.840271	135.217972
2333.333333	-208.735428	135.195099
2333.400000	-208.314865	135.209183
2333.466667	-208.113556	135.158066
2333.533333	-208.113556	135.158066
2333.600000	-208.001602	135.176514
2333.666667	-207.805466	135.161789
2333.733333	-207.589752	135.179291
2333.800000	-207.209076	135.167114
2333.866667	-206.875717	135.201065
2333.933333	-206.875717	135.201065
2334.000000	-206.788254	135.171738
2334.066667	-206.574600	135.167114
2334.133333	-206.267273	135.295090
2334.200000	-205.996658	135.189194
2334.266667	-205.792038	135.282120
2334.333333	-205.524231	135.372864
2334.400000	-205.524231	135.372864
2334.466667	-205.471497	135.275253
2334.533333	-205.185944	135.357559
2334.600000	-204.908783	135.370468
2334.666667	-204.698196	135.404373
2334.733333	-204.574448	135.468765
2334.800000	-204.574448	135.468765
2334.866667	-204.226746	135.522018
2334.933333	-204.179764	135.514771
2335.000000	-203.718582	135.598846
2335.066667	-203.614380	135.497940
2335.133333	-203.504959	135.520996
2335.200000	-203.504959	135.520996
2335.266667	-203.226517	135.607132
2335.333333	-202.923843	135.629333
2335.400000	-202.578690	135.640976
2335.466667	-202.532562	135.455368
2335.533333	-202.165756	135.678116
2335.600000	-202.165756	135.678116
2335.666667	-202.007843	135.625336
2335.733333	-201.866135	135.616867
2335.800000	-201.477219	135.541122
2335.866667	-201.305954	135.553360
2335.933333	-200.975815	135.671417
2336.000000	-200.808533	135.583862
2336.066667	-200.808533	135.583862
2336.133333	-200.678360	135.594315
2336.200000	-200.288895	135.646515
2336.266667	-200.099289	135.669876
2336.333333	-199.951050	135.602219
2336.400000	-199.629028	135.744202
2336.466667	-199.629028	135.744202
2336.533333	-199.493576	135.715637
2336.600000	-199.153625	135.769882
2336.666667	-198.919250	135.848526
2336.733333	-198.781754	135.878540
2336.800000	-198.695572	135.771851
2336.866667	-198.695572	135.771851
2336.933333	-198.319290	136.008865
2337.000000	-198.067108	135.919281
2337.066667	-197.903748	135.944717
2337.133333	-197.640396	135.993652
2337.200000	-197.537109	135.890503
2337.266667	-197.322098	136.046188
2337.333333	-197.322098	136.046188
2337.400000	-196.867126	135.998413
2337.466667	-196.697235	136.031097
2337.533333	-196.614563	135.956955
2337.600000	-196.383011	135.975983
2337.666667	-196.166229	135.972351
2337.733333	-196.166229	135.972351
2337.800000	-195.760025	136.008316
2337.866667	-195.487701	136.022705
2337.933333	-195.254181	136.079224
2338.000000	-195.077820	136.064590
2338.066667	-194.850418	136.016632
2338.133333	-194.850418	136.016632
2338.200000	-194.458252	136.082245
2338.266667	-194.385223	136.030792
2338.333333	-194.171005	136.011017
2338.400000	-193.943420	136.008698
2338.466667	-193.747314	136.124435
2338.533333	-193.571533	136.119766
2338.600000	-193.401947	136.097488
2338.666667	-193.202393	136.207825
2338.733333	-193.040710	136.174744
2338.800000	-192.817596	136.185654
2338.866667	-192.700104	136.210739
2338.933333	-192.458588	136.281296
2339.000000	-192.351242	136.229111
2339.066667	-192.203171	136.225555
2339.133333	-192.011337	136.276825
2339.200000	-191.695053	136.355942
2339.266667	-191.558777	136.344788
2339.333333	-191.434357	136.267868
2339.400000	-191.202316	136.344696
2339.466667	-190.945892	136.464066
2339.533333	-190.848190	136.385559
2339.600000	-190.618423	136.314056
2339.666667	-190.355698	136.410706
2339.733333	-190.206894	136.385361
2339.800000	-190.206894	136.385361
2339.866667	-189.919296	136.304031
2339.933333	-189.714157	136.308441
2340.000000	-189.473145	136.299179
