2340.066667	-189.230484	136.348236
2340.133333	-189.013947	136.395386
2340.200000	-188.906937	136.258179
2340.266667	-188.635223	136.383896
2340.333333	-188.424088	136.376312
2340.400000	-188.210632	136.392715
2340.466667	-188.066086	136.391953
2340.533333	-187.860794	136.372223
2340.600000	-187.755341	136.463928
2340.666667	-187.421143	136.499741
2340.733333	-187.246780	136.518280
2340.800000	-187.073425	136.512054
2340.866667	-186.964142	136.442780
2340.933333	-186.678696	136.625854
2341.000000	-186.537338	136.618729
2341.066667	-186.425201	136.630722
2341.133333	-186.142624	136.677414
2341.200000	-186.041550	136.632080
2341.266667	-185.855301	136.664612
2341.333333	-185.675873	136.687469
2341.400000	-185.602295	136.597046
2341.466667	-185.314407	136.690994
2341.533333	-185.033859	136.762238
2341.600000	-184.841248	136.785980
2341.666667	-184.664841	136.770554
2341.733333	-184.429474	136.828979
2341.800000	-184.263275	136.814713
2341.866667	-184.141769	136.768478
2341.933333	-183.816071	136.776733
2342.000000	-183.750839	136.796539
2342.066667	-183.531540	136.722687
2342.133333	-183.318420	136.753403
2342.200000	-183.079041	136.760086
2342.266667	-182.736481	136.908371
2342.333333	-182.620361	136.800125
2342.400000	-182.502960	136.819656
2342.466667	-182.367249	136.737610
2342.533333	-182.141846	136.765640
2342.600000	-181.866760	136.876770
2342.666667	-181.781052	136.766083
2342.733333	-181.647110	136.754974
2342.800000	-181.321533	136.837875
2342.866667	-181.208618	136.880753
2342.933333	-181.015289	136.896194
2343.000000	-180.804657	136.922989
2343.066667	-180.632675	136.937378
2343.133333	-180.477844	136.928848
2343.200000	-180.233200	136.986969
2343.266667	-180.085052	136.988998
2343.333333	-179.908981	137.029129
2343.400000	-179.799667	137.018829
2343.466667	-179.596664	137.016800
2343.533333	-179.341721	137.028793
2343.600000	-179.249863	137.041458
2343.666667	-178.981140	137.097473
2343.733333	-178.714142	137.116806
2343.800000	-178.463165	137.223175
2343.866667	-178.504639	136.962814
2343.933333	-178.222702	137.056503
2344.000000	-178.085815	137.089539
2344.066667	-177.791473	137.117676
2344.133333	-177.718903	136.976608
2344.200000	-177.388687	137.108795
2344.266667	-177.202789	137.093781
2344.333333	-177.107162	137.005386
2344.400000	-176.749527	137.101288
2344.466667	-176.565094	137.045502
2344.533333	-176.494110	137.038071
2344.600000	-176.159851	137.130646
2344.666667	-175.949661	137.173355
2344.733333	-175.899490	137.070786
2344.800000	-175.516708	137.209198
2344.866667	-175.466110	137.125458
2344.933333	-175.310944	137.092758
2345.000000	-175.002869	137.267563
2345.066667	-174.806992	137.299423
2345.133333	-174.651337	137.233643
2345.200000	-174.480301	137.269897
2345.266667	-174.440414	137.153870
2345.333333	-174.217651	137.308197
2345.400000	-173.922394	137.413940
2345.466667	-173.772263	137.380768
2345.533333	-173.659286	137.310013
2345.600000	-173.354889	137.516434
2345.666667	-173.214508	137.396759
2345.733333	-173.017044	137.464920
2345.800000	-172.870712	137.455231
2345.866667	-172.664154	137.476639
2345.933333	-172.400879	137.509811
2346.000000	-172.228516	137.514542
2346.066667	-172.099487	137.434464
2346.133333	-171.915405	137.411301
2346.200000	-171.576736	137.486664
2346.266667	-171.444839	137.458038
2346.333333	-171.209167	137.506287
2346.400000	-171.044540	137.436279
2346.466667	-170.791641	137.495087
2346.533333	-170.672913	137.420898
2346.600000	-170.442322	137.445435
2346.666667	-170.228745	137.483154
2346.733333	-170.111862	137.382767
2346.800000	-169.862320	137.420807
2346.866667	-169.626434	137.544769
2346.933333	-169.433441	137.559326
2347.000000	-169.340988	137.419739
2347.066667	-169.052963	137.569855
2347.133333	-168.885880	137.534866
2347.200000	-168.747116	137.554871
2347.266667	-168.614609	137.512115
2347.333333	-168.361969	137.550171
2347.400000	-168.209900	137.643112
2347.466667	-168.033234	137.675781
2347.533333	-167.814529	137.637558
2347.600000	-167.516449	137.740021
2347.666667	-167.511795	137.682190
2347.733333	-167.212158	137.778900
2347.800000	-166.902435	137.877884
2347.866667	-166.751434	137.878754
2347.933333	-166.623123	137.900681
2348.000000	-166.527267	137.723190
2348.066667	-166.246643	137.780685
2348.133333	-166.019821	137.887436
2348.200000	-165.908981	137.808960
2348.266667	-165.676285	137.866653
2348.333333	-165.464737	137.806793
2348.400000	-165.301895	137.855667
2348.466667	-165.125931	137.791107
2348.533333	-164.807236	137.861832
2348.600000	-164.618668	137.856934
2348.666667	-164.421387	137.808167
2348.733333	-164.225967	137.819748
2348.800000	-163.989960	137.874924
2348.866667	-163.994720	137.697311
2348.933333	-163.559464	137.863129
2349.000000	-163.403152	137.853394
2349.066667	-163.315613	137.887390
2349.133333	-163.160492	137.891815
2349.200000	-162.907516	137.890045
2349.266667	-162.773438	137.844345
2349.333333	-162.633087	137.837738
2349.400000	-162.352768	137.957520
2349.466667	-162.227371	137.947342
2349.533333	-161.946991	138.008209
2349.600000	-161.744812	137.997360
2349.666667	-161.607605	138.081024
2349.733333	-161.373413	138.116776
2349.800000	-161.204987	138.117538
2349.866667	-161.109329	138.025620
2349.933333	-160.953125	138.062485
2350.000000	-160.697403	138.100647
2350.066667	-160.398453	138.192520
2350.133333	-160.251160	138.174164
2350.200000	-160.116638	138.116776
2350.266667	-159.944122	138.126617
2350.333333	-159.668335	138.244064
2350.400000	-159.546127	138.098770
2350.466667	-159.255432	138.149200
2350.533333	-159.079117	138.127533
2350.600000	-158.923416	138.062515
2350.666667	-158.667358	138.134979
2350.733333	-158.421402	138.177338
2350.800000	-158.299576	138.051804
2350.866667	-158.051895	138.160263
2350.933333	-157.687317	138.256973
2351.000000	-157.656616	138.106110
2351.066667	-157.502335	138.107864
2351.133333	-157.326813	138.161362
2351.200000	-157.109238	138.126007
2351.266667	-156.877075	138.157761
2351.333333	-156.756653	138.108734
2351.400000	-156.415863	138.309509
2351.466667	-156.239868	138.245789
2351.533333	-156.030914	138.402344
2351.600000	-155.853790	138.385834
2351.666667	-155.727966	138.271484
2351.733333	-155.451614	138.451660
2351.800000	-155.438263	138.301758
2351.866667	-155.135849	138.459732
2351.933333	-154.937927	138.459900
2352.000000	-154.738586	138.513184
2352.066667	-154.530853	138.604233
2352.133333	-154.379639	138.524216
2352.200000	-154.137665	138.544388
2352.266667	-153.993362	138.579346
2352.333333	-153.885330	138.444794
2352.400000	-153.533081	138.611572
2352.466667	-153.543854	138.419983
2352.533333	-153.229401	138.543152
2352.600000	-153.064087	138.554077
2352.666667	-152.645309	138.656998
2352.733333	-152.744995	138.385132
2352.800000	-152.265671	138.551788
2352.866667	-152.159882	138.479340
2352.933333	-152.005692	138.487732
2353.000000	-151.864990	138.444061
2353.066667	-151.569229	138.416718
2353.133333	-151.518661	138.352036
2353.200000	-151.180649	138.509186
2353.266667	-150.998154	138.482773
2353.333333	-150.789444	138.582977
2353.400000	-150.704590	138.494263
2353.466667	-150.454437	138.520996
2353.533333	-150.316467	138.553314
2353.600000	-149.922852	138.703217
2353.666667	-149.871887	138.590454
2353.733333	-149.626907	138.655487
2353.800000	-149.481110	138.672379
2353.866667	-149.278244	138.633789
2353.933333	-149.093628	138.723282
2354.000000	-148.900162	138.823608
2354.066667	-148.724091	138.755234
2354.133333	-148.535828	138.780502
2354.200000	-148.344589	138.801590
2354.266667	-148.103821	138.910629
2354.333333	-147.928223	138.850143
2354.400000	-147.777054	138.855331
2354.466667	-147.624954	138.777847
2354.533333	-147.360825	138.810532
2354.600000	-147.194809	138.754196
2354.666667	-147.075714	138.740280
2354.733333	-146.843842	138.834045
2354.800000	-146.606186	138.748917
2354.866667	-146.469986	138.685715
2354.933333	-146.237671	138.673553
2355.000000	-145.954361	138.786362
2355.066667	-145.822784	138.715057
2355.133333	-145.610367	138.718613
2355.200000	-145.385391	138.782959
2355.266667	-145.245132	138.732025
2355.333333	-144.968033	138.753464
2355.400000	-144.821548	138.762131
2355.466667	-144.598022	138.775589
2355.533333	-144.347961	138.825058
2355.600000	-144.210983	138.827957
2355.666667	-144.023483	138.749603
2355.733333	-143.931168	138.723618
2355.800000	-143.644684	138.839508
2355.866667	-143.403763	138.871277
2355.933333	-143.224716	138.980316
2356.000000	-143.020615	138.931519
2356.066667	-142.939926	138.929291
2356.133333	-142.695938	139.057251
2356.200000	-142.411331	139.114578
2356.266667	-142.312500	138.977478
2356.333333	-142.193542	138.998001
2356.400000	-141.928162	138.973022
2356.466667	-141.751373	139.054184
2356.533333	-141.417252	139.124512
2356.600000	-141.290909	139.073227
2356.666667	-141.134277	139.110718
2356.733333	-141.009201	139.060623
2356.800000	-140.651337	139.185226
2356.866667	-140.648895	138.990921
2356.933333	-140.355301	139.045761
2357.000000	-140.215958	138.964706
2357.066667	-139.855957	139.040283
2357.133333	-139.717072	139.099091
2357.200000	-139.469879	138.972656
2357.266667	-139.362015	139.013733
2357.333333	-139.145233	139.020477
2357.400000	-138.877609	139.046753
2357.466667	-138.583267	139.051666
2357.533333	-138.515366	139.078262
2357.600000	-138.393463	138.885971
2357.666667	-138.044952	139.137543
2357.733333	-137.887375	139.152451
2357.800000	-137.670456	139.133453
2357.866667	-137.636414	139.083694
2357.933333	-137.428268	139.158142
2358.000000	-137.251373	139.079590
2358.066667	-137.013184	139.198990
2358.133333	-136.800110	139.220367
2358.200000	-136.528625	139.319244
2358.266667	-136.526123	139.186874
2358.333333	-136.292755	139.295670
2358.400000	-135.990601	139.286163
2358.466667	-135.924210	139.276779
2358.533333	-135.744278	139.220154
2358.600000	-135.618301	139.238678
2358.666667	-135.218735	139.443802
2358.733333	-135.133667	139.361771
2358.800000	-135.061539	139.222488
2358.866667	-134.629959	139.356964
2358.933333	-134.495728	139.287750
2359.000000	-134.203720	139.306900
2359.066667	-134.045776	139.277252
2359.133333	-133.913437	139.283142
2359.200000	-133.645447	139.299744
2359.266667	-133.439377	139.295242
2359.333333	-133.247223	139.387222
2359.400000	-133.099716	139.322433
2359.466667	-132.811966	139.274353
2359.533333	-132.629974	139.258652
2359.600000	-132.518341	139.238388
2359.666667	-132.281662	139.322784
2359.733333	-132.162735	139.277466
2359.800000	-131.948303	139.241501
2359.866667	-131.628418	139.356400
2359.933333	-131.492004	139.341431
2360.000000	-131.347519	139.348526
2360.066667	-131.244659	139.298813
2360.133333	-130.804108	139.410324
2360.200000	-130.718185	139.393967
2360.266667	-130.631683	139.392639
2360.333333	-130.393860	139.426208
2360.400000	-130.245209	139.400757
2360.466667	-130.051483	139.483810
2360.533333	-129.855515	139.530289
2360.600000	-129.704605	139.489761
2360.666667	-129.461044	139.552505
2360.733333	-129.249664	139.569733
2360.800000	-129.140274	139.492950
2360.866667	-128.919861	139.458450
2360.933333	-128.717422	139.445541
2361.000000	-128.548569	139.540054
2361.066667	-128.231201	139.547577
2361.133333	-128.033600	139.543716
2361.200000	-127.948196	139.453293
2361.266667	-127.694084	139.494751
2361.333333	-127.388298	139.565353
2361.400000	-127.319458	139.391861
2361.466667	-127.000916	139.479141
2361.533333	-126.839943	139.442566
2361.600000	-126.624352	139.461716
2361.666667	-126.500984	139.470047
2361.733333	-126.238747	139.459579
2361.800000	-126.015076	139.452484
2361.866667	-125.908035	139.485626
2361.933333	-125.754562	139.478104
2362.000000	-125.473091	139.570374
2362.066667	-125.369034	139.475143
2362.133333	-125.202797	139.523178
2362.200000	-124.886887	139.661011
2362.266667	-124.750679	139.713608
2362.333333	-124.602531	139.641144
2362.400000	-124.442047	139.639343
2362.466667	-124.171173	139.713638
2362.533333	-124.000847	139.728592
2362.600000	-123.847557	139.769592
2362.666667	-123.559799	139.821274
2362.733333	-123.317993	139.760574
2362.800000	-123.105095	139.995941
2362.866667	-123.008560	139.866150
2362.933333	-122.816597	139.793137
2363.000000	-122.645012	139.823120
2363.066667	-122.433327	139.788605
2363.133333	-122.318886	139.725342
2363.200000	-122.067398	139.725739
2363.266667	-121.781548	139.789871
2363.333333	-121.642113	139.800491
2363.400000	-121.519699	139.685318
2363.466667	-121.321884	139.649017
2363.533333	-121.125809	139.627792
2363.600000	-120.890610	139.699951
2363.666667	-120.698952	139.756119
2363.733333	-120.547592	139.709686
2363.800000	-120.249992	139.738113
2363.866667	-120.062370	139.787369
2363.933333	-119.955750	139.712845
2364.000000	-119.677261	139.752609
2364.066667	-119.531166	139.765915
2364.133333	-119.422653	139.768982
2364.200000	-119.122673	139.798447
2364.266667	-118.967194	139.843216
2364.333333	-118.740311	139.849915
2364.400000	-118.656799	139.809052
2364.466667	-118.467232	139.880386
2364.533333	-118.229134	139.930435
2364.600000	-117.982773	139.974228
2364.666667	-117.803833	139.978165
2364.733333	-117.594727	140.042404
2364.800000	-117.449654	139.929047
2364.866667	-117.377846	139.957657
2364.933333	-117.126884	139.951126
2365.000000	-116.892105	140.060349
2365.066667	-116.804672	139.915741
2365.133333	-116.450050	140.051010
2365.200000	-116.272507	140.015060
2365.266667	-116.097633	140.054321
2365.333333	-115.850456	139.999786
2365.400000	-115.666618	140.042450
2365.466667	-115.494240	140.004333
2365.533333	-115.403503	139.892334
2365.600000	-115.208725	139.925690
2365.666667	-114.909164	139.968887
2365.733333	-114.802780	139.897186
2365.800000	-114.490089	139.935028
2365.866667	-114.255768	139.944550
2365.933333	-114.187958	139.874130
2366.000000	-113.936195	139.965500
2366.066667	-113.752213	139.928909
2366.133333	-113.529442	140.014679
2366.200000	-113.445053	139.911133
2366.266667	-113.176086	140.062500
2366.333333	-113.023277	140.022675
2366.400000	-112.886833	139.985550
2366.466667	-112.748146	139.954239
2366.533333	-112.422028	140.107590
2366.600000	-112.292725	140.095352
2366.666667	-112.108521	140.207703
2366.733333	-111.970795	140.014893
2366.800000	-111.761154	140.155960
2366.866667	-111.555885	140.102554
2366.933333	-111.308136	140.151382
2367.000000	-110.993477	140.168045
2367.066667	-110.993477	140.168045
2367.133333	-110.761528	140.186996
2367.200000	-110.512184	140.214264
2367.266667	-110.462456	140.166245
2367.333333	-110.153595	140.223557
2367.400000	-109.723892	140.174637
2367.466667	-109.723892	140.174637
2367.533333	-109.638420	140.047043
2367.600000	-109.336235	140.185776
2367.666667	-109.194443	140.205002
2367.733333	-108.962959	140.151138
2367.800000	-108.561073	140.166245
2367.866667	-108.561073	140.166245
2367.933333	-108.358253	140.130325
2368.000000	-108.259964	140.070541
2368.066667	-108.102921	140.092834
2368.133333	-107.907761	140.156021
2368.200000	-107.432426	140.182678
2368.266667	-107.380211	140.107788
2368.333333	-107.380211	140.107788
2368.400000	-107.137863	140.179276
2368.466667	-106.965553	140.191055
2368.533333	-106.790909	140.182922
2368.600000	-106.569145	140.207520
2368.666667	-106.257294	140.282410
2368.733333	-106.257294	140.282410
2368.800000	-105.991806	140.271133
2368.866667	-105.778275	140.342987
2368.933333	-105.634583	140.366119
2369.000000	-105.237106	140.370361
2369.066667	-105.078789	140.318329
2369.133333	-105.078789	140.318329
2369.200000	-104.906746	140.361588
2369.266667	-104.695122	140.359573
2369.333333	-104.499443	140.357819
2369.400000	-104.188263	140.326050
2369.466667	-104.008537	140.288528
2369.533333	-103.693802	140.324448
2369.600000	-103.693802	140.324448
2369.666667	-103.494881	140.355682
2369.733333	-103.256821	140.386124
2369.800000	-102.890686	140.241058
2369.866667	-102.666588	140.300613
2369.933333	-102.456978	140.253677
2370.000000	-102.456978	140.253677
2370.066667	-102.388023	140.241974
2370.133333	-102.172348	140.322601
2370.200000	-101.959740	140.271469
2370.266667	-101.644379	140.230606
2370.333333	-101.400024	140.236496
2370.400000	-101.400024	140.236496
2370.466667	-101.243172	140.393143
2370.533333	-101.072624	140.364197
2370.600000	-100.821098	140.368423
2370.666667	-100.522728	140.380707
2370.733333	-100.337990	140.477020
2370.800000	-100.016380	140.474289
2370.866667	-100.016380	140.474289
2370.933333	-99.803047	140.603821
2371.000000	-99.549828	140.484756
2371.066667	-99.373177	140.566238
2371.133333	-99.197327	140.558105
2371.200000	-99.060539	140.506592
2371.266667	-99.060539	140.506592
2371.333333	-98.853439	140.473145
2371.400000	-98.568779	140.564545
2371.466667	-98.298882	140.432190
2371.533333	-98.009911	140.602997
2371.600000	-97.891945	140.531830
2371.666667	-97.891945	140.531830
2371.733333	-97.649963	140.584366
2371.800000	-97.336639	140.546066
2371.866667	-97.001930	140.447952
2371.933333	-96.845100	140.481369
2372.000000	-96.639069	140.497238
2372.066667	-96.639069	140.497238
2372.133333	-96.507408	140.413513
2372.200000	-96.347214	140.423996
2372.266667	-95.869148	140.509796
2372.333333	-95.807159	140.465652
2372.400000	-95.536766	140.485947
2372.466667	-95.392662	140.543457
2372.533333	-95.392662	140.543457
2372.600000	-95.015259	140.506683
2372.666667	-94.847366	140.578415
2372.733333	-94.663948	140.540451
2372.800000	-94.480057	140.515366
2372.866667	-94.298668	140.595535
2372.933333	-94.298668	140.595535
2373.000000	-93.988472	140.728409
2373.066667	-93.659981	140.690933
2373.133333	-93.499634	140.718216
2373.200000	-93.387520	140.661484
2373.266667	-93.173531	140.659607
2373.333333	-93.173531	140.659607
2373.400000	-92.719246	140.711639
2373.466667	-92.584824	140.761459
2373.533333	-92.402809	140.729233
2373.600000	-92.309044	140.706345
2373.666667	-92.034554	140.629837
2373.733333	-91.890137	140.691055
2373.800000	-91.890137	140.691055
2373.866667	-91.455444	140.611282
2373.933333	-91.269089	140.693375
2374.000000	-91.082024	140.619354
2374.066667	-90.836746	140.677979
2374.133333	-90.641556	140.638626
2374.200000	-90.641556	140.638626
2374.266667	-90.361412	140.633255
2374.333333	-90.188683	140.560974
2374.400000	-89.853333	140.652267
2374.466667	-89.724777	140.593216
2374.533333	-89.608940	140.585312
2374.600000	-89.361969	140.703140
2374.666667	-89.115166	140.734100
2374.733333	-89.003685	140.645142
2374.800000	-88.801506	140.716965
2374.866667	-88.621933	140.705475
2374.933333	-88.488396	140.727341
2375.000000	-88.328476	140.851196
2375.066667	-88.110878	140.791519
2375.133333	-87.880333	140.759598
2375.200000	-87.676186	140.834518
2375.266667	-87.453506	140.910141
2375.333333	-87.375206	140.851990
2375.400000	-87.231110	140.805298
2375.466667	-87.025139	140.945114
2375.533333	-86.698730	141.025131
2375.600000	-86.525787	140.936295
2375.666667	-86.402824	140.921432
2375.733333	-86.177605	140.886841
2375.800000	-86.061432	140.771271
2375.866667	-85.715393	140.926941
2375.933333	-85.669922	140.773529
2376.000000	-85.451691	140.808838
2376.066667	-85.269989	140.776871
2376.133333	-85.105751	140.701172
2376.200000	-84.887085	140.759628
2376.266667	-84.630936	140.815872
2376.333333	-84.441704	140.829727
2376.400000	-84.381233	140.754425
2376.466667	-84.010963	140.812454
2376.533333	-83.867165	140.858871
2376.600000	-83.780510	140.770645
2376.666667	-83.611679	140.710739
2376.733333	-83.359390	140.781204
2376.800000	-83.133148	140.899979
2376.866667	-83.024635	140.891251
2376.933333	-82.843681	140.727509
2377.000000	-82.732025	140.792206
2377.066667	-82.441078	140.987320
2377.133333	-82.228882	141.006348
2377.200000	-82.122917	141.004944
2377.266667	-81.871590	141.037888
2377.333333	-81.795822	140.995010
2377.400000	-81.577164	141.041885
2377.466667	-81.337143	141.054504
2377.533333	-81.259789	141.015808
2377.600000	-81.097282	140.977463
2377.666667	-80.862167	140.993988
2377.733333	-80.537537	141.123718
2377.800000	-80.538094	140.982162
2377.866667	-80.357681	140.995956
2377.933333	-80.085388	141.013077
2378.000000	-79.833061	141.050537
2378.066667	-79.719765	140.970154
2378.133333	-79.517616	140.966766
2378.200000	-79.268280	141.007156
2378.266667	-79.113068	141.008972
2378.333333	-78.946198	140.909622
2378.400000	-78.746292	141.001358
2378.466667	-78.619400	140.859375
2378.533333	-78.341660	140.937912
2378.600000	-78.265648	140.903870
2378.666667	-77.952827	141.046661
2378.733333	-77.819710	140.967728
2378.800000	-77.671661	141.016174
2378.866667	-77.315681	140.987747
2378.933333	-77.259010	141.011536
2379.000000	-77.156609	140.955017
2379.066667	-76.926620	141.012985
2379.133333	-76.783379	140.958130
2379.200000	-76.565514	141.076950
2379.266667	-76.492485	141.006180
2379.333333	-76.257584	141.069794
2379.400000	-76.051796	141.037201
2379.466667	-75.872131	141.100235
2379.533333	-75.712624	141.022079
2379.600000	-75.435020	141.140793
2379.666667	-75.339127	141.098267
2379.733333	-75.185448	141.073608
2379.800000	-74.897690	141.167404
2379.866667	-74.893555	141.006348
2379.933333	-74.582962	141.150909
2380.000000	-74.494354	140.972855
2380.066667	-74.198349	141.062119
2380.133333	-74.097488	140.995163
2380.200000	-73.868736	140.991592
2380.266667	-73.569778	141.086105
2380.333333	-73.417427	140.986755
2380.400000	-73.296555	140.928406
2380.466667	-73.112404	141.026337
2380.533333	-72.826935	141.001999
2380.600000	-72.698654	140.987732
2380.666667	-72.566452	140.886871
2380.733333	-72.325615	141.007645
2380.800000	-72.144394	141.081741
2380.866667	-71.989014	141.050598
2380.933333	-71.804527	140.955017
2381.000000	-71.624405	140.983261
2381.066667	-71.336411	141.126984
2381.133333	-71.127678	141.169189
2381.200000	-70.970474	141.113373
2381.266667	-70.807671	141.196472
2381.333333	-70.710968	141.131546
2381.400000	-70.588364	141.095459
2381.466667	-70.443314	141.188583
2381.533333	-70.230904	141.213394
2381.600000	-70.051582	141.171494
2381.666667	-69.878227	141.239685
2381.733333	-69.725037	141.190903
2381.800000	-69.590904	141.158020
2381.866667	-69.282074	141.257050
2381.933333	-69.038773	141.245529
2382.000000	-68.922348	141.299210
2382.066667	-68.787949	141.152206
2382.133333	-68.572296	141.191193
2382.200000	-68.370689	141.181168
2382.266667	-68.116028	141.211899
2382.333333	-68.049973	141.183685
2382.400000	-67.867142	141.038727
2382.466667	-67.563881	141.137589
2382.533333	-67.487350	141.113907
2382.600000	-67.196930	141.105316
2382.666667	-67.014053	141.095566
2382.733333	-66.788155	141.135788
2382.800000	-66.723869	141.036163
2382.866667	-66.554970	141.070679
2382.933333	-66.298470	141.119522
2383.000000	-66.088547	141.189026
2383.066667	-65.950905	141.159195
2383.133333	-65.831207	141.121002
2383.200000	-65.594666	141.185715
2383.266667	-65.398750	141.218765
2383.333333	-65.162704	141.304611
2383.400000	-65.082626	141.136353
2383.466667	-64.880630	141.247925
2383.533333	-64.736969	141.230957
2383.600000	-64.490028	141.383148
2383.666667	-64.289528	141.389236
2383.733333	-64.158600	141.351044
2383.800000	-63.958130	141.394974
2383.866667	-63.777924	141.395905
2383.933333	-63.683735	141.290817
2384.000000	-63.529514	141.330688
2384.066667	-63.422192	141.336380
2384.133333	-63.232471	141.262299
2384.200000	-62.872845	141.351044
2384.266667	-62.843887	141.354080
2384.333333	-62.610687	141.391266
2384.400000	-62.415230	141.234848
2384.466667	-62.197563	141.250702
2384.533333	-62.136681	141.189636
2384.600000	-61.990307	141.201202
2384.666667	-61.625702	141.278580
2384.733333	-61.501759	141.201767
2384.800000	-61.321922	141.214066
2384.866667	-61.217907	141.132660
2384.933333	-60.948151	141.159195
2385.000000	-60.821709	141.076889
2385.066667	-60.636265	141.190811
2385.133333	-60.458973	141.144958
2385.200000	-60.281296	141.194794
2385.266667	-60.061707	141.208466
2385.333333	-59.843903	141.326508
2385.400000	-59.677299	141.270660
2385.466667	-59.584156	141.280212
2385.533333	-59.459419	141.267441
2385.600000	-59.301903	141.357224
2385.666667	-59.098572	141.290817
2385.733333	-58.814545	141.400940
2385.800000	-58.688114	141.411713
2385.866667	-58.501781	141.394272
2385.933333	-58.382027	141.347244
2386.000000	-58.252033	141.345627
2386.066667	-58.094456	141.335510
2386.133333	-57.757294	141.448166
2386.200000	-57.671059	141.346832
2386.266667	-57.445515	141.348343
2386.333333	-57.300934	141.394211
2386.400000	-57.050838	141.353546
2386.466667	-56.926826	141.361816
2386.533333	-56.768524	141.407227
2386.600000	-56.690037	141.198837
2386.666667	-56.338196	141.412308
2386.733333	-56.210655	141.185181
2386.800000	-55.970623	141.231491
2386.866667	-55.752563	141.286469
2386.933333	-55.649883	141.316772
2387.000000	-55.520828	141.227219
2387.066667	-55.322742	141.185684
2387.133333	-55.057770	141.280212
2387.200000	-54.896782	141.306503
2387.266667	-54.911747	141.175079
2387.333333	-54.570568	141.321167
2387.400000	-54.433834	141.351654
2387.466667	-54.255428	141.345169
2387.533333	-54.152828	141.215317
2387.600000	-53.933018	141.447571
2387.666667	-53.650230	141.412521
2387.733333	-53.629177	141.410843
2387.800000	-53.377739	141.439316
2387.866667	-53.285152	141.449158
2387.933333	-53.025963	141.496246
2388.000000	-52.945763	141.408066
2388.066667	-52.851719	141.463791
2388.133333	-52.498558	141.478516
2388.200000	-52.358234	141.443253
2388.266667	-52.308308	141.364151
2388.333333	-52.055916	141.483978
2388.400000	-51.907173	141.443222
2388.466667	-51.684971	141.445923
2388.533333	-51.470528	141.554260
2388.600000	-51.260998	141.422745
2388.666667	-51.065029	141.397064
2388.733333	-50.904297	141.307709
2388.800000	-50.836567	141.313751
2388.866667	-50.545055	141.326065
2388.933333	-50.359489	141.294937
2389.000000	-50.181625	141.371384
2389.066667	-49.929298	141.411499
2389.133333	-49.813171	141.289612
2389.200000	-49.701416	141.244736
2389.266667	-49.567444	141.276215
2389.333333	-49.333088	141.409668
2389.400000	-49.110226	141.290146
2389.466667	-48.964497	141.277939
2389.533333	-48.892849	141.257050
2389.600000	-48.715313	141.280212
2389.666667	-48.408619	141.443588
2389.733333	-48.348118	141.385269
2389.800000	-48.015842	141.403183
2389.866667	-48.076584	141.369934
2389.933333	-47.984566	141.345062
2390.000000	-47.564106	141.496552
2390.066667	-47.545681	141.450546
2390.133333	-47.247627	141.572220
2390.200000	-47.074593	141.458649
2390.266667	-47.007763	141.494919
2390.333333	-46.817017	141.491608
2390.400000	-46.670475	141.554810
2390.466667	-46.402470	141.518311
2390.533333	-46.297611	141.418625
2390.600000	-46.018398	141.482681
2390.666667	-45.793953	141.439926
2390.733333	-45.757420	141.381302
2390.800000	-45.537701	141.389236
2390.866667	-45.251968	141.488342
2390.933333	-45.157780	141.459244
2391.000000	-45.066875	141.341949
2391.066667	-44.752460	141.380310
2391.133333	-44.590694	141.413239
2391.200000	-44.491074	141.324005
2391.266667	-44.278576	141.462921
2391.333333	-43.975449	141.430862
2391.400000	-44.001389	141.315063
2391.466667	-43.767559	141.349670
2391.533333	-43.572430	141.378387
2391.600000	-43.485188	141.373520
2391.666667	-43.223183	141.415665
2391.733333	-43.162182	141.399658
2391.800000	-43.046684	141.484528
2391.866667	-42.675694	141.497604
2391.933333	-42.604107	141.500641
2392.000000	-42.454029	141.556290
2392.066667	-42.230740	141.587891
2392.133333	-42.151291	141.491486
2392.200000	-41.896576	141.550858
2392.266667	-41.724453	141.594894
2392.333333	-41.578716	141.483978
2392.400000	-41.312271	141.548492
2392.466667	-41.295612	141.419693
2392.533333	-41.128929	141.521820
2392.600000	-41.014111	141.457825
2392.666667	-40.747696	141.470749
2392.733333	-40.512623	141.499222
2392.800000	-40.450844	141.512741
2392.866667	-40.265270	141.422546
2392.933333	-40.005959	141.471497
2393.000000	-39.769909	141.484161
2393.066667	-39.576595	141.407501
2393.133333	-39.387371	141.521057
2393.200000	-39.204868	141.469757
2393.266667	-39.085186	141.458069
2393.333333	-38.965179	141.373520
2393.400000	-38.623062	141.517853
2393.466667	-38.503918	141.457199
2393.533333	-38.413864	141.326035
2393.600000	-38.194443	141.342636
2393.666667	-37.980595	141.382309
2393.733333	-37.897308	141.468445
2393.800000	-37.777565	141.377472
2393.866667	-37.687542	141.346085
2393.933333	-37.365734	141.474579
2394.000000	-37.233589	141.519821
2394.066667	-37.066528	141.605911
2394.133333	-36.837944	141.522430
2394.200000	-36.714096	141.607605
2394.266667	-36.631134	141.547058
2394.333333	-36.434860	141.564468
2394.400000	-36.166393	141.625931
2394.466667	-36.012184	141.609940
2394.533333	-35.909996	141.557709
2394.600000	-35.606331	141.594147
2394.666667	-35.554722	141.560776
2394.733333	-35.397835	141.640091
2394.800000	-35.232895	141.502625
2394.866667	-35.078682	141.499237
2394.933333	-34.820629	141.493530
2395.000000	-34.693481	141.495209
2395.066667	-34.538200	141.449936
2395.133333	-34.327938	141.498230
2395.200000	-34.209572	141.349472
2395.266667	-34.052311	141.386246
2395.333333	-33.895149	141.404938
2395.400000	-33.610592	141.407181
2395.466667	-33.380833	141.372574
2395.533333	-33.217533	141.473785
2395.600000	-33.061794	141.353119
2395.666667	-32.917492	141.447128
2395.733333	-32.710068	141.414917
2395.800000	-32.654087	141.332275
2395.866667	-32.284573	141.419052
2395.933333	-32.221844	141.423096
2396.000000	-32.210461	141.427994
2396.066667	-32.001102	141.480927
2396.133333	-31.851410	141.538437
2396.200000	-31.491720	141.576981
2396.266667	-31.434542	141.558777
2396.333333	-31.214472	141.504440
2396.400000	-31.100094	141.594254
2396.466667	-30.820179	141.605988
2396.533333	-30.720259	141.595886
2396.600000	-30.755644	141.463043
2396.666667	-30.567770	141.568802
2396.733333	-30.220018	141.735504
2396.800000	-30.044821	141.563019
2396.866667	-29.939232	141.493927
2396.933333	-29.660141	141.610428
2397.000000	-29.544937	141.435364
2397.066667	-29.363878	141.460587
2397.133333	-29.225048	141.439133
2397.200000	-28.999352	141.461334
2397.266667	-28.719671	141.432831
2397.333333	-28.604296	141.450241
2397.400000	-28.454224	141.399353
2397.466667	-28.310547	141.335419
2397.533333	-28.169748	141.419861
2397.600000	-28.113512	141.298737
2397.666667	-27.795904	141.313995
2397.733333	-27.601017	141.389236
2397.800000	-27.505745	141.415909
2397.866667	-27.217348	141.392166
2397.933333	-27.021915	141.422745
2398.000000	-26.957270	141.440323
2398.066667	-26.813110	141.379913
2398.133333	-26.598396	141.450165
2398.200000	-26.296061	141.553772
2398.266667	-26.177942	141.502792
2398.333333	-26.226404	141.390259
2398.400000	-26.023932	141.488434
2398.466667	-25.927168	141.432281
2398.533333	-25.706438	141.488693
2398.600000	-25.396059	141.611298
2398.666667	-25.361282	141.519424
2398.733333	-25.051786	141.653122
2398.800000	-24.973690	141.566696
2398.866667	-24.793032	141.591736
2398.933333	-24.725485	141.400040
2399.000000	-24.453606	141.527527
2399.066667	-24.166645	141.573685
2399.133333	-24.116278	141.459595
2399.200000	-23.808393	141.598526
2399.266667	-23.649092	141.505371
2399.333333	-23.512531	141.400238
2399.400000	-23.486307	141.271133
2399.466667	-23.093626	141.465256
2399.533333	-23.070375	141.297867
2399.600000	-22.840937	141.400360
2399.666667	-22.778074	141.267380
2399.733333	-22.402908	141.356720
2399.800000	-22.385706	141.308792
2399.866667	-22.166328	141.345230
2399.933333	-22.021917	141.292099
2400.000000	-21.935219	141.307220
