1620.066667	-15.145782	141.059158
1620.133333	-15.236066	141.004944
1620.200000	-15.236066	141.004944
1620.266667	-15.327076	141.071426
1620.333333	-15.375669	141.218643
1620.400000	-15.520086	141.122894
1620.466667	-15.655239	141.033844
1620.533333	-15.681374	141.233459
1620.600000	-15.681374	141.233459
1620.666667	-15.778317	141.231598
1620.733333	-15.885474	141.155655
1620.800000	-15.899384	141.164948
1620.866667	-16.027397	141.077209
1620.933333	-16.037014	141.268478
1621.000000	-16.174074	141.099594
1621.066667	-16.174074	141.099594
1621.133333	-16.179390	141.280212
1621.200000	-16.314346	141.198135
1621.266667	-16.197950	141.255310
1621.333333	-16.438913	141.148666
1621.400000	-16.519913	141.194824
1621.466667	-16.519913	141.194824
1621.533333	-16.498762	141.178650
1621.600000	-16.491476	141.208206
1621.666667	-16.662085	141.124573
1621.733333	-16.830044	140.987045
1621.800000	-16.795914	141.143188
1621.866667	-16.795914	141.143188
1621.933333	-16.933882	141.136810
1622.000000	-17.004408	141.060135
1622.066667	-16.963053	141.096481
1622.133333	-17.115261	141.177612
1622.200000	-17.163172	141.228760
1622.266667	-17.373199	141.140610
1622.333333	-17.373199	141.140610
1622.400000	-17.311390	141.239838
1622.466667	-17.449539	141.201477
1622.533333	-17.505043	141.291763
1622.600000	-17.709335	141.100586
1622.666667	-17.622807	141.232773
1622.733333	-17.622807	141.232773
1622.800000	-17.741823	141.202225
1622.866667	-17.792030	141.227264
1622.933333	-18.086664	141.242355
1623.000000	-18.051121	141.225204
1623.066667	-18.148565	141.172272
1623.133333	-18.148565	141.172272
1623.200000	-18.179913	141.219009
1623.266667	-18.271839	141.283249
1623.333333	-18.198429	141.315521
1623.400000	-18.387527	141.147125
1623.466667	-18.546535	141.162354
1623.533333	-18.535301	141.249527
1623.600000	-18.535301	141.249527
1623.666667	-18.582602	141.064270
1623.733333	-18.766973	141.164490
1623.800000	-18.750998	141.044144
1623.866667	-18.881279	141.076141
1623.933333	-18.834728	141.232864
1624.000000	-18.834728	141.232864
1624.066667	-19.019545	141.045517
1624.133333	-19.003576	141.191345
1624.200000	-19.147142	141.160690
1624.266667	-19.288063	141.146530
1624.333333	-19.207024	141.195526
1624.400000	-19.207024	141.195526
1624.466667	-19.394888	141.129868
1624.533333	-19.473045	141.164551
1624.600000	-19.483572	141.192795
1624.666667	-19.567114	141.235458
1624.733333	-19.669874	141.259415
1624.800000	-19.669874	141.259415
1624.866667	-19.809208	141.169846
1624.933333	-19.962009	141.222015
1625.000000	-19.912271	141.219360
1625.066667	-19.971977	141.318558
1625.133333	-20.156689	141.309570
1625.200000	-20.117344	141.234741
1625.266667	-20.117344	141.234741
1625.333333	-20.238588	141.223160
1625.400000	-20.185499	141.331390
1625.466667	-20.363007	141.265305
1625.533333	-20.456898	141.206619
1625.600000	-20.562340	141.206161
1625.666667	-20.562340	141.206161
1625.733333	-20.480227	141.175949
1625.800000	-20.709497	141.194412
1625.866667	-20.825127	141.085190
1625.933333	-20.799135	141.087585
1626.000000	-20.931660	141.109863
1626.066667	-20.931660	141.109863
1626.133333	-21.015850	141.074631
1626.200000	-20.975111	141.193039
1626.266667	-21.204102	140.979691
1626.333333	-21.328377	141.018753
1626.400000	-21.272148	141.142654
1626.466667	-21.485643	141.052750
1626.533333	-21.422216	141.197205
1626.600000	-21.533876	141.174545
1626.666667	-21.575079	141.189148
1626.733333	-21.628107	141.214142
1626.800000	-21.665142	141.257797
1626.866667	-21.752111	141.300598
1626.933333	-21.745861	141.334732
1627.000000	-21.851381	141.373749
1627.066667	-21.963249	141.318008
1627.133333	-22.064123	141.231842
1627.200000	-22.132030	141.308563
1627.266667	-22.188803	141.234909
1627.333333	-22.293041	141.236954
1627.400000	-22.174047	141.376740
1627.466667	-22.474010	141.267929
1627.533333	-22.393946	141.304672
1627.600000	-22.503170	141.261032
1627.666667	-22.611446	141.258011
1627.733333	-22.766825	141.172943
1627.800000	-22.698217	141.219727
1627.866667	-22.593609	141.315048
1627.933333	-22.770115	141.273026
1628.000000	-22.826427	141.146194
1628.066667	-22.779297	141.259415
1628.133333	-23.054573	141.152298
1628.200000	-22.972761	141.215378
1628.266667	-23.057619	141.173981
1628.333333	-23.195198	141.009323
1628.400000	-23.220680	141.246552
1628.466667	-23.330332	141.198120
1628.533333	-23.467901	141.170532
1628.600000	-23.427418	141.190964
1628.666667	-23.489527	141.205200
1628.733333	-23.686625	141.183807
1628.800000	-23.639086	141.328552
1628.866667	-23.700747	141.327515
1628.933333	-23.804409	141.280243
1629.000000	-23.916302	141.306137
1629.066667	-23.939238	141.368332
1629.133333	-24.179222	141.219437
1629.200000	-24.165623	141.207535
1629.266667	-24.181631	141.427231
1629.333333	-24.359539	141.267685
1629.400000	-24.398289	141.419144
1629.466667	-24.466551	141.400208
1629.533333	-24.487490	141.261719
1629.600000	-24.627199	141.224701
1629.666667	-24.729713	141.265213
1629.733333	-24.790693	141.251389
1629.800000	-24.774445	141.256775
1629.866667	-24.821001	141.246094
1629.933333	-24.902304	141.205231
1630.000000	-24.853731	141.200195
1630.066667	-24.975351	141.192001
1630.133333	-24.995752	141.200195
1630.200000	-25.106770	141.193207
1630.266667	-25.216389	141.227722
1630.333333	-25.343090	141.116714
1630.400000	-25.329948	141.123428
1630.466667	-25.465849	141.088867
1630.533333	-25.494719	141.227325
1630.600000	-25.537922	141.197693
1630.666667	-25.635157	141.244125
1630.733333	-25.634411	141.186401
1630.800000	-25.782431	141.157959
1630.866667	-25.888901	141.244934
1630.933333	-25.880671	141.319794
1631.000000	-25.971796	141.250000
1631.066667	-26.128572	141.300949
1631.133333	-26.143082	141.253738
1631.200000	-26.273476	141.342819
1631.266667	-26.357536	141.175842
1631.333333	-26.335232	141.348099
1631.400000	-26.539288	141.220612
1631.466667	-26.458721	141.362518
1631.533333	-26.631351	141.326752
1631.600000	-26.629398	141.465088
1631.666667	-26.703814	141.325836
1631.733333	-26.758125	141.366608
1631.800000	-26.812151	141.339157
1631.866667	-26.880062	141.303009
1631.933333	-27.138809	141.166031
1632.000000	-27.221840	141.244476
1632.066667	-27.117332	141.266876
1632.133333	-27.338818	141.152252
1632.200000	-27.223963	141.288132
1632.266667	-27.446789	141.225723
1632.333333	-27.385212	141.220428
1632.400000	-27.597908	141.108047
1632.466667	-27.567450	141.205154
1632.533333	-27.660658	141.124313
1632.600000	-27.594069	141.278519
1632.666667	-27.825607	141.176208
1632.733333	-27.624823	140.876648
1632.800000	-27.956640	141.144699
1632.866667	-27.980358	141.270615
1632.933333	-28.118658	141.223099
1633.000000	-28.274271	141.131622
1633.066667	-28.131752	141.299576
1633.133333	-28.464502	141.224167
1633.200000	-28.375759	141.307968
1633.266667	-28.490053	141.238525
1633.333333	-28.614979	141.224701
1633.400000	-28.697748	141.318573
1633.466667	-28.783676	141.344788
1633.533333	-28.803125	141.272858
1633.600000	-28.841429	141.297134
1633.666667	-28.990677	141.376236
1633.733333	-28.932295	141.326309
1633.800000	-29.167589	141.277145
1633.866667	-29.264685	141.244354
1633.933333	-29.236414	141.282806
1634.000000	-29.264509	141.284424
1634.066667	-29.467472	141.233124
1634.133333	-29.419779	141.280548
1634.200000	-29.491226	141.334885
1634.266667	-29.584787	141.274368
1634.333333	-29.591942	141.228897
1634.400000	-29.599037	141.258423
1634.466667	-29.791695	141.184860
1634.533333	-29.872921	141.191986
1634.600000	-29.985559	141.126175
1634.666667	-29.984100	141.150925
1634.733333	-29.955462	141.281998
1634.800000	-30.105291	141.124390
1634.866667	-30.203156	141.244232
1634.933333	-30.323029	141.163696
1635.000000	-30.358353	141.199142
1635.066667	-30.426834	141.304291
1635.133333	-30.512655	141.199738
1635.200000	-30.692167	141.198624
1635.266667	-30.753841	141.253662
1635.333333	-30.750135	141.320663
1635.400000	-30.837685	141.299576
1635.466667	-30.889160	141.387085
1635.533333	-31.024086	141.421585
1635.600000	-31.285271	141.214478
1635.666667	-31.234976	141.419052
1635.733333	-31.201010	141.346481
1635.800000	-31.394726	141.236557
1635.866667	-31.446440	141.371124
1635.933333	-31.481346	141.292984
1636.000000	-31.541449	141.351334
1636.066667	-31.727341	141.159698
1636.133333	-31.670376	141.287872
1636.200000	-31.841282	141.229309
1636.266667	-31.825888	141.276810
1636.333333	-31.956745	141.165848
1636.400000	-31.896069	141.230042
1636.466667	-32.013508	141.230331
1636.533333	-32.139629	141.238998
1636.600000	-32.148827	141.259018
1636.666667	-32.288094	141.242737
1636.733333	-32.274765	141.255173
1636.800000	-32.479839	141.111572
1636.866667	-32.423595	141.332809
1636.933333	-32.644878	141.200348
1637.000000	-32.598488	141.286011
1637.066667	-32.724937	141.239380
1637.133333	-32.741955	141.227737
1637.200000	-32.932499	141.217697
1637.266667	-32.898369	141.344498
1637.333333	-33.018257	141.279541
1637.400000	-33.116261	141.305649
1637.466667	-33.109917	141.369324
1637.533333	-33.283115	141.328552
1637.600000	-33.341644	141.386215
1637.666667	-33.399391	141.293793
1637.733333	-33.494244	141.363281
1637.800000	-33.512283	141.391281
1637.866667	-33.622429	141.349396
1637.933333	-33.851273	141.264832
1638.000000	-33.906918	141.234222
1638.066667	-33.888695	141.338913
1638.133333	-33.959782	141.270966
1638.200000	-34.115108	141.363068
1638.266667	-34.147663	141.205017
1638.333333	-34.225441	141.341782
1638.400000	-34.396313	141.258606
1638.466667	-34.292423	141.287735
1638.533333	-34.426308	141.289658
1638.600000	-34.520153	141.191360
1638.666667	-34.540604	141.221222
1638.733333	-34.677826	141.222778
1638.800000	-34.770176	141.139389
1638.866667	-34.884335	141.063293
1638.933333	-34.813076	141.241043
1639.000000	-34.992611	141.151215
1639.066667	-35.062435	141.187897
1639.133333	-35.110355	141.242874
1639.200000	-35.138618	141.212585
1639.266667	-35.231449	141.272583
1639.333333	-35.263824	141.255066
1639.400000	-35.332718	141.332870
1639.466667	-35.423302	141.298935
1639.533333	-35.478992	141.374741
1639.600000	-35.765251	141.316330
1639.666667	-35.727638	141.450684
1639.733333	-35.781475	141.377701
1639.800000	-35.951958	141.260864
1639.866667	-35.964664	141.292633
1639.933333	-35.947021	141.249802
1640.000000	-36.136127	141.320923
1640.066667	-36.173103	141.324234
1640.133333	-36.161930	141.475174
1640.200000	-36.336689	141.278549
1640.266667	-36.410450	141.252380
1640.333333	-36.456932	141.336456
1640.400000	-36.562767	141.349625
1640.466667	-36.564331	141.273804
1640.533333	-36.609074	141.364777
1640.600000	-36.779007	141.229889
1640.666667	-36.981880	141.221085
1640.733333	-37.006008	141.186249
1640.800000	-36.901875	141.264511
1640.866667	-37.123211	141.205612
1640.933333	-37.186504	141.205032
1641.000000	-37.272545	141.140121
1641.066667	-37.323151	141.205078
1641.133333	-37.268810	141.302689
1641.200000	-37.384373	141.299576
1641.266667	-37.534649	141.203400
1641.333333	-37.511051	141.195053
1641.400000	-37.592560	141.285477
1641.466667	-37.760563	141.225708
1641.533333	-37.770130	141.277573
1641.600000	-37.968628	141.225204
1641.666667	-37.909370	141.335739
1641.733333	-38.044575	141.260239
1641.800000	-37.964890	141.331696
1641.866667	-38.318989	141.241409
1641.933333	-38.266693	141.420517
1642.000000	-38.293568	141.344055
1642.066667	-38.516960	141.286835
1642.133333	-38.561069	141.296524
1642.200000	-38.636692	141.251877
1642.266667	-38.688011	141.335251
1642.333333	-38.731476	141.340744
1642.400000	-38.835182	141.258636
1642.466667	-38.827263	141.292023
1642.533333	-38.895947	141.348099
1642.600000	-39.094490	141.216415
1642.666667	-39.137524	141.265686
1642.733333	-39.308903	141.107193
1642.800000	-39.293350	141.227753
1642.866667	-39.281612	141.291733
1642.933333	-39.382523	141.159805
1643.000000	-39.526550	141.126984
1643.066667	-39.708050	141.090363
1643.133333	-39.633022	141.239929
1643.200000	-39.714462	141.228287
1643.266667	-39.887947	141.149536
1643.333333	-39.830563	141.308456
1643.400000	-39.952148	141.233307
1643.466667	-39.976166	141.319946
1643.533333	-40.168564	141.195114
1643.600000	-40.301308	141.158676
1643.666667	-40.402225	141.147461
1643.733333	-40.459408	141.228241
1643.800000	-40.443073	141.219208
1643.866667	-40.566753	141.250793
1643.933333	-40.637100	141.313370
1644.000000	-40.607468	141.349548
1644.066667	-40.835175	141.296783
1644.133333	-40.798050	141.289795
1644.200000	-40.925156	141.344681
1644.266667	-41.067539	141.312759
1644.333333	-41.132332	141.305450
1644.400000	-41.119869	141.338913
1644.466667	-41.379711	141.289764
1644.533333	-41.287067	141.275711
1644.600000	-41.286053	141.340073
1644.666667	-41.404205	141.316101
1644.733333	-41.568390	141.195694
1644.800000	-41.486404	141.301819
1644.866667	-41.571350	141.237061
1644.933333	-41.891384	141.076324
1645.000000	-41.790665	141.252792
1645.066667	-41.931477	141.196793
1645.133333	-41.980961	141.187836
1645.200000	-41.969494	141.243546
1645.266667	-42.168480	141.162842
1645.333333	-42.122765	141.250565
1645.400000	-42.191235	141.229309
1645.466667	-42.377716	141.243423
1645.533333	-42.405430	141.164459
1645.600000	-42.492260	141.134293
1645.666667	-42.621567	141.207092
1645.733333	-42.660450	141.199631
1645.800000	-42.855164	141.177490
1645.866667	-42.901894	141.252289
1645.933333	-43.067005	141.194870
1646.000000	-43.037228	141.266724
1646.066667	-43.074074	141.404327
1646.133333	-43.172668	141.307968
1646.200000	-43.310703	141.286713
1646.266667	-43.242493	141.449234
1646.333333	-43.426025	141.246475
1646.400000	-43.557426	141.175949
1646.466667	-43.520218	141.293671
1646.533333	-43.698978	141.299667
1646.600000	-43.665344	141.302750
1646.666667	-43.728966	141.269943
1646.733333	-43.861362	141.246811
1646.800000	-43.909740	141.287521
1646.866667	-43.954601	141.346222
1646.933333	-44.204121	141.134430
1647.000000	-44.079948	141.298737
1647.066667	-44.140274	141.200287
1647.133333	-44.267902	141.248642
1647.200000	-44.418671	141.147186
1647.266667	-44.469883	141.205017
1647.333333	-44.522404	141.206650
1647.400000	-44.615723	141.184204
1647.466667	-44.672771	141.219086
1647.533333	-44.765583	141.134186
1647.600000	-44.746323	141.206985
1647.666667	-44.827980	141.145477
1647.733333	-44.990189	141.236816
1647.800000	-44.971188	141.256180
1647.866667	-45.184521	141.121368
1647.933333	-45.198120	141.207535
1648.000000	-45.340172	141.221741
1648.066667	-45.346500	141.339813
1648.133333	-45.484787	141.277191
1648.200000	-45.605957	141.213531
1648.266667	-45.734215	141.232117
1648.333333	-45.744976	141.304733
1648.400000	-45.802635	141.317657
1648.466667	-45.809311	141.325989
1648.533333	-46.116348	141.158905
1648.600000	-45.896080	141.399170
1648.666667	-46.234562	141.208710
1648.733333	-46.231720	141.276016
1648.800000	-46.350544	141.243317
1648.866667	-46.405510	141.203766
1648.933333	-46.495579	141.191818
1649.000000	-46.511768	141.226715
1649.066667	-46.488136	141.293381
1649.133333	-46.680904	141.174225
1649.200000	-46.672817	141.134399
1649.266667	-46.829510	141.090912
1649.333333	-46.879753	141.188370
1649.400000	-47.026306	141.041473
1649.466667	-47.036911	141.165237
1649.533333	-47.228725	141.047043
1649.600000	-47.306358	141.059113
1649.666667	-47.205887	141.258408
1649.733333	-47.407829	141.110199
1649.800000	-47.480152	141.084244
1649.866667	-47.567142	141.128265
1649.933333	-47.687260	141.151016
1650.000000	-47.715328	141.141922
1650.066667	-47.703236	141.184067
1650.133333	-47.899086	141.115692
1650.200000	-48.059216	141.117233
1650.266667	-48.047241	141.268417
1650.333333	-48.169086	141.192398
1650.400000	-48.232269	141.185577
1650.466667	-48.337654	141.187744
1650.533333	-48.403618	141.181107
1650.600000	-48.467323	141.257431
1650.666667	-48.484280	141.166199
1650.733333	-48.560024	141.269852
1650.800000	-48.633045	141.234909
1650.866667	-48.658119	141.267273
1650.933333	-48.642467	141.319672
1651.000000	-48.949139	141.188812
1651.066667	-49.047291	141.186905
1651.133333	-49.059330	141.169556
1651.200000	-49.124886	141.140732
1651.266667	-49.132786	141.205276
1651.333333	-49.321709	141.039307
1651.400000	-49.373451	141.138611
1651.466667	-49.408295	141.144653
1651.533333	-49.569611	141.098282
1651.600000	-49.593910	141.073074
1651.666667	-49.794586	141.014908
1651.733333	-49.686462	141.193207
1651.800000	-49.814587	141.158981
1651.866667	-49.875015	141.206863
1651.933333	-49.878723	141.209457
1652.000000	-49.972183	141.180649
1652.066667	-50.222355	141.093979
1652.133333	-50.150265	141.226257
1652.200000	-50.279819	141.202637
1652.266667	-50.358490	141.178345
1652.333333	-50.454800	141.187668
1652.400000	-50.558952	141.296371
1652.466667	-50.747231	141.117844
1652.533333	-50.708084	141.316330
1652.600000	-50.789200	141.252884
1652.666667	-50.981743	141.188065
1652.733333	-50.989105	141.251862
1652.800000	-51.030434	141.264725
1652.866667	-51.179565	141.257233
1652.933333	-51.318577	141.212128
1653.000000	-51.450069	141.151291
1653.066667	-51.493481	141.162674
1653.133333	-51.376591	141.252380
1653.200000	-51.635155	141.202637
1653.266667	-51.621391	141.152908
1653.333333	-51.705082	141.120117
1653.400000	-51.698792	141.179398
1653.466667	-51.939178	141.066055
1653.533333	-51.968391	141.075607
1653.600000	-52.006611	141.030731
1653.666667	-52.103870	141.077576
1653.733333	-52.110626	141.108459
1653.800000	-52.214672	141.042236
1653.866667	-52.329857	141.003174
1653.933333	-52.370647	141.191788
1654.000000	-52.515305	141.093674
1654.066667	-52.646286	141.156219
1654.133333	-52.669807	141.114410
1654.200000	-52.768925	141.169189
1654.266667	-52.919994	141.102814
1654.333333	-52.922714	141.147766
1654.400000	-53.022518	141.238708
1654.466667	-53.121567	141.272064
1654.533333	-53.249771	141.282471
1654.600000	-53.249771	141.282471
1654.666667	-53.492279	141.219131
1654.733333	-53.448734	141.193176
1654.800000	-53.650780	141.167816
1654.866667	-53.638077	141.291016
1654.933333	-53.765968	141.223694
1655.000000	-53.765968	141.223694
1655.066667	-53.936436	141.200500
1655.133333	-53.960312	141.183487
1655.200000	-54.031292	141.235092
1655.266667	-54.067776	141.249054
1655.333333	-54.288639	141.108337
1655.400000	-54.288639	141.108337
1655.466667	-54.319988	141.165558
1655.533333	-54.433449	141.120468
1655.600000	-54.542664	141.070129
1655.666667	-54.594620	141.078232
1655.733333	-54.925526	140.984116
1655.800000	-54.859406	141.076797
1655.866667	-54.859406	141.076797
1655.933333	-54.957722	140.981415
1656.000000	-54.928608	141.073944
1656.066667	-55.061962	141.031998
1656.133333	-55.211086	141.036484
1656.200000	-55.408672	141.023773
1656.266667	-55.408672	141.023773
1656.333333	-55.463551	141.111496
1656.400000	-55.524593	141.188583
1656.466667	-55.700634	141.044724
1656.533333	-55.796944	141.122253
1656.600000	-55.891392	141.196198
1656.666667	-55.891392	141.196198
1656.733333	-55.928650	141.217712
1656.800000	-56.150768	141.055252
1656.866667	-56.134727	141.181992
1656.933333	-56.324799	141.050537
1657.000000	-56.400135	141.238342
1657.066667	-56.400135	141.238342
1657.133333	-56.417450	141.237747
1657.200000	-56.576569	141.120819
1657.266667	-56.846676	140.956131
1657.333333	-56.816940	141.131546
1657.400000	-57.024078	141.041367
1657.466667	-56.987263	141.008148
1657.533333	-56.987263	141.008148
1657.600000	-57.063721	141.050278
1657.666667	-57.100513	141.078125
1657.733333	-57.248455	141.013901
1657.800000	-57.496941	140.872894
1657.866667	-57.472462	141.016983
1657.933333	-57.472462	141.016983
1658.000000	-57.573650	141.054138
1658.066667	-57.549633	141.162048
1658.133333	-57.839123	140.977448
1658.200000	-57.886307	141.024734
1658.266667	-57.986378	141.007324
1658.333333	-57.986378	141.007324
1658.400000	-58.041924	141.017578
1658.466667	-58.169144	140.984344
1658.533333	-58.394833	141.018890
1658.600000	-58.350204	141.197174
1658.666667	-58.594414	141.060181
1658.733333	-58.696365	141.068314
1658.800000	-58.696365	141.068314
1658.866667	-58.697884	141.180832
1658.933333	-58.844555	141.085159
1659.000000	-58.946739	141.282974
1659.066667	-59.152107	141.032242
1659.133333	-59.044083	141.181686
1659.200000	-59.044083	141.181686
1659.266667	-59.159946	141.168106
1659.333333	-59.444084	141.147812
1659.400000	-59.481850	141.058121
1659.466667	-59.538464	141.120651
1659.533333	-59.603954	141.138138
1659.600000	-59.603954	141.138138
1659.666667	-59.635166	141.164886
1659.733333	-59.836388	140.994965
1659.800000	-59.899807	140.971710
1659.866667	-60.069805	140.980438
1659.933333	-60.127453	141.007507
1660.000000	-60.156528	140.946564
1660.066667	-60.156528	140.946564
1660.133333	-60.359051	140.903198
1660.200000	-60.424904	140.946259
1660.266667	-60.485058	141.038727
1660.333333	-60.660229	140.959045
1660.400000	-60.659737	141.007324
1660.466667	-60.659737	141.007324
1660.533333	-60.870712	141.027985
1660.600000	-60.993233	141.067169
1660.666667	-61.073654	141.092896
1660.733333	-61.203510	141.026245
1660.800000	-61.243046	141.167099
1660.866667	-61.243046	141.167099
1660.933333	-61.333996	141.192963
1661.000000	-61.582027	141.103882
1661.066667	-61.530289	141.212967
1661.133333	-61.728760	141.101822
1661.200000	-61.836819	141.023071
1661.266667	-61.836819	141.023071
1661.333333	-62.074211	141.042953
1661.400000	-62.134640	141.104340
1661.466667	-62.107357	141.082977
1661.533333	-62.168743	141.022247
1661.600000	-62.373825	141.035492
1661.666667	-62.349121	141.100708
1661.733333	-62.494862	141.016846
1661.800000	-62.599220	141.028076
1661.866667	-62.695297	140.892670
1661.933333	-62.706814	141.004852
1662.000000	-62.867596	140.894211
1662.066667	-62.837933	141.055359
1662.133333	-62.902687	141.042007
1662.200000	-63.024582	141.018036
1662.266667	-63.097450	140.994781
1662.333333	-63.300701	140.934097
1662.400000	-63.375992	140.861038
1662.466667	-63.422855	140.983643
1662.533333	-63.422203	141.027893
1662.600000	-63.621117	141.003952
1662.666667	-63.637566	140.992386
1662.733333	-63.794647	141.132004
1662.800000	-63.965801	141.006027
1662.866667	-64.051125	141.006180
1662.933333	-64.048859	141.039108
1663.000000	-64.176529	141.070267
1663.066667	-64.165657	141.104858
1663.133333	-64.246330	141.139664
1663.200000	-64.301529	141.081497
1663.266667	-64.486382	141.040436
1663.333333	-64.533813	141.102676
1663.400000	-64.658020	141.143433
1663.466667	-64.778732	141.117615
1663.533333	-64.820602	141.026443
1663.600000	-64.929703	140.991913
1663.666667	-65.041885	140.981857
1663.733333	-65.099770	141.049500
1663.800000	-65.121635	141.074692
1663.866667	-65.145615	141.027374
1663.933333	-65.405708	140.950470
1664.000000	-65.387009	140.889023
1664.066667	-65.403374	140.961807
1664.133333	-65.559067	140.886490
1664.200000	-65.646645	140.971252
1664.266667	-65.632332	140.995773
1664.333333	-65.766876	141.009171
1664.400000	-65.986176	140.914398
1664.466667	-65.933899	140.917160
1664.533333	-66.141556	140.887619
1664.600000	-66.203941	140.922165
1664.666667	-66.234039	140.998367
1664.733333	-66.433884	140.973312
1664.800000	-66.611267	140.925079
1664.866667	-66.638466	140.953476
1664.933333	-66.765930	140.901108
1665.000000	-66.786613	140.877594
1665.066667	-66.910538	140.965256
1665.133333	-67.014473	140.977905
1665.200000	-66.951370	141.057510
1665.266667	-67.229973	140.922318
1665.333333	-67.183922	141.102783
1665.400000	-67.391823	140.987839
1665.466667	-67.453033	141.033600
1665.533333	-67.564232	140.971710
1665.600000	-67.709366	140.977402
1665.666667	-67.654945	140.974899
1665.733333	-67.694427	141.061188
1665.800000	-67.849472	141.003510
1665.866667	-67.947205	140.909164
1665.933333	-68.011856	141.004822
1666.000000	-68.055397	140.929764
1666.066667	-68.182770	140.900696
1666.133333	-68.136322	140.969131
1666.200000	-68.277252	140.901154
1666.266667	-68.450012	140.815140
1666.333333	-68.507301	140.893295
1666.400000	-68.691139	140.741058
1666.466667	-68.728752	140.842163
1666.533333	-68.759315	140.854446
1666.600000	-68.794876	140.988052
1666.666667	-68.989052	140.851196
1666.733333	-69.046555	140.885437
1666.800000	-69.250496	140.879593
1666.866667	-69.281479	140.918503
1666.933333	-69.303299	140.967590
1667.000000	-69.476288	140.922852
1667.066667	-69.607002	140.871414
1667.133333	-69.532486	140.982407
1667.200000	-69.709000	140.953461
1667.266667	-69.770523	140.942078
1667.333333	-69.925194	140.960785
1667.400000	-70.045158	140.969208
1667.466667	-70.065598	141.010086
1667.533333	-70.114067	141.035339
1667.600000	-70.341446	140.934097
1667.666667	-70.514587	140.925156
1667.733333	-70.532509	140.882767
1667.800000	-70.544464	140.963058
1667.866667	-70.609604	140.955170
1667.933333	-70.796303	140.917084
1668.000000	-70.799988	140.851425
1668.066667	-70.750290	140.981934
1668.133333	-70.907600	140.959335
1668.200000	-70.945473	140.864349
1668.266667	-71.068115	140.916916
1668.333333	-71.193565	140.822510
1668.400000	-71.333817	140.816635
1668.466667	-71.347221	140.856766
1668.533333	-71.486298	140.745453
1668.600000	-71.552589	140.808838
1668.666667	-71.607094	140.844727
1668.733333	-71.702629	140.834702
1668.800000	-71.856537	140.820541
1668.866667	-71.926773	140.864548
1668.933333	-71.989471	140.861969
1669.000000	-72.021370	140.925308
1669.066667	-72.137169	140.916870
1669.133333	-72.318985	140.811050
1669.200000	-72.469154	140.883774
1669.266667	-72.414749	140.900467
1669.333333	-72.651230	140.850952
1669.400000	-72.573181	140.988815
1669.466667	-72.772095	140.901642
1669.533333	-72.806610	140.911194
1669.600000	-72.932755	140.946701
1669.666667	-72.896645	140.944321
1669.733333	-73.206520	140.820343
1669.800000	-73.239044	140.863327
1669.866667	-73.298447	140.816391
1669.933333	-73.381325	140.910614
1670.000000	-73.425026	140.858154
1670.066667	-73.415436	140.946854
1670.133333	-73.683113	140.797119
1670.200000	-73.735069	140.807144
1670.266667	-73.842987	140.782990
1670.333333	-73.768379	140.829224
1670.400000	-73.885902	140.835770
1670.466667	-74.030113	140.754929
1670.533333	-74.061539	140.807770
1670.600000	-74.268677	140.744308
1670.666667	-74.207436	140.831253
1670.733333	-74.468170	140.806030
1670.800000	-74.534325	140.722580
1670.866667	-74.612762	140.731186
1670.933333	-74.694809	140.798172
1671.000000	-74.790367	140.820740
1671.066667	-74.838905	140.824371
1671.133333	-75.030800	140.752594
1671.200000	-75.138901	140.719467
1671.266667	-75.232307	140.739944
1671.333333	-75.301590	140.865143
1671.400000	-75.358574	140.859085
1671.466667	-75.471649	140.848282
1671.533333	-75.457970	140.915176
1671.600000	-75.636459	140.856873
1671.666667	-75.827904	140.791367
1671.733333	-75.799232	140.881561
1671.800000	-75.899925	140.813171
1671.866667	-75.906082	140.916794
1671.933333	-76.048676	140.835953
1672.000000	-76.119720	140.943954
1672.066667	-76.202263	140.893768
1672.133333	-76.427711	140.817566
1672.200000	-76.444313	140.836258
1672.266667	-76.584503	140.795059
1672.333333	-76.584587	140.743713
1672.400000	-76.725449	140.744843
1672.466667	-76.822037	140.657349
1672.533333	-76.813286	140.707336
1672.600000	-77.031219	140.694199
1672.666667	-77.156235	140.617126
1672.733333	-77.107979	140.757248
1672.800000	-77.205765	140.770874
1672.866667	-77.199333	140.786530
1672.933333	-77.289001	140.702225
1673.000000	-77.567200	140.676727
1673.066667	-77.613213	140.728363
1673.133333	-77.731956	140.632950
1673.200000	-77.889267	140.716187
1673.266667	-77.896873	140.790436
1673.333333	-77.932327	140.741974
1673.400000	-78.020073	140.829788
1673.466667	-78.070854	140.829498
1673.533333	-78.379929	140.764603
1673.600000	-78.434036	140.868835
1673.666667	-78.453568	140.861038
1673.733333	-78.470917	140.837692
1673.800000	-78.730888	140.808624
1673.866667	-78.722343	140.860184
1673.933333	-78.758995	140.880661
1674.000000	-78.826523	140.904968
1674.066667	-79.026474	140.805817
1674.133333	-79.101357	140.873032
1674.200000	-79.120026	140.808334
1674.266667	-79.240631	140.825897
1674.333333	-79.291542	140.785950
1674.400000	-79.459274	140.625641
1674.466667	-79.504669	140.663666
1674.533333	-79.620049	140.722580
1674.600000	-79.631958	140.769135
1674.666667	-79.807312	140.558304
1674.733333	-79.866043	140.597488
1674.800000	-79.924049	140.688141
1674.866667	-80.017548	140.631027
1674.933333	-80.107025	140.705124
1675.000000	-80.167633	140.728378
1675.066667	-80.341713	140.661652
1675.133333	-80.428825	140.701385
1675.200000	-80.471825	140.673660
1675.266667	-80.522224	140.768524
1675.333333	-80.591736	140.826035
1675.400000	-80.763794	140.724442
1675.466667	-80.972183	140.623123
1675.533333	-80.998878	140.706772
1675.600000	-81.063110	140.792343
1675.666667	-81.165176	140.823822
1675.733333	-81.215622	140.799515
1675.800000	-81.353371	140.775803
1675.866667	-81.415321	140.730179
1675.933333	-81.573990	140.698837
1676.000000	-81.614815	140.686523
1676.066667	-81.753174	140.754486
1676.133333	-81.824448	140.819916
1676.200000	-81.964127	140.736832
1676.266667	-82.028992	140.747955
1676.333333	-82.174530	140.714096
1676.400000	-82.263229	140.683884
1676.466667	-82.353302	140.632401
1676.533333	-82.304230	140.779724
1676.600000	-82.380898	140.750107
1676.666667	-82.530388	140.678299
1676.733333	-82.615807	140.587753
1676.800000	-82.725174	140.581131
1676.866667	-82.821625	140.603409
1676.933333	-82.805733	140.748383
1677.000000	-82.909988	140.698349
1677.066667	-83.150055	140.553940
1677.133333	-83.193680	140.559341
1677.200000	-83.209457	140.664673
1677.266667	-83.374245	140.602097
1677.333333	-83.473801	140.612320
1677.400000	-83.522438	140.665329
1677.466667	-83.648865	140.554779
1677.533333	-83.874390	140.490616
1677.600000	-83.854294	140.636032
1677.666667	-83.935707	140.685486
1677.733333	-84.212646	140.545105
1677.800000	-84.079422	140.776611
1677.866667	-84.291603	140.652878
1677.933333	-84.354172	140.710373
1678.000000	-84.431679	140.769135
1678.066667	-84.571289	140.690460
1678.133333	-84.613670	140.769073
1678.200000	-84.798355	140.582901
1678.266667	-84.953415	140.576202
1678.333333	-84.983505	140.677826
1678.400000	-85.033768	140.651825
1678.466667	-85.101852	140.723343
1678.533333	-85.147545	140.737946
1678.600000	-85.331841	140.640198
1678.666667	-85.358788	140.693176
1678.733333	-85.401527	140.700989
1678.800000	-85.551102	140.623779
1678.866667	-85.695152	140.568146
1678.933333	-85.779259	140.611282
1679.000000	-85.797928	140.534622
1679.066667	-85.926842	140.556641
1679.133333	-85.899605	140.627884
1679.200000	-86.109001	140.503296
1679.266667	-86.171165	140.499222
1679.333333	-86.338707	140.573929
1679.400000	-86.397812	140.593094
1679.466667	-86.378632	140.614197
1679.533333	-86.544456	140.536118
1679.600000	-86.602142	140.600571
1679.666667	-86.834358	140.586502
1679.733333	-86.883942	140.577454
1679.800000	-86.983078	140.581131
1679.866667	-87.089943	140.692245
1679.933333	-87.220917	140.618179
1680.000000	-87.417229	140.550980
