780.066667	-120.846153	139.109070
780.133333	-120.983841	139.143768
780.200000	-121.150764	139.148163
780.266667	-121.399597	139.107758
780.333333	-121.473091	139.138992
780.400000	-121.622070	139.154282
780.466667	-121.759926	139.160599
780.533333	-121.932243	139.172287
780.600000	-122.109253	139.250061
780.666667	-122.260963	139.163437
780.733333	-122.543457	139.161987
780.800000	-122.713539	139.130219
780.866667	-122.832283	139.130127
780.933333	-123.011017	139.164642
781.000000	-122.930870	139.314560
781.066667	-123.270332	139.316071
781.133333	-123.556435	139.191025
781.200000	-123.533722	139.343384
781.266667	-123.791092	139.238983
781.333333	-123.915138	139.292343
781.400000	-124.159325	139.211700
781.466667	-124.322876	139.159531
781.533333	-124.401672	139.245682
781.600000	-124.625648	139.210876
781.666667	-124.742920	139.156036
781.733333	-124.837654	139.213928
781.800000	-125.211510	139.015854
781.866667	-125.297409	138.972839
781.933333	-125.399277	139.060883
782.000000	-125.578667	138.976791
782.066667	-125.650742	139.082382
782.133333	-125.864914	138.967697
782.200000	-126.034271	138.902832
782.266667	-126.148575	138.997894
782.333333	-126.515297	138.871231
782.400000	-126.476128	138.935211
782.466667	-126.656754	138.909180
782.533333	-126.869881	138.938828
782.600000	-127.031105	138.957596
782.666667	-127.149155	138.977158
782.733333	-127.354507	138.961853
782.800000	-127.444519	139.006516
782.866667	-127.654030	138.982666
782.933333	-127.721367	139.027100
783.000000	-128.057129	139.001556
783.066667	-128.122437	139.065842
783.133333	-128.365677	138.979797
783.200000	-128.534698	139.106262
783.266667	-128.719299	139.059311
783.333333	-128.777664	139.069641
783.400000	-129.116165	139.029831
783.466667	-129.233414	138.958405
783.533333	-129.387268	139.018692
783.600000	-129.532715	138.933960
783.666667	-129.716797	138.886429
783.733333	-129.920624	138.935425
783.800000	-129.982468	138.977356
783.866667	-130.071976	138.980316
783.933333	-130.286560	138.994385
784.000000	-130.358902	138.911301
784.066667	-130.480560	138.901871
784.133333	-130.696762	138.821274
784.200000	-130.812500	138.878296
784.266667	-130.980957	138.804932
784.333333	-131.192780	138.729507
784.400000	-131.361557	138.806503
784.466667	-131.538254	138.712173
784.533333	-131.698959	138.763977
784.600000	-131.793579	138.812302
784.666667	-132.044617	138.774414
784.733333	-132.190079	138.749344
784.800000	-132.366562	138.792831
784.866667	-132.449005	138.880356
784.933333	-132.615417	138.794968
785.000000	-132.779007	138.848358
785.066667	-133.000275	138.837738
785.133333	-133.202957	138.858948
785.200000	-133.403336	138.869980
785.266667	-133.426666	138.951431
785.333333	-133.680939	138.933228
785.400000	-133.750961	138.933472
785.466667	-134.000519	138.833664
785.533333	-134.238800	138.819366
785.600000	-134.264145	138.926254
785.666667	-134.549576	138.785995
785.733333	-134.714722	138.783600
785.800000	-134.870880	138.787460
785.866667	-135.084152	138.781158
785.933333	-135.085175	138.878632
786.000000	-135.276642	138.777313
786.066667	-135.324280	138.860703
786.133333	-135.713181	138.612885
786.200000	-135.757874	138.623611
786.266667	-135.942902	138.675446
786.333333	-136.074646	138.651520
786.400000	-136.320114	138.560135
786.466667	-136.406219	138.630630
786.533333	-136.561218	138.619614
786.600000	-136.648560	138.596359
786.666667	-136.801804	138.592911
786.733333	-137.121078	138.544678
786.800000	-137.103531	138.661331
786.866667	-137.220673	138.721558
786.933333	-137.516159	138.629959
787.000000	-137.661316	138.602524
787.066667	-137.824432	138.636978
787.133333	-138.039581	138.640030
787.200000	-138.283340	138.565536
787.266667	-138.400436	138.595184
787.333333	-138.562561	138.656906
787.400000	-138.660690	138.669373
787.466667	-138.911301	138.604660
787.533333	-139.002335	138.729813
787.600000	-138.671982	138.348267
787.666667	-139.389496	138.615265
787.733333	-139.473175	138.698883
787.800000	-139.742645	138.581787
787.866667	-139.917374	138.572021
787.933333	-140.010193	138.649628
788.000000	-140.373962	138.432343
788.066667	-140.389664	138.476181
788.133333	-140.562195	138.502396
788.200000	-140.579742	138.535202
788.266667	-140.658722	138.563614
788.333333	-141.003860	138.412094
788.400000	-141.214035	138.377533
788.466667	-141.295502	138.348358
788.533333	-141.441895	138.331467
788.600000	-141.644760	138.381531
788.666667	-141.754791	138.378326
788.733333	-141.886169	138.382843
788.800000	-142.089539	138.344833
788.866667	-142.276596	138.297180
788.933333	-142.319290	138.437668
789.000000	-142.538681	138.377136
789.066667	-142.817978	138.271042
789.133333	-142.900848	138.359085
789.200000	-143.103638	138.403625
789.266667	-143.281281	138.419052
789.333333	-143.469437	138.408600
789.400000	-143.510437	138.417145
789.466667	-143.783127	138.430740
789.533333	-143.984833	138.466446
789.600000	-144.190872	138.345078
789.666667	-144.361130	138.320068
789.733333	-144.347794	138.533020
789.800000	-144.588135	138.353485
789.866667	-144.721069	138.456802
789.933333	-145.025116	138.314209
790.000000	-145.063919	138.439468
790.066667	-145.310486	138.318344
790.133333	-145.412415	138.365189
790.200000	-145.645844	138.213043
790.266667	-145.720917	138.369751
790.333333	-145.788223	138.329468
790.400000	-146.031937	138.256226
790.466667	-146.150284	138.256271
790.533333	-146.374023	138.164993
790.600000	-146.528961	138.153748
790.666667	-146.572922	138.281754
790.733333	-146.850342	138.102646
790.800000	-147.054016	138.140396
790.866667	-147.176224	138.050644
790.933333	-147.170441	138.227158
791.000000	-147.366058	138.243210
791.066667	-147.601990	138.059616
791.133333	-147.727982	138.239258
791.200000	-147.952774	138.243713
791.266667	-148.162125	138.155731
791.333333	-148.367264	138.089233
791.400000	-148.507553	138.119049
791.466667	-148.710037	138.161026
791.533333	-148.796555	138.151016
791.600000	-148.996689	138.183182
791.666667	-149.176987	138.191605
791.733333	-149.311325	138.174515
791.800000	-149.420868	138.232941
791.866667	-149.652023	138.128983
791.933333	-149.747437	138.237488
792.000000	-149.889618	138.274460
792.066667	-150.250916	138.100006
792.133333	-150.355331	138.108734
792.200000	-150.410583	138.161652
792.266667	-150.638489	138.178665
792.333333	-150.762070	138.121750
792.400000	-151.007080	137.977341
792.466667	-151.041885	138.059143
792.533333	-151.287231	137.998245
792.600000	-151.360397	138.016342
792.666667	-151.498032	137.940079
792.733333	-151.697113	137.930359
792.800000	-151.792465	138.017807
792.866667	-151.937149	137.990433
792.933333	-152.134521	137.924622
793.000000	-152.257065	137.912613
793.066667	-152.514526	137.885025
793.133333	-152.591324	137.947632
793.200000	-152.775772	137.932816
793.266667	-153.012283	137.864624
793.333333	-153.149506	137.939255
793.400000	-153.404663	137.897247
793.466667	-153.487259	137.953995
793.533333	-153.682541	137.870392
793.600000	-153.825272	137.929794
793.666667	-153.873383	138.069580
793.733333	-154.228119	137.903259
793.800000	-154.239685	138.004242
793.866667	-154.412445	138.025055
793.933333	-154.641220	137.986465
794.000000	-154.730469	137.992355
794.066667	-154.927200	138.001434
794.133333	-155.088943	137.972702
794.200000	-155.303070	137.902130
794.266667	-155.449341	137.919571
794.333333	-155.623672	137.863968
794.400000	-155.755707	137.883102
794.466667	-155.873795	137.928482
794.533333	-156.046570	137.826828
794.600000	-156.254013	137.742538
794.666667	-156.307739	137.822769
794.733333	-156.468582	137.794113
794.800000	-156.851685	137.637863
794.866667	-156.889984	137.647781
794.933333	-157.046432	137.638535
795.000000	-157.229446	137.618347
795.066667	-157.387482	137.572311
795.133333	-157.541672	137.628830
795.200000	-157.718887	137.599091
795.266667	-157.930176	137.624023
795.333333	-157.899323	137.795319
795.400000	-158.134262	137.694397
795.466667	-158.485641	137.526657
795.533333	-158.578308	137.584900
795.600000	-158.685287	137.649124
795.666667	-158.862961	137.646439
795.733333	-159.113953	137.560028
795.800000	-159.148468	137.711716
795.866667	-159.434570	137.645096
795.933333	-159.520065	137.734451
796.000000	-159.743149	137.666321
796.066667	-159.805649	137.724045
796.133333	-160.020706	137.717667
796.200000	-160.336273	137.527191
796.266667	-160.331345	137.627991
796.333333	-160.584473	137.545120
796.400000	-160.757843	137.602524
796.466667	-160.819641	137.665268
796.533333	-160.993027	137.660202
796.600000	-161.200470	137.550797
796.666667	-161.385818	137.468857
796.733333	-161.442337	137.518417
796.800000	-161.566895	137.561401
796.866667	-161.704071	137.454315
796.933333	-161.909958	137.518082
797.000000	-162.074463	137.387024
797.066667	-162.241180	137.335236
797.133333	-162.418701	137.358917
797.200000	-162.614975	137.292526
797.266667	-162.802643	137.293533
797.333333	-162.863174	137.360992
797.400000	-163.112244	137.255295
797.466667	-163.236969	137.328766
797.533333	-163.381958	137.422440
797.600000	-163.611847	137.282318
797.666667	-163.763184	137.409348
797.733333	-163.904175	137.374039
797.800000	-163.971634	137.478714
797.866667	-164.195892	137.440704
797.933333	-164.390732	137.352020
798.000000	-164.616943	137.416183
798.066667	-164.846436	137.350021
798.133333	-165.030869	137.266510
798.200000	-165.080643	137.388382
798.266667	-165.302658	137.333038
798.333333	-165.416672	137.356308
798.400000	-165.574936	137.415802
798.466667	-165.670624	137.358917
798.533333	-165.923050	137.278809
798.600000	-166.138718	137.215714
798.666667	-166.215347	137.231079
798.733333	-166.261871	137.307022
798.800000	-166.453690	137.253967
798.866667	-166.601669	137.234497
798.933333	-166.825150	137.100388
799.000000	-166.968658	137.180954
799.066667	-167.163651	137.169678
799.133333	-167.369736	137.114655
799.200000	-167.369736	137.114655
799.266667	-167.634857	137.085800
799.333333	-167.547668	137.257202
799.400000	-167.945633	137.127182
799.466667	-168.122711	137.023972
799.533333	-168.430222	137.051117
799.600000	-168.430222	137.051117
799.666667	-168.477585	137.137375
799.733333	-168.799850	137.074966
799.800000	-168.968262	137.049149
799.866667	-169.029053	137.130447
799.933333	-169.489883	137.029785
800.000000	-169.489883	137.029785
800.066667	-169.619263	137.091537
800.133333	-169.741226	137.146347
800.200000	-169.856430	137.122040
800.266667	-170.062302	137.169724
800.333333	-170.451447	137.059677
800.400000	-170.540070	137.152420
800.466667	-170.540070	137.152420
800.533333	-170.764557	137.101578
800.600000	-170.942810	137.016357
800.666667	-171.029037	137.085846
800.733333	-171.263977	137.145996
800.800000	-171.633392	136.861816
800.866667	-171.633392	136.861816
800.933333	-171.753937	136.929733
801.000000	-171.890121	136.897354
801.066667	-172.004807	136.993729
801.133333	-172.228409	136.846817
801.200000	-172.491669	136.889908
801.266667	-172.491669	136.889908
801.333333	-172.601730	136.810806
801.400000	-172.828537	136.769836
801.466667	-172.976166	136.747757
801.533333	-173.173080	136.839478
801.600000	-173.440308	136.803162
801.666667	-173.440308	136.803162
801.733333	-173.639984	136.663773
801.800000	-173.689270	136.809769
801.866667	-173.965378	136.779282
801.933333	-174.254028	136.730927
802.000000	-174.350830	136.837341
802.066667	-174.677322	136.771957
802.133333	-174.677322	136.771957
802.200000	-174.708923	136.825668
802.266667	-174.915527	136.850784
802.333333	-175.337692	136.744247
802.400000	-175.428253	136.822845
802.466667	-175.594894	136.840393
802.533333	-175.594894	136.840393
802.600000	-175.795715	136.802429
802.666667	-176.004852	136.747711
802.733333	-176.219391	136.850937
802.800000	-176.438797	136.703293
802.866667	-176.562546	136.677017
802.933333	-176.562546	136.677017
803.000000	-176.732040	136.636368
803.066667	-176.844315	136.711517
803.133333	-177.405884	136.498306
803.200000	-177.434509	136.549637
803.266667	-177.489380	136.600204
803.333333	-177.675583	136.506210
803.400000	-177.675583	136.506210
803.466667	-177.884079	136.460098
803.533333	-178.204208	136.508560
803.600000	-178.471954	136.306519
803.666667	-178.548813	136.420013
803.733333	-178.668945	136.414673
803.800000	-178.668945	136.414673
803.866667	-178.872910	136.385834
803.933333	-179.219696	136.429291
804.000000	-179.311890	136.478638
804.066667	-179.522858	136.476059
804.133333	-179.645386	136.482544
804.200000	-179.645386	136.482544
804.266667	-179.857422	136.501114
804.333333	-180.102386	136.537949
804.400000	-180.396179	136.482239
804.466667	-180.613327	136.380493
804.533333	-180.729065	136.434006
804.600000	-180.836517	136.458420
804.666667	-180.836517	136.458420
804.733333	-181.211853	136.393509
804.800000	-181.283279	136.541489
804.866667	-181.437256	136.439133
804.933333	-181.574432	136.451752
805.000000	-181.772003	136.406403
805.066667	-181.772003	136.406403
805.133333	-181.974213	136.321671
805.200000	-182.209824	136.314407
805.266667	-182.347565	136.385437
805.333333	-182.584610	136.309845
805.400000	-182.680191	136.229385
805.466667	-182.680191	136.229385
805.533333	-183.113464	136.180939
805.600000	-183.263245	136.166473
805.666667	-183.366821	136.120102
805.733333	-183.516357	136.222885
805.800000	-183.561218	136.311203
805.866667	-183.561218	136.311203
805.933333	-183.943481	136.189484
806.000000	-184.147202	136.145432
806.066667	-184.309158	136.194977
806.133333	-184.572449	136.078308
806.200000	-184.750778	136.197037
806.266667	-184.821457	136.178452
806.333333	-185.079819	136.162201
806.400000	-185.311478	136.075333
806.466667	-185.381058	136.168686
806.533333	-185.620926	136.162094
806.600000	-185.755585	136.181549
806.666667	-185.954514	136.124252
806.733333	-186.059296	136.150360
806.800000	-186.223206	136.129135
806.866667	-186.410950	136.123947
806.933333	-186.613037	136.098495
807.000000	-186.708725	136.116516
807.066667	-186.771072	136.146378
807.133333	-186.771072	136.146378
807.200000	-187.248993	135.979813
807.266667	-187.279770	136.043762
807.333333	-187.488434	135.992981
807.400000	-187.568665	135.959930
807.466667	-187.734787	135.990265
807.533333	-187.933228	135.958191
807.600000	-188.044373	135.957535
807.666667	-188.272369	135.837753
807.733333	-188.302902	135.960236
807.800000	-188.588486	135.831039
807.866667	-188.794907	135.790176
807.933333	-188.848740	135.872665
808.000000	-189.084961	135.807449
808.066667	-189.310257	135.817566
808.133333	-189.421738	135.804764
808.200000	-189.523697	135.832687
808.266667	-189.691025	135.911667
808.333333	-189.897507	135.812393
808.400000	-190.045593	135.868774
808.466667	-190.170486	135.891022
808.533333	-190.388260	135.895737
808.600000	-190.494431	135.896545
808.666667	-190.692154	135.912155
808.733333	-190.907715	135.802216
808.800000	-191.085709	135.820068
808.866667	-191.234070	135.854782
808.933333	-191.369064	135.898117
809.000000	-191.535950	135.818314
809.066667	-191.594360	135.823441
809.133333	-191.828766	135.804565
809.200000	-191.930069	135.811539
809.266667	-192.220840	135.701080
809.333333	-192.353043	135.596252
809.400000	-192.383240	135.724564
809.466667	-192.528931	135.762177
809.533333	-192.692917	135.708130
809.600000	-192.821793	135.710953
809.666667	-193.147369	135.578079
809.733333	-193.277954	135.617767
809.800000	-193.397186	135.652710
809.866667	-193.615723	135.501007
809.933333	-193.795517	135.454376
810.000000	-193.845337	135.574509
810.066667	-194.017227	135.575790
810.133333	-194.288940	135.491394
810.200000	-194.331726	135.558395
810.266667	-194.442230	135.597031
810.333333	-194.610947	135.591980
810.400000	-194.818619	135.593109
810.466667	-194.983109	135.586594
810.533333	-195.185898	135.585739
810.600000	-195.274918	135.575897
810.666667	-195.432587	135.627594
810.733333	-195.616821	135.603867
810.800000	-195.873856	135.537903
810.866667	-196.020828	135.579071
810.933333	-196.167618	135.582840
811.000000	-196.324219	135.521622
811.066667	-196.521851	135.576736
811.133333	-196.745834	135.455292
811.200000	-196.718765	135.625427
811.266667	-197.017258	135.463211
811.333333	-197.136185	135.484344
811.400000	-197.331772	135.410782
811.466667	-197.524445	135.301346
811.533333	-197.554031	135.439331
811.600000	-197.872498	135.262802
811.666667	-197.913910	135.299332
811.733333	-197.995193	135.345459
811.800000	-198.253433	135.260117
811.866667	-198.449463	135.188507
811.933333	-198.587387	135.204010
812.000000	-198.685349	135.241318
812.066667	-198.734955	135.300766
812.133333	-198.950592	135.258698
812.200000	-199.170364	135.159653
812.266667	-199.348297	135.183563
812.333333	-199.507431	135.221375
812.400000	-199.764099	135.143509
812.466667	-199.794907	135.260483
812.533333	-199.874374	135.362625
812.600000	-200.201126	135.189178
812.666667	-200.387634	135.186752
812.733333	-200.386810	135.352600
812.800000	-200.661682	135.221909
812.866667	-200.936661	135.177933
812.933333	-201.099396	135.180588
813.000000	-200.511566	135.034134
813.066667	-201.273361	135.239563
813.133333	-201.409836	135.284851
813.200000	-201.703796	135.160599
813.266667	-201.772461	135.268005
813.333333	-201.884338	135.256821
813.400000	-202.101898	135.086502
813.466667	-202.244629	135.163528
813.533333	-202.461349	135.067520
813.600000	-202.495071	135.137344
813.666667	-202.676971	135.095276
813.733333	-202.910400	135.008621
813.800000	-203.096878	134.994034
813.866667	-203.206009	134.966644
813.933333	-203.438156	134.907608
814.000000	-203.457596	134.953308
814.066667	-203.779404	134.853943
814.133333	-203.848618	134.853745
814.200000	-204.074753	134.818024
814.266667	-204.133942	134.863525
814.333333	-204.376419	134.771118
814.400000	-204.563919	134.835312
814.466667	-204.653351	134.882919
814.533333	-204.812393	134.901047
814.600000	-204.981750	134.853210
814.666667	-205.049484	134.928528
814.733333	-205.281235	134.910263
814.800000	-205.348358	134.996628
814.866667	-205.638565	134.928268
814.933333	-205.831436	134.874985
815.000000	-205.901779	134.944901
815.066667	-206.190002	134.806152
815.133333	-206.303146	134.833328
815.200000	-206.530701	134.848801
815.266667	-206.530563	134.976425
815.333333	-206.863800	134.804367
815.400000	-206.950974	134.814255
815.466667	-207.127716	134.835144
815.533333	-207.291641	134.840363
815.600000	-207.413910	134.733643
815.666667	-207.573608	134.779999
815.733333	-207.811401	134.668564
815.800000	-207.992188	134.663330
815.866667	-208.030090	134.633118
815.933333	-208.224945	134.619324
816.000000	-208.348206	134.606689
816.066667	-208.430405	134.674576
816.133333	-208.660690	134.597580
816.200000	-208.849655	134.506256
816.266667	-209.015823	134.497650
816.333333	-209.133118	134.568039
816.400000	-209.308075	134.584244
816.466667	-209.437012	134.488113
816.533333	-209.648438	134.497528
816.600000	-209.701996	134.611877
816.666667	-209.945251	134.500198
816.733333	-210.040909	134.496613
816.800000	-210.312988	134.527466
816.866667	-210.466522	134.575699
816.933333	-210.632935	134.539062
817.000000	-210.722260	134.534592
817.066667	-210.901825	134.539246
817.133333	-211.013123	134.626373
817.200000	-211.349182	134.494156
817.266667	-211.356186	134.589096
817.333333	-211.566208	134.536835
817.400000	-211.620148	134.638504
817.466667	-211.899536	134.516068
817.533333	-211.997421	134.557510
817.600000	-212.235916	134.422455
817.666667	-212.296768	134.461975
817.733333	-212.509964	134.405121
817.800000	-212.587662	134.443146
817.866667	-212.724625	134.483978
817.933333	-212.882324	134.397186
818.000000	-213.092422	134.350998
818.066667	-213.129501	134.401093
818.133333	-213.349503	134.294144
818.200000	-213.516037	134.228256
818.266667	-213.691284	134.303360
818.333333	-213.928345	134.201645
818.400000	-214.004166	134.270828
818.466667	-214.209229	134.159134
818.533333	-214.423676	134.140289
818.600000	-214.539703	134.237030
818.666667	-214.596664	134.287720
818.733333	-214.932541	134.073990
818.800000	-215.104706	134.117767
818.866667	-215.249115	134.135101
818.933333	-215.396774	134.228928
819.000000	-215.483383	134.195068
819.066667	-215.639725	134.198914
819.133333	-215.912720	134.162308
819.200000	-216.060547	134.182846
819.266667	-216.264923	134.115555
819.333333	-216.326935	134.231079
819.400000	-216.481781	134.235413
819.466667	-216.683273	134.179337
819.533333	-216.738434	134.281494
819.600000	-216.883881	134.291519
819.666667	-217.130219	134.114563
819.733333	-217.252838	134.126038
819.800000	-217.384918	134.198959
819.866667	-217.522034	134.152023
819.933333	-217.789139	134.033463
820.000000	-217.894424	134.120300
820.066667	-218.034805	134.105804
820.133333	-218.212006	133.927216
820.200000	-218.352982	133.945099
820.266667	-218.525742	133.959137
820.333333	-218.634613	133.902771
820.400000	-218.879028	133.820404
820.466667	-219.006409	133.864944
820.533333	-219.143143	133.919876
820.600000	-219.344284	133.902191
820.666667	-219.508011	133.832047
820.733333	-219.690430	133.784851
820.800000	-219.792999	133.844101
820.866667	-219.983200	133.769058
820.933333	-220.087891	133.873672
821.000000	-220.443787	133.724396
821.066667	-220.504837	133.841354
821.133333	-220.651321	133.803650
821.200000	-220.899597	133.847748
821.266667	-220.942932	133.874084
821.333333	-221.099060	133.869537
821.400000	-221.311127	133.868164
821.466667	-221.442184	133.874481
821.533333	-221.499756	133.969025
821.600000	-221.698807	133.910049
821.666667	-221.925781	133.869827
821.733333	-222.041321	133.856781
821.800000	-222.170700	133.837906
821.866667	-222.367279	133.823135
821.933333	-222.540192	133.784042
822.000000	-222.691818	133.813705
822.066667	-222.782883	133.781693
822.133333	-223.118561	133.571030
822.200000	-223.222366	133.570419
822.266667	-223.331055	133.608231
822.333333	-223.428879	133.666840
822.400000	-223.631821	133.545288
822.466667	-223.745590	133.614731
822.533333	-223.901779	133.574951
822.600000	-223.996521	133.548401
822.666667	-224.300705	133.474930
822.733333	-224.471115	133.427902
822.800000	-224.605301	133.443146
822.866667	-224.834961	133.468903
822.933333	-224.961853	133.519730
823.000000	-224.954010	133.604706
823.066667	-225.216003	133.505859
823.133333	-225.458557	133.455978
823.200000	-225.607330	133.514206
823.266667	-225.725006	133.546768
823.333333	-225.955521	133.508911
823.400000	-226.070709	133.518784
823.466667	-226.227005	133.508118
823.533333	-226.382309	133.553513
823.600000	-226.474335	133.541016
823.666667	-226.626144	133.550873
823.733333	-226.816315	133.526855
823.800000	-227.121506	133.371918
823.866667	-227.062653	133.596695
823.933333	-227.307663	133.422836
824.000000	-227.363586	133.595230
824.066667	-227.652664	133.363739
824.133333	-227.721313	133.418640
824.200000	-227.825821	133.402023
824.266667	-228.083298	133.309692
824.333333	-228.262726	133.318115
824.400000	-228.452209	133.230392
824.466667	-228.460358	133.336273
824.533333	-228.657547	133.289841
824.600000	-228.945480	133.151337
824.666667	-228.964081	133.249680
824.733333	-229.218185	133.146988
824.800000	-229.332779	133.151657
824.866667	-229.474823	133.110352
824.933333	-229.675369	133.189850
825.000000	-229.795776	133.134232
825.066667	-229.997574	133.132278
825.133333	-230.054199	133.218552
825.200000	-230.284286	133.116104
825.266667	-230.476868	133.116211
825.333333	-230.612350	133.181717
825.400000	-230.781754	133.191559
825.466667	-230.859314	133.255753
825.533333	-231.127701	133.199951
825.600000	-231.372787	133.179077
825.666667	-231.474808	133.153748
825.733333	-231.671982	133.111603
825.800000	-231.829391	133.114899
825.866667	-231.900833	133.158920
825.933333	-232.147400	133.156021
826.000000	-232.308350	133.082626
826.066667	-232.476379	133.072052
826.133333	-232.580338	133.110916
826.200000	-232.713715	133.074509
826.266667	-232.925049	133.005646
826.333333	-233.018280	133.035751
826.400000	-233.204315	132.937347
826.466667	-233.413055	132.937576
826.533333	-233.567337	132.914932
826.600000	-233.690948	132.912918
826.666667	-233.798386	132.829636
826.733333	-233.906250	132.926804
826.800000	-234.132492	132.829346
826.866667	-234.300797	132.792847
826.933333	-234.345871	132.895462
827.000000	-234.550690	132.882599
827.066667	-234.729324	132.822372
827.133333	-234.928574	132.764801
827.200000	-234.974136	132.873581
827.266667	-235.137909	132.877609
827.333333	-235.399033	132.808914
827.400000	-235.540298	132.828171
827.466667	-235.719971	132.812958
827.533333	-235.767975	132.961243
827.600000	-236.047668	132.818497
827.666667	-236.229248	132.828827
827.733333	-236.317230	132.883575
827.800000	-236.631943	132.747818
827.866667	-236.685760	132.833344
827.933333	-236.926163	132.762878
828.000000	-237.005829	132.739136
828.066667	-237.206360	132.688797
828.133333	-237.382599	132.771133
828.200000	-237.586288	132.627701
828.266667	-237.645203	132.810699
828.333333	-237.915695	132.636154
828.400000	-237.915054	132.744064
828.466667	-238.093521	132.696365
828.533333	-238.280792	132.646164
828.600000	-238.484543	132.582794
828.666667	-238.607697	132.539383
828.733333	-238.758804	132.540100
828.800000	-238.877380	132.552567
828.866667	-239.098480	132.496841
828.933333	-239.147003	132.461014
829.000000	-239.400177	132.392365
829.066667	-239.527328	132.425552
829.133333	-239.640915	132.556137
829.200000	-239.786743	132.451935
829.266667	-239.981232	132.425385
829.333333	-240.235748	132.336136
829.400000	-240.389282	132.409821
829.466667	-240.519241	132.421936
829.533333	-240.603455	132.485031
829.600000	-240.811386	132.472427
829.666667	-240.969269	132.429321
829.733333	-241.181274	132.455078
829.800000	-241.334900	132.450119
829.866667	-241.473251	132.401398
829.933333	-241.681335	132.400497
830.000000	-241.738464	132.557281
830.066667	-242.022675	132.403976
830.133333	-242.119980	132.379562
830.200000	-242.179153	132.471420
830.266667	-242.429352	132.460999
830.333333	-242.688263	132.314423
830.400000	-242.719177	132.405151
830.466667	-242.897827	132.344315
830.533333	-243.031876	132.274017
830.600000	-243.188293	132.263153
830.666667	-243.413483	132.264008
830.733333	-243.556122	132.223846
830.800000	-243.704346	132.189697
830.866667	-243.809814	132.197220
830.933333	-243.978180	132.161819
831.000000	-244.185471	132.092636
831.066667	-244.324402	132.096313
831.133333	-244.431458	132.054092
831.200000	-244.610199	132.084732
831.266667	-244.794144	132.029907
831.333333	-244.933838	132.116501
831.400000	-244.962997	132.235916
831.466667	-245.207504	132.105057
831.533333	-245.417404	132.040314
831.600000	-245.571106	132.002335
831.666667	-245.764359	132.061340
831.733333	-245.945206	132.054657
831.800000	-246.053619	132.104691
831.866667	-246.353012	132.038910
831.933333	-246.427353	132.043900
832.000000	-246.636734	132.059052
832.066667	-246.719666	132.115417
832.133333	-246.867264	132.131561
832.200000	-247.134903	132.032654
832.266667	-247.265671	132.050507
832.333333	-247.462158	131.949310
832.400000	-247.554962	132.018707
832.466667	-247.646591	132.084305
832.533333	-247.958633	131.880371
832.600000	-248.067764	131.873077
832.666667	-248.177460	131.903137
832.733333	-248.199631	132.025345
832.800000	-248.485352	131.808853
832.866667	-248.577667	131.824448
832.933333	-248.729568	131.885147
833.000000	-248.835495	131.841705
833.066667	-249.100296	131.737869
833.133333	-249.279648	131.735733
833.200000	-249.435867	131.668076
833.266667	-249.488434	131.797745
833.333333	-249.789413	131.677658
833.400000	-249.874573	131.688873
833.466667	-250.042984	131.648270
833.533333	-250.294373	131.684738
833.600000	-250.335205	131.697693
833.666667	-250.615570	131.675217
833.733333	-250.689102	131.649048
833.800000	-250.917252	131.681000
833.866667	-251.036743	131.669525
833.933333	-251.223419	131.693451
834.000000	-251.383484	131.654907
834.066667	-251.523376	131.749985
834.133333	-251.668304	131.692505
834.200000	-251.831223	131.741562
834.266667	-251.985062	131.670883
834.333333	-252.068222	131.768005
834.400000	-252.227722	131.705368
834.466667	-252.426315	131.698502
834.533333	-252.695862	131.608612
834.600000	-252.757751	131.675797
834.666667	-253.011917	131.545898
834.733333	-253.139877	131.519897
834.800000	-253.298203	131.528015
834.866667	-253.430801	131.579651
834.933333	-253.570160	131.486359
835.000000	-253.669495	131.499817
835.066667	-253.911987	131.444946
835.133333	-254.086197	131.424500
835.200000	-254.168411	131.470459
835.266667	-254.389511	131.384201
835.333333	-254.469025	131.457092
835.400000	-254.590591	131.468079
835.466667	-254.739410	131.403885
835.533333	-254.948334	131.353485
835.600000	-255.317474	131.292206
835.666667	-255.317474	131.292206
835.733333	-255.432419	131.357010
835.800000	-255.573944	131.376190
835.866667	-255.722763	131.429535
835.933333	-255.908569	131.349457
836.000000	-256.334106	131.348282
836.066667	-256.334106	131.348282
836.133333	-256.467255	131.369904
836.200000	-256.657318	131.359360
836.266667	-256.693359	131.490082
836.333333	-256.986267	131.287506
836.400000	-257.252289	131.347748
836.466667	-257.252289	131.347748
836.533333	-257.441711	131.310135
836.600000	-257.603149	131.378815
836.666667	-257.811523	131.307190
836.733333	-257.938538	131.271347
836.800000	-258.169037	131.264648
836.866667	-258.417114	131.177307
836.933333	-258.417114	131.177307
837.000000	-258.494232	131.187286
837.066667	-258.688660	131.198837
837.133333	-258.811340	131.133270
837.200000	-259.187653	131.059387
837.266667	-259.259705	131.058060
837.333333	-259.259705	131.058060
837.400000	-259.422485	131.025345
837.466667	-259.528931	131.121475
837.533333	-258.793152	130.824722
837.600000	-260.012970	131.011536
837.666667	-260.245148	130.951218
837.733333	-260.245148	130.951218
837.800000	-260.388184	130.987488
837.866667	-260.566315	131.007599
837.933333	-260.717834	130.930908
838.000000	-261.104095	130.898117
838.066667	-261.285522	130.862091
838.133333	-261.285522	130.862091
838.200000	-261.436340	130.915985
838.266667	-261.534241	130.954849
838.333333	-261.758636	130.978470
838.400000	-261.968323	131.067123
838.466667	-262.215149	130.992661
838.533333	-262.377960	130.935135
838.600000	-262.377960	130.935135
838.666667	-262.445862	131.024353
838.733333	-262.624573	130.990356
838.800000	-262.904449	130.944778
838.866667	-263.100159	130.873947
838.933333	-263.193390	130.903427
839.000000	-263.193390	130.903427
839.066667	-263.373871	130.901031
839.133333	-263.602081	130.762970
839.200000	-263.948242	130.680298
839.266667	-264.075897	130.720123
839.333333	-264.169556	130.781967
839.400000	-264.169556	130.781967
839.466667	-264.389801	130.566437
839.533333	-264.560608	130.621979
839.600000	-264.868103	130.617661
839.666667	-265.024323	130.582397
839.733333	-265.200958	130.599747
839.800000	-265.471008	130.495895
839.866667	-265.471008	130.495895
839.933333	-265.450317	130.576401
840.000000	-265.777527	130.558960
