660.066667	53.800079	49.207390
660.133333	53.800079	49.207390
660.200000	53.800079	49.207390
660.266667	53.800079	49.207390
660.333333	53.800079	49.207390
660.400000	53.800079	49.207390
660.466667	53.800079	49.207390
660.533333	53.800079	49.207390
660.600000	53.800079	49.207390
660.666667	53.800079	49.207390
660.733333	53.800079	49.207390
660.800000	53.800079	49.207390
660.866667	53.800079	49.207390
660.933333	53.800079	49.207390
661.000000	53.800079	49.207390
661.066667	53.800079	49.207390
661.133333	53.800079	49.207390
661.200000	53.800079	49.207390
661.266667	53.800079	49.207390
661.333333	53.800079	49.207390
661.400000	53.800079	49.207390
661.466667	53.800079	49.207390
661.533333	53.800079	49.207390
661.600000	53.800079	49.207390
661.666667	53.800079	49.207390
661.733333	53.800079	49.207390
661.800000	53.800079	49.207390
661.866667	53.800079	49.207390
661.933333	53.800079	49.207390
662.000000	53.800079	49.207390
662.066667	53.800079	49.207390
662.133333	53.800079	49.207390
662.200000	53.800079	49.207390
662.266667	53.800079	49.207390
662.333333	53.800079	49.207390
662.400000	53.800079	49.207390
662.466667	53.800079	49.207390
662.533333	53.800079	49.207390
662.600000	53.800079	49.207390
662.666667	53.800079	49.207390
662.733333	53.800079	49.207390
662.800000	53.800079	49.207390
662.866667	53.800079	49.207390
662.933333	53.800079	49.207390
663.000000	53.800079	49.207390
663.066667	53.800079	49.207390
663.133333	53.800079	49.207390
663.200000	53.800079	49.207390
663.266667	53.800079	49.207390
663.333333	53.800079	49.207390
663.400000	53.800079	49.207390
663.466667	53.800079	49.207390
663.533333	53.800079	49.207390
663.600000	53.800079	49.207390
663.666667	53.800079	49.207390
663.733333	53.800079	49.207390
663.800000	53.800079	49.207390
663.866667	53.800079	49.207390
663.933333	53.800079	49.207390
664.000000	53.800079	49.207390
664.066667	53.800079	49.207390
664.133333	53.800079	49.207390
664.200000	53.800079	49.207390
664.266667	53.800079	49.207390
664.333333	53.800079	49.207390
664.400000	53.800079	49.207390
664.466667	53.800079	49.207390
664.533333	53.800079	49.207390
664.600000	53.800079	49.207390
664.666667	53.800079	49.207390
664.733333	53.800079	49.207390
664.800000	53.800079	49.207390
664.866667	53.800079	49.207390
664.933333	53.800079	49.207390
665.000000	53.800079	49.207390
665.066667	53.800079	49.207390
665.133333	53.800079	49.207390
665.200000	53.800079	49.207390
665.266667	53.800079	49.207390
665.333333	53.800079	49.207390
665.400000	53.800079	49.207390
665.466667	53.800079	49.207390
665.533333	53.800079	49.207390
665.600000	53.800079	49.207390
665.666667	53.800079	49.207390
665.733333	53.800079	49.207390
665.800000	53.800079	49.207390
665.866667	53.800079	49.207390
665.933333	53.800079	49.207390
666.000000	53.800079	49.207390
666.066667	53.800079	49.207390
666.133333	53.800079	49.207390
666.200000	53.800079	49.207390
666.266667	53.800079	49.207390
666.333333	53.800079	49.207390
666.400000	53.800079	49.207390
666.466667	53.800079	49.207390
666.533333	53.800079	49.207390
666.600000	53.800079	49.207390
666.666667	53.800079	49.207390
666.733333	53.800079	49.207390
666.800000	53.800079	49.207390
666.866667	53.800079	49.207390
666.933333	53.800079	49.207390
667.000000	53.800079	49.207390
667.066667	53.800079	49.207390
667.133333	53.800079	49.207390
667.200000	53.800079	49.207390
667.266667	53.800079	49.207390
667.333333	53.800079	49.207390
667.400000	53.800079	49.207390
667.466667	53.800079	49.207390
667.533333	53.800079	49.207390
667.600000	53.800079	49.207390
667.666667	53.800079	49.207390
667.733333	53.800079	49.207390
667.800000	53.800079	49.207390
667.866667	53.800079	49.207390
667.933333	53.800079	49.207390
668.000000	53.800079	49.207390
668.066667	53.800079	49.207390
668.133333	53.800079	49.207390
668.200000	53.800079	49.207390
668.266667	53.800079	49.207390
668.333333	53.800079	49.207390
668.400000	53.800079	49.207390
668.466667	53.800079	49.207390
668.533333	53.800079	49.207390
668.600000	53.800079	49.207390
668.666667	53.800079	49.207390
668.733333	53.800079	49.207390
668.800000	53.800079	49.207390
668.866667	53.800079	49.207390
668.933333	53.800079	49.207390
669.000000	53.800079	49.207390
669.066667	53.800079	49.207390
669.133333	53.800079	49.207390
669.200000	53.800079	49.207390
669.266667	53.800079	49.207390
669.333333	53.800079	49.207390
669.400000	53.800079	49.207390
669.466667	53.800079	49.207390
669.533333	53.800079	49.207390
669.600000	53.800079	49.207390
669.666667	53.800079	49.207390
669.733333	53.800079	49.207390
669.800000	53.800079	49.207390
669.866667	53.800079	49.207390
669.933333	53.800079	49.207390
670.000000	53.800079	49.207390
670.066667	53.800079	49.207390
670.133333	53.800079	49.207390
670.200000	53.800079	49.207390
670.266667	53.800079	49.207390
670.333333	53.800079	49.207390
670.400000	53.800079	49.207390
670.466667	53.800079	49.207390
670.533333	53.800079	49.207390
670.600000	53.800079	49.207390
670.666667	53.800079	49.207390
670.733333	53.800079	49.207390
670.800000	53.800079	49.207390
670.866667	53.800079	49.207390
670.933333	53.800079	49.207390
671.000000	53.800079	49.207390
671.066667	53.800079	49.207390
671.133333	53.800079	49.207390
671.200000	53.800079	49.207390
671.266667	53.800079	49.207390
671.333333	53.800079	49.207390
671.400000	53.800079	49.207390
671.466667	53.800079	49.207390
671.533333	53.800079	49.207390
671.600000	53.800079	49.207390
671.666667	53.800079	49.207390
671.733333	53.800079	49.207390
671.800000	53.800079	49.207390
671.866667	53.800079	49.207390
671.933333	53.800079	49.207390
672.000000	53.800079	49.207390
672.066667	53.800079	49.207390
672.133333	53.800079	49.207390
672.200000	53.800079	49.207390
672.266667	53.800079	49.207390
672.333333	53.800079	49.207390
672.400000	53.800079	49.207390
672.466667	53.800079	49.207390
672.533333	53.800079	49.207390
672.600000	53.800079	49.207390
672.666667	53.800079	49.207390
672.733333	53.800079	49.207390
672.800000	53.800079	49.207390
672.866667	53.800079	49.207390
672.933333	53.800079	49.207390
673.000000	53.800079	49.207390
673.066667	53.800079	49.207390
673.133333	53.800079	49.207390
673.200000	53.800079	49.207390
673.266667	53.800079	49.207390
673.333333	53.800079	49.207390
673.400000	53.800079	49.207390
673.466667	53.800079	49.207390
673.533333	53.800079	49.207390
673.600000	53.800079	49.207390
673.666667	53.800079	49.207390
673.733333	53.800079	49.207390
673.800000	53.800079	49.207390
673.866667	53.800079	49.207390
673.933333	53.800079	49.207390
674.000000	53.800079	49.207390
674.066667	53.800079	49.207390
674.133333	53.800079	49.207390
674.200000	53.800079	49.207390
674.266667	53.800079	49.207390
674.333333	53.800079	49.207390
674.400000	53.800079	49.207390
674.466667	53.800079	49.207390
674.533333	53.800079	49.207390
674.600000	53.800079	49.207390
674.666667	53.800079	49.207390
674.733333	53.800079	49.207390
674.800000	53.800079	49.207390
674.866667	53.800079	49.207390
674.933333	53.800079	49.207390
675.000000	53.800079	49.207390
675.066667	53.800079	49.207390
675.133333	53.800079	49.207390
675.200000	53.800079	49.207390
675.266667	53.800079	49.207390
675.333333	53.800079	49.207390
675.400000	53.800079	49.207390
675.466667	53.800079	49.207390
675.533333	53.800079	49.207390
675.600000	53.800079	49.207390
675.666667	53.800079	49.207390
675.733333	53.800079	49.207390
675.800000	53.800079	49.207390
675.866667	53.800079	49.207390
675.933333	53.800079	49.207390
676.000000	53.800079	49.207390
676.066667	53.800079	49.207390
676.133333	53.800079	49.207390
676.200000	53.800079	49.207390
676.266667	53.800079	49.207390
676.333333	53.800079	49.207390
676.400000	53.800079	49.207390
676.466667	53.800079	49.207390
676.533333	53.800079	49.207390
676.600000	53.800079	49.207390
676.666667	53.800079	49.207390
676.733333	53.800079	49.207390
676.800000	53.800079	49.207390
676.866667	53.800079	49.207390
676.933333	53.800079	49.207390
677.000000	53.800079	49.207390
677.066667	53.800079	49.207390
677.133333	53.800079	49.207390
677.200000	53.800079	49.207390
677.266667	53.800079	49.207390
677.333333	53.800079	49.207390
677.400000	53.800079	49.207390
677.466667	53.800079	49.207390
677.533333	53.800079	49.207390
677.600000	53.800079	49.207390
677.666667	53.800079	49.207390
677.733333	53.800079	49.207390
677.800000	53.800079	49.207390
677.866667	53.800079	49.207390
677.933333	53.800079	49.207390
678.000000	53.800079	49.207390
678.066667	53.800079	49.207390
678.133333	53.800079	49.207390
678.200000	53.800079	49.207390
678.266667	53.800079	49.207390
678.333333	53.800079	49.207390
678.400000	53.800079	49.207390
678.466667	53.800079	49.207390
678.533333	53.800079	49.207390
678.600000	53.800079	49.207390
678.666667	53.800079	49.207390
678.733333	53.800079	49.207390
678.800000	53.800079	49.207390
678.866667	53.800079	49.207390
678.933333	53.800079	49.207390
679.000000	53.800079	49.207390
679.066667	53.800079	49.207390
679.133333	53.800079	49.207390
679.200000	53.800079	49.207390
679.266667	53.800079	49.207390
679.333333	53.800079	49.207390
679.400000	53.800079	49.207390
679.466667	53.800079	49.207390
679.533333	53.800079	49.207390
679.600000	53.800079	49.207390
679.666667	53.800079	49.207390
679.733333	53.800079	49.207390
679.800000	53.800079	49.207390
679.866667	53.800079	49.207390
679.933333	53.800079	49.207390
680.000000	53.800079	49.207390
680.066667	53.800079	49.207390
680.133333	53.800079	49.207390
680.200000	53.800079	49.207390
680.266667	53.800079	49.207390
680.333333	53.800079	49.207390
680.400000	53.800079	49.207390
680.466667	53.800079	49.207390
680.533333	53.800079	49.207390
680.600000	53.800079	49.207390
680.666667	53.800079	49.207390
680.733333	53.800079	49.207390
680.800000	53.800079	49.207390
680.866667	53.800079	49.207390
680.933333	53.800079	49.207390
681.000000	53.800079	49.207390
681.066667	53.800079	49.207390
681.133333	53.800079	49.207390
681.200000	53.800079	49.207390
681.266667	53.800079	49.207390
681.333333	53.800079	49.207390
681.400000	53.800079	49.207390
681.466667	53.800079	49.207390
681.533333	53.800079	49.207390
681.600000	53.800079	49.207390
681.666667	53.800079	49.207390
681.733333	53.800079	49.207390
681.800000	53.800079	49.207390
681.866667	53.800079	49.207390
681.933333	53.800079	49.207390
682.000000	53.800079	49.207390
682.066667	53.800079	49.207390
682.133333	53.800079	49.207390
682.200000	53.800079	49.207390
682.266667	53.800079	49.207390
682.333333	53.800079	49.207390
682.400000	53.800079	49.207390
682.466667	53.800079	49.207390
682.533333	53.800079	49.207390
682.600000	53.800079	49.207390
682.666667	53.800079	49.207390
682.733333	53.800079	49.207390
682.800000	53.800079	49.207390
682.866667	53.800079	49.207390
682.933333	53.800079	49.207390
683.000000	53.800079	49.207390
683.066667	53.800079	49.207390
683.133333	53.800079	49.207390
683.200000	53.800079	49.207390
683.266667	53.800079	49.207390
683.333333	53.800079	49.207390
683.400000	53.800079	49.207390
683.466667	53.800079	49.207390
683.533333	53.800079	49.207390
683.600000	53.800079	49.207390
683.666667	53.800079	49.207390
683.733333	53.800079	49.207390
683.800000	53.800079	49.207390
683.866667	53.800079	49.207390
683.933333	53.800079	49.207390
684.000000	53.800079	49.207390
684.066667	53.800079	49.207390
684.133333	53.800079	49.207390
684.200000	53.800079	49.207390
684.266667	53.800079	49.207390
684.333333	53.800079	49.207390
684.400000	53.800079	49.207390
684.466667	53.800079	49.207390
684.533333	53.800079	49.207390
684.600000	53.800079	49.207390
684.666667	53.800079	49.207390
684.733333	53.800079	49.207390
684.800000	53.800079	49.207390
684.866667	53.800079	49.207390
684.933333	53.800079	49.207390
685.000000	53.800079	49.207390
685.066667	53.800079	49.207390
685.133333	53.800079	49.207390
685.200000	53.800079	49.207390
685.266667	53.800079	49.207390
685.333333	53.800079	49.207390
685.400000	53.800079	49.207390
685.466667	53.800079	49.207390
685.533333	53.800079	49.207390
685.600000	53.800079	49.207390
685.666667	53.800079	49.207390
685.733333	53.800079	49.207390
685.800000	53.800079	49.207390
685.866667	53.800079	49.207390
685.933333	53.800079	49.207390
686.000000	53.800079	49.207390
686.066667	53.800079	49.207390
686.133333	53.800079	49.207390
686.200000	53.800079	49.207390
686.266667	53.800079	49.207390
686.333333	53.800079	49.207390
686.400000	53.800079	49.207390
686.466667	53.800079	49.207390
686.533333	53.800079	49.207390
686.600000	53.800079	49.207390
686.666667	53.800079	49.207390
686.733333	53.800079	49.207390
686.800000	53.800079	49.207390
686.866667	53.800079	49.207390
686.933333	53.800079	49.207390
687.000000	53.800079	49.207390
687.066667	53.800079	49.207390
687.133333	53.800079	49.207390
687.200000	53.800079	49.207390
687.266667	53.800079	49.207390
687.333333	53.800079	49.207390
687.400000	53.800079	49.207390
687.466667	53.800079	49.207390
687.533333	53.800079	49.207390
687.600000	53.800079	49.207390
687.666667	53.800079	49.207390
687.733333	53.800079	49.207390
687.800000	53.800079	49.207390
687.866667	53.800079	49.207390
687.933333	53.800079	49.207390
688.000000	53.800079	49.207390
688.066667	53.800079	49.207390
688.133333	53.800079	49.207390
688.200000	53.800079	49.207390
688.266667	53.800079	49.207390
688.333333	53.800079	49.207390
688.400000	53.800079	49.207390
688.466667	53.800079	49.207390
688.533333	53.800079	49.207390
688.600000	53.800079	49.207390
688.666667	53.800079	49.207390
688.733333	53.800079	49.207390
688.800000	53.800079	49.207390
688.866667	53.800079	49.207390
688.933333	53.800079	49.207390
689.000000	53.800079	49.207390
689.066667	53.800079	49.207390
689.133333	53.800079	49.207390
689.200000	53.800079	49.207390
689.266667	53.800079	49.207390
689.333333	53.800079	49.207390
689.400000	53.800079	49.207390
689.466667	53.800079	49.207390
689.533333	53.800079	49.207390
689.600000	53.800079	49.207390
689.666667	53.800079	49.207390
689.733333	53.800079	49.207390
689.800000	53.800079	49.207390
689.866667	53.800079	49.207390
689.933333	53.800079	49.207390
690.000000	53.800079	49.207390
690.066667	53.800079	49.207390
690.133333	53.800079	49.207390
690.200000	53.800079	49.207390
690.266667	53.800079	49.207390
690.333333	53.800079	49.207390
690.400000	53.800079	49.207390
690.466667	53.800079	49.207390
690.533333	53.800079	49.207390
690.600000	53.800079	49.207390
690.666667	53.800079	49.207390
690.733333	53.800079	49.207390
690.800000	53.800079	49.207390
690.866667	53.800079	49.207390
690.933333	53.800079	49.207390
691.000000	53.800079	49.207390
691.066667	53.800079	49.207390
691.133333	53.800079	49.207390
691.200000	53.800079	49.207390
691.266667	53.800079	49.207390
691.333333	53.800079	49.207390
691.400000	53.800079	49.207390
691.466667	53.800079	49.207390
691.533333	53.800079	49.207390
691.600000	53.800079	49.207390
691.666667	53.800079	49.207390
691.733333	53.800079	49.207390
691.800000	53.800079	49.207390
691.866667	53.800079	49.207390
691.933333	53.800079	49.207390
692.000000	53.800079	49.207390
692.066667	53.800079	49.207390
692.133333	53.800079	49.207390
692.200000	53.800079	49.207390
692.266667	53.800079	49.207390
692.333333	53.800079	49.207390
692.400000	53.800079	49.207390
692.466667	53.800079	49.207390
692.533333	53.800079	49.207390
692.600000	53.800079	49.207390
692.666667	53.800079	49.207390
692.733333	53.800079	49.207390
692.800000	53.800079	49.207390
692.866667	53.800079	49.207390
692.933333	53.800079	49.207390
693.000000	53.800079	49.207390
693.066667	53.800079	49.207390
693.133333	53.800079	49.207390
693.200000	53.800079	49.207390
693.266667	53.800079	49.207390
693.333333	53.800079	49.207390
693.400000	53.800079	49.207390
693.466667	53.800079	49.207390
693.533333	53.800079	49.207390
693.600000	53.800079	49.207390
693.666667	53.800079	49.207390
693.733333	53.800079	49.207390
693.800000	53.800079	49.207390
693.866667	53.800079	49.207390
693.933333	53.800079	49.207390
694.000000	53.800079	49.207390
694.066667	53.800079	49.207390
694.133333	53.800079	49.207390
694.200000	53.800079	49.207390
694.266667	53.800079	49.207390
694.333333	53.800079	49.207390
694.400000	53.800079	49.207390
694.466667	53.800079	49.207390
694.533333	53.800079	49.207390
694.600000	53.800079	49.207390
694.666667	53.800079	49.207390
694.733333	53.800079	49.207390
694.800000	53.800079	49.207390
694.866667	53.800079	49.207390
694.933333	53.800079	49.207390
695.000000	53.800079	49.207390
695.066667	53.800079	49.207390
695.133333	53.800079	49.207390
695.200000	53.800079	49.207390
695.266667	53.800079	49.207390
695.333333	53.800079	49.207390
695.400000	53.800079	49.207390
695.466667	53.800079	49.207390
695.533333	53.800079	49.207390
695.600000	53.800079	49.207390
695.666667	53.800079	49.207390
695.733333	53.800079	49.207390
695.800000	53.800079	49.207390
695.866667	53.800079	49.207390
695.933333	53.800079	49.207390
696.000000	53.800079	49.207390
696.066667	53.800079	49.207390
696.133333	53.800079	49.207390
696.200000	53.800079	49.207390
696.266667	53.800079	49.207390
696.333333	53.800079	49.207390
696.400000	53.800079	49.207390
696.466667	53.800079	49.207390
696.533333	53.800079	49.207390
696.600000	53.800079	49.207390
696.666667	53.800079	49.207390
696.733333	53.800079	49.207390
696.800000	53.800079	49.207390
696.866667	53.800079	49.207390
696.933333	53.800079	49.207390
697.000000	53.800079	49.207390
697.066667	53.800079	49.207390
697.133333	53.800079	49.207390
697.200000	53.800079	49.207390
697.266667	53.800079	49.207390
697.333333	53.800079	49.207390
697.400000	53.800079	49.207390
697.466667	53.800079	49.207390
697.533333	53.800079	49.207390
697.600000	53.800079	49.207390
697.666667	53.800079	49.207390
697.733333	53.800079	49.207390
697.800000	53.800079	49.207390
697.866667	53.800079	49.207390
697.933333	53.800079	49.207390
698.000000	53.800079	49.207390
698.066667	53.800079	49.207390
698.133333	53.800079	49.207390
698.200000	53.800079	49.207390
698.266667	53.800079	49.207390
698.333333	53.800079	49.207390
698.400000	53.800079	49.207390
698.466667	53.800079	49.207390
698.533333	53.800079	49.207390
698.600000	53.800079	49.207390
698.666667	53.800079	49.207390
698.733333	53.800079	49.207390
698.800000	53.800079	49.207390
698.866667	53.800079	49.207390
698.933333	53.800079	49.207390
699.000000	53.800079	49.207390
699.066667	53.800079	49.207390
699.133333	53.800079	49.207390
699.200000	53.800079	49.207390
699.266667	53.800079	49.207390
699.333333	53.800079	49.207390
699.400000	53.800079	49.207390
699.466667	53.800079	49.207390
699.533333	53.800079	49.207390
699.600000	53.800079	49.207390
699.666667	53.800079	49.207390
699.733333	53.800079	49.207390
699.800000	53.800079	49.207390
699.866667	53.800079	49.207390
699.933333	53.800079	49.207390
700.000000	53.800079	49.207390
700.066667	53.800079	49.207390
700.133333	53.800079	49.207390
700.200000	53.800079	49.207390
700.266667	53.800079	49.207390
700.333333	53.800079	49.207390
700.400000	53.800079	49.207390
700.466667	53.800079	49.207390
700.533333	53.800079	49.207390
700.600000	53.800079	49.207390
700.666667	53.800079	49.207390
700.733333	53.800079	49.207390
700.800000	53.800079	49.207390
700.866667	53.800079	49.207390
700.933333	53.800079	49.207390
701.000000	53.800079	49.207390
701.066667	53.800079	49.207390
701.133333	53.800079	49.207390
701.200000	53.800079	49.207390
701.266667	53.800079	49.207390
701.333333	53.800079	49.207390
701.400000	53.800079	49.207390
701.466667	53.800079	49.207390
701.533333	53.800079	49.207390
701.600000	53.800079	49.207390
701.666667	53.800079	49.207390
701.733333	53.800079	49.207390
701.800000	53.800079	49.207390
701.866667	53.800079	49.207390
701.933333	53.800079	49.207390
702.000000	53.800079	147.294113
702.066667	53.800079	147.294113
702.133333	53.800079	147.294113
702.200000	53.800079	147.294113
702.266667	53.800079	147.294113
702.333333	53.800079	147.294113
702.400000	53.800079	147.294113
702.466667	53.800079	147.294113
702.533333	53.800079	147.294113
702.600000	53.800079	147.294113
702.666667	53.800079	147.294113
702.733333	53.800079	147.294113
702.800000	53.800079	147.294113
702.866667	53.800079	147.294113
702.933333	53.800079	147.294113
703.000000	53.800079	147.294113
703.066667	53.800079	147.294113
703.133333	53.800079	147.294113
703.200000	53.800079	147.294113
703.266667	53.800079	147.294113
703.333333	53.800079	147.294113
703.400000	53.800079	147.294113
703.466667	53.800079	147.294113
703.533333	53.800079	147.294113
703.600000	53.800079	147.294113
703.666667	53.800079	147.294113
703.733333	53.800079	147.294113
703.800000	53.800079	147.294113
703.866667	53.800079	147.294113
703.933333	53.800079	147.294113
704.000000	53.800079	147.294113
704.066667	53.800079	147.294113
704.133333	53.800079	147.294113
704.200000	53.800079	147.294113
704.266667	53.800079	147.294113
704.333333	53.800079	147.294113
704.400000	53.800079	147.294113
704.466667	53.800079	147.294113
704.533333	53.800079	147.294113
704.600000	53.800079	147.294113
704.666667	53.800079	147.294113
704.733333	53.800079	147.294113
704.800000	53.800079	147.294113
704.866667	53.800079	147.294113
704.933333	53.800079	147.294113
705.000000	53.800079	147.294113
705.066667	53.800079	147.294113
705.133333	53.800079	147.294113
705.200000	53.800079	147.294113
705.266667	53.800079	147.294113
705.333333	53.800079	147.294113
705.400000	53.800079	147.294113
705.466667	53.800079	147.294113
705.533333	53.800079	147.294113
705.600000	53.800079	147.294113
705.666667	53.800079	147.294113
705.733333	53.800079	147.294113
705.800000	53.800079	147.294113
705.866667	53.800079	147.294113
705.933333	53.800079	147.294113
706.000000	53.800079	147.294113
706.066667	53.800079	147.294113
706.133333	53.800079	147.294113
706.200000	53.800079	147.294113
706.266667	53.800079	147.294113
706.333333	53.800079	147.294113
706.400000	53.800079	147.294113
706.466667	53.800079	147.294113
706.533333	53.800079	135.156296
706.600000	53.800079	135.156296
706.666667	53.800079	135.156296
706.733333	53.800079	135.156296
706.800000	53.800079	135.156296
706.866667	53.800079	135.156296
706.933333	53.800079	135.156296
707.000000	53.800079	135.156296
707.066667	53.800079	135.156296
707.133333	53.800079	135.156296
707.200000	53.800079	135.156296
707.266667	53.800079	135.156296
707.333333	53.800079	135.156296
707.400000	53.800079	135.156296
707.466667	53.800079	135.156296
707.533333	53.800079	135.156296
707.600000	53.800079	135.156296
707.666667	53.800079	135.156296
707.733333	53.800079	135.156296
707.800000	53.800079	135.156296
707.866667	53.800079	135.156296
707.933333	53.800079	135.156296
708.000000	53.800079	135.156296
708.066667	53.800079	135.156296
708.133333	53.800079	135.156296
708.200000	51.667759	137.616669
708.266667	51.667759	138.764832
708.333333	51.503735	139.420929
708.400000	51.376160	138.619034
708.466667	51.385635	138.804199
708.533333	51.225605	139.064362
708.600000	51.542076	139.310165
708.666667	51.327362	139.202240
708.733333	51.351795	139.241364
708.800000	51.213760	139.535172
708.866667	51.276424	139.503586
708.933333	51.111961	139.668747
709.000000	51.090393	139.670258
709.066667	50.908825	139.548416
709.133333	50.847633	139.891617
709.200000	50.781689	139.845367
709.266667	50.730591	139.882507
709.333333	50.766434	139.968231
709.400000	50.641830	140.008942
709.466667	50.546223	140.037781
709.533333	50.505260	140.160126
709.600000	50.401230	140.079605
709.666667	50.156612	140.130661
709.733333	50.125408	140.157425
709.800000	50.158855	140.216553
709.866667	49.899658	140.035873
709.933333	49.739738	140.113220
710.000000	49.530769	139.996475
710.066667	49.495270	140.091537
710.133333	49.344353	140.190796
710.200000	49.197643	140.114929
710.266667	49.118671	140.211136
710.333333	49.021423	140.271362
710.400000	48.819603	140.272446
710.466667	48.762745	140.342834
710.533333	48.595509	140.349548
710.600000	48.534592	140.283295
710.666667	48.241257	140.369049
710.733333	48.083603	140.422302
710.800000	48.006393	140.294800
710.866667	47.764729	140.456131
710.933333	47.625034	140.327896
711.000000	47.467789	140.505371
711.066667	47.353325	140.564224
711.133333	47.307476	140.515091
711.200000	47.056843	140.554932
711.266667	47.030994	140.495041
711.333333	46.790394	140.596527
711.400000	46.680653	140.573853
711.466667	46.543987	140.487091
711.533333	46.324322	140.538879
711.600000	46.190491	140.479156
711.666667	45.946598	140.527237
711.733333	45.731365	140.447708
711.800000	45.617233	140.437988
711.866667	45.532314	140.485474
711.933333	45.330624	140.528717
712.000000	45.142303	140.426498
712.066667	44.850452	140.343887
712.133333	44.683815	140.350571
712.200000	44.548496	140.240067
712.266667	44.505035	140.303848
712.333333	44.179573	140.212341
712.400000	44.013767	140.278000
712.466667	43.961445	140.167099
712.533333	43.807121	140.397644
712.600000	43.449627	140.337479
712.666667	43.335796	140.315964
712.733333	43.241894	140.431061
712.800000	43.116001	140.350571
712.866667	42.829613	140.283264
712.933333	42.818382	140.367310
713.000000	42.523869	140.416656
713.066667	42.338238	140.512451
713.133333	42.081810	140.390488
713.200000	42.042004	140.420120
713.266667	41.916351	140.479034
713.333333	41.653648	140.559067
713.400000	41.447762	140.426437
713.466667	41.338123	140.456985
713.533333	41.240875	140.369049
713.600000	40.924618	140.338715
713.666667	40.892097	140.455551
713.733333	40.741600	140.434906
713.800000	40.562382	140.446213
713.866667	40.412453	140.532715
713.933333	40.244267	140.517670
714.000000	40.165592	140.416489
714.066667	39.920135	140.478912
714.133333	39.664688	140.251663
714.200000	39.558250	140.256683
714.266667	39.540363	140.358627
714.333333	39.272881	140.341431
714.400000	39.084869	140.298065
714.466667	38.906834	140.321869
714.533333	38.783047	140.347900
714.600000	38.623638	140.250366
714.666667	38.408009	140.207321
714.733333	38.367161	140.391449
714.800000	38.072353	140.391098
714.866667	37.846985	140.375961
714.933333	37.811447	140.430527
715.000000	37.596687	140.389191
715.066667	37.428432	140.430923
715.133333	37.193798	140.441971
715.200000	37.065796	140.493698
715.266667	36.798737	140.316391
715.333333	36.769173	140.429871
715.400000	36.541794	140.408936
715.466667	36.370228	140.441742
715.533333	36.125954	140.427704
715.600000	36.161709	140.524292
715.666667	35.905773	140.372864
715.733333	35.642979	140.374832
715.800000	35.607403	140.509125
715.866667	35.281696	140.314865
715.933333	35.168812	140.480347
716.000000	35.046913	140.405075
716.066667	34.914639	140.442596
716.133333	34.741329	140.384125
716.200000	34.624794	140.331345
716.266667	34.404766	140.271362
716.333333	34.316883	140.268555
716.400000	34.064892	140.332687
716.466667	33.742622	140.194122
716.533333	33.829830	140.285797
716.600000	33.579784	140.318451
716.666667	33.336525	140.265762
716.733333	33.286812	140.362289
716.800000	33.021439	140.262619
716.866667	32.918556	140.355682
716.933333	32.804924	140.314011
717.000000	32.587791	140.350571
717.066667	32.351074	140.357666
717.133333	32.217289	140.378464
717.200000	32.043003	140.472427
717.266667	31.835522	140.357162
717.333333	31.711428	140.434006
717.400000	31.608154	140.455704
717.466667	31.384644	140.388016
717.533333	31.300198	140.558365
717.600000	31.036186	140.396317
717.666667	30.859190	140.548904
717.733333	30.619484	140.446091
717.800000	30.517847	140.382843
717.866667	30.441313	140.472351
717.933333	30.236492	140.559464
718.000000	30.015089	140.588486
718.066667	29.852482	140.521042
718.133333	29.695715	140.377991
718.200000	29.520695	140.446198
718.266667	29.420486	140.467072
718.333333	29.326868	140.492371
718.400000	29.124306	140.293274
718.466667	29.027925	140.367645
718.533333	28.776403	140.446686
718.600000	28.586153	140.353226
718.666667	28.319231	140.306168
718.733333	28.291920	140.315048
718.800000	27.984974	140.325043
718.866667	27.853079	140.230682
718.933333	27.742033	140.293747
719.000000	27.617283	140.304138
719.066667	27.236746	140.266556
719.133333	27.230984	140.347198
719.200000	27.126280	140.352295
719.266667	26.907127	140.370651
719.333333	26.679403	140.377014
719.400000	26.590103	140.558044
719.466667	26.357651	140.529861
719.533333	26.223190	140.408051
719.600000	26.057482	140.437988
719.666667	25.956774	140.656357
719.733333	25.758270	140.583389
719.800000	25.543701	140.408096
719.866667	25.241953	140.518066
719.933333	25.286730	140.533997
720.000000	25.048363	140.518860
